0.0000000000000000e+00	0.0000000000000000e+00	0.0000000000000000e+00
1.7453292519943300e-05	0.0000000000000000e+00	1.9438254055259563e-06
3.4906585039886600e-05	0.0000000000000000e+00	7.6256717532752205e-06
5.2359877559829903e-05	0.0000000000000000e+00	1.6574784645895235e-05
6.9813170079773199e-05	0.0000000000000000e+00	2.8054637373653435e-05
8.7266462599716496e-05	0.0000000000000000e+00	4.1168872221275521e-05
1.0471975511966000e-04	0.0000000000000000e+00	5.4982119651381112e-05
1.2217304763960301e-04	0.0000000000000000e+00	6.8633738571133307e-05
1.3962634015954599e-04	0.0000000000000000e+00	8.1426294615938311e-05
1.5707963267949001e-04	0.0000000000000000e+00	9.2878000980678443e-05
1.7453292519943299e-04	0.0000000000000000e+00	1.0273699794005609e-04
1.9198621771937600e-04	0.0000000000000000e+00	1.1096288028422663e-04
2.0943951023931999e-04	0.0000000000000000e+00	1.1768570658943212e-04
2.2689280275926300e-04	0.0000000000000000e+00	1.2315423038433693e-04
2.4434609527920601e-04	0.0000000000000000e+00	1.2768377249006146e-04
2.6179938779914903e-04	0.0000000000000000e+00	1.3161103555103804e-04
2.7925268031909301e-04	0.0000000000000000e+00	1.3525946746295592e-04
2.9670597283903603e-04	0.0000000000000000e+00	1.3891563165080445e-04
3.1415926535897898e-04	0.0000000000000000e+00	1.4281486082212691e-04
3.3161255787892303e-04	0.0000000000000000e+00	1.4713347065931082e-04
3.4906585039886598e-04	0.0000000000000000e+00	1.5198483096190429e-04
3.6651914291880900e-04	0.0000000000000000e+00	1.5741722048501217e-04
3.8397243543875201e-04	0.0000000000000000e+00	1.6341217675241992e-04
4.0142572795869599e-04	0.0000000000000000e+00	1.5837963271947419e-04
4.1887902047863901e-04	0.0000000000000000e+00	1.2075949680556697e-04
4.3633231299858202e-04	0.0000000000000000e+00	7.5520976925647076e-05
4.5378560551852601e-04	0.0000000000000000e+00	2.3238081868104388e-05
4.7123889803846902e-04	0.0000000000000000e+00	3.5142029536139319e-05
4.8869219055841203e-04	0.0000000000000000e+00	9.8294598717130199e-05
5.0614548307835602e-04	0.0000000000000000e+00	1.6452859178683887e-04
5.2359877559829903e-04	0.0000000000000000e+00	2.3181441328823382e-04
5.4105206811824204e-04	0.0000000000000000e+00	2.9782791891586058e-04
5.5850536063818505e-04	0.0000000000000000e+00	3.6001020267817374e-04
5.7595865315812904e-04	0.0000000000000000e+00	4.1564186175557793e-04
5.9341194567807205e-04	0.0000000000000000e+00	4.6193011199724410e-04
6.1086523819801496e-04	0.0000000000000000e+00	4.9610614234074646e-04
6.2831853071795905e-04	0.0000000000000000e+00	5.1583494531759477e-04
6.4577182323790196e-04	0.0000000000000000e+00	5.2070272074300483e-04
6.6322511575784497e-04	0.0000000000000000e+00	5.1373204669213912e-04
6.8067840827778798e-04	0.0000000000000000e+00	5.0069176125755455e-04
6.9813170079773197e-04	0.0000000000000000e+00	4.8409074772193250e-04
7.1558499331767498e-04	0.0000000000000000e+00	4.6307045997528995e-04
7.3303828583761799e-04	0.0000000000000000e+00	4.3688642354755558e-04
7.5049157835756198e-04	0.0000000000000000e+00	4.0556934936297750e-04
7.6794487087750499e-04	0.0000000000000000e+00	3.7016132470824026e-04
7.8539816339744800e-04	0.0000000000000000e+00	3.3340168376705392e-04
8.0285145591739199e-04	0.0000000000000000e+00	3.0115414257569917e-04
8.2030474843733500e-04	0.0000000000000000e+00	3.0144506482088218e-04
8.3775804095727801e-04	0.0000000000000000e+00	3.3905785549404044e-04
8.5521133347722102e-04	0.0000000000000000e+00	3.6980851294265982e-04
8.7266462599716501e-04	0.0000000000000000e+00	3.9200227670432852e-04
8.9011791851710802e-04	0.0000000000000000e+00	4.0401646240084688e-04
9.0757121103705104e-04	0.0000000000000000e+00	4.0435855537168663e-04
9.2502450355699502e-04	0.0000000000000000e+00	3.9172632509143490e-04
9.4247779607693804e-04	0.0000000000000000e+00	3.6506480009457221e-04
9.5993108859688105e-04	0.0000000000000000e+00	3.2362229530891184e-04
9.7738438111682406e-04	0.0000000000000000e+00	2.6700037316351732e-04
9.9483767363676805e-04	0.0000000000000000e+00	1.9519667130007967e-04
1.0122909661567101e-03	0.0000000000000000e+00	1.0863975642938506e-04
1.0297442586766500e-03	0.0000000000000000e+00	8.2113609722878067e-06
1.0471975511966000e-03	0.0000000000000000e+00	1.0474215722533486e-04
1.0646508437165401e-03	0.0000000000000000e+00	2.2841162426545658e-04
1.0821041362364800e-03	0.0000000000000000e+00	3.6054174455846244e-04
1.0995574287564300e-03	0.0000000000000000e+00	4.9846273889309067e-04
1.1170107212763701e-03	0.0000000000000000e+00	4.3187364576724452e-04
1.1344640137963100e-03	0.0000000000000000e+00	9.7107950873809301e-05
1.1519173063162600e-03	0.0000000000000000e+00	2.5683557510003396e-04
1.1693705988361999e-03	0.0000000000000000e+00	6.2139472749422886e-04
1.1868238913561400e-03	0.0000000000000000e+00	9.8720666595997209e-04
1.2042771838760900e-03	0.0000000000000000e+00	1.3443329127131864e-03
1.2217304763960299e-03	0.0000000000000000e+00	1.6825143738503634e-03
1.2391837689159700e-03	0.0000000000000000e+00	1.9914503761029323e-03
1.2566370614359201e-03	0.0000000000000000e+00	2.2610947354173572e-03
1.2740903539558599e-03	0.0000000000000000e+00	2.4819607445727421e-03
1.2915436464758000e-03	0.0000000000000000e+00	2.6454260926791484e-03
1.3089969389957501e-03	0.0000000000000000e+00	2.7453272191200195e-03
1.3264502315156899e-03	0.0000000000000000e+00	2.7816436887204699e-03
1.3439035240356300e-03	0.0000000000000000e+00	2.7632917820059610e-03
1.3613568165555801e-03	0.0000000000000000e+00	2.7036528701998019e-03
1.3788101090755199e-03	0.0000000000000000e+00	2.6127790049281785e-03
1.3962634015954600e-03	0.0000000000000000e+00	2.4911236985076801e-03
1.4137166941154101e-03	0.0000000000000000e+00	2.3375252118746914e-03
1.4311699866353500e-03	0.0000000000000000e+00	2.1531369388161359e-03
1.4486232791552900e-03	0.0000000000000000e+00	1.9423039470440884e-03
1.4660765716752401e-03	0.0000000000000000e+00	1.7133096561501304e-03
1.4835298641951800e-03	0.0000000000000000e+00	1.4793417925882402e-03
1.5009831567151201e-03	0.0000000000000000e+00	1.2629706998894541e-03
1.5184364492350699e-03	0.0000000000000000e+00	1.1088520638087296e-03
1.5358897417550100e-03	0.0000000000000000e+00	1.2614436962605780e-03
1.5533430342749501e-03	0.0000000000000000e+00	1.4508054700397288e-03
1.5707963267948999e-03	0.0000000000000000e+00	1.6085184965415333e-03
1.5882496193148400e-03	0.0000000000000000e+00	1.7292145634439926e-03
1.6057029118347801e-03	0.0000000000000000e+00	1.8082411596214154e-03
1.6231562043547299e-03	0.0000000000000000e+00	1.8418149240531090e-03
1.6406094968746700e-03	0.0000000000000000e+00	1.8271580466209247e-03
1.6580627893946101e-03	0.0000000000000000e+00	1.7626135160875300e-03
1.6755160819145599e-03	0.0000000000000000e+00	1.6477353578256970e-03
1.6929693744345000e-03	0.0000000000000000e+00	1.4833498332371686e-03
1.7104226669544401e-03	0.0000000000000000e+00	1.2715856089313693e-03
1.7278759594743899e-03	0.0000000000000000e+00	1.0158712410213155e-03
1.7453292519943300e-03	0.0000000000000000e+00	7.2089905165140244e-04
1.7627825445142699e-03	0.0000000000000000e+00	3.9255193052101234e-04
1.7802358370342200e-03	0.0000000000000000e+00	3.7795382987315662e-05
1.7976891295541600e-03	0.0000000000000000e+00	3.3545872187323855e-04
1.8151424220740999e-03	0.0000000000000000e+00	7.1852242282466339e-04
1.8325957145940500e-03	0.0000000000000000e+00	1.6122413983388206e-04
1.8500490071139900e-03	0.0000000000000000e+00	6.7857748912691918e-04
1.8675022996339299e-03	0.0000000000000000e+00	1.5252417950344377e-03
1.8849555921538800e-03	0.0000000000000000e+00	2.3572171684291821e-03
1.9024088846738201e-03	0.0000000000000000e+00	3.1525689121136846e-03
1.9198621771937599e-03	0.0000000000000000e+00	3.8895507879823654e-03
1.9373154697137100e-03	0.0000000000000000e+00	4.5471985158445083e-03
1.9547687622336499e-03	0.0000000000000000e+00	5.1059294268758215e-03
1.9722220547535902e-03	0.0000000000000000e+00	5.5481305840912043e-03
1.9896753472735400e-03	0.0000000000000000e+00	5.8604004682145661e-03
2.0071286397934799e-03	0.0000000000000000e+00	6.0369088415233030e-03
2.0245819323134202e-03	0.0000000000000000e+00	6.0908827328964854e-03
2.0420352248333700e-03	0.0000000000000000e+00	6.0427498293142978e-03
2.0594885173533099e-03	0.0000000000000000e+00	5.9133713593351178e-03
2.0769418098732502e-03	0.0000000000000000e+00	5.7088911612235282e-03
2.0943951023932000e-03	0.0000000000000000e+00	5.4260288079281960e-03
2.1118483949131399e-03	0.0000000000000000e+00	5.0654885554426432e-03
2.1293016874330802e-03	0.0000000000000000e+00	4.6333200608630332e-03
2.1467549799530201e-03	0.0000000000000000e+00	4.1417123544005285e-03
2.1642082724729699e-03	0.0000000000000000e+00	3.6093988169312308e-03
2.1816615649929102e-03	0.0000000000000000e+00	3.0657150568331737e-03
2.1991148575128501e-03	0.0000000000000000e+00	2.5553676661826952e-03
2.2165681500327999e-03	0.0000000000000000e+00	2.1632734931751330e-03
2.2340214425527402e-03	0.0000000000000000e+00	2.3784957702126519e-03
2.2514747350726801e-03	0.0000000000000000e+00	2.7765669995056808e-03
2.2689280275926299e-03	0.0000000000000000e+00	3.1125288207975998e-03
2.2863813201125698e-03	0.0000000000000000e+00	3.3764504243352089e-03
2.3038346126325101e-03	0.0000000000000000e+00	3.5599612655516921e-03
2.3212879051524599e-03	0.0000000000000000e+00	3.6564973854040783e-03
2.3387411976723998e-03	0.0000000000000000e+00	3.6615072559516015e-03
2.3561944901923401e-03	0.0000000000000000e+00	3.5726115272687320e-03
2.3736477827122899e-03	0.0000000000000000e+00	3.3897127495068347e-03
2.3911010752322298e-03	0.0000000000000000e+00	3.1150497961851542e-03
2.4085543677521701e-03	0.0000000000000000e+00	2.7531961098519186e-03
2.4260076602721200e-03	0.0000000000000000e+00	2.3109998292287770e-03
2.4434609527920598e-03	0.0000000000000000e+00	1.7974704026417765e-03
2.4609142453120001e-03	0.0000000000000000e+00	1.2236046732061467e-03
2.4783675378319500e-03	0.0000000000000000e+00	6.0215380944139696e-04
2.4958208303518898e-03	0.0000000000000000e+00	5.2645450367538871e-05
2.5132741228718301e-03	0.0000000000000000e+00	7.2539327520337871e-04
2.5307274153917800e-03	0.0000000000000000e+00	3.0120796158394914e-04
2.5481807079117198e-03	0.0000000000000000e+00	1.0640415130038772e-03
2.5656340004316601e-03	0.0000000000000000e+00	2.4271425331992003e-03
2.5830872929516100e-03	0.0000000000000000e+00	3.7537149287545368e-03
2.6005405854715499e-03	0.0000000000000000e+00	5.0094208242685845e-03
2.6179938779914902e-03	0.0000000000000000e+00	6.1608604165168668e-03
2.6354471705114400e-03	0.0000000000000000e+00	7.1764845960857748e-03
2.6529004630313799e-03	0.0000000000000000e+00	8.0274987034056888e-03
2.6703537555513202e-03	0.0000000000000000e+00	8.6887288373467264e-03
2.6878070480712700e-03	0.0000000000000000e+00	9.1437510425804724e-03
2.7052603405912099e-03	0.0000000000000000e+00	9.3947969557581779e-03
2.7227136331111502e-03	0.0000000000000000e+00	9.4646917736573855e-03
2.7401669256311000e-03	0.0000000000000000e+00	9.3836933144764156e-03
2.7576202181510399e-03	0.0000000000000000e+00	9.1752477876825278e-03
2.7750735106709802e-03	0.0000000000000000e+00	8.8400454385946237e-03
2.7925268031909300e-03	0.0000000000000000e+00	8.3751909714204764e-03
2.8099800957108699e-03	0.0000000000000000e+00	7.7842212968657343e-03
2.8274333882308102e-03	0.0000000000000000e+00	7.0786501727160278e-03
2.8448866807507600e-03	0.0000000000000000e+00	6.2790304984927658e-03
2.8623399732706999e-03	0.0000000000000000e+00	5.4154073578573936e-03
2.8797932657906402e-03	0.0000000000000000e+00	4.5316035010576350e-03
2.8972465583105901e-03	0.0000000000000000e+00	3.6946643806663459e-03
2.9146998508305299e-03	0.0000000000000000e+00	3.0236392486389096e-03
2.9321531433504698e-03	0.0000000000000000e+00	3.2130932098026754e-03
2.9496064358704201e-03	0.0000000000000000e+00	3.8284192557567209e-03
2.9670597283903599e-03	0.0000000000000000e+00	4.3523181419233836e-03
2.9845130209102998e-03	0.0000000000000000e+00	4.7705949368335165e-03
3.0019663134302501e-03	0.0000000000000000e+00	5.0714827266269413e-03
3.0194196059501899e-03	0.0000000000000000e+00	5.2459581486405948e-03
3.0368728984701298e-03	0.0000000000000000e+00	5.2879922757658182e-03
3.0543261909900801e-03	0.0000000000000000e+00	5.1947313186748723e-03
3.0717794835100200e-03	0.0000000000000000e+00	4.9666041017220053e-03
3.0892327760299598e-03	0.0000000000000000e+00	4.6073536764150713e-03
3.1066860685499101e-03	0.0000000000000000e+00	4.1239846895764209e-03
3.1241393610698500e-03	0.0000000000000000e+00	3.5266420145942945e-03
3.1415926535897898e-03	0.0000000000000000e+00	2.8284069939732426e-03
3.1590459461097401e-03	0.0000000000000000e+00	2.0450289725608695e-03
3.1764992386296800e-03	0.0000000000000000e+00	1.1945786141440706e-03
3.1939525311496198e-03	0.0000000000000000e+00	2.9704169575306416e-04
3.2114058236695701e-03	0.0000000000000000e+00	6.2613414904244546e-04
3.2288591161895100e-03	0.0000000000000000e+00	4.5258204546672065e-04
3.2463124087094499e-03	0.0000000000000000e+00	1.3638680233520883e-03
3.2637657012294001e-03	0.0000000000000000e+00	3.1675191590112561e-03
3.2812189937493400e-03	0.0000000000000000e+00	4.9132413168884170e-03
3.2986722862692799e-03	0.0000000000000000e+00	6.5564264395268079e-03
3.3161255787892301e-03	0.0000000000000000e+00	8.0541514686653937e-03
3.3335788713091700e-03	0.0000000000000000e+00	9.3663557080938542e-03
3.3510321638291099e-03	0.0000000000000000e+00	1.0456993861116093e-02
3.3684854563490602e-03	0.0000000000000000e+00	1.1296266969371693e-02
3.3859387488690000e-03	0.0000000000000000e+00	1.1865894174221792e-02
3.4033920413889399e-03	0.0000000000000000e+00	1.2178861633873606e-02
3.4208453339088902e-03	0.0000000000000000e+00	1.2264440379573305e-02
3.4382986264288300e-03	0.0000000000000000e+00	1.2161335313576771e-02
3.4557519189487699e-03	0.0000000000000000e+00	1.1889283529816552e-02
3.4732052114687202e-03	0.0000000000000000e+00	1.1445389935455630e-02
3.4906585039886600e-03	0.0000000000000000e+00	1.0828112408097113e-02
3.5081117965085999e-03	0.0000000000000000e+00	1.0043315047244761e-02
3.5255650890285502e-03	0.0000000000000000e+00	9.1077875605003467e-03
3.5430183815484901e-03	0.0000000000000000e+00	8.0494488294904354e-03
3.5604716740684299e-03	0.0000000000000000e+00	6.9084617173575946e-03
3.5779249665883698e-03	0.0000000000000000e+00	5.7408529092457528e-03
3.5953782591083201e-03	0.0000000000000000e+00	4.6302447460295770e-03
3.6128315516282599e-03	0.0000000000000000e+00	3.7249457600929681e-03
3.6302848441482102e-03	0.0000000000000000e+00	3.8810726916764793e-03
3.6477381366681501e-03	0.0000000000000000e+00	4.6722745994591808e-03
3.6651914291880900e-03	0.0000000000000000e+00	5.3484761075046627e-03
3.6826447217080398e-03	0.0000000000000000e+00	5.8922660933133919e-03
3.7000980142279801e-03	0.0000000000000000e+00	6.2893754796222723e-03
3.7175513067479200e-03	0.0000000000000000e+00	6.5290327276248394e-03
3.7350045992678598e-03	0.0000000000000000e+00	6.6042379587438749e-03
3.7524578917878101e-03	0.0000000000000000e+00	6.5119430801743317e-03
3.7699111843077500e-03	0.0000000000000000e+00	6.2531453409406801e-03
3.7873644768276998e-03	0.0000000000000000e+00	5.8328844940811475e-03
3.8048177693476401e-03	0.0000000000000000e+00	5.2601518517654267e-03
3.8222710618675800e-03	0.0000000000000000e+00	4.5477028077847148e-03
3.8397243543875199e-03	0.0000000000000000e+00	3.7117900506993262e-03
3.8571776469074701e-03	0.0000000000000000e+00	2.7718112060037825e-03
3.8746309394274100e-03	0.0000000000000000e+00	1.7498736335403997e-03
3.8920842319473499e-03	0.0000000000000000e+00	6.7029530728013320e-04
3.9095375244672997e-03	0.0000000000000000e+00	4.4095691171297524e-04
3.9269908169872400e-03	0.0000000000000000e+00	5.7430719533513308e-04
3.9444441095071803e-03	0.0000000000000000e+00	1.5620919796777155e-03
3.9618974020271302e-03	0.0000000000000000e+00	3.6763240725958823e-03
3.9793506945470696e-03	0.0000000000000000e+00	5.7157721539431439e-03
3.9968039870670099e-03	0.0000000000000000e+00	7.6287517889352952e-03
4.0142572795869597e-03	0.0000000000000000e+00	9.3658632218442950e-03
4.0317105721069000e-03	0.0000000000000000e+00	1.0881346273542425e-02
4.0491638646268403e-03	0.0000000000000000e+00	1.2134404320091940e-02
4.0666171571467902e-03	0.0000000000000000e+00	1.3092964834002574e-02
4.0840704496667296e-03	0.0000000000000000e+00	1.3738829356652493e-02
4.1015237421866699e-03	0.0000000000000000e+00	1.4092704159885283e-02
4.1189770347066198e-03	0.0000000000000000e+00	1.4190083466459669e-02
4.1364303272265601e-03	0.0000000000000000e+00	1.4070812760111240e-02
4.1538836197465004e-03	0.0000000000000000e+00	1.3752300726898481e-02
4.1713369122664502e-03	0.0000000000000000e+00	1.3230285833131239e-02
4.1887902047863896e-03	0.0000000000000000e+00	1.2501604525881893e-02
4.2062434973063299e-03	0.0000000000000000e+00	1.1576298527907980e-02
4.2236967898262798e-03	0.0000000000000000e+00	1.0475020825605919e-02
4.2411500823462201e-03	0.0000000000000000e+00	9.2306098586940610e-03
4.2586033748661604e-03	0.0000000000000000e+00	7.8903686349103275e-03
4.2760566673861102e-03	0.0000000000000000e+00	6.5181925580968247e-03
4.2935099599060497e-03	0.0000000000000000e+00	5.2092514079200569e-03
4.3109632524259900e-03	0.0000000000000000e+00	4.1286276774941122e-03
4.3284165449459398e-03	0.0000000000000000e+00	4.2239204397507280e-03
4.3458698374658801e-03	0.0000000000000000e+00	5.1323170115309402e-03
4.3633231299858204e-03	0.0000000000000000e+00	5.9102617197759333e-03
4.3807764225057702e-03	0.0000000000000000e+00	6.5382911815348166e-03
4.3982297150257097e-03	0.0000000000000000e+00	7.0005752078154959e-03
4.4156830075456500e-03	0.0000000000000000e+00	7.2852901116173818e-03
4.4331363000655998e-03	0.0000000000000000e+00	7.3848927501627415e-03
4.4505895925855401e-03	0.0000000000000000e+00	7.2963009880113727e-03
4.4680428851054804e-03	0.0000000000000000e+00	7.0209673889116697e-03
4.4854961776254303e-03	0.0000000000000000e+00	6.5648467122676468e-03
4.5029494701453697e-03	0.0000000000000000e+00	5.9382771093920983e-03
4.5204027626653100e-03	0.0000000000000000e+00	5.1557521935756689e-03
4.5378560551852598e-03	0.0000000000000000e+00	4.2355929725317321e-03
4.5553093477052001e-03	0.0000000000000000e+00	3.1995447687516165e-03
4.5727626402251396e-03	0.0000000000000000e+00	2.0722950200482426e-03
4.5902159327450903e-03	0.0000000000000000e+00	8.8090590761846777e-04
4.6076692252650297e-03	0.0000000000000000e+00	3.4581252735699231e-04
4.6251225177849700e-03	0.0000000000000000e+00	6.7309323725073256e-04
4.6425758103049199e-03	0.0000000000000000e+00	1.6569077524075659e-03
4.6600291028248602e-03	0.0000000000000000e+00	3.9580934609952934e-03
4.6774823953447996e-03	0.0000000000000000e+00	6.1734151046148877e-03
4.6949356878647503e-03	0.0000000000000000e+00	8.2470493614954510e-03
4.7123889803846897e-03	0.0000000000000000e+00	1.0125856965313318e-02
4.7298422729046300e-03	0.0000000000000000e+00	1.1760843672171895e-02
4.7472955654245799e-03	0.0000000000000000e+00	1.3108578687234917e-02
4.7647488579445202e-03	0.0000000000000000e+00	1.4136030540233824e-02
4.7822021504644596e-03	0.0000000000000000e+00	1.4826538663585298e-02
4.7996554429844103e-03	0.0000000000000000e+00	1.5204737299149507e-02
4.8171087355043498e-03	0.0000000000000000e+00	1.5308942717750407e-02
4.8345620280242901e-03	0.0000000000000000e+00	1.5181957086002340e-02
4.8520153205442399e-03	0.0000000000000000e+00	1.4836474340785166e-02
4.8694686130641802e-03	0.0000000000000000e+00	1.4266655012968865e-02
4.8869219055841196e-03	0.0000000000000000e+00	1.3471281975250049e-02
4.9043751981040704e-03	0.0000000000000000e+00	1.2461932347445970e-02
4.9218284906240098e-03	0.0000000000000000e+00	1.1261625586888480e-02
4.9392817831439501e-03	0.0000000000000000e+00	9.9066709427675370e-03
4.9567350756638999e-03	0.0000000000000000e+00	8.4479573636535576e-03
4.9741883681838402e-03	0.0000000000000000e+00	6.9543151524522617e-03
4.9916416607037797e-03	0.0000000000000000e+00	5.5271341348666070e-03
5.0090949532237304e-03	0.0000000000000000e+00	4.3427848929011859e-03
5.0265482457436698e-03	0.0000000000000000e+00	4.3977152079135440e-03
5.0440015382636101e-03	0.0000000000000000e+00	5.3762960577294905e-03
5.0614548307835600e-03	0.0000000000000000e+00	6.2155465955069378e-03
5.0789081233035003e-03	0.0000000000000000e+00	6.8948760393978681e-03
5.0963614158234397e-03	0.0000000000000000e+00	7.3976109607374330e-03
5.1138147083433904e-03	0.0000000000000000e+00	7.7113795056569234e-03
5.1312680008633298e-03	0.0000000000000000e+00	7.8283786505608521e-03
5.1487212933832701e-03	0.0000000000000000e+00	7.7455515220083981e-03
5.1661745859032200e-03	0.0000000000000000e+00	7.4646458449505459e-03
5.1836278784231603e-03	0.0000000000000000e+00	6.9921626278153237e-03
5.2010811709430997e-03	0.0000000000000000e+00	6.3392169877116711e-03
5.2185344634630504e-03	0.0000000000000000e+00	5.5212817458658581e-03
5.2359877559829899e-03	0.0000000000000000e+00	4.5578310811342782e-03
5.2534410485029302e-03	0.0000000000000000e+00	3.4719116598984634e-03
5.2708943410228696e-03	0.0000000000000000e+00	2.2896233744451600e-03
5.2883476335428203e-03	0.0000000000000000e+00	1.0395203003130682e-03
5.3058009260627597e-03	0.0000000000000000e+00	2.4805181902776141e-04
5.3232542185827000e-03	0.0000000000000000e+00	7.2946940373497249e-04
5.3407075111026499e-03	0.0000000000000000e+00	1.7012798710140942e-03
5.3581608036225902e-03	0.0000000000000000e+00	4.0992004747535393e-03
5.3756140961425296e-03	0.0000000000000000e+00	6.4049900046840857e-03
5.3930673886624803e-03	0.0000000000000000e+00	8.5607477204090454e-03
5.4105206811824198e-03	0.0000000000000000e+00	1.0511486492739364e-02
5.4279739737023601e-03	0.0000000000000000e+00	1.2206643585374044e-02
5.4454272662223099e-03	0.0000000000000000e+00	1.3601544952413391e-02
5.4628805587422502e-03	0.0000000000000000e+00	1.4662920666512758e-02
5.4803338512621896e-03	0.0000000000000000e+00	1.5375386439496541e-02
5.4977871437821403e-03	0.0000000000000000e+00	1.5765943618018641e-02
5.5152404363020798e-03	0.0000000000000000e+00	1.5875979444742283e-02
5.5326937288220201e-03	0.0000000000000000e+00	1.5744871761280477e-02
5.5501470213419699e-03	0.0000000000000000e+00	1.5386676042615788e-02
5.5676003138619102e-03	0.0000000000000000e+00	1.4792501052352192e-02
5.5850536063818497e-03	0.0000000000000000e+00	1.3962856061632722e-02
5.6025068989018004e-03	0.0000000000000000e+00	1.2910090026008625e-02
5.6199601914217398e-03	0.0000000000000000e+00	1.1658504922748891e-02
5.6374134839416801e-03	0.0000000000000000e+00	1.0246265554089806e-02
5.6548667764616299e-03	0.0000000000000000e+00	8.7262328183375093e-03
5.6723200689815702e-03	0.0000000000000000e+00	7.1696956430438163e-03
5.6897733615015097e-03	0.0000000000000000e+00	5.6816652032092296e-03
5.7072266540214604e-03	0.0000000000000000e+00	4.4429178804508140e-03
5.7246799465413998e-03	0.0000000000000000e+00	4.4754946969354226e-03
5.7421332390613401e-03	0.0000000000000000e+00	5.4871364345845386e-03
5.7595865315812900e-03	0.0000000000000000e+00	6.3550890948993466e-03
5.7770398241012303e-03	0.0000000000000000e+00	7.0582333281563603e-03
5.7944931166211697e-03	0.0000000000000000e+00	7.5795127320947842e-03
5.8119464091411204e-03	0.0000000000000000e+00	7.9063146926448002e-03
5.8293997016610598e-03	0.0000000000000000e+00	8.0307388721763129e-03
5.8468529941810002e-03	0.0000000000000000e+00	7.9497676644082471e-03
5.8643062867009500e-03	0.0000000000000000e+00	7.6653164386355499e-03
5.8817595792208903e-03	0.0000000000000000e+00	7.1841730769084400e-03
5.8992128717408297e-03	0.0000000000000000e+00	6.5178467258375505e-03
5.9166661642607796e-03	0.0000000000000000e+00	5.6822944073076087e-03
5.9341194567807199e-03	0.0000000000000000e+00	4.6975561123128173e-03
5.9515727493006602e-03	0.0000000000000000e+00	3.5873078864330221e-03
5.9690260418206100e-03	0.0000000000000000e+00	2.3783272662267763e-03
5.9864793343405503e-03	0.0000000000000000e+00	1.0998772260251144e-03
6.0039326268604898e-03	0.0000000000000000e+00	2.1697040334744955e-04
6.0213859193804396e-03	0.0000000000000000e+00	7.6733972169473752e-04
6.0388392119003799e-03	0.0000000000000000e+00	1.7086118729190414e-03
6.0562925044203202e-03	0.0000000000000000e+00	4.1497039501627864e-03
6.0737457969402700e-03	0.0000000000000000e+00	6.4956450957873724e-03
6.0911990894602103e-03	0.0000000000000000e+00	8.6876365696151314e-03
6.1086523819801498e-03	0.0000000000000000e+00	1.0669904129049890e-02
6.1261056745000996e-03	0.0000000000000000e+00	1.2391232326595114e-02
6.1435589670200399e-03	0.0000000000000000e+00	1.3806444952051633e-02
6.1610122595399802e-03	0.0000000000000000e+00	1.4882245113892356e-02
6.1784655520599301e-03	0.0000000000000000e+00	1.5603919150392054e-02
6.1959188445798704e-03	0.0000000000000000e+00	1.5999562004307633e-02
6.2133721370998098e-03	0.0000000000000000e+00	1.6111920122412915e-02
6.2308254296197596e-03	0.0000000000000000e+00	1.5979310873581731e-02
6.2482787221396999e-03	0.0000000000000000e+00	1.5614268009417787e-02
6.2657320146596402e-03	0.0000000000000000e+00	1.5008647054177482e-02
6.2831853071795901e-03	0.0000000000000000e+00	1.4163077477037156e-02
6.3006385996995304e-03	0.0000000000000000e+00	1.3090286107655835e-02
6.3180918922194698e-03	0.0000000000000000e+00	1.1815191123172308e-02
6.3355451847394197e-03	0.0000000000000000e+00	1.0376828507435265e-02
6.3529984772593600e-03	0.0000000000000000e+00	8.8288163662550989e-03
6.3704517697793003e-03	0.0000000000000000e+00	7.2435331262761249e-03
6.3879050622992501e-03	0.0000000000000000e+00	5.7277185672484077e-03
6.4053583548191904e-03	0.0000000000000000e+00	4.4630602968349642e-03
6.4228116473391298e-03	0.0000000000000000e+00	4.4801351825711766e-03
6.4402649398590797e-03	0.0000000000000000e+00	5.5069294864507068e-03
6.4577182323790200e-03	0.0000000000000000e+00	6.3882222342395156e-03
6.4751715248989603e-03	0.0000000000000000e+00	7.1026721492408740e-03
6.4926248174188997e-03	0.0000000000000000e+00	7.6330654383147678e-03
6.5100781099388504e-03	0.0000000000000000e+00	7.9666918633425343e-03
6.5275314024587899e-03	0.0000000000000000e+00	8.0956158095462083e-03
6.5449846949787302e-03	0.0000000000000000e+00	8.0168411898899894e-03
6.5624379874986800e-03	0.0000000000000000e+00	7.7323585156117147e-03
6.5798912800186203e-03	0.0000000000000000e+00	7.2490794472723774e-03
6.5973445725385597e-03	0.0000000000000000e+00	6.5786798090556875e-03
6.6147978650585096e-03	0.0000000000000000e+00	5.7373200853327866e-03
6.6322511575784499e-03	0.0000000000000000e+00	4.7452746931999634e-03
6.6497044500983902e-03	0.0000000000000000e+00	3.6264783067472273e-03
6.6671577426183400e-03	0.0000000000000000e+00	2.4079847834719281e-03
6.6846110351382803e-03	0.0000000000000000e+00	1.1193442562618117e-03
6.7020643276582198e-03	0.0000000000000000e+00	2.0808016854401146e-04
6.7195176201781696e-03	0.0000000000000000e+00	7.9002579128772954e-04
6.7369709126981099e-03	0.0000000000000000e+00	1.7038849151671531e-03
6.7544242052180502e-03	0.0000000000000000e+00	4.1620450657198216e-03
6.7718774977380001e-03	0.0000000000000000e+00	6.5237845446757259e-03
6.7893307902579404e-03	0.0000000000000000e+00	8.7299653358239304e-03
6.8067840827778798e-03	0.0000000000000000e+00	1.0724521476138005e-02
6.8242373752978296e-03	0.0000000000000000e+00	1.2456000645906018e-02
6.8416906678177699e-03	0.0000000000000000e+00	1.3879050780472246e-02
6.8591439603377102e-03	0.0000000000000000e+00	1.4960413311921439e-02
6.8765972528576601e-03	0.0000000000000000e+00	1.5685736890347801e-02
6.8940505453776004e-03	0.0000000000000000e+00	1.6083620993555758e-02
6.9115038378975398e-03	0.0000000000000000e+00	1.6197461122966050e-02
6.9289571304174897e-03	0.0000000000000000e+00	1.6064981339531270e-02
6.9464104229374300e-03	0.0000000000000000e+00	1.5697839542764269e-02
6.9638637154573703e-03	0.0000000000000000e+00	1.5088310845622566e-02
6.9813170079773201e-03	0.0000000000000000e+00	1.4237073018599222e-02
6.9987703004972604e-03	0.0000000000000000e+00	1.3157005907748154e-02
7.0162235930171998e-03	0.0000000000000000e+00	1.1873274562717029e-02
7.0336768855371497e-03	0.0000000000000000e+00	1.0425263111554672e-02
7.0511301780570900e-03	0.0000000000000000e+00	8.8669807296042347e-03
7.0685834705770303e-03	0.0000000000000000e+00	7.2712289832199684e-03
7.0860367630969801e-03	0.0000000000000000e+00	5.7454240759446940e-03
7.1034900556169204e-03	0.0000000000000000e+00	4.4719953197283058e-03
7.1209433481368599e-03	0.0000000000000000e+00	4.4871398197530166e-03
7.1383966406568097e-03	0.0000000000000000e+00	5.5194775431539611e-03
7.1558499331767500e-03	0.0000000000000000e+00	6.4055877439708198e-03
7.1733032256966903e-03	0.0000000000000000e+00	7.1240523424882518e-03
7.1907565182166401e-03	0.0000000000000000e+00	7.6576022461400939e-03
7.2082098107365796e-03	0.0000000000000000e+00	7.9934992020971318e-03
7.2256631032565199e-03	0.0000000000000000e+00	8.1238002006114307e-03
7.2431163957764697e-03	0.0000000000000000e+00	8.0455206727432227e-03
7.2605696882964100e-03	0.0000000000000000e+00	7.7606844757867055e-03
7.2780229808163503e-03	0.0000000000000000e+00	7.2762546799292060e-03
7.2954762733363002e-03	0.0000000000000000e+00	6.6039663238026680e-03
7.3129295658562396e-03	0.0000000000000000e+00	5.7600595606499549e-03
7.3303828583761799e-03	0.0000000000000000e+00	4.7649001447789274e-03
7.3478361508961297e-03	0.0000000000000000e+00	3.6425176036380957e-03
7.3652894434160700e-03	0.0000000000000000e+00	2.4200665641824770e-03
7.3827427359360103e-03	0.0000000000000000e+00	1.1272042333048127e-03
7.4001960284559602e-03	0.0000000000000000e+00	2.0460022447177373e-04
7.4176493209758996e-03	0.0000000000000000e+00	8.0439625712491747e-04
7.4351026134958399e-03	0.0000000000000000e+00	1.6955545548937856e-03
7.4525559060157898e-03	0.0000000000000000e+00	4.1594147940164916e-03
7.4700091985357301e-03	0.0000000000000000e+00	6.5263894135212386e-03
7.4874624910556704e-03	0.0000000000000000e+00	8.7372293276843926e-03
7.5049157835756202e-03	0.0000000000000000e+00	1.0735775937903425e-02
7.5223690760955596e-03	0.0000000000000000e+00	1.2470503070702410e-02
7.5398223686154999e-03	0.0000000000000000e+00	1.3896007577955061e-02
7.5572756611354498e-03	0.0000000000000000e+00	1.4979055476156855e-02
7.5747289536553901e-03	0.0000000000000000e+00	1.5705437755488383e-02
7.5921822461753304e-03	0.0000000000000000e+00	1.6104041245906364e-02
7.6096355386952802e-03	0.0000000000000000e+00	1.6218143658277340e-02
7.6270888312152197e-03	0.0000000000000000e+00	1.6085547604186345e-02
7.6445421237351600e-03	0.0000000000000000e+00	1.5717468991808703e-02
7.6619954162551098e-03	0.0000000000000000e+00	1.5106344519735915e-02
7.6794487087750501e-03	0.0000000000000000e+00	1.4252868577716793e-02
7.6969020012949904e-03	0.0000000000000000e+00	1.3169980531796854e-02
7.7143552938149403e-03	0.0000000000000000e+00	1.1882934707770243e-02
7.7318085863348797e-03	0.0000000000000000e+00	1.0431243680674385e-02
7.7492618788548200e-03	0.0000000000000000e+00	8.8690080285755979e-03
7.7667151713747698e-03	0.0000000000000000e+00	7.2691647262363990e-03
7.7841684638947101e-03	0.0000000000000000e+00	5.7393484884187274e-03
7.8016217564146496e-03	0.0000000000000000e+00	4.4619735162745311e-03
7.8190750489345994e-03	0.0000000000000000e+00	4.4736408667700456e-03
7.8365283414545406e-03	0.0000000000000000e+00	5.5075389909140515e-03
7.8539816339744800e-03	0.0000000000000000e+00	6.3950099270011496e-03
7.8714349264944194e-03	0.0000000000000000e+00	7.1146115606024463e-03
7.8888882190143693e-03	0.0000000000000000e+00	7.6490588037669838e-03
7.9063415115343105e-03	0.0000000000000000e+00	7.9856031581813092e-03
7.9237948040542603e-03	0.0000000000000000e+00	8.1162989564143029e-03
7.9412480965741997e-03	0.0000000000000000e+00	8.0381679306438247e-03
7.9587013890941392e-03	0.0000000000000000e+00	7.7532446632626595e-03
7.9761546816140907e-03	0.0000000000000000e+00	7.2685064919293385e-03
7.9936079741340302e-03	0.0000000000000000e+00	6.5957146718920168e-03
8.0110612666539696e-03	0.0000000000000000e+00	5.7511336515192468e-03
8.0285145591739195e-03	0.0000000000000000e+00	4.7551535565391045e-03
8.0459678516938606e-03	0.0000000000000000e+00	3.6318359850449067e-03
8.0634211442138001e-03	0.0000000000000000e+00	2.4083687471869730e-03
8.0808744367337395e-03	0.0000000000000000e+00	1.1144403839677963e-03
8.0983277292536893e-03	0.0000000000000000e+00	2.1844765635137264e-04
8.1157810217736305e-03	0.0000000000000000e+00	8.1756287302914288e-04
8.1332343142935803e-03	0.0000000000000000e+00	1.6842657942557349e-03
8.1506876068135198e-03	0.0000000000000000e+00	4.1498992042587890e-03
8.1681408993334592e-03	0.0000000000000000e+00	6.5185049280809260e-03
8.1855941918534108e-03	0.0000000000000000e+00	8.7308024106418358e-03
8.2030474843733502e-03	0.0000000000000000e+00	1.0730606636712769e-02
8.2205007768932897e-03	0.0000000000000000e+00	1.2466371189306491e-02
8.2379540694132308e-03	0.0000000000000000e+00	1.3892679162224253e-02
8.2554073619331807e-03	0.0000000000000000e+00	1.4976303775438016e-02
8.2728606544531201e-03	0.0000000000000000e+00	1.5703073920322552e-02
8.2903139469730595e-03	0.0000000000000000e+00	1.6101964443237637e-02
8.3077672394930094e-03	0.0000000000000000e+00	1.6216184243279752e-02
8.3252205320129506e-03	0.0000000000000000e+00	1.6083603209898989e-02
8.3426738245328900e-03	0.0000000000000000e+00	1.5715328662340600e-02
8.3601271170528398e-03	0.0000000000000000e+00	1.5103834288785700e-02
8.3775804095727793e-03	0.0000000000000000e+00	1.4249822570830739e-02
8.3950337020927204e-03	0.0000000000000000e+00	1.3166251248463823e-02
8.4124869946126703e-03	0.0000000000000000e+00	1.1878401838631536e-02
8.4299402871326097e-03	0.0000000000000000e+00	1.0425825983524595e-02
8.4473935796525491e-03	0.0000000000000000e+00	8.8626556465269957e-03
8.4648468721725007e-03	0.0000000000000000e+00	7.2618762120981728e-03
8.4823001646924402e-03	0.0000000000000000e+00	5.7311974398319698e-03
8.4997534572123796e-03	0.0000000000000000e+00	4.4530970129885716e-03
8.5172067497323294e-03	0.0000000000000000e+00	4.4648196549306185e-03
8.5346600422522706e-03	0.0000000000000000e+00	5.4995579212759882e-03
8.5521133347722100e-03	0.0000000000000000e+00	6.3877943970453988e-03
8.5695666272921599e-03	0.0000000000000000e+00	7.1080805337278008e-03
8.5870199198120993e-03	0.0000000000000000e+00	7.6431246703729805e-03
8.6044732123320405e-03	0.0000000000000000e+00	7.9801774456655927e-03
8.6219265048519903e-03	0.0000000000000000e+00	8.1112913077276971e-03
8.6393797973719298e-03	0.0000000000000000e+00	8.0334896454805627e-03
8.6568330898918692e-03	0.0000000000000000e+00	7.7488097329134753e-03
8.6742863824118208e-03	0.0000000000000000e+00	7.2642332439272206e-03
8.6917396749317602e-03	0.0000000000000000e+00	6.5915258705695479e-03
8.7091929674516996e-03	0.0000000000000000e+00	5.7469595121399930e-03
8.7266462599716495e-03	0.0000000000000000e+00	4.7509318610425844e-03
8.7440995524915906e-03	0.0000000000000000e+00	3.6275120572053510e-03
8.7615528450115301e-03	0.0000000000000000e+00	2.4038961296906081e-03
8.7790061375314799e-03	0.0000000000000000e+00	1.1097813602041207e-03
8.7964594300514194e-03	0.0000000000000000e+00	2.2332199930530372e-04
8.8139127225713605e-03	0.0000000000000000e+00	8.2708689671640023e-04
8.8313660150913104e-03	0.0000000000000000e+00	1.6752572817868572e-03
8.8488193076112498e-03	0.0000000000000000e+00	4.1413710707765006e-03
8.8662726001311892e-03	0.0000000000000000e+00	6.5104129170285852e-03
8.8837258926511408e-03	0.0000000000000000e+00	8.7230945349019429e-03
8.9011791851710802e-03	0.0000000000000000e+00	1.0723224141967469e-02
8.9186324776910197e-03	0.0000000000000000e+00	1.2459250650429743e-02
8.9360857702109695e-03	0.0000000000000000e+00	1.3885753723138050e-02
8.9535390627309107e-03	0.0000000000000000e+00	1.4969515659913446e-02
8.9709923552508501e-03	0.0000000000000000e+00	1.5696390421071182e-02
8.9884456477708000e-03	0.0000000000000000e+00	1.6095421965779400e-02
9.0058989402907394e-03	0.0000000000000000e+00	1.6209745073128667e-02
9.0233522328106806e-03	0.0000000000000000e+00	1.6077290256516275e-02
9.0408055253306304e-03	0.0000000000000000e+00	1.5709041965886739e-02
9.0582588178505698e-03	0.0000000000000000e+00	1.5097509646344376e-02
9.0757121103705093e-03	0.0000000000000000e+00	1.4243398065340696e-02
9.0931654028904609e-03	0.0000000000000000e+00	1.3159667681443832e-02
9.1106186954104003e-03	0.0000000000000000e+00	1.1871608419984359e-02
9.1280719879303397e-03	0.0000000000000000e+00	1.0418781360084450e-02
9.1455252804502896e-03	0.0000000000000000e+00	8.8553443485404060e-03
9.1629785729702307e-03	0.0000000000000000e+00	7.2542898584599946e-03
9.1804318654901702e-03	0.0000000000000000e+00	5.7233407438170847e-03
9.1978851580101200e-03	0.0000000000000000e+00	4.4450318939244227e-03
9.2153384505300594e-03	0.0000000000000000e+00	4.4569036003592188e-03
9.2327917430500006e-03	0.0000000000000000e+00	5.4915605009702162e-03
9.2502450355699505e-03	0.0000000000000000e+00	6.3796989977331631e-03
9.2676983280898899e-03	0.0000000000000000e+00	7.0998691633392674e-03
9.2851516206098293e-03	0.0000000000000000e+00	7.6347800346974193e-03
9.3026049131297792e-03	0.0000000000000000e+00	7.9716809992187443e-03
9.3200582056497203e-03	0.0000000000000000e+00	8.1026260546730455e-03
9.3375114981696598e-03	0.0000000000000000e+00	8.0246392845586545e-03
9.3549647906896096e-03	0.0000000000000000e+00	7.7397595843804456e-03
9.3724180832095508e-03	0.0000000000000000e+00	7.2549705747297910e-03
9.3898713757294902e-03	0.0000000000000000e+00	6.5820413593675742e-03
9.4073246682494296e-03	0.0000000000000000e+00	5.7372451451684903e-03
9.4247779607693795e-03	0.0000000000000000e+00	4.7409822938877522e-03
9.4422312532893207e-03	0.0000000000000000e+00	3.6173251601858691e-03
9.4596845458092705e-03	0.0000000000000000e+00	2.3934727505123821e-03
9.4771378383292099e-03	0.0000000000000000e+00	1.0991248575109580e-03
9.4945911308491494e-03	0.0000000000000000e+00	2.3420521181227727e-04
9.5120444233690905e-03	0.0000000000000000e+00	8.3677138995386091e-04
9.5294977158890404e-03	0.0000000000000000e+00	1.6656747986987241e-03
9.5469510084089798e-03	0.0000000000000000e+00	4.1318849810949576e-03
9.5644043009289192e-03	0.0000000000000000e+00	6.5010154865268177e-03
9.5818575934488708e-03	0.0000000000000000e+00	8.7137764796816342e-03
9.5993108859688103e-03	0.0000000000000000e+00	1.0713974969762896e-02
9.6167641784887497e-03	0.0000000000000000e+00	1.2450059305981531e-02
9.6342174710086995e-03	0.0000000000000000e+00	1.3876608241266908e-02
9.6516707635286407e-03	0.0000000000000000e+00	1.4960402671557738e-02
9.6691240560485905e-03	0.0000000000000000e+00	1.5687290918332764e-02
9.6865773485685300e-03	0.0000000000000000e+00	1.6086301299362837e-02
9.7040306410884694e-03	0.0000000000000000e+00	1.6200585943187518e-02
9.7214839336084106e-03	0.0000000000000000e+00	1.6068054237662777e-02
9.7389372261283604e-03	0.0000000000000000e+00	1.5699730052200600e-02
9.7563905186482999e-03	0.0000000000000000e+00	1.5088111157411044e-02
9.7738438111682393e-03	0.0000000000000000e+00	1.4233903009817750e-02
9.7912971036881909e-03	0.0000000000000000e+00	1.3150070547294002e-02
9.8087503962081303e-03	0.0000000000000000e+00	1.1861908128315779e-02
9.8262036887280697e-03	0.0000000000000000e+00	1.0408977425139243e-02
9.8436569812480196e-03	0.0000000000000000e+00	8.8454238174244804e-03
9.8611102737679607e-03	0.0000000000000000e+00	7.2442406683688176e-03
9.8785635662879106e-03	0.0000000000000000e+00	5.7131555577847326e-03
9.8960168588078500e-03	0.0000000000000000e+00	4.4346336645737505e-03
9.9134701513277895e-03	0.0000000000000000e+00	4.4458741074397956e-03
9.9309234438477306e-03	0.0000000000000000e+00	5.4806977875445639e-03
9.9483767363676805e-03	0.0000000000000000e+00	6.3690059830470158e-03
9.9658300288876199e-03	0.0000000000000000e+00	7.0893471120392348e-03
9.9832833214075593e-03	0.0000000000000000e+00	7.6244293768916727e-03
1.0000736613927501e-02	0.0000000000000000e+00	7.9615021672438946e-03
1.0018189906447501e-02	0.0000000000000000e+00	8.0926202434934424e-03
1.0035643198967400e-02	0.0000000000000000e+00	8.0148059088305246e-03
1.0053096491487300e-02	0.0000000000000000e+00	7.7300981919374845e-03
1.0070549784007300e-02	0.0000000000000000e+00	7.2454826223251612e-03
1.0088003076527199e-02	0.0000000000000000e+00	6.5727231408678755e-03
1.0105456369047200e-02	0.0000000000000000e+00	5.7280936220889256e-03
1.0122909661567101e-02	0.0000000000000000e+00	4.7319979905122711e-03
1.0140362954087099e-02	0.0000000000000000e+00	3.6085068570059775e-03
1.0157816246607001e-02	0.0000000000000000e+00	2.3848177063114928e-03
1.0175269539126900e-02	0.0000000000000000e+00	1.0906315804994904e-03
1.0192722831646900e-02	0.0000000000000000e+00	2.4253873756396871e-04
1.0210176124166800e-02	0.0000000000000000e+00	8.4516069437046148e-04
1.0227629416686800e-02	0.0000000000000000e+00	1.6573566583562016e-03
1.0245082709206699e-02	0.0000000000000000e+00	4.1236355351272902e-03
1.0262536001726700e-02	0.0000000000000000e+00	6.4928324089734701e-03
1.0279989294246601e-02	0.0000000000000000e+00	8.7056563084411120e-03
1.0297442586766500e-02	0.0000000000000000e+00	1.0705914215425771e-02
1.0314895879286501e-02	0.0000000000000000e+00	1.2442053708175083e-02
1.0332349171806400e-02	0.0000000000000000e+00	1.3868654104950862e-02
1.0349802464326400e-02	0.0000000000000000e+00	1.4952496790846759e-02
1.0367255756846300e-02	0.0000000000000000e+00	1.5679437044702205e-02
1.0384709049366300e-02	0.0000000000000000e+00	1.6078516155550338e-02
1.0402162341886199e-02	0.0000000000000000e+00	1.6192873391026597e-02
1.0419615634406101e-02	0.0000000000000000e+00	1.6060435333420386e-02
1.0437068926926101e-02	0.0000000000000000e+00	1.5692195818219012e-02
1.0454522219446000e-02	0.0000000000000000e+00	1.5080663194191768e-02
1.0471975511966001e-02	0.0000000000000000e+00	1.4226541089165767e-02
1.0489428804485900e-02	0.0000000000000000e+00	1.3142793650692486e-02
1.0506882097005900e-02	0.0000000000000000e+00	1.1854713092616542e-02
1.0524335389525800e-02	0.0000000000000000e+00	1.0401863457693228e-02
1.0541788682045699e-02	0.0000000000000000e+00	8.8384006267545612e-03
1.0559241974565699e-02	0.0000000000000000e+00	7.2373216738061963e-03
1.0576695267085601e-02	0.0000000000000000e+00	5.7063563803014805e-03
1.0594148559605601e-02	0.0000000000000000e+00	4.4280311842859188e-03
1.0611601852125500e-02	0.0000000000000000e+00	4.4398882633436276e-03
1.0629055144645501e-02	0.0000000000000000e+00	5.4747156496963711e-03
1.0646508437165400e-02	0.0000000000000000e+00	6.3630194335906332e-03
1.0663961729685400e-02	0.0000000000000000e+00	7.0833489447110765e-03
1.0681415022205300e-02	0.0000000000000000e+00	7.6184127430081183e-03
1.0698868314725199e-02	0.0000000000000000e+00	7.9554598361679663e-03
1.0716321607245199e-02	0.0000000000000000e+00	8.0865440126842714e-03
1.0733774899765101e-02	0.0000000000000000e+00	8.0086892521677999e-03
1.0751228192285101e-02	0.0000000000000000e+00	7.7239344995250203e-03
1.0768681484805000e-02	0.0000000000000000e+00	7.2392634522873145e-03
1.0786134777325001e-02	0.0000000000000000e+00	6.5664453471288020e-03
1.0803588069844900e-02	0.0000000000000000e+00	5.7217537001776897e-03
1.0821041362364800e-02	0.0000000000000000e+00	4.7255890824078328e-03
1.0838494654884800e-02	0.0000000000000000e+00	3.6020241340941617e-03
1.0855947947404699e-02	0.0000000000000000e+00	2.3782581529441238e-03
1.0873401239924699e-02	0.0000000000000000e+00	1.0839912469602364e-03
1.0890854532444601e-02	0.0000000000000000e+00	2.4926301044603250e-04
1.0908307824964599e-02	0.0000000000000000e+00	8.5266721578713955e-04
1.0925761117484500e-02	0.0000000000000000e+00	1.6498528148196634e-03
1.0943214410004400e-02	0.0000000000000000e+00	4.1161338683290971e-03
1.0960667702524400e-02	0.0000000000000000e+00	6.4853316918751513e-03
1.0978120995044300e-02	0.0000000000000000e+00	8.6981560181935702e-03
1.0995574287564300e-02	0.0000000000000000e+00	1.0698413505041637e-02
1.1013027580084199e-02	0.0000000000000000e+00	1.2434552159239276e-02
1.1030480872604199e-02	0.0000000000000000e+00	1.3861150769438835e-02
1.1047934165124101e-02	0.0000000000000000e+00	1.4944991711000499e-02
1.1065387457644000e-02	0.0000000000000000e+00	1.5671928384167089e-02
1.1082840750164000e-02	0.0000000000000000e+00	1.6071001382334194e-02
1.1100294042683900e-02	0.0000000000000000e+00	1.6185349031037299e-02
1.1117747335203900e-02	0.0000000000000000e+00	1.6052893726949069e-02
1.1135200627723800e-02	0.0000000000000000e+00	1.5684633552401905e-02
1.1152653920243800e-02	0.0000000000000000e+00	1.5073073885388588e-02
1.1170107212763699e-02	0.0000000000000000e+00	1.4218919619891635e-02
1.1187560505283699e-02	0.0000000000000000e+00	1.3135135609101400e-02
1.1205013797803601e-02	0.0000000000000000e+00	1.1847016598336424e-02
1.1222467090323500e-02	0.0000000000000000e+00	1.0394124355541434e-02
1.1239920382843500e-02	0.0000000000000000e+00	8.8306113911176265e-03
1.1257373675363400e-02	0.0000000000000000e+00	7.2294714640284141e-03
1.1274826967883400e-02	0.0000000000000000e+00	5.6984305194489604e-03
1.1292280260403300e-02	0.0000000000000000e+00	4.4199812104648295e-03
1.1309733552923300e-02	0.0000000000000000e+00	4.4314554385529448e-03
1.1327186845443199e-02	0.0000000000000000e+00	5.4662620659979844e-03
1.1344640137963101e-02	0.0000000000000000e+00	6.3545502175037516e-03
1.1362093430483101e-02	0.0000000000000000e+00	7.0748695483511259e-03
1.1379546723003000e-02	0.0000000000000000e+00	7.6099299776648532e-03
1.1397000015523000e-02	0.0000000000000000e+00	7.9469770724653888e-03
1.1414453308042900e-02	0.0000000000000000e+00	8.0780657867522976e-03
1.1431906600562900e-02	0.0000000000000000e+00	8.0002207566947092e-03
1.1449359893082800e-02	0.0000000000000000e+00	7.7154793161333668e-03
1.1466813185602699e-02	0.0000000000000000e+00	7.2308271661243317e-03
1.1484266478122699e-02	0.0000000000000000e+00	6.5580337967126034e-03
1.1501719770642601e-02	0.0000000000000000e+00	5.7133715465569335e-03
1.1519173063162601e-02	0.0000000000000000e+00	4.7172413319711559e-03
1.1536626355682500e-02	0.0000000000000000e+00	3.5937170116859818e-03
1.1554079648202500e-02	0.0000000000000000e+00	2.3699964001981932e-03
1.1571532940722400e-02	0.0000000000000000e+00	1.0757793188973519e-03
1.1588986233242300e-02	0.0000000000000000e+00	2.5741967249537367e-04
1.1606439525762300e-02	0.0000000000000000e+00	8.5984345043166321e-04
1.1623892818282199e-02	0.0000000000000000e+00	1.6427000194119135e-03
1.1641346110802199e-02	0.0000000000000000e+00	4.1090055837185169e-03
1.1658799403322101e-02	0.0000000000000000e+00	6.4782295458023498e-03
1.1676252695842101e-02	0.0000000000000000e+00	8.6910806175068966e-03
1.1693705988362000e-02	0.0000000000000000e+00	1.0691366029479177e-02
1.1711159280882000e-02	0.0000000000000000e+00	1.2427533410078295e-02
1.1728612573401900e-02	0.0000000000000000e+00	1.3854161650731278e-02
1.1746065865921800e-02	0.0000000000000000e+00	1.4938031974542909e-02
1.1763519158441800e-02	0.0000000000000000e+00	1.5664996021661048e-02
1.1780972450961699e-02	0.0000000000000000e+00	1.6064090044776380e-02
1.1798425743481699e-02	0.0000000000000000e+00	1.6178460251216054e-02
1.1815879036001601e-02	0.0000000000000000e+00	1.6046024015708760e-02
1.1833332328521601e-02	0.0000000000000000e+00	1.5677789699798161e-02
1.1850785621041500e-02	0.0000000000000000e+00	1.5066259292528583e-02
1.1868238913561400e-02	0.0000000000000000e+00	1.4212140222564784e-02
1.1885692206081400e-02	0.0000000000000000e+00	1.3128394231936236e-02
1.1903145498601300e-02	0.0000000000000000e+00	1.1840316292818676e-02
1.1920598791121300e-02	0.0000000000000000e+00	1.0387469522128878e-02
1.1938052083641199e-02	0.0000000000000000e+00	8.8240065397666712e-03
1.1955505376161199e-02	0.0000000000000000e+00	7.2229216606598534e-03
1.1972958668681101e-02	0.0000000000000000e+00	5.6919461581237396e-03
1.1990411961201000e-02	0.0000000000000000e+00	4.4135799557147859e-03
1.2007865253721000e-02	0.0000000000000000e+00	4.4252334757273193e-03
1.2025318546240900e-02	0.0000000000000000e+00	5.4601139165251222e-03
1.2042771838760900e-02	0.0000000000000000e+00	6.3484727705989119e-03
1.2060225131280800e-02	0.0000000000000000e+00	7.0688597061803193e-03
1.2077678423800800e-02	0.0000000000000000e+00	7.6039827690970174e-03
1.2095131716320699e-02	0.0000000000000000e+00	7.9410907474883885e-03
1.2112585008840600e-02	0.0000000000000000e+00	8.0722383556828259e-03
1.2130038301360601e-02	0.0000000000000000e+00	7.9944490748238284e-03
1.2147491593880500e-02	0.0000000000000000e+00	7.7097613662602260e-03
1.2164944886400500e-02	0.0000000000000000e+00	7.2251605895505833e-03
1.2182398178920400e-02	0.0000000000000000e+00	6.5524117276318794e-03
1.2199851471440400e-02	0.0000000000000000e+00	5.7077898538435701e-03
1.2217304763960300e-02	0.0000000000000000e+00	4.7116978363153095e-03
1.2234758056480201e-02	0.0000000000000000e+00	3.5882060059566623e-03
1.2252211349000199e-02	0.0000000000000000e+00	2.3645134030247927e-03
1.2269664641520101e-02	0.0000000000000000e+00	1.0703209008173786e-03
1.2287117934040101e-02	0.0000000000000000e+00	2.6285848673057721e-04
1.2304571226560000e-02	0.0000000000000000e+00	8.6602319866702082e-04
1.2322024519080000e-02	0.0000000000000000e+00	1.6365367933437458e-03
1.2339477811599900e-02	0.0000000000000000e+00	4.1028574503245707e-03
1.2356931104119900e-02	0.0000000000000000e+00	6.4720948077341411e-03
1.2374384396639800e-02	0.0000000000000000e+00	8.6849584005315172e-03
1.2391837689159701e-02	0.0000000000000000e+00	1.0685255067815813e-02
1.2409290981679699e-02	0.0000000000000000e+00	1.2421432295704804e-02
1.2426744274199601e-02	0.0000000000000000e+00	1.3848069577853561e-02
1.2444197566719601e-02	0.0000000000000000e+00	1.4931948382389759e-02
1.2461650859239500e-02	0.0000000000000000e+00	1.5658924460303147e-02
1.2479104151759500e-02	0.0000000000000000e+00	1.6058039277689229e-02
1.2496557444279400e-02	0.0000000000000000e+00	1.6172429890198847e-02
1.2514010736799299e-02	0.0000000000000000e+00	1.6040021981790220e-02
1.2531464029319300e-02	0.0000000000000000e+00	1.5671806936087052e-02
1.2548917321839201e-02	0.0000000000000000e+00	1.5060295568305238e-02
1.2566370614359199e-02	0.0000000000000000e+00	1.4206191569779092e-02
1.2583823906879101e-02	0.0000000000000000e+00	1.3122459425559008e-02
1.2601277199399101e-02	0.0000000000000000e+00	1.1834391219256224e-02
1.2618730491919000e-02	0.0000000000000000e+00	1.0381550746206170e-02
1.2636183784438900e-02	0.0000000000000000e+00	8.8180926351939526e-03
1.2653637076958900e-02	0.0000000000000000e+00	7.2170110381561958e-03
1.2671090369478799e-02	0.0000000000000000e+00	5.6860369346061201e-03
1.2688543661998800e-02	0.0000000000000000e+00	4.4076751237025480e-03
1.2705996954518701e-02	0.0000000000000000e+00	4.4193537085324142e-03
1.2723450247038699e-02	0.0000000000000000e+00	5.4541966481167492e-03
1.2740903539558601e-02	0.0000000000000000e+00	6.3425184593288719e-03
1.2758356832078500e-02	0.0000000000000000e+00	7.0628694004941650e-03
1.2775810124598500e-02	0.0000000000000000e+00	7.5979563599772870e-03
1.2793263417118400e-02	0.0000000000000000e+00	7.9350299625422505e-03
1.2810716709638400e-02	0.0000000000000000e+00	8.0661433766500146e-03
1.2828170002158299e-02	0.0000000000000000e+00	7.9883210533218119e-03
1.2845623294678300e-02	0.0000000000000000e+00	7.7036017144493929e-03
1.2863076587198201e-02	0.0000000000000000e+00	7.2189691511610476e-03
1.2880529879718199e-02	0.0000000000000000e+00	6.5461912531632471e-03
1.2897983172238101e-02	0.0000000000000000e+00	5.7015427021254173e-03
1.2915436464758000e-02	0.0000000000000000e+00	4.7054243898347892e-03
1.2932889757278000e-02	0.0000000000000000e+00	3.5819083228947335e-03
1.2950343049797900e-02	0.0000000000000000e+00	2.3581937250298779e-03
1.2967796342317900e-02	0.0000000000000000e+00	1.0639811312451730e-03
1.2985249634837799e-02	0.0000000000000000e+00	2.6921607263763470e-04
1.3002702927357800e-02	0.0000000000000000e+00	8.7197218311130253e-04
1.3020156219877701e-02	0.0000000000000000e+00	1.6305937152494288e-03
1.3037609512397600e-02	0.0000000000000000e+00	4.0969207169907484e-03
1.3055062804917601e-02	0.0000000000000000e+00	6.4661648333366184e-03
1.3072516097437500e-02	0.0000000000000000e+00	8.6790357504844540e-03
1.3089969389957500e-02	0.0000000000000000e+00	1.0679340103103563e-02
1.3107422682477400e-02	0.0000000000000000e+00	1.2415525789660542e-02
1.3124875974997400e-02	0.0000000000000000e+00	1.3842171708411177e-02
1.3142329267517299e-02	0.0000000000000000e+00	1.4926059534730696e-02
1.3159782560037201e-02	0.0000000000000000e+00	1.5653041640923737e-02
1.3177235852557199e-02	0.0000000000000000e+00	1.6052155743852436e-02
1.3194689145077100e-02	0.0000000000000000e+00	1.6166544172492747e-02
1.3212142437597101e-02	0.0000000000000000e+00	1.6034126150716199e-02
1.3229595730117000e-02	0.0000000000000000e+00	1.5665905653162948e-02
1.3247049022637000e-02	0.0000000000000000e+00	1.5054389294855808e-02
1.3264502315156900e-02	0.0000000000000000e+00	1.4200282763165095e-02
1.3281955607676799e-02	0.0000000000000000e+00	1.3116548335439626e-02
1.3299408900196799e-02	0.0000000000000000e+00	1.1828478964629019e-02
1.3316862192716701e-02	0.0000000000000000e+00	1.0375639495950439e-02
1.3334315485236699e-02	0.0000000000000000e+00	8.8121800179647991e-03
1.3351768777756600e-02	0.0000000000000000e+00	7.2110976529871085e-03
1.3369222070276601e-02	0.0000000000000000e+00	5.6801211913442007e-03
1.3386675362796500e-02	0.0000000000000000e+00	4.4017435017242867e-03
1.3404128655316400e-02	0.0000000000000000e+00	4.4133251179800936e-03
1.3421581947836400e-02	0.0000000000000000e+00	5.4482073541597398e-03
1.3439035240356299e-02	0.0000000000000000e+00	6.3365693197565687e-03
1.3456488532876299e-02	0.0000000000000000e+00	7.0569597309246834e-03
1.3473941825396201e-02	0.0000000000000000e+00	7.5920874430388530e-03
1.3491395117916199e-02	0.0000000000000000e+00	7.9292015884318001e-03
1.3508848410436100e-02	0.0000000000000000e+00	8.0603569921069429e-03
1.3526301702956101e-02	0.0000000000000000e+00	7.9825764618479678e-03
1.3543754995476000e-02	0.0000000000000000e+00	7.6978989474654202e-03
1.3561208287995900e-02	0.0000000000000000e+00	7.2133103409723898e-03
1.3578661580515900e-02	0.0000000000000000e+00	6.5405745194815346e-03
1.3596114873035799e-02	0.0000000000000000e+00	5.6959662340814177e-03
1.3613568165555799e-02	0.0000000000000000e+00	4.6998892841856321e-03
1.3631021458075701e-02	0.0000000000000000e+00	3.5764144712140400e-03
1.3648474750595699e-02	0.0000000000000000e+00	2.3527397781994974e-03
1.3665928043115600e-02	0.0000000000000000e+00	1.0585664434588082e-03
1.3683381335635500e-02	0.0000000000000000e+00	2.7459243064598127e-04
1.3700834628155500e-02	0.0000000000000000e+00	8.7742900917908706e-04
1.3718287920675400e-02	0.0000000000000000e+00	1.6251500932649154e-03
1.3735741213195400e-02	0.0000000000000000e+00	4.0914898547490530e-03
1.3753194505715299e-02	0.0000000000000000e+00	6.4607467083184211e-03
1.3770647798235299e-02	0.0000000000000000e+00	8.6736296605831598e-03
1.3788101090755201e-02	0.0000000000000000e+00	1.0673945699594345e-02
1.3805554383275100e-02	0.0000000000000000e+00	1.2410142432589311e-02
1.3823007675795100e-02	0.0000000000000000e+00	1.3836799250420473e-02
1.3840460968315000e-02	0.0000000000000000e+00	1.4920697218455237e-02
1.3857914260835000e-02	0.0000000000000000e+00	1.5647691436884603e-02
1.3875367553354900e-02	0.0000000000000000e+00	1.6046821050357041e-02
1.3892820845874900e-02	0.0000000000000000e+00	1.6161226551904662e-02
1.3910274138394799e-02	0.0000000000000000e+00	1.6028831036176250e-02
1.3927727430914701e-02	0.0000000000000000e+00	1.5660631048921347e-02
1.3945180723434701e-02	0.0000000000000000e+00	1.5049134747672444e-02
1.3962634015954600e-02	0.0000000000000000e+00	1.4195047679959494e-02
1.3980087308474600e-02	0.0000000000000000e+00	1.3111332994713454e-02
1.3997540600994500e-02	0.0000000000000000e+00	1.1823283491585013e-02
1.4014993893514500e-02	0.0000000000000000e+00	1.0370462896194699e-02
1.4032447186034400e-02	0.0000000000000000e+00	8.8070254132359693e-03
1.4049900478554400e-02	0.0000000000000000e+00	7.2059647536322213e-03
1.4067353771074299e-02	0.0000000000000000e+00	5.6750130668321574e-03
1.4084807063594201e-02	0.0000000000000000e+00	4.3966743301819822e-03
1.4102260356114201e-02	0.0000000000000000e+00	4.4083822349256785e-03
1.4119713648634100e-02	0.0000000000000000e+00	5.4432583977235272e-03
1.4137166941154100e-02	0.0000000000000000e+00	6.3316125885022334e-03
1.4154620233674000e-02	0.0000000000000000e+00	7.0519947316864950e-03
1.4172073526194000e-02	0.0000000000000000e+00	7.5871128113218500e-03
1.4189526818713900e-02	0.0000000000000000e+00	7.9242164484625288e-03
1.4206980111233799e-02	0.0000000000000000e+00	8.0553596280594775e-03
1.4224433403753799e-02	0.0000000000000000e+00	7.9775661441165990e-03
1.4241886696273701e-02	0.0000000000000000e+00	7.6928747450111246e-03
1.4259339988793701e-02	0.0000000000000000e+00	7.2082699479838475e-03
1.4276793281313600e-02	0.0000000000000000e+00	6.5355180431332371e-03
1.4294246573833600e-02	0.0000000000000000e+00	5.6908939692090765e-03
1.4311699866353500e-02	0.0000000000000000e+00	4.6947998099735599e-03
1.4329153158873400e-02	0.0000000000000000e+00	3.5713065280262857e-03
1.4346606451393400e-02	0.0000000000000000e+00	2.3476133701711976e-03
1.4364059743913299e-02	0.0000000000000000e+00	1.0534210031023505e-03
1.4381513036433299e-02	0.0000000000000000e+00	2.7975734279728215e-04
1.4398966328953201e-02	0.0000000000000000e+00	8.8269331841817067e-04
1.4416419621473201e-02	0.0000000000000000e+00	1.6198837142069600e-03
1.4433872913993100e-02	0.0000000000000000e+00	4.0862214899826110e-03
1.4451326206513000e-02	0.0000000000000000e+00	6.4554759752659674e-03
1.4468779499033000e-02	0.0000000000000000e+00	8.6683567890779578e-03
1.4486232791552900e-02	0.0000000000000000e+00	1.0668670580435302e-02
1.4503686084072900e-02	0.0000000000000000e+00	1.2404865379002761e-02
1.4521139376592799e-02	0.0000000000000000e+00	1.3831519749101684e-02
1.4538592669112799e-02	0.0000000000000000e+00	1.4915415863925752e-02
1.4556045961632701e-02	0.0000000000000000e+00	1.5642407492873156e-02
1.4573499254152701e-02	0.0000000000000000e+00	1.6041532996877272e-02
1.4590952546672600e-02	0.0000000000000000e+00	1.6155933690876534e-02
1.4608405839192500e-02	0.0000000000000000e+00	1.6023526616713024e-02
1.4625859131712500e-02	0.0000000000000000e+00	1.5655317063294705e-02
1.4643312424232400e-02	0.0000000000000000e+00	1.5043811119423989e-02
1.4660765716752400e-02	0.0000000000000000e+00	1.4189715417625814e-02
1.4678219009272299e-02	0.0000000000000000e+00	1.3105990687724001e-02
1.4695672301792299e-02	0.0000000000000000e+00	1.1817929887664169e-02
1.4713125594312201e-02	0.0000000000000000e+00	1.0365098079086366e-02
1.4730578886832100e-02	0.0000000000000000e+00	8.8016463880506990e-03
1.4748032179352100e-02	0.0000000000000000e+00	7.2005717376455447e-03
1.4765485471872000e-02	0.0000000000000000e+00	5.6696031933667346e-03
1.4782938764392000e-02	0.0000000000000000e+00	4.3912370314862503e-03
1.4800392056911900e-02	0.0000000000000000e+00	4.4028521758128214e-03
1.4817845349431900e-02	0.0000000000000000e+00	5.4377256377939887e-03
1.4835298641951799e-02	0.0000000000000000e+00	6.3260778902212156e-03
1.4852751934471701e-02	0.0000000000000000e+00	7.0464585686935699e-03
1.4870205226991701e-02	0.0000000000000000e+00	7.5815764938256258e-03
1.4887658519511600e-02	0.0000000000000000e+00	7.9186800698838322e-03
1.4905111812031600e-02	0.0000000000000000e+00	8.0498245077660346e-03
1.4922565104551500e-02	0.0000000000000000e+00	7.9720330502999204e-03
1.4940018397071500e-02	0.0000000000000000e+00	7.6873441502887108e-03
1.4957471689591400e-02	0.0000000000000000e+00	7.2027439635367063e-03
1.4974924982111301e-02	0.0000000000000000e+00	6.5299965065996890e-03
1.4992378274631299e-02	0.0000000000000000e+00	5.6853769173923485e-03
1.5009831567151201e-02	0.0000000000000000e+00	4.6892886642080356e-03
1.5027284859671201e-02	0.0000000000000000e+00	3.5658024345301964e-03
1.5044738152191100e-02	0.0000000000000000e+00	2.3421165559196488e-03
1.5062191444711100e-02	0.0000000000000000e+00	1.0479322132959101e-03
1.5079644737231000e-02	0.0000000000000000e+00	2.8523746647235448e-04
1.5097098029750899e-02	0.0000000000000000e+00	8.8800708765091052e-04
1.5114551322270900e-02	0.0000000000000000e+00	1.6145701086867081e-03
1.5132004614790801e-02	0.0000000000000000e+00	4.0809077635846069e-03
1.5149457907310799e-02	0.0000000000000000e+00	6.4501623611210590e-03
1.5166911199830701e-02	0.0000000000000000e+00	8.6630429019523003e-03
1.5184364492350701e-02	0.0000000000000000e+00	1.0663356333449947e-02
1.5201817784870600e-02	0.0000000000000000e+00	1.2399550434784246e-02
1.5219271077390600e-02	0.0000000000000000e+00	1.3826204486748317e-02
1.5236724369910500e-02	0.0000000000000000e+00	1.4910099334103144e-02
1.5254177662430399e-02	0.0000000000000000e+00	1.5637089891433531e-02
1.5271630954950400e-02	0.0000000000000000e+00	1.6036213298207258e-02
1.5289084247470301e-02	0.0000000000000000e+00	1.6150612270744880e-02
1.5306537539990299e-02	0.0000000000000000e+00	1.6018207249628880e-02
1.5323990832510201e-02	0.0000000000000000e+00	1.5649999417657545e-02
1.5341444125030201e-02	0.0000000000000000e+00	1.5038493843538170e-02
1.5358897417550100e-02	0.0000000000000000e+00	1.4184397765883094e-02
1.5376350710070000e-02	0.0000000000000000e+00	1.3100674112878297e-02
1.5393804002590000e-02	0.0000000000000000e+00	1.1812615920130609e-02
1.5411257295109899e-02	0.0000000000000000e+00	1.0359786724574382e-02
1.5428710587629900e-02	0.0000000000000000e+00	8.7963397415806721e-03
1.5446163880149801e-02	0.0000000000000000e+00	7.1952685870109168e-03
1.5463617172669799e-02	0.0000000000000000e+00	5.6643052483915657e-03
1.5481070465189701e-02	0.0000000000000000e+00	4.3859487564694710e-03
1.5498523757709600e-02	0.0000000000000000e+00	4.3976075859437636e-03
1.5515977050229600e-02	0.0000000000000000e+00	5.4324837885511013e-03
1.5533430342749500e-02	0.0000000000000000e+00	6.3208382771080540e-03
1.5550883635269500e-02	0.0000000000000000e+00	7.0412209307924023e-03
1.5568336927789399e-02	0.0000000000000000e+00	7.5763396588570675e-03
1.5585790220309400e-02	0.0000000000000000e+00	7.9134438388337447e-03
1.5603243512829299e-02	0.0000000000000000e+00	8.0445875556449664e-03
1.5620696805349200e-02	0.0000000000000000e+00	7.9667946552575142e-03
1.5638150097869199e-02	0.0000000000000000e+00	7.6821037912895296e-03
1.5655603390389100e-02	0.0000000000000000e+00	7.1974994493015920e-03
1.5673056682909099e-02	0.0000000000000000e+00	6.5247479346659532e-03
1.5690509975429000e-02	0.0000000000000000e+00	5.6801241626491805e-03
1.5707963267949002e-02	0.0000000000000000e+00	4.6840302230726216e-03
1.5725416560468899e-02	0.0000000000000000e+00	3.5605370055702412e-03
1.5742869852988801e-02	0.0000000000000000e+00	2.3368437308697310e-03
1.5760323145508799e-02	0.0000000000000000e+00	1.0426510439365266e-03
1.5777776438028700e-02	0.0000000000000000e+00	2.9052787736483232e-04
1.5795229730548699e-02	0.0000000000000000e+00	8.9345488537473372e-04
1.5812683023068600e-02	0.0000000000000000e+00	1.6091133495754750e-03
1.5830136315588599e-02	0.0000000000000000e+00	4.0754420092714572e-03
1.5847589608108500e-02	0.0000000000000000e+00	6.4446870772867371e-03
1.5865042900628502e-02	0.0000000000000000e+00	8.6575581611374464e-03
1.5882496193148399e-02	0.0000000000000000e+00	1.0657861914020295e-02
1.5899949485668301e-02	0.0000000000000000e+00	1.2394046302044215e-02
1.5917402778188299e-02	0.0000000000000000e+00	1.3820689970404754e-02
1.5934856070708200e-02	0.0000000000000000e+00	1.4904575047804292e-02
1.5952309363228199e-02	0.0000000000000000e+00	1.5631555163184707e-02
1.5969762655748100e-02	0.0000000000000000e+00	1.6030670164515426e-02
1.5987215948268099e-02	0.0000000000000000e+00	1.6145060379929355e-02
1.6004669240788000e-02	0.0000000000000000e+00	1.6012646286176269e-02
1.6022122533307901e-02	0.0000000000000000e+00	1.5644428137915556e-02
1.6039575825827899e-02	0.0000000000000000e+00	1.5032912159347989e-02
1.6057029118347801e-02	0.0000000000000000e+00	1.4178806488492013e-02
1.6074482410867799e-02	0.0000000000000000e+00	1.3095070666568676e-02
1.6091935703387700e-02	0.0000000000000000e+00	1.1806998878994390e-02
1.6109388995907699e-02	0.0000000000000000e+00	1.0354155857100533e-02
1.6126842288427600e-02	0.0000000000000000e+00	8.7906937697261878e-03
1.6144295580947501e-02	0.0000000000000000e+00	7.1896101148374303e-03
1.6161748873467500e-02	0.0000000000000000e+00	5.6586331159766967e-03
1.6179202165987401e-02	0.0000000000000000e+00	4.3802621217214899e-03
1.6196655458507399e-02	0.0000000000000000e+00	4.3918957010209425e-03
1.6214108751027301e-02	0.0000000000000000e+00	5.4267524584556970e-03
1.6231562043547299e-02	0.0000000000000000e+00	6.3150870202424159e-03
1.6249015336067200e-02	0.0000000000000000e+00	7.0354494544935253e-03
1.6266468628587199e-02	0.0000000000000000e+00	7.5705482848462680e-03
1.6283921921107100e-02	0.0000000000000000e+00	7.9076321767659330e-03
1.6301375213627001e-02	0.0000000000000000e+00	8.0387559718664292e-03
1.6318828506147000e-02	0.0000000000000000e+00	7.9609432083871390e-03
1.6336281798666901e-02	0.0000000000000000e+00	7.6762323356633910e-03
1.6353735091186899e-02	0.0000000000000000e+00	7.1916091364907508e-03
1.6371188383706801e-02	0.0000000000000000e+00	6.5188382144705237e-03
1.6388641676226799e-02	0.0000000000000000e+00	5.6741947416678595e-03
1.6406094968746700e-02	0.0000000000000000e+00	4.6780819138849683e-03
1.6423548261266602e-02	0.0000000000000000e+00	3.5545702124382128e-03
1.6441001553786600e-02	0.0000000000000000e+00	2.3308584463641591e-03
1.6458454846306501e-02	0.0000000000000000e+00	1.0366477385779227e-03
1.6475908138826500e-02	0.0000000000000000e+00	2.9654889854313637e-04
1.6493361431346401e-02	0.0000000000000000e+00	8.9940105582142493e-04
1.6510814723866400e-02	0.0000000000000000e+00	1.6031524761264127e-03
1.6528268016386301e-02	0.0000000000000000e+00	4.0694662988856045e-03
1.6545721308906199e-02	0.0000000000000000e+00	6.4386964693110560e-03
1.6563174601426200e-02	0.0000000000000000e+00	8.6515525749848443e-03
1.6580627893946102e-02	0.0000000000000000e+00	1.0651841400747264e-02
1.6598081186466100e-02	0.0000000000000000e+00	1.2388010559978291e-02
1.6615534478986001e-02	0.0000000000000000e+00	1.3814639328300515e-02
1.6632987771506000e-02	0.0000000000000000e+00	1.4898509078054678e-02
1.6650441064025901e-02	0.0000000000000000e+00	1.5625473541396540e-02
1.6667894356545799e-02	0.0000000000000000e+00	1.6024571637257568e-02
1.6685347649065801e-02	0.0000000000000000e+00	1.6138943782148196e-02
1.6702800941585699e-02	0.0000000000000000e+00	1.6006510067704260e-02
1.6720254234105700e-02	0.0000000000000000e+00	1.5638271605019849e-02
1.6737707526625598e-02	0.0000000000000000e+00	1.5026738484678059e-02
1.6755160819145600e-02	0.0000000000000000e+00	1.4172614638711556e-02
1.6772614111665501e-02	0.0000000000000000e+00	1.3088864010697865e-02
1.6790067404185399e-02	0.0000000000000000e+00	1.1800778043386861e-02
1.6807520696705401e-02	0.0000000000000000e+00	1.0347920312394621e-02
1.6824973989225299e-02	0.0000000000000000e+00	8.7844435714037328e-03
1.6842427281745301e-02	0.0000000000000000e+00	7.1833437658359589e-03
1.6859880574265199e-02	0.0000000000000000e+00	5.6523489610431632e-03
1.6877333866785200e-02	0.0000000000000000e+00	4.3739558509827692e-03
1.6894787159305098e-02	0.0000000000000000e+00	4.3855502743519459e-03
1.6912240451825100e-02	0.0000000000000000e+00	5.4203974722306647e-03
1.6929693744345001e-02	0.0000000000000000e+00	6.3087225305127337e-03
1.6947147036864899e-02	0.0000000000000000e+00	7.0290753208712697e-03
1.6964600329384901e-02	0.0000000000000000e+00	7.5641638739025741e-03
1.6982053621904799e-02	0.0000000000000000e+00	7.9012351159053473e-03
1.6999506914424801e-02	0.0000000000000000e+00	8.0323483615909463e-03
1.7016960206944699e-02	0.0000000000000000e+00	7.9545247354160242e-03
1.7034413499464700e-02	0.0000000000000000e+00	7.6698024100740891e-03
1.7051866791984598e-02	0.0000000000000000e+00	7.1851689430717514e-03
1.7069320084504500e-02	0.0000000000000000e+00	6.5123871857428739e-03
1.7086773377024501e-02	0.0000000000000000e+00	5.6677306114407688e-03
1.7104226669544399e-02	0.0000000000000000e+00	4.6716033917115762e-03
1.7121679962064401e-02	0.0000000000000000e+00	3.5480783172321395e-03
1.7139133254584299e-02	0.0000000000000000e+00	2.3243521967608594e-03
1.7156586547104301e-02	0.0000000000000000e+00	1.0301261015999152e-03
1.7174039839624199e-02	0.0000000000000000e+00	3.0308610583085205e-04
1.7191493132144100e-02	0.0000000000000000e+00	9.0600742956870040e-04
1.7208946424664098e-02	0.0000000000000000e+00	1.5965267083739576e-03
1.7226399717184000e-02	0.0000000000000000e+00	4.0628210733006931e-03
1.7243853009704001e-02	0.0000000000000000e+00	6.4320316544705936e-03
1.7261306302223899e-02	0.0000000000000000e+00	8.6448678286454861e-03
1.7278759594743901e-02	0.0000000000000000e+00	1.0645136319951565e-02
1.7296212887263799e-02	0.0000000000000000e+00	1.2381285115567575e-02
1.7313666179783700e-02	0.0000000000000000e+00	1.3807893195943999e-02
1.7331119472303699e-02	0.0000000000000000e+00	1.4891741720327367e-02
1.7348572764823600e-02	0.0000000000000000e+00	1.5618685866124249e-02
1.7366026057343598e-02	0.0000000000000000e+00	1.6017763898007686e-02
1.7383479349863500e-02	0.0000000000000000e+00	1.6132115537873748e-02
1.7400932642383501e-02	0.0000000000000000e+00	1.5999660710837693e-02
1.7418385934903399e-02	0.0000000000000000e+00	1.5631402783065962e-02
1.7435839227423401e-02	0.0000000000000000e+00	1.5019847840358924e-02
1.7453292519943299e-02	0.0000000000000000e+00	1.4165704673750890e-02
1.7470745812463200e-02	0.0000000000000000e+00	1.3081930086100479e-02
1.7488199104983199e-02	0.0000000000000000e+00	1.1793818820927893e-02
1.7505652397503100e-02	0.0000000000000000e+00	1.0340936623301378e-02
1.7523105690023098e-02	0.0000000000000000e+00	8.7774355993770481e-03
1.7540558982543000e-02	0.0000000000000000e+00	7.1763131146909132e-03
1.7558012275063001e-02	0.0000000000000000e+00	5.6452984745258838e-03
1.7575465567582899e-02	0.0000000000000000e+00	4.3668882591576530e-03
1.7592918860102801e-02	0.0000000000000000e+00	4.3784847437278174e-03
1.7610372152622799e-02	0.0000000000000000e+00	5.4133019435780305e-03
1.7627825445142700e-02	0.0000000000000000e+00	6.3015970755668782e-03
1.7645278737662699e-02	0.0000000000000000e+00	7.0219199639984797e-03
1.7662732030182600e-02	0.0000000000000000e+00	7.5569774404888879e-03
1.7680185322702598e-02	0.0000000000000000e+00	7.8940196513159755e-03
1.7697638615222500e-02	0.0000000000000000e+00	8.0251024555506589e-03
1.7715091907742401e-02	0.0000000000000000e+00	7.9472479462650014e-03
1.7732545200262399e-02	0.0000000000000000e+00	7.6624952168407034e-03
1.7749998492782301e-02	0.0000000000000000e+00	7.1778301923182131e-03
1.7767451785302299e-02	0.0000000000000000e+00	6.5050177222980565e-03
1.7784905077822200e-02	0.0000000000000000e+00	5.6603297881097081e-03
1.7802358370342199e-02	0.0000000000000000e+00	4.6641721257330016e-03
1.7819811662862100e-02	0.0000000000000000e+00	3.5406161167501615e-03
1.7837264955382001e-02	0.0000000000000000e+00	2.3168589377025040e-03
1.7854718247902000e-02	0.0000000000000000e+00	1.0226020087458210e-03
1.7872171540421901e-02	0.0000000000000000e+00	3.1064126626612065e-04
1.7889624832941899e-02	0.0000000000000000e+00	9.1357423647320246e-04
1.7907078125461801e-02	0.0000000000000000e+00	1.5889320851849575e-03
1.7924531417981799e-02	0.0000000000000000e+00	4.0551983167251837e-03
1.7941984710501700e-02	0.0000000000000000e+00	6.4243807624004834e-03
1.7959438003021699e-02	0.0000000000000000e+00	8.6371885057072717e-03
1.7976891295541600e-02	0.0000000000000000e+00	1.0637428422676898e-02
1.7994344588061501e-02	0.0000000000000000e+00	1.2373548429822190e-02
1.8011797880581500e-02	0.0000000000000000e+00	1.3800127663305961e-02
1.8029251173101401e-02	0.0000000000000000e+00	1.4883947062444891e-02
1.8046704465621399e-02	0.0000000000000000e+00	1.5610861475301663e-02
1.8064157758141301e-02	0.0000000000000000e+00	1.6009908579900145e-02
1.8081611050661299e-02	0.0000000000000000e+00	1.6124230523087535e-02
1.8099064343181200e-02	0.0000000000000000e+00	1.5991747980373505e-02
1.8116517635701102e-02	0.0000000000000000e+00	1.5623461094260938e-02
1.8133970928221100e-02	0.0000000000000000e+00	1.5011875504369110e-02
1.8151424220741001e-02	0.0000000000000000e+00	1.4157698303419730e-02
1.8168877513261000e-02	0.0000000000000000e+00	1.3073892515537144e-02
1.8186330805780901e-02	0.0000000000000000e+00	1.1785751007323375e-02
1.8203784098300899e-02	0.0000000000000000e+00	1.0332837438383535e-02
1.8221237390820801e-02	0.0000000000000000e+00	8.7693047933770085e-03
1.8238690683340698e-02	0.0000000000000000e+00	7.1681466858579679e-03
1.8256143975860700e-02	0.0000000000000000e+00	5.6370949460637920e-03
1.8273597268380602e-02	0.0000000000000000e+00	4.3586470618681705e-03
1.8291050560900600e-02	0.0000000000000000e+00	4.3702008575146056e-03
1.8308503853420501e-02	0.0000000000000000e+00	5.4049873350061617e-03
1.8325957145940500e-02	0.0000000000000000e+00	6.2932518046299180e-03
1.8343410438460401e-02	0.0000000000000000e+00	7.0135442311181073e-03
1.8360863730980299e-02	0.0000000000000000e+00	7.5485722712935743e-03
1.8378317023500301e-02	0.0000000000000000e+00	7.8855854424024763e-03
1.8395770316020198e-02	0.0000000000000000e+00	8.0166376925117078e-03
1.8413223608540200e-02	0.0000000000000000e+00	7.9387531022885316e-03
1.8430676901060102e-02	0.0000000000000000e+00	7.6539702011602095e-03
1.8448130193580100e-02	0.0000000000000000e+00	7.1692736464243900e-03
1.8465583486100001e-02	0.0000000000000000e+00	6.4964295732734545e-03
1.8483036778619899e-02	0.0000000000000000e+00	5.6517129510764708e-03
1.8500490071139901e-02	0.0000000000000000e+00	4.6555260579488333e-03
1.8517943363659799e-02	0.0000000000000000e+00	3.5319396079842580e-03
1.8535396656179801e-02	0.0000000000000000e+00	2.3081528244426330e-03
1.8552849948699698e-02	0.0000000000000000e+00	1.0138664014065490e-03
1.8570303241219700e-02	0.0000000000000000e+00	3.1940664103924377e-04
1.8587756533739602e-02	0.0000000000000000e+00	9.2235204141499771e-04
1.8605209826259600e-02	0.0000000000000000e+00	1.5801210340116167e-03
1.8622663118779501e-02	0.0000000000000000e+00	4.0463539280655159e-03
1.8640116411299399e-02	0.0000000000000000e+00	6.4155027879284621e-03
1.8657569703819401e-02	0.0000000000000000e+00	8.6282767854164444e-03
1.8675022996339299e-02	0.0000000000000000e+00	1.0628482833870967e-02
1.8692476288859301e-02	0.0000000000000000e+00	1.2364568596983316e-02
1.8709929581379198e-02	0.0000000000000000e+00	1.3791113426754542e-02
1.8727382873899200e-02	0.0000000000000000e+00	1.4874898483284271e-02
1.8744836166419102e-02	0.0000000000000000e+00	1.5601778257611443e-02
1.8762289458938999e-02	0.0000000000000000e+00	1.6000791083228050e-02
1.8779742751459001e-02	0.0000000000000000e+00	1.6115078018624551e-02
1.8797196043978899e-02	0.0000000000000000e+00	1.5982561429197295e-02
1.8814649336498901e-02	0.0000000000000000e+00	1.5614241096002512e-02
1.8832102629018799e-02	0.0000000000000000e+00	1.5002623580240515e-02
1.8849555921538801e-02	0.0000000000000000e+00	1.4148412657631004e-02
1.8867009214058698e-02	0.0000000000000000e+00	1.3064572869122548e-02
1.8884462506578600e-02	0.0000000000000000e+00	1.1776396798838462e-02
1.8901915799098602e-02	0.0000000000000000e+00	1.0323448838518212e-02
1.8919369091618499e-02	0.0000000000000000e+00	8.7598804730475432e-03
1.8936822384138501e-02	0.0000000000000000e+00	7.1586882122023354e-03
1.8954275676658399e-02	0.0000000000000000e+00	5.6276011662914627e-03
1.8971728969178401e-02	0.0000000000000000e+00	4.3491211466160085e-03
1.8989182261698299e-02	0.0000000000000000e+00	4.3606509157945172e-03
1.9006635554218200e-02	0.0000000000000000e+00	5.3954005101677360e-03
1.9024088846738198e-02	0.0000000000000000e+00	6.2836281318365828e-03
1.9041542139258100e-02	0.0000000000000000e+00	7.0038832268746187e-03
1.9058995431778102e-02	0.0000000000000000e+00	7.5388739259649729e-03
1.9076448724297999e-02	0.0000000000000000e+00	7.8758494675930102e-03
1.9093902016818001e-02	0.0000000000000000e+00	8.0068634813956763e-03
1.9111355309337899e-02	0.0000000000000000e+00	7.9289398354844831e-03
1.9128808601857800e-02	0.0000000000000000e+00	7.6441175363644032e-03
1.9146261894377799e-02	0.0000000000000000e+00	7.1593801407503488e-03
1.9163715186897700e-02	0.0000000000000000e+00	6.4864966435425053e-03
1.9181168479417698e-02	0.0000000000000000e+00	5.6417407693181154e-03
1.9198621771937600e-02	0.0000000000000000e+00	4.6455129154712171e-03
1.9216075064457602e-02	0.0000000000000000e+00	3.5218856585921277e-03
1.9233528356977499e-02	0.0000000000000000e+00	2.2980581923093268e-03
1.9250981649497501e-02	0.0000000000000000e+00	1.0037306109142996e-03
1.9268434942017399e-02	0.0000000000000000e+00	3.2958363574886462e-04
1.9285888234537300e-02	0.0000000000000000e+00	9.3259625020525316e-04
1.9303341527057299e-02	0.0000000000000000e+00	1.5698359204394663e-03
1.9320794819577200e-02	0.0000000000000000e+00	4.0360278507012293e-03
1.9338248112097198e-02	0.0000000000000000e+00	6.4051353031615577e-03
1.9355701404617100e-02	0.0000000000000000e+00	8.6178679849548967e-03
1.9373154697137102e-02	0.0000000000000000e+00	1.0618032535189448e-02
1.9390607989656999e-02	0.0000000000000000e+00	1.2354076741484699e-02
1.9408061282176901e-02	0.0000000000000000e+00	1.3780579695078510e-02
1.9425514574696899e-02	0.0000000000000000e+00	1.4864323247509192e-02
1.9442967867216800e-02	0.0000000000000000e+00	1.5591160483511501e-02
1.9460421159736799e-02	0.0000000000000000e+00	1.5990131395058560e-02
1.9477874452256700e-02	0.0000000000000000e+00	1.6104375700448426e-02
1.9495327744776698e-02	0.0000000000000000e+00	1.5971816579990250e-02
1.9512781037296600e-02	0.0000000000000000e+00	1.5603453457338601e-02
1.9530234329816501e-02	0.0000000000000000e+00	1.4991792740515875e-02
1.9547687622336499e-02	0.0000000000000000e+00	1.4137539153517009e-02
1.9565140914856401e-02	0.0000000000000000e+00	1.3053655734415859e-02
1.9582594207376399e-02	0.0000000000000000e+00	1.1765435702282501e-02
1.9600047499896300e-02	0.0000000000000000e+00	1.0312443655420944e-02
1.9617500792416299e-02	0.0000000000000000e+00	8.7488310551915305e-03
1.9634954084936200e-02	0.0000000000000000e+00	7.1475947863215428e-03
1.9652407377456101e-02	0.0000000000000000e+00	5.6164639692160012e-03
1.9669860669976100e-02	0.0000000000000000e+00	4.3379390038613685e-03
1.9687313962496001e-02	0.0000000000000000e+00	4.3494177109841825e-03
1.9704767255015999e-02	0.0000000000000000e+00	5.3841220496473330e-03
1.9722220547535901e-02	0.0000000000000000e+00	6.2723044948156392e-03
1.9739673840055899e-02	0.0000000000000000e+00	6.9925134941550837e-03
1.9757127132575800e-02	0.0000000000000000e+00	7.5274573710275572e-03
1.9774580425095799e-02	0.0000000000000000e+00	7.8643861162679407e-03
1.9792033717615700e-02	0.0000000000000000e+00	7.9953546804913955e-03
1.9809487010135601e-02	0.0000000000000000e+00	7.9173852664042865e-03
1.9826940302655600e-02	0.0000000000000000e+00	7.6325174377676053e-03
1.9844393595175501e-02	0.0000000000000000e+00	7.1477367858601148e-03
1.9861846887695499e-02	0.0000000000000000e+00	6.4748079000249703e-03
1.9879300180215401e-02	0.0000000000000000e+00	5.6300041107626431e-03
1.9896753472735399e-02	0.0000000000000000e+00	4.6337301695316135e-03
1.9914206765255300e-02	0.0000000000000000e+00	3.5100571670698688e-03
1.9931660057775202e-02	0.0000000000000000e+00	2.2861826271203256e-03
1.9949113350295200e-02	0.0000000000000000e+00	9.9180805077825340e-04
1.9966566642815101e-02	0.0000000000000000e+00	3.4155335877494863e-04
1.9984019935335100e-02	0.0000000000000000e+00	9.4459447677008868e-04
2.0001473227855001e-02	0.0000000000000000e+00	1.5577915203714987e-03
2.0018926520374999e-02	0.0000000000000000e+00	4.0239368187360292e-03
2.0036379812894901e-02	0.0000000000000000e+00	6.3929978520844699e-03
2.0053833105414798e-02	0.0000000000000000e+00	8.6056836596717368e-03
2.0071286397934800e-02	0.0000000000000000e+00	1.0605801128271031e-02
2.0088739690454702e-02	0.0000000000000000e+00	1.2341798194838161e-02
2.0106192982974700e-02	0.0000000000000000e+00	1.3768253884979043e-02
2.0123646275494601e-02	0.0000000000000000e+00	1.4851949438059009e-02
2.0141099568014600e-02	0.0000000000000000e+00	1.5578739623074878e-02
2.0158552860534501e-02	0.0000000000000000e+00	1.5977661864082116e-02
2.0176006153054399e-02	0.0000000000000000e+00	1.6091858637980572e-02
2.0193459445574401e-02	0.0000000000000000e+00	1.5959250271758041e-02
2.0210912738094299e-02	0.0000000000000000e+00	1.5590838248785266e-02
2.0228366030614300e-02	0.0000000000000000e+00	1.4979126966419010e-02
2.0245819323134202e-02	0.0000000000000000e+00	1.4124823572272183e-02
2.0263272615654200e-02	0.0000000000000000e+00	1.3040890442481690e-02
2.0280725908174101e-02	0.0000000000000000e+00	1.1752621384685469e-02
2.0298179200694100e-02	0.0000000000000000e+00	1.0299579881649645e-02
2.0315632493214001e-02	0.0000000000000000e+00	8.7359190157363376e-03
2.0333085785733899e-02	0.0000000000000000e+00	7.1346322699226139e-03
2.0350539078253901e-02	0.0000000000000000e+00	5.6034514287179871e-03
2.0367992370773799e-02	0.0000000000000000e+00	4.3248747532889098e-03
2.0385445663293800e-02	0.0000000000000000e+00	4.3363031623115944e-03
2.0402898955813702e-02	0.0000000000000000e+00	5.3709584115264608e-03
2.0420352248333700e-02	0.0000000000000000e+00	6.2590910153119683e-03
2.0437805540853601e-02	0.0000000000000000e+00	6.9792507803492221e-03
2.0455258833373499e-02	0.0000000000000000e+00	7.5141458225382873e-03
2.0472712125893501e-02	0.0000000000000000e+00	7.8510253075163572e-03
2.0490165418413399e-02	0.0000000000000000e+00	7.9819437500356916e-03
2.0507618710933401e-02	0.0000000000000000e+00	7.9039246640615346e-03
2.0525072003453299e-02	0.0000000000000000e+00	7.6190066503127873e-03
2.0542525295973300e-02	0.0000000000000000e+00	7.1341749949964672e-03
2.0559978588493202e-02	0.0000000000000000e+00	6.4611948714943246e-03
2.0577431881013099e-02	0.0000000000000000e+00	5.6163413802232665e-03
2.0594885173533101e-02	0.0000000000000000e+00	4.6200173060908512e-03
2.0612338466052999e-02	0.0000000000000000e+00	3.4962931163393662e-03
2.0629791758573001e-02	0.0000000000000000e+00	2.2723679382103956e-03
2.0647245051092899e-02	0.0000000000000000e+00	9.7794263941675119e-04
2.0664698343612901e-02	0.0000000000000000e+00	3.5546966593336116e-04
2.0682151636132799e-02	0.0000000000000000e+00	9.5856694075602267e-04
2.0699604928652700e-02	0.0000000000000000e+00	1.5437662047663725e-03
2.0717058221172702e-02	0.0000000000000000e+00	4.0098586134693637e-03
2.0734511513692599e-02	0.0000000000000000e+00	6.3788663406227908e-03
2.0751964806212601e-02	0.0000000000000000e+00	8.5914989193347502e-03
2.0769418098732499e-02	0.0000000000000000e+00	1.0591563207755561e-02
2.0786871391252501e-02	0.0000000000000000e+00	1.2327506702135116e-02
2.0804324683772399e-02	0.0000000000000000e+00	1.3753908909105217e-02
2.0821777976292300e-02	0.0000000000000000e+00	1.4837550819770007e-02
2.0839231268812299e-02	0.0000000000000000e+00	1.5564287105477304e-02
2.0856684561332200e-02	0.0000000000000000e+00	1.5963156064581652e-02
2.0874137853852202e-02	0.0000000000000000e+00	1.6077298753868430e-02
2.0891591146372099e-02	0.0000000000000000e+00	1.5944637367371506e-02
2.0909044438892101e-02	0.0000000000000000e+00	1.5576169956061925e-02
2.0926497731411999e-02	0.0000000000000000e+00	1.4964404803142983e-02
2.0943951023932001e-02	0.0000000000000000e+00	1.4110048307235390e-02
