0.0000000000000000e+00	0.0000000000000000e+00	0.0000000000000000e+00
1.7453292519943300e-05	0.0000000000000000e+00	2.7201995298486992e-06
3.4906585039886600e-05	0.0000000000000000e+00	1.0526667112986665e-05
5.2359877559829903e-05	0.0000000000000000e+00	2.2482284378178008e-05
6.9813170079773199e-05	0.0000000000000000e+00	3.7232100981388072e-05
8.7266462599716496e-05	0.0000000000000000e+00	5.3193697444720023e-05
1.0471975511966000e-04	0.0000000000000000e+00	6.8762895971463678e-05
1.2217304763960301e-04	0.0000000000000000e+00	8.2502210976276302e-05
1.3962634015954599e-04	0.0000000000000000e+00	9.3286832151706633e-05
1.5707963267949001e-04	0.0000000000000000e+00	1.0039447141541036e-04
1.7453292519943299e-04	0.0000000000000000e+00	1.0353752507130665e-04
1.9198621771937600e-04	0.0000000000000000e+00	1.0284623558964867e-04
2.0943951023931999e-04	0.0000000000000000e+00	9.8817289204577996e-05
2.2689280275926300e-04	0.0000000000000000e+00	9.2243619974063940e-05
2.4434609527920601e-04	0.0000000000000000e+00	8.4138815360734753e-05
2.6179938779914903e-04	0.0000000000000000e+00	7.5665092034826742e-05
2.7925268031909301e-04	0.0000000000000000e+00	6.8068853456559886e-05
2.9670597283903603e-04	0.0000000000000000e+00	6.2624227312513270e-05
3.1415926535897898e-04	0.0000000000000000e+00	6.0435922214274740e-05
3.3161255787892303e-04	0.0000000000000000e+00	6.1669550918463933e-05
3.4906585039886598e-04	0.0000000000000000e+00	6.4690731832350856e-05
3.6651914291880900e-04	0.0000000000000000e+00	6.7863266413947798e-05
3.8397243543875201e-04	0.0000000000000000e+00	7.1342787559158793e-05
4.0142572795869599e-04	0.0000000000000000e+00	7.5535850535435323e-05
4.1887902047863901e-04	0.0000000000000000e+00	8.0716493916388465e-05
4.3633231299858202e-04	0.0000000000000000e+00	8.6864746664749859e-05
4.5378560551852601e-04	0.0000000000000000e+00	9.3424784761486634e-05
4.7123889803846902e-04	0.0000000000000000e+00	9.8498701407212508e-05
4.8869219055841203e-04	0.0000000000000000e+00	9.3585124551709420e-05
5.0614548307835602e-04	0.0000000000000000e+00	8.9696161573504796e-05
5.2359877559829903e-04	0.0000000000000000e+00	8.7765619311230836e-05
5.4105206811824204e-04	0.0000000000000000e+00	8.8319371439604666e-05
5.5850536063818505e-04	0.0000000000000000e+00	9.1883226926881001e-05
5.7595865315812904e-04	0.0000000000000000e+00	9.8960519034130279e-05
5.9341194567807205e-04	0.0000000000000000e+00	1.1000750301681794e-04
6.1086523819801496e-04	0.0000000000000000e+00	1.2540745510902784e-04
6.2831853071795905e-04	0.0000000000000000e+00	1.4544440221120336e-04
6.4577182323790196e-04	0.0000000000000000e+00	1.7027748434317314e-04
6.6322511575784497e-04	0.0000000000000000e+00	1.9991713470057793e-04
6.8067840827778798e-04	0.0000000000000000e+00	2.3420423259878920e-04
6.9813170079773197e-04	0.0000000000000000e+00	2.7279322530071592e-04
7.1558499331767498e-04	0.0000000000000000e+00	3.1514044143143849e-04
7.3303828583761799e-04	0.0000000000000000e+00	3.6049830763529300e-04
7.5049157835756198e-04	0.0000000000000000e+00	3.8465698015877070e-04
7.6794487087750499e-04	0.0000000000000000e+00	2.4026914328822979e-04
7.8539816339744800e-04	0.0000000000000000e+00	7.9245490835933019e-05
8.0285145591739199e-04	0.0000000000000000e+00	9.5093846842586593e-05
8.2030474843733500e-04	0.0000000000000000e+00	2.7872705953135846e-04
8.3775804095727801e-04	0.0000000000000000e+00	4.6701320225261966e-04
8.5521133347722102e-04	0.0000000000000000e+00	6.5479697705483897e-04
8.7266462599716501e-04	0.0000000000000000e+00	8.3653731123634056e-04
8.9011791851710802e-04	0.0000000000000000e+00	1.0064552938895410e-03
9.0757121103705104e-04	0.0000000000000000e+00	1.1586986043757852e-03
9.2502450355699502e-04	0.0000000000000000e+00	1.2875209454089598e-03
9.4247779607693804e-04	0.0000000000000000e+00	1.3874622558691652e-03
9.5993108859688105e-04	0.0000000000000000e+00	1.4538982240136500e-03
9.7738438111682406e-04	0.0000000000000000e+00	1.4843219972749955e-03
9.9483767363676805e-04	0.0000000000000000e+00	1.4825289510995709e-03
1.0122909661567101e-03	0.0000000000000000e+00	1.4566775512229180e-03
1.0297442586766500e-03	0.0000000000000000e+00	1.4157286864222574e-03
1.0471975511966000e-03	0.0000000000000000e+00	1.3610992709494063e-03
1.0646508437165401e-03	0.0000000000000000e+00	1.2915980237727664e-03
1.0821041362364800e-03	0.0000000000000000e+00	1.2071058404320434e-03
1.0995574287564300e-03	0.0000000000000000e+00	1.1094049893899394e-03
1.1170107212763701e-03	0.0000000000000000e+00	1.0026132323568415e-03
1.1344640137963100e-03	0.0000000000000000e+00	8.9430651738187095e-04
1.1519173063162600e-03	0.0000000000000000e+00	7.9830111691092664e-04
1.1693705988361999e-03	0.0000000000000000e+00	7.5508506541921427e-04
1.1868238913561400e-03	0.0000000000000000e+00	8.7152381513144750e-04
1.2042771838760900e-03	0.0000000000000000e+00	9.7252325721985944e-04
1.2217304763960299e-03	0.0000000000000000e+00	1.0545027176076527e-03
1.2391837689159700e-03	0.0000000000000000e+00	1.1141500671683069e-03
1.2566370614359201e-03	0.0000000000000000e+00	1.1485316355235309e-03
1.2740903539558599e-03	0.0000000000000000e+00	1.1551978303482313e-03
1.2915436464758000e-03	0.0000000000000000e+00	1.1322810651939186e-03
1.3089969389957501e-03	0.0000000000000000e+00	1.0785826829111667e-03
1.3264502315156899e-03	0.0000000000000000e+00	9.9364562357184827e-04
1.3439035240356300e-03	0.0000000000000000e+00	8.7780969910744577e-04
1.3613568165555801e-03	0.0000000000000000e+00	7.3224829191242957e-04
1.3788101090755199e-03	0.0000000000000000e+00	5.5898249474617412e-04
1.3962634015954600e-03	0.0000000000000000e+00	3.6087146573426931e-04
1.4137166941154101e-03	0.0000000000000000e+00	1.4158001180564206e-04
1.4311699866353500e-03	0.0000000000000000e+00	9.4479380542078495e-05
1.4486232791552900e-03	0.0000000000000000e+00	3.4222683488105421e-04
1.4660765716752401e-03	0.0000000000000000e+00	5.9601920901508620e-04
1.4835298641951800e-03	0.0000000000000000e+00	6.9493434747158744e-05
1.5009831567151201e-03	0.0000000000000000e+00	5.1387426578208828e-04
1.5184364492350699e-03	0.0000000000000000e+00	1.1055145183095361e-03
1.5358897417550100e-03	0.0000000000000000e+00	1.6901905551418572e-03
1.5533430342749501e-03	0.0000000000000000e+00	2.2522844017571764e-03
1.5707963267948999e-03	0.0000000000000000e+00	2.7762100722066307e-03
1.5882496193148400e-03	0.0000000000000000e+00	3.2468348426443194e-03
1.6057029118347801e-03	0.0000000000000000e+00	3.6498977327630300e-03
1.6231562043547299e-03	0.0000000000000000e+00	3.9724141457978535e-03
1.6406094968746700e-03	0.0000000000000000e+00	4.2036920775303521e-03
1.6580627893946101e-03	0.0000000000000000e+00	4.3374548010196579e-03
1.6755160819145599e-03	0.0000000000000000e+00	4.3808526450518359e-03
1.6929693744345000e-03	0.0000000000000000e+00	4.3478124309288546e-03
1.7104226669544401e-03	0.0000000000000000e+00	4.2559644784421202e-03
1.7278759594743899e-03	0.0000000000000000e+00	4.1126517398925033e-03
1.7453292519943300e-03	0.0000000000000000e+00	3.9157366602207144e-03
1.7627825445142699e-03	0.0000000000000000e+00	3.6655025552589926e-03
1.7802358370342200e-03	0.0000000000000000e+00	3.3653729582933112e-03
1.7976891295541600e-03	0.0000000000000000e+00	3.0235450569200406e-03
1.8151424220740999e-03	0.0000000000000000e+00	2.6537599300402448e-03
1.8325957145940500e-03	0.0000000000000000e+00	2.2771118491534681e-03
1.8500490071139900e-03	0.0000000000000000e+00	1.9275581262806485e-03
1.8675022996339299e-03	0.0000000000000000e+00	1.6706861242761217e-03
1.8849555921538800e-03	0.0000000000000000e+00	1.8768687589489907e-03
1.9024088846738201e-03	0.0000000000000000e+00	2.1665228227035760e-03
1.9198621771937599e-03	0.0000000000000000e+00	2.4098935491948525e-03
1.9373154697137100e-03	0.0000000000000000e+00	2.5992735807479628e-03
1.9547687622336499e-03	0.0000000000000000e+00	2.7280763735684221e-03
1.9722220547535902e-03	0.0000000000000000e+00	2.7910471848212604e-03
1.9896753472735400e-03	0.0000000000000000e+00	2.7844455639853827e-03
2.0071286397934799e-03	0.0000000000000000e+00	2.7061930322572758e-03
2.0245819323134202e-03	0.0000000000000000e+00	2.5559813201784243e-03
2.0420352248333700e-03	0.0000000000000000e+00	2.3353360468522100e-03
2.0594885173533099e-03	0.0000000000000000e+00	2.0476323508077376e-03
2.0769418098732502e-03	0.0000000000000000e+00	1.6980627670198922e-03
2.0943951023932000e-03	0.0000000000000000e+00	1.2935548188997004e-03
2.1118483949131399e-03	0.0000000000000000e+00	8.4264092952324177e-04
2.1293016874330802e-03	0.0000000000000000e+00	3.5527781756650167e-04
2.1467549799530201e-03	0.0000000000000000e+00	1.5736991837356218e-04
2.1642082724729699e-03	0.0000000000000000e+00	6.8318759343244384e-04
2.1816615649929102e-03	0.0000000000000000e+00	1.6821328217286879e-04
2.1991148575128501e-03	0.0000000000000000e+00	9.4103234033537930e-04
2.2165681500327999e-03	0.0000000000000000e+00	2.0484267041928073e-03
2.2340214425527402e-03	0.0000000000000000e+00	3.1257628261353032e-03
2.2514747350726801e-03	0.0000000000000000e+00	4.1451248661323881e-03
2.2689280275926299e-03	0.0000000000000000e+00	5.0796115194399194e-03
2.2863813201125698e-03	0.0000000000000000e+00	5.9040308645932349e-03
2.3038346126325101e-03	0.0000000000000000e+00	6.5955490803598638e-03
2.3212879051524599e-03	0.0000000000000000e+00	7.1342795354742972e-03
2.3387411976723998e-03	0.0000000000000000e+00	7.5069179012237086e-03
2.3561944901923401e-03	0.0000000000000000e+00	7.7134493482903244e-03
2.3736477827122899e-03	0.0000000000000000e+00	7.7722057255192878e-03
2.3911010752322298e-03	0.0000000000000000e+00	7.7078335575733181e-03
2.4085543677521701e-03	0.0000000000000000e+00	7.5408093186617453e-03
2.4260076602721200e-03	0.0000000000000000e+00	7.2725981240787663e-03
2.4434609527920598e-03	0.0000000000000000e+00	6.9005606307015466e-03
2.4609142453120001e-03	0.0000000000000000e+00	6.4276924291701842e-03
2.4783675378319500e-03	0.0000000000000000e+00	5.8631357178737797e-03
2.4958208303518898e-03	0.0000000000000000e+00	5.2245385299303226e-03
2.5132741228718301e-03	0.0000000000000000e+00	4.5378393529892369e-03
2.5307274153917800e-03	0.0000000000000000e+00	3.8396915088234618e-03
2.5481807079117198e-03	0.0000000000000000e+00	3.1890719707973192e-03
2.5656340004316601e-03	0.0000000000000000e+00	2.6937974362184480e-03
2.5830872929516100e-03	0.0000000000000000e+00	2.9886001038174070e-03
2.6005405854715499e-03	0.0000000000000000e+00	3.5060538510270911e-03
2.6179938779914902e-03	0.0000000000000000e+00	3.9463545393014776e-03
2.6354471705114400e-03	0.0000000000000000e+00	4.2970436501186260e-03
2.6529004630313799e-03	0.0000000000000000e+00	4.5476652604862222e-03
2.6703537555513202e-03	0.0000000000000000e+00	4.6900793333189972e-03
2.6878070480712700e-03	0.0000000000000000e+00	4.7187203954822676e-03
2.7052603405912099e-03	0.0000000000000000e+00	4.6307934725930977e-03
2.7227136331111502e-03	0.0000000000000000e+00	4.4264020848363561e-03
2.7401669256311000e-03	0.0000000000000000e+00	4.1085987273001834e-03
2.7576202181510399e-03	0.0000000000000000e+00	3.6833591557706713e-03
2.7750735106709802e-03	0.0000000000000000e+00	3.1594782159648505e-03
2.7925268031909300e-03	0.0000000000000000e+00	2.5483903809758734e-03
2.8099800957108699e-03	0.0000000000000000e+00	1.8639158782000065e-03
2.8274333882308102e-03	0.0000000000000000e+00	1.1219386267140585e-03
2.8448866807507600e-03	0.0000000000000000e+00	3.4003177981911659e-04
2.8623399732706999e-03	0.0000000000000000e+00	4.6296993961691957e-04
2.8797932657906402e-03	0.0000000000000000e+00	2.8620188027672633e-04
2.8972465583105901e-03	0.0000000000000000e+00	1.3258203627893872e-03
2.9146998508305299e-03	0.0000000000000000e+00	2.9205922278308094e-03
2.9321531433504698e-03	0.0000000000000000e+00	4.4579303217338051e-03
2.9496064358704201e-03	0.0000000000000000e+00	5.8989112485154926e-03
2.9670597283903599e-03	0.0000000000000000e+00	7.2068458377174682e-03
2.9845130209102998e-03	0.0000000000000000e+00	8.3481794084908634e-03
3.0019663134302501e-03	0.0000000000000000e+00	9.2932842167507967e-03
3.0194196059501899e-03	0.0000000000000000e+00	1.0018245566580486e-02
3.0368728984701298e-03	0.0000000000000000e+00	1.0508812136059031e-02
3.0543261909900801e-03	0.0000000000000000e+00	1.0778066358815064e-02
3.0717794835100200e-03	0.0000000000000000e+00	1.0851329146723709e-02
3.0892327760299598e-03	0.0000000000000000e+00	1.0761411683746447e-02
3.1066860685499101e-03	0.0000000000000000e+00	1.0523305570563912e-02
3.1241393610698500e-03	0.0000000000000000e+00	1.0134079825229958e-02
3.1415926535897898e-03	0.0000000000000000e+00	9.5922926600534586e-03
3.1590459461097401e-03	0.0000000000000000e+00	8.9044873758914456e-03
3.1764992386296800e-03	0.0000000000000000e+00	8.0866261975967024e-03
3.1939525311496198e-03	0.0000000000000000e+00	7.1654700782888270e-03
3.2114058236695701e-03	0.0000000000000000e+00	6.1767793224899448e-03
3.2288591161895100e-03	0.0000000000000000e+00	5.1735981311257229e-03
3.2463124087094499e-03	0.0000000000000000e+00	4.2350316663166687e-03
3.2637657012294001e-03	0.0000000000000000e+00	3.5056451778650022e-03
3.2812189937493400e-03	0.0000000000000000e+00	3.8463388561335021e-03
3.2986722862692799e-03	0.0000000000000000e+00	4.5618652997176934e-03
3.3161255787892301e-03	0.0000000000000000e+00	5.1736899256172864e-03
3.3335788713091700e-03	0.0000000000000000e+00	5.6653220900004797e-03
3.3510321638291099e-03	0.0000000000000000e+00	6.0230693538169122e-03
3.3684854563490602e-03	0.0000000000000000e+00	6.2364400309924406e-03
3.3859387488690000e-03	0.0000000000000000e+00	6.2984505655416800e-03
3.4033920413889399e-03	0.0000000000000000e+00	6.2058542508037773e-03
3.4208453339088902e-03	0.0000000000000000e+00	5.9592733555534627e-03
3.4382986264288300e-03	0.0000000000000000e+00	5.5632287278895021e-03
3.4557519189487699e-03	0.0000000000000000e+00	5.0260615437922596e-03
3.4732052114687202e-03	0.0000000000000000e+00	4.3597586426803447e-03
3.4906585039886600e-03	0.0000000000000000e+00	3.5796752556618294e-03
3.5081117965085999e-03	0.0000000000000000e+00	2.7041683539086314e-03
3.5255650890285502e-03	0.0000000000000000e+00	1.7541418913602502e-03
3.5430183815484901e-03	0.0000000000000000e+00	7.5253525443852443e-04
3.5604716740684299e-03	0.0000000000000000e+00	2.7625186071034147e-04
3.5779249665883698e-03	0.0000000000000000e+00	4.2497066156044205e-04
3.5953782591083201e-03	0.0000000000000000e+00	1.5791019187513244e-03
3.6128315516282599e-03	0.0000000000000000e+00	3.5505076786441769e-03
3.6302848441482102e-03	0.0000000000000000e+00	5.4400443573641155e-03
3.6477381366681501e-03	0.0000000000000000e+00	7.2007198541509387e-03
3.6651914291880900e-03	0.0000000000000000e+00	8.7888876739724564e-03
3.6826447217080398e-03	0.0000000000000000e+00	1.0165258408515343e-02
3.7000980142279801e-03	0.0000000000000000e+00	1.1295770473780053e-02
3.7175513067479200e-03	0.0000000000000000e+00	1.2155118601854142e-02
3.7350045992678598e-03	0.0000000000000000e+00	1.2731294205607369e-02
3.7524578917878101e-03	0.0000000000000000e+00	1.3045748986686534e-02
3.7699111843077500e-03	0.0000000000000000e+00	1.3130589496654466e-02
3.7873644768276998e-03	0.0000000000000000e+00	1.3020451183457182e-02
3.8048177693476401e-03	0.0000000000000000e+00	1.2725545098772773e-02
3.8222710618675800e-03	0.0000000000000000e+00	1.2240105791488820e-02
3.8397243543875199e-03	0.0000000000000000e+00	1.1564168470458491e-02
3.8571776469074701e-03	0.0000000000000000e+00	1.0708611540449553e-02
3.8746309394274100e-03	0.0000000000000000e+00	9.6943169187201361e-03
3.8920842319473499e-03	0.0000000000000000e+00	8.5547338457450106e-03
3.9095375244672997e-03	0.0000000000000000e+00	7.3345861039059157e-03
3.9269908169872400e-03	0.0000000000000000e+00	6.0974083691871517e-03
3.9444441095071803e-03	0.0000000000000000e+00	4.9372679035337708e-03
3.9618974020271302e-03	0.0000000000000000e+00	4.0251749074070586e-03
3.9793506945470696e-03	0.0000000000000000e+00	4.3828774482340682e-03
3.9968039870670099e-03	0.0000000000000000e+00	5.2497364905785826e-03
4.0142572795869597e-03	0.0000000000000000e+00	5.9938556904465257e-03
4.0317105721069000e-03	0.0000000000000000e+00	6.5958618854348172e-03
4.0491638646268403e-03	0.0000000000000000e+00	7.0397775668179507e-03
4.0666171571467902e-03	0.0000000000000000e+00	7.3134679233408662e-03
4.0840704496667296e-03	0.0000000000000000e+00	7.4089924476670177e-03
4.1015237421866699e-03	0.0000000000000000e+00	7.3228468706464378e-03
4.1189770347066198e-03	0.0000000000000000e+00	7.0560898362946878e-03
4.1364303272265601e-03	0.0000000000000000e+00	6.6143489528318611e-03
4.1538836197465004e-03	0.0000000000000000e+00	6.0077038390159432e-03
4.1713369122664502e-03	0.0000000000000000e+00	5.2504486490128066e-03
4.1887902047863896e-03	0.0000000000000000e+00	4.3607393509043080e-03
4.2062434973063299e-03	0.0000000000000000e+00	3.3601394647503335e-03
4.2236967898262798e-03	0.0000000000000000e+00	2.2730789279037378e-03
4.2411500823462201e-03	0.0000000000000000e+00	1.1262289813221971e-03
4.2586033748661604e-03	0.0000000000000000e+00	5.2173347388939639e-05
4.2760566673861102e-03	0.0000000000000000e+00	5.2308955159174886e-04
4.2935099599060497e-03	0.0000000000000000e+00	1.7387451694425016e-03
4.3109632524259900e-03	0.0000000000000000e+00	3.9558368995331605e-03
4.3284165449459398e-03	0.0000000000000000e+00	6.0732694987261082e-03
4.3458698374658801e-03	0.0000000000000000e+00	8.0390604989767356e-03
4.3633231299858204e-03	0.0000000000000000e+00	9.8053815887997331e-03
4.3807764225057702e-03	0.0000000000000000e+00	1.1329622142670415e-02
4.3982297150257097e-03	0.0000000000000000e+00	1.2575283564930095e-02
4.4156830075456500e-03	0.0000000000000000e+00	1.3516946564229415e-02
4.4331363000655998e-03	0.0000000000000000e+00	1.4145837324333832e-02
4.4505895925855401e-03	0.0000000000000000e+00	1.4490490983380955e-02
4.4680428851054804e-03	0.0000000000000000e+00	1.4585798531980165e-02
4.4854961776254303e-03	0.0000000000000000e+00	1.4465726249392796e-02
4.5029494701453697e-03	0.0000000000000000e+00	1.4135070953961604e-02
4.5204027626653100e-03	0.0000000000000000e+00	1.3588257401588977e-02
4.5378560551852598e-03	0.0000000000000000e+00	1.2825939155799659e-02
4.5553093477052001e-03	0.0000000000000000e+00	1.1861398344551022e-02
4.5727626402251396e-03	0.0000000000000000e+00	1.0720544930163944e-02
4.5902159327450903e-03	0.0000000000000000e+00	9.4404988157985592e-03
4.6076692252650297e-03	0.0000000000000000e+00	8.0717017444662531e-03
4.6251225177849700e-03	0.0000000000000000e+00	6.6849628101767200e-03
4.6425758103049199e-03	0.0000000000000000e+00	5.3839249925805577e-03
4.6600291028248602e-03	0.0000000000000000e+00	4.3556295296418579e-03
4.6774823953447996e-03	0.0000000000000000e+00	4.7285232106809572e-03
4.6949356878647503e-03	0.0000000000000000e+00	5.6876451372165349e-03
4.7123889803846897e-03	0.0000000000000000e+00	6.5122558423941213e-03
4.7298422729046300e-03	0.0000000000000000e+00	7.1812620767166546e-03
4.7472955654245799e-03	0.0000000000000000e+00	7.6773407634987967e-03
4.7647488579445202e-03	0.0000000000000000e+00	7.9874162764695944e-03
4.7822021504644596e-03	0.0000000000000000e+00	8.1030289314734105e-03
4.7996554429844103e-03	0.0000000000000000e+00	8.0205822855926590e-03
4.8171087355043498e-03	0.0000000000000000e+00	7.7414648747574644e-03
4.8345620280242901e-03	0.0000000000000000e+00	7.2720381192057371e-03
4.8520153205442399e-03	0.0000000000000000e+00	6.6234853274892425e-03
4.8694686130641802e-03	0.0000000000000000e+00	5.8115360055723819e-03
4.8869219055841196e-03	0.0000000000000000e+00	4.8560698533600677e-03
4.9043751981040704e-03	0.0000000000000000e+00	3.7806005914294838e-03
4.9218284906240098e-03	0.0000000000000000e+00	2.6116731106933244e-03
4.9392817831439501e-03	0.0000000000000000e+00	1.3781849511009803e-03
4.9567350756638999e-03	0.0000000000000000e+00	1.1064115477044112e-04
4.9741883681838402e-03	0.0000000000000000e+00	5.8355807111998281e-04
4.9916416607037797e-03	0.0000000000000000e+00	1.8224352280785672e-03
5.0090949532237304e-03	0.0000000000000000e+00	4.1759964728544929e-03
5.0265482457436698e-03	0.0000000000000000e+00	6.4191142516938360e-03
5.0440015382636101e-03	0.0000000000000000e+00	8.4971591156091097e-03
5.0614548307835600e-03	0.0000000000000000e+00	1.0360146560596584e-02
5.0789081233035003e-03	0.0000000000000000e+00	1.1963816772351699e-02
5.0963614158234397e-03	0.0000000000000000e+00	1.3270525584389570e-02
5.1138147083433904e-03	0.0000000000000000e+00	1.4255123462147301e-02
5.1312680008633298e-03	0.0000000000000000e+00	1.4912117088406340e-02
5.1487212933832701e-03	0.0000000000000000e+00	1.5273152861320471e-02
5.1661745859032200e-03	0.0000000000000000e+00	1.5374170082262495e-02
5.1836278784231603e-03	0.0000000000000000e+00	1.5246870098314380e-02
5.2010811709430997e-03	0.0000000000000000e+00	1.4896254843144274e-02
5.2185344634630504e-03	0.0000000000000000e+00	1.4313283198252535e-02
5.2359877559829899e-03	0.0000000000000000e+00	1.3501105262124335e-02
5.2534410485029302e-03	0.0000000000000000e+00	1.2474229384290658e-02
5.2708943410228696e-03	0.0000000000000000e+00	1.1261133570005577e-02
5.2883476335428203e-03	0.0000000000000000e+00	9.9011707948083449e-03
5.3058009260627597e-03	0.0000000000000000e+00	8.4480613561576101e-03
5.3232542185827000e-03	0.0000000000000000e+00	6.9761665113712290e-03
5.3407075111026499e-03	0.0000000000000000e+00	5.5941729958352004e-03
5.3581608036225902e-03	0.0000000000000000e+00	4.4973738486279169e-03
5.3756140961425296e-03	0.0000000000000000e+00	4.8635360929765170e-03
5.3930673886624803e-03	0.0000000000000000e+00	5.8721084430137793e-03
5.4105206811824198e-03	0.0000000000000000e+00	6.7401399881958923e-03
5.4279739737023601e-03	0.0000000000000000e+00	7.4456485627848457e-03
5.4454272662223099e-03	0.0000000000000000e+00	7.9706237090735321e-03
5.4628805587422502e-03	0.0000000000000000e+00	8.3015164266172503e-03
5.4803338512621896e-03	0.0000000000000000e+00	8.4296157654679682e-03
5.4977871437821403e-03	0.0000000000000000e+00	8.3512986850168280e-03
5.5152404363020798e-03	0.0000000000000000e+00	8.0681436184848465e-03
5.5326937288220201e-03	0.0000000000000000e+00	7.5869056284646463e-03
5.5501470213419699e-03	0.0000000000000000e+00	6.9193509448268742e-03
5.5676003138619102e-03	0.0000000000000000e+00	6.0819606672871673e-03
5.5850536063818497e-03	0.0000000000000000e+00	5.0955022057468380e-03
5.6025068989018004e-03	0.0000000000000000e+00	3.9844911838942121e-03
5.6199601914217398e-03	0.0000000000000000e+00	2.7765513950980258e-03
5.6374134839416801e-03	0.0000000000000000e+00	1.5017054921202533e-03
5.6548667764616299e-03	0.0000000000000000e+00	1.9159727585826847e-04
5.6723200689815702e-03	0.0000000000000000e+00	6.1500900620070631e-04
5.6897733615015097e-03	0.0000000000000000e+00	1.8611973780884306e-03
5.7072266540214604e-03	0.0000000000000000e+00	4.2808433667990142e-03
5.7246799465413998e-03	0.0000000000000000e+00	6.5844682837927770e-03
5.7421332390613401e-03	0.0000000000000000e+00	8.7162304311151351e-03
5.7595865315812900e-03	0.0000000000000000e+00	1.0625182306638115e-02
5.7770398241012303e-03	0.0000000000000000e+00	1.2266352967333249e-02
5.7944931166211697e-03	0.0000000000000000e+00	1.3601640576098362e-02
5.8119464091411204e-03	0.0000000000000000e+00	1.4606183631815983e-02
5.8293997016610598e-03	0.0000000000000000e+00	1.5277122303631985e-02
5.8468529941810002e-03	0.0000000000000000e+00	1.5645671196949373e-02
5.8643062867009500e-03	0.0000000000000000e+00	1.5750492968787388e-02
5.8817595792208903e-03	0.0000000000000000e+00	1.5621540562326564e-02
5.8992128717408297e-03	0.0000000000000000e+00	1.5261133808467608e-02
5.9166661642607796e-03	0.0000000000000000e+00	1.4661476622436109e-02
5.9341194567807199e-03	0.0000000000000000e+00	1.3826015847149264e-02
5.9515727493006602e-03	0.0000000000000000e+00	1.2769932907651715e-02
5.9690260418206100e-03	0.0000000000000000e+00	1.1522762935001429e-02
5.9864793343405503e-03	0.0000000000000000e+00	1.0125393515999948e-02
6.0039326268604898e-03	0.0000000000000000e+00	8.6331493076402532e-03
6.0213859193804396e-03	0.0000000000000000e+00	7.1217879281755270e-03
6.0388392119003799e-03	0.0000000000000000e+00	5.7024677674355484e-03
6.0562925044203202e-03	0.0000000000000000e+00	4.5746164050978200e-03
6.0737457969402700e-03	0.0000000000000000e+00	4.9425742469063616e-03
6.0911990894602103e-03	0.0000000000000000e+00	5.9747846379959446e-03
6.1086523819801498e-03	0.0000000000000000e+00	6.8636097852385891e-03
6.1261056745000996e-03	0.0000000000000000e+00	7.5866692012759307e-03
6.1435589670200399e-03	0.0000000000000000e+00	8.1256482941569619e-03
6.1610122595399802e-03	0.0000000000000000e+00	8.4667943260606782e-03
6.1784655520599301e-03	0.0000000000000000e+00	8.6012941650497332e-03
6.1959188445798704e-03	0.0000000000000000e+00	8.5255242954189736e-03
6.2133721370998098e-03	0.0000000000000000e+00	8.2411615203997757e-03
6.2308254296197596e-03	0.0000000000000000e+00	7.7551502499823011e-03
6.2482787221396999e-03	0.0000000000000000e+00	7.0795312092870599e-03
6.2657320146596402e-03	0.0000000000000000e+00	6.2311297910141450e-03
6.2831853071795901e-03	0.0000000000000000e+00	5.2311204754564855e-03
6.3006385996995304e-03	0.0000000000000000e+00	4.1044713400530952e-03
6.3180918922194698e-03	0.0000000000000000e+00	2.8792906717202138e-03
6.3355451847394197e-03	0.0000000000000000e+00	1.5861021217042914e-03
6.3529984772593600e-03	0.0000000000000000e+00	2.5705465681380435e-04
6.3704517697793003e-03	0.0000000000000000e+00	6.2077990046849330e-04
6.3879050622992501e-03	0.0000000000000000e+00	1.8848188296900492e-03
6.4053583548191904e-03	0.0000000000000000e+00	4.3319553989427106e-03
6.4228116473391298e-03	0.0000000000000000e+00	6.6605798913089709e-03
6.4402649398590797e-03	0.0000000000000000e+00	8.8143711708560391e-03
6.4577182323790200e-03	0.0000000000000000e+00	1.0742009958770504e-02
6.4751715248989603e-03	0.0000000000000000e+00	1.2398261731889959e-02
6.4926248174188997e-03	0.0000000000000000e+00	1.3744871379302692e-02
6.5100781099388504e-03	0.0000000000000000e+00	1.4757168888213545e-02
6.5275314024587899e-03	0.0000000000000000e+00	1.5433653832956473e-02
6.5449846949787302e-03	0.0000000000000000e+00	1.5805210286619631e-02
6.5624379874986800e-03	0.0000000000000000e+00	1.5911816086346509e-02
6.5798912800186203e-03	0.0000000000000000e+00	1.5782417080476230e-02
6.5973445725385597e-03	0.0000000000000000e+00	1.5417887925319063e-02
6.6147978650585096e-03	0.0000000000000000e+00	1.4811106959455311e-02
6.6322511575784499e-03	0.0000000000000000e+00	1.3965654929518845e-02
6.6497044500983902e-03	0.0000000000000000e+00	1.2897012015794851e-02
6.6671577426183400e-03	0.0000000000000000e+00	1.1635152326983533e-02
6.6846110351382803e-03	0.0000000000000000e+00	1.0221692897737777e-02
6.7020643276582198e-03	0.0000000000000000e+00	8.7125743167010272e-03
6.7195176201781696e-03	0.0000000000000000e+00	7.1841185553738196e-03
6.7369709126981099e-03	0.0000000000000000e+00	5.7484559697514870e-03
6.7544242052180502e-03	0.0000000000000000e+00	4.6063889709185846e-03
6.7718774977380001e-03	0.0000000000000000e+00	4.9721288182643653e-03
6.7893307902579404e-03	0.0000000000000000e+00	6.0127955698575652e-03
6.8067840827778798e-03	0.0000000000000000e+00	6.9089875703334247e-03
6.8242373752978296e-03	0.0000000000000000e+00	7.6381749431838619e-03
6.8416906678177699e-03	0.0000000000000000e+00	8.1819316152790256e-03
6.8591439603377102e-03	0.0000000000000000e+00	8.5264329881745704e-03
6.8765972528576601e-03	0.0000000000000000e+00	8.6628342756336352e-03
6.8940505453776004e-03	0.0000000000000000e+00	8.5875197385363311e-03
6.9115038378975398e-03	0.0000000000000000e+00	8.3022118311636417e-03
6.9289571304174897e-03	0.0000000000000000e+00	7.8139354405142303e-03
6.9464104229374300e-03	0.0000000000000000e+00	7.1348431337586726e-03
6.9638637154573703e-03	0.0000000000000000e+00	6.2818989391878466e-03
6.9813170079773201e-03	0.0000000000000000e+00	5.2764377237165538e-03
6.9987703004972604e-03	0.0000000000000000e+00	4.1436040111528794e-03
7.0162235930171998e-03	0.0000000000000000e+00	2.9116932084192193e-03
7.0336768855371497e-03	0.0000000000000000e+00	1.6114211146707191e-03
7.0511301780570900e-03	0.0000000000000000e+00	2.7512811858820818e-04
7.0685834705770303e-03	0.0000000000000000e+00	6.2018122080842453e-04
7.0860367630969801e-03	0.0000000000000000e+00	1.8962168569877091e-03
7.1034900556169204e-03	0.0000000000000000e+00	4.3534110096072887e-03
7.1209433481368599e-03	0.0000000000000000e+00	6.6911431026929202e-03
7.1383966406568097e-03	0.0000000000000000e+00	8.8529246541083628e-03
7.1558499331767500e-03	0.0000000000000000e+00	1.0787310130595307e-02
7.1733032256966903e-03	0.0000000000000000e+00	1.2448981227893174e-02
7.1907565182166401e-03	0.0000000000000000e+00	1.3799635604122340e-02
7.2082098107365796e-03	0.0000000000000000e+00	1.4814686427988333e-02
7.2256631032565199e-03	0.0000000000000000e+00	1.5493119211355988e-02
7.2431163957764697e-03	0.0000000000000000e+00	1.5865697697273085e-02
7.2605696882964100e-03	0.0000000000000000e+00	1.5972841314104258e-02
7.2780229808163503e-03	0.0000000000000000e+00	1.5843133138358834e-02
7.2954762733363002e-03	0.0000000000000000e+00	1.5476977376808976e-02
7.3129295658562396e-03	0.0000000000000000e+00	1.4867482668961984e-02
7.3303828583761799e-03	0.0000000000000000e+00	1.4018290586934601e-02
7.3478361508961297e-03	0.0000000000000000e+00	1.2944998905792593e-02
7.3652894434160700e-03	0.0000000000000000e+00	1.1677798930363359e-02
7.3827427359360103e-03	0.0000000000000000e+00	1.0258444298610003e-02
7.4001960284559602e-03	0.0000000000000000e+00	8.7432505568728613e-03
7.4176493209758996e-03	0.0000000000000000e+00	7.2086089047183055e-03
7.4351026134958399e-03	0.0000000000000000e+00	5.7670192879925031e-03
7.4525559060157898e-03	0.0000000000000000e+00	4.6196839015959501e-03
7.4700091985357301e-03	0.0000000000000000e+00	4.9839531367473766e-03
7.4874624910556704e-03	0.0000000000000000e+00	6.0283351576587707e-03
7.5049157835756202e-03	0.0000000000000000e+00	6.9278670783136098e-03
7.5223690760955596e-03	0.0000000000000000e+00	7.6599645258126348e-03
7.5398223686154999e-03	0.0000000000000000e+00	8.2061612197141809e-03
7.5572756611354498e-03	0.0000000000000000e+00	8.5526053840045968e-03
7.5747289536553901e-03	0.0000000000000000e+00	8.6904397506442077e-03
7.5921822461753304e-03	0.0000000000000000e+00	8.6160491831628327e-03
7.6096355386952802e-03	0.0000000000000000e+00	8.3311700184441895e-03
7.6270888312152197e-03	0.0000000000000000e+00	7.8428536214655287e-03
7.6445421237351600e-03	0.0000000000000000e+00	7.1632882430270328e-03
7.6619954162551098e-03	0.0000000000000000e+00	6.3094850860346829e-03
7.6794487087750501e-03	0.0000000000000000e+00	5.3028303862663329e-03
7.6969020012949904e-03	0.0000000000000000e+00	4.1685271345510699e-03
7.7143552938149403e-03	0.0000000000000000e+00	2.9349322205932671e-03
7.7318085863348797e-03	0.0000000000000000e+00	1.6328251786263959e-03
7.7492618788548200e-03	0.0000000000000000e+00	2.9460816844184556e-04
7.7667151713747698e-03	0.0000000000000000e+00	6.1238764997773032e-04
7.7841684638947101e-03	0.0000000000000000e+00	1.9075455041147604e-03
7.8016217564146496e-03	0.0000000000000000e+00	4.3680124485112604e-03
7.8190750489345994e-03	0.0000000000000000e+00	6.7086922935799542e-03
7.8365283414545406e-03	0.0000000000000000e+00	8.8730444885272153e-03
7.8539816339744800e-03	0.0000000000000000e+00	1.0809587921627006e-02
7.8714349264944194e-03	0.0000000000000000e+00	1.2472981637093428e-02
7.8888882190143693e-03	0.0000000000000000e+00	1.3824913419788976e-02
7.9063415115343105e-03	0.0000000000000000e+00	1.4840836616154096e-02
7.9237948040542603e-03	0.0000000000000000e+00	1.5519974384075375e-02
7.9412480965741997e-03	0.0000000000000000e+00	1.5893013491052099e-02
7.9587013890941392e-03	0.0000000000000000e+00	1.6000596062253236e-02
7.9761546816140907e-03	0.0000000000000000e+00	1.5871114021495658e-02
7.9936079741340302e-03	0.0000000000000000e+00	1.5504696043144972e-02
8.0110612666539696e-03	0.0000000000000000e+00	1.4894581848214128e-02
8.0285145591739195e-03	0.0000000000000000e+00	1.4044425799354388e-02
8.0459678516938606e-03	0.0000000000000000e+00	1.2969864771655515e-02
8.0634211442138001e-03	0.0000000000000000e+00	1.1701106603458133e-02
8.0808744367337395e-03	0.0000000000000000e+00	1.0280110046766766e-02
8.0983277292536893e-03	0.0000000000000000e+00	8.7631440125740534e-03
8.1157810217736305e-03	0.0000000000000000e+00	7.2267769712135443e-03
8.1332343142935803e-03	0.0000000000000000e+00	5.7836207682756546e-03
8.1506876068135198e-03	0.0000000000000000e+00	4.6351584165978954e-03
8.1681408993334592e-03	0.0000000000000000e+00	5.0006609662380797e-03
8.1855941918534108e-03	0.0000000000000000e+00	6.0458006182158019e-03
8.2030474843733502e-03	0.0000000000000000e+00	6.9459538724582215e-03
8.2205007768932897e-03	0.0000000000000000e+00	7.6785224576240152e-03
8.2379540694132308e-03	0.0000000000000000e+00	8.2250305013430447e-03
8.2554073619331807e-03	0.0000000000000000e+00	8.5716211593614977e-03
8.2728606544531201e-03	0.0000000000000000e+00	8.7094366199805817e-03
8.2903139469730595e-03	0.0000000000000000e+00	8.6348641926352609e-03
8.3077672394930094e-03	0.0000000000000000e+00	8.3496477731722640e-03
8.3252205320129506e-03	0.0000000000000000e+00	7.8608498564110008e-03
8.3426738245328900e-03	0.0000000000000000e+00	7.1806740188412599e-03
8.3601271170528398e-03	0.0000000000000000e+00	6.3261465351458490e-03
8.3775804095727793e-03	0.0000000000000000e+00	5.3186724336677926e-03
8.3950337020927204e-03	0.0000000000000000e+00	4.1834750515992170e-03
8.4124869946126703e-03	0.0000000000000000e+00	2.9489308894328214e-03
8.4299402871326097e-03	0.0000000000000000e+00	1.6458396301536338e-03
8.4473935796525491e-03	0.0000000000000000e+00	3.0662382617818729e-04
8.4648468721725007e-03	0.0000000000000000e+00	6.0346221967444436e-04
8.4823001646924402e-03	0.0000000000000000e+00	1.9173897767899017e-03
8.4997534572123796e-03	0.0000000000000000e+00	4.3787006333511069e-03
8.5172067497323294e-03	0.0000000000000000e+00	6.7201328376014224e-03
8.5346600422522706e-03	0.0000000000000000e+00	8.8851322310588010e-03
8.5521133347722100e-03	0.0000000000000000e+00	1.0822208345902307e-02
8.5695666272921599e-03	0.0000000000000000e+00	1.2486016183073434e-02
8.5870199198120993e-03	0.0000000000000000e+00	1.3838239329948876e-02
8.6044732123320405e-03	0.0000000000000000e+00	1.4854342401770748e-02
8.6219265048519903e-03	0.0000000000000000e+00	1.5533588857497338e-02
8.6393797973719298e-03	0.0000000000000000e+00	1.5906651745615563e-02
8.6568330898918692e-03	0.0000000000000000e+00	1.6014200808462054e-02
8.6742863824118208e-03	0.0000000000000000e+00	1.5884587455832988e-02
8.6917396749317602e-03	0.0000000000000000e+00	1.5517909210545411e-02
8.7091929674516996e-03	0.0000000000000000e+00	1.4907423298309186e-02
8.7266462599716495e-03	0.0000000000000000e+00	1.4056791056811346e-02
8.7440995524915906e-03	0.0000000000000000e+00	1.2981661540114930e-02
8.7615528450115301e-03	0.0000000000000000e+00	1.1712284715320376e-02
8.7790061375314799e-03	0.0000000000000000e+00	1.0290571261362569e-02
8.7964594300514194e-03	0.0000000000000000e+00	8.7728913187903323e-03
8.8139127225713605e-03	0.0000000000000000e+00	7.2357474097233254e-03
8.8313660150913104e-03	0.0000000000000000e+00	5.7917713993269615e-03
8.8488193076112498e-03	0.0000000000000000e+00	4.6423769107361013e-03
8.8662726001311892e-03	0.0000000000000000e+00	5.0064712912306630e-03
8.8837258926511408e-03	0.0000000000000000e+00	6.0518870106429645e-03
8.9011791851710802e-03	0.0000000000000000e+00	6.9523042665299295e-03
8.9186324776910197e-03	0.0000000000000000e+00	7.6851208376358393e-03
8.9360857702109695e-03	0.0000000000000000e+00	8.2318576718353187e-03
8.9535390627309107e-03	0.0000000000000000e+00	8.5786559630502968e-03
8.9709923552508501e-03	0.0000000000000000e+00	8.7166561105889162e-03
8.9884456477708000e-03	0.0000000000000000e+00	8.6422466912113860e-03
9.0058989402907394e-03	0.0000000000000000e+00	8.3571716861521317e-03
9.0233522328106806e-03	0.0000000000000000e+00	7.8684948934657495e-03
9.0408055253306304e-03	0.0000000000000000e+00	7.1884206109787963e-03
9.0582588178505698e-03	0.0000000000000000e+00	6.3339785898863799e-03
9.0757121103705093e-03	0.0000000000000000e+00	5.3265774936827048e-03
9.0931654028904609e-03	0.0000000000000000e+00	4.1914429250695662e-03
9.1106186954104003e-03	0.0000000000000000e+00	2.9569559448997529e-03
9.1280719879303397e-03	0.0000000000000000e+00	1.6539205400182277e-03
9.1455252804502896e-03	0.0000000000000000e+00	3.1476251623618889e-04
9.1629785729702307e-03	0.0000000000000000e+00	5.9405006662127668e-04
9.1804318654901702e-03	0.0000000000000000e+00	1.9271006056265083e-03
9.1978851580101200e-03	0.0000000000000000e+00	4.3886905867043247e-03
9.2153384505300594e-03	0.0000000000000000e+00	6.7303777319026592e-03
9.2327917430500006e-03	0.0000000000000000e+00	8.8956048611892324e-03
9.2502450355699505e-03	0.0000000000000000e+00	1.0832879448991473e-02
9.2676983280898899e-03	0.0000000000000000e+00	1.2496854346095487e-02
9.2851516206098293e-03	0.0000000000000000e+00	1.3849214321698944e-02
9.3026049131297792e-03	0.0000000000000000e+00	1.4865425713109781e-02
9.3200582056497203e-03	0.0000000000000000e+00	1.5544770880577263e-02
9.3375114981696598e-03	0.0000000000000000e+00	1.5917918421847754e-02
9.3549647906896096e-03	0.0000000000000000e+00	1.6025556582860645e-02
9.3724180832095508e-03	0.0000000000000000e+00	1.5896027168237570e-02
9.3898713757294902e-03	0.0000000000000000e+00	1.5529408497398256e-02
9.4073246682494296e-03	0.0000000000000000e+00	1.4918966836974801e-02
9.4247779607693795e-03	0.0000000000000000e+00	1.4068365199627952e-02
9.4422312532893207e-03	0.0000000000000000e+00	1.2993255899227174e-02
9.4596845458092705e-03	0.0000000000000000e+00	1.1723883492239406e-02
9.4771378383292099e-03	0.0000000000000000e+00	1.0302192163614943e-02
9.4945911308491494e-03	0.0000000000000000e+00	8.7845295756614483e-03
9.5120444233690905e-03	0.0000000000000000e+00	7.2474372712096891e-03
9.5294977158890404e-03	0.0000000000000000e+00	5.8035642347534777e-03
9.5469510084089798e-03	0.0000000000000000e+00	4.6543980708712018e-03
9.5644043009289192e-03	0.0000000000000000e+00	5.0193341284017201e-03
9.5818575934488708e-03	0.0000000000000000e+00	6.0649398398316956e-03
9.5993108859688103e-03	0.0000000000000000e+00	6.9655269525250585e-03
9.6167641784887497e-03	0.0000000000000000e+00	7.6984921534837270e-03
9.6342174710086995e-03	0.0000000000000000e+00	8.2453551944463577e-03
9.6516707635286407e-03	0.0000000000000000e+00	8.5922569109001534e-03
9.6691240560485905e-03	0.0000000000000000e+00	8.7303374746914297e-03
9.6865773485685300e-03	0.0000000000000000e+00	8.6559855838399535e-03
9.7040306410884694e-03	0.0000000000000000e+00	8.3709458176037810e-03
9.7214839336084106e-03	0.0000000000000000e+00	7.8822825799856888e-03
9.7389372261283604e-03	0.0000000000000000e+00	7.2022015853989707e-03
9.7563905186482999e-03	0.0000000000000000e+00	6.3477331639844037e-03
9.7738438111682393e-03	0.0000000000000000e+00	5.3402875190287080e-03
9.7912971036881909e-03	0.0000000000000000e+00	4.2050927297906382e-03
9.8087503962081303e-03	0.0000000000000000e+00	2.9705315153456535e-03
9.8262036887280697e-03	0.0000000000000000e+00	1.6674087306983720e-03
9.8436569812480196e-03	0.0000000000000000e+00	3.2815320935075665e-04
9.8611102737679607e-03	0.0000000000000000e+00	5.8302530924092544e-04
9.8785635662879106e-03	0.0000000000000000e+00	1.9381729331660047e-03
9.8960168588078500e-03	0.0000000000000000e+00	4.3998053121384606e-03
9.9134701513277895e-03	0.0000000000000000e+00	6.7415273010130727e-03
9.9309234438477306e-03	0.0000000000000000e+00	8.9067831990272683e-03
9.9483767363676805e-03	0.0000000000000000e+00	1.0844079553663843e-02
9.9658300288876199e-03	0.0000000000000000e+00	1.2508068190601462e-02
9.9832833214075593e-03	0.0000000000000000e+00	1.3860434299651336e-02
1.0000736613927501e-02	0.0000000000000000e+00	1.4876647313457281e-02
1.0018189906447501e-02	0.0000000000000000e+00	1.5556003686959419e-02
1.0035643198967400e-02	0.0000000000000000e+00	1.5929162452685164e-02
1.0053096491487300e-02	0.0000000000000000e+00	1.6036823642469167e-02
1.0070549784007300e-02	0.0000000000000000e+00	1.5907317464811888e-02
1.0088003076527199e-02	0.0000000000000000e+00	1.5540697378764179e-02
1.0105456369047200e-02	0.0000000000000000e+00	1.4930237923323375e-02
1.0122909661567101e-02	0.0000000000000000e+00	1.4079606165715353e-02
1.0140362954087099e-02	0.0000000000000000e+00	1.3004453348281930e-02
1.0157816246607001e-02	0.0000000000000000e+00	1.1735020568679699e-02
1.0175269539126900e-02	0.0000000000000000e+00	1.0313263237336279e-02
1.0192722831646900e-02	0.0000000000000000e+00	8.7955203251091074e-03
1.0210176124166800e-02	0.0000000000000000e+00	7.2583352112409738e-03
1.0227629416686800e-02	0.0000000000000000e+00	5.8143522242557477e-03
1.0245082709206699e-02	0.0000000000000000e+00	4.6650414528908168e-03
1.0262536001726700e-02	0.0000000000000000e+00	5.0296795068272004e-03
1.0279989294246601e-02	0.0000000000000000e+00	6.0751768602889111e-03
1.0297442586766500e-02	0.0000000000000000e+00	6.9756595836435453e-03
1.0314895879286501e-02	0.0000000000000000e+00	7.7085245512421574e-03
1.0332349171806400e-02	0.0000000000000000e+00	8.2552923907793785e-03
1.0349802464326400e-02	0.0000000000000000e+00	8.6021039978367853e-03
1.0367255756846300e-02	0.0000000000000000e+00	8.7401004619388489e-03
1.0384709049366300e-02	0.0000000000000000e+00	8.6656704723452327e-03
1.0402162341886199e-02	0.0000000000000000e+00	8.3805593103363218e-03
1.0419615634406101e-02	0.0000000000000000e+00	7.8918318297809265e-03
1.0437068926926101e-02	0.0000000000000000e+00	7.2116937530700698e-03
1.0454522219446000e-02	0.0000000000000000e+00	6.3571770431760655e-03
1.0471975511966001e-02	0.0000000000000000e+00	5.3496911469415043e-03
1.0489428804485900e-02	0.0000000000000000e+00	4.2144640611396778e-03
1.0506882097005900e-02	0.0000000000000000e+00	2.9798786046143499e-03
1.0524335389525800e-02	0.0000000000000000e+00	1.6767403652531154e-03
1.0541788682045699e-02	0.0000000000000000e+00	3.3747709452203178e-04
1.0559241974565699e-02	0.0000000000000000e+00	5.7210488409853433e-04
1.0576695267085601e-02	0.0000000000000000e+00	1.9491253617497373e-03
1.0594148559605601e-02	0.0000000000000000e+00	4.4107898045133709e-03
1.0611601852125500e-02	0.0000000000000000e+00	6.7525453376298117e-03
1.0629055144645501e-02	0.0000000000000000e+00	8.9178341145641493e-03
1.0646508437165400e-02	0.0000000000000000e+00	1.0855163164792292e-02
1.0663961729685400e-02	0.0000000000000000e+00	1.2519185172476854e-02
1.0681415022205300e-02	0.0000000000000000e+00	1.3871585009044174e-02
1.0698868314725199e-02	0.0000000000000000e+00	1.4887829608110748e-02
1.0716321607245199e-02	0.0000000000000000e+00	1.5567203726840284e-02
1.0733774899765101e-02	0.0000000000000000e+00	1.5940374208686103e-02
1.0751228192285101e-02	0.0000000000000000e+00	1.6048029206065073e-02
1.0768681484805000e-02	0.0000000000000000e+00	1.5918506041112335e-02
1.0786134777325001e-02	0.0000000000000000e+00	1.5551882383196935e-02
1.0803588069844900e-02	0.0000000000000000e+00	1.4941425066008374e-02
1.0821041362364800e-02	0.0000000000000000e+00	1.4090797612088868e-02
1.0838494654884800e-02	0.0000000000000000e+00	1.3015653363677604e-02
1.0855947947404699e-02	0.0000000000000000e+00	1.1746243458733319e-02
1.0873401239924699e-02	0.0000000000000000e+00	1.0324498562778395e-02
1.0890854532444601e-02	0.0000000000000000e+00	8.8067836007332811e-03
1.0908307824964599e-02	0.0000000000000000e+00	7.2696223542125793e-03
1.0925761117484500e-02	0.0000000000000000e+00	5.8256622370362887e-03
1.0943214410004400e-02	0.0000000000000000e+00	4.6763631031155883e-03
1.0960667702524400e-02	0.0000000000000000e+00	5.0409514606238881e-03
1.0978120995044300e-02	0.0000000000000000e+00	6.0865816031107078e-03
1.0995574287564300e-02	0.0000000000000000e+00	6.9871972219320844e-03
1.1013027580084199e-02	0.0000000000000000e+00	7.7201948116751851e-03
1.1030480872604199e-02	0.0000000000000000e+00	8.2670941385049046e-03
1.1047934165124101e-02	0.0000000000000000e+00	8.6140358925085314e-03
1.1065387457644000e-02	0.0000000000000000e+00	8.7521602371645191e-03
1.1082840750164000e-02	0.0000000000000000e+00	8.6778558346138901e-03
1.1100294042683900e-02	0.0000000000000000e+00	8.3928671929724974e-03
1.1117747335203900e-02	0.0000000000000000e+00	7.9042588022117943e-03
1.1135200627723800e-02	0.0000000000000000e+00	7.2242363589958281e-03
1.1152653920243800e-02	0.0000000000000000e+00	6.3698301388624978e-03
1.1170107212763699e-02	0.0000000000000000e+00	5.3624499494601130e-03
1.1187560505283699e-02	0.0000000000000000e+00	4.2273241071779655e-03
1.1205013797803601e-02	0.0000000000000000e+00	2.9928358048668668e-03
1.1222467090323500e-02	0.0000000000000000e+00	1.6897895482322900e-03
1.1239920382843500e-02	0.0000000000000000e+00	3.5061387413459766e-04
1.1257373675363400e-02	0.0000000000000000e+00	5.5972588333474960e-04
1.1274826967883400e-02	0.0000000000000000e+00	1.9615383003084297e-03
1.1292280260403300e-02	0.0000000000000000e+00	4.4232356882621948e-03
1.1309733552923300e-02	0.0000000000000000e+00	6.7650223717038438e-03
1.1327186845443199e-02	0.0000000000000000e+00	8.9303410886645285e-03
1.1344640137963101e-02	0.0000000000000000e+00	1.0867699071898440e-02
1.1362093430483101e-02	0.0000000000000000e+00	1.2531749701337747e-02
1.1379546723003000e-02	0.0000000000000000e+00	1.3884179273799147e-02
1.1397000015523000e-02	0.0000000000000000e+00	1.4900451023794004e-02
1.1414453308042900e-02	0.0000000000000000e+00	1.5579861202818068e-02
1.1431906600562900e-02	0.0000000000000000e+00	1.5953073700358034e-02
1.1449359893082800e-02	0.0000000000000000e+00	1.6060783651672073e-02
1.1466813185602699e-02	0.0000000000000000e+00	1.5931323801590791e-02
1.1484266478122699e-02	0.0000000000000000e+00	1.5564756596812668e-02
1.1501719770642601e-02	0.0000000000000000e+00	1.4954355484254056e-02
1.1519173063162601e-02	0.0000000000000000e+00	1.4103784336789826e-02
1.1536626355682500e-02	0.0000000000000000e+00	1.3028694356526760e-02
1.1554079648202500e-02	0.0000000000000000e+00	1.1759328265722568e-02
1.1571532940722400e-02	0.0000000000000000e+00	1.0337642762056842e-02
1.1588986233242300e-02	0.0000000000000000e+00	8.8199755797119250e-03
1.1606439525762300e-02	0.0000000000000000e+00	7.2828734071177514e-03
1.1623892818282199e-02	0.0000000000000000e+00	5.8389848842992365e-03
1.1641346110802199e-02	0.0000000000000000e+00	4.6897915500564435e-03
1.1658799403322101e-02	0.0000000000000000e+00	5.0546566356851619e-03
1.1676252695842101e-02	0.0000000000000000e+00	6.1002534818355159e-03
1.1693705988362000e-02	0.0000000000000000e+00	7.0008325897411572e-03
1.1711159280882000e-02	0.0000000000000000e+00	7.7337909009667083e-03
1.1728612573401900e-02	0.0000000000000000e+00	8.2806486112600997e-03
1.1746065865921800e-02	0.0000000000000000e+00	8.6275465050822397e-03
1.1763519158441800e-02	0.0000000000000000e+00	8.7656250894425636e-03
1.1780972450961699e-02	0.0000000000000000e+00	8.6912732735288101e-03
1.1798425743481699e-02	0.0000000000000000e+00	8.4062361728970414e-03
1.1815879036001601e-02	0.0000000000000000e+00	7.9175784078515665e-03
1.1833332328521601e-02	0.0000000000000000e+00	7.2375065645240433e-03
1.1850785621041500e-02	0.0000000000000000e+00	6.3830509616131792e-03
1.1868238913561400e-02	0.0000000000000000e+00	5.3756227282848457e-03
1.1885692206081400e-02	0.0000000000000000e+00	4.2404489513218069e-03
1.1903145498601300e-02	0.0000000000000000e+00	3.0059133099452628e-03
1.1920598791121300e-02	0.0000000000000000e+00	1.7028213051086816e-03
1.1938052083641199e-02	0.0000000000000000e+00	3.6360156312731373e-04
1.1955505376161199e-02	0.0000000000000000e+00	5.4662813355554896e-04
1.1972958668681101e-02	0.0000000000000000e+00	1.9746492206764721e-03
1.1990411961201000e-02	0.0000000000000000e+00	4.4363603762570536e-03
1.2007865253721000e-02	0.0000000000000000e+00	6.7781613275557095e-03
1.2025318546240900e-02	0.0000000000000000e+00	8.9434963025486480e-03
1.2042771838760900e-02	0.0000000000000000e+00	1.0880869708379537e-02
1.2060225131280800e-02	0.0000000000000000e+00	1.2544935757952236e-02
1.2077678423800800e-02	0.0000000000000000e+00	1.3897378921719938e-02
1.2095131716320699e-02	0.0000000000000000e+00	1.4913666842851669e-02
1.2112585008840600e-02	0.0000000000000000e+00	1.5593089661344983e-02
1.2130038301360601e-02	0.0000000000000000e+00	1.5966310964683705e-02
1.2147491593880500e-02	0.0000000000000000e+00	1.6074023058047504e-02
1.2164944886400500e-02	0.0000000000000000e+00	1.5944561123262591e-02
1.2182398178920400e-02	0.0000000000000000e+00	1.5577990978080103e-02
1.2199851471440400e-02	0.0000000000000000e+00	1.4967583845244881e-02
1.2217304763960300e-02	0.0000000000000000e+00	1.4117006217349681e-02
1.2234758056480201e-02	0.0000000000000000e+00	1.3041908002720537e-02
1.2252211349000199e-02	0.0000000000000000e+00	1.1772538428080570e-02
1.2269664641520101e-02	0.0000000000000000e+00	1.0350836019814902e-02
1.2287117934040101e-02	0.0000000000000000e+00	8.8331577930015337e-03
1.2304571226560000e-02	0.0000000000000000e+00	7.2960340494270248e-03
1.2322024519080000e-02	0.0000000000000000e+00	5.8521092524409513e-03
1.2339477811599900e-02	0.0000000000000000e+00	4.7028445803010133e-03
1.2356931104119900e-02	0.0000000000000000e+00	5.0674659038353331e-03
1.2374384396639800e-02	0.0000000000000000e+00	6.1131012780435423e-03
1.2391837689159701e-02	0.0000000000000000e+00	7.0137226736827207e-03
1.2409290981679699e-02	0.0000000000000000e+00	7.7467266211495023e-03
1.2426744274199601e-02	0.0000000000000000e+00	8.2936334563752379e-03
1.2444197566719601e-02	0.0000000000000000e+00	8.6405836681251458e-03
1.2461650859239500e-02	0.0000000000000000e+00	8.7787180164173861e-03
1.2479104151759500e-02	0.0000000000000000e+00	8.7044252717244364e-03
1.2496557444279400e-02	0.0000000000000000e+00	8.4194498494316594e-03
1.2514010736799299e-02	0.0000000000000000e+00	7.9308565528616315e-03
1.2531464029319300e-02	0.0000000000000000e+00	7.2508505006142476e-03
1.2548917321839201e-02	0.0000000000000000e+00	6.3964635593455332e-03
1.2566370614359199e-02	0.0000000000000000e+00	5.3891053043358950e-03
1.2583823906879101e-02	0.0000000000000000e+00	4.2540035396919640e-03
1.2601277199399101e-02	0.0000000000000000e+00	3.0195410055856575e-03
1.2618730491919000e-02	0.0000000000000000e+00	1.7165231454969732e-03
1.2636183784438900e-02	0.0000000000000000e+00	3.7737796879877550e-04
1.2653637076958900e-02	0.0000000000000000e+00	5.3251688692967925e-04
1.2671090369478799e-02	0.0000000000000000e+00	1.9887964955078719e-03
1.2688543661998800e-02	0.0000000000000000e+00	4.4505432140379275e-03
1.2705996954518701e-02	0.0000000000000000e+00	6.7923802943142819e-03
1.2723450247038699e-02	0.0000000000000000e+00	8.9577503834992189e-03
1.2740903539558601e-02	0.0000000000000000e+00	1.0895159322913517e-02
1.2758356832078500e-02	0.0000000000000000e+00	1.2559261516128073e-02
1.2775810124598500e-02	0.0000000000000000e+00	1.3911739588134964e-02
1.2793263417118400e-02	0.0000000000000000e+00	1.4928063404152980e-02
1.2810716709638400e-02	0.0000000000000000e+00	1.5607522335437607e-02
1.2828170002158299e-02	0.0000000000000000e+00	1.5980781064374838e-02
1.2845623294678300e-02	0.0000000000000000e+00	1.6088533857197107e-02
1.2863076587198201e-02	0.0000000000000000e+00	1.5959114194383672e-02
1.2880529879718199e-02	0.0000000000000000e+00	1.5592588741204505e-02
1.2897983172238101e-02	0.0000000000000000e+00	1.4982229555866255e-02
1.2915436464758000e-02	0.0000000000000000e+00	1.4131700135279868e-02
1.2932889757278000e-02	0.0000000000000000e+00	1.3056652759636078e-02
1.2950343049797900e-02	0.0000000000000000e+00	1.1787333417840107e-02
1.2967796342317900e-02	0.0000000000000000e+00	1.0365688100287374e-02
1.2985249634837799e-02	0.0000000000000000e+00	8.8480661449662490e-03
1.3002702927357800e-02	0.0000000000000000e+00	7.3110066448638378e-03
1.3020156219877701e-02	0.0000000000000000e+00	5.8671562417995649e-03
1.3037609512397600e-02	0.0000000000000000e+00	4.7179911356203252e-03
1.3055062804917601e-02	0.0000000000000000e+00	5.0828322751140798e-03
1.3072516097437500e-02	0.0000000000000000e+00	6.1285101278771847e-03
1.3089969389957500e-02	0.0000000000000000e+00	7.0291711767621612e-03
1.3107422682477400e-02	0.0000000000000000e+00	7.7622120155503849e-03
1.3124875974997400e-02	0.0000000000000000e+00	8.3091526671992266e-03
1.3142329267517299e-02	0.0000000000000000e+00	8.6561339174593410e-03
1.3159782560037201e-02	0.0000000000000000e+00	8.7942961306007872e-03
1.3177235852557199e-02	0.0000000000000000e+00	8.7200285986512860e-03
1.3194689145077100e-02	0.0000000000000000e+00	8.4350754881018508e-03
1.3212142437597101e-02	0.0000000000000000e+00	7.9465015252825344e-03
1.3229595730117000e-02	0.0000000000000000e+00	7.2665124156446881e-03
1.3247049022637000e-02	0.0000000000000000e+00	6.4121398255476691e-03
1.3264502315156900e-02	0.0000000000000000e+00	5.4047940482021550e-03
1.3281955607676799e-02	0.0000000000000000e+00	4.2697019650698165e-03
1.3299408900196799e-02	0.0000000000000000e+00	3.0352471219120547e-03
1.3316862192716701e-02	0.0000000000000000e+00	1.7322351522730539e-03
1.3334315485236699e-02	0.0000000000000000e+00	3.9309377872309703e-04
1.3351768777756600e-02	0.0000000000000000e+00	5.1719675817873956e-04
1.3369222070276601e-02	0.0000000000000000e+00	2.0041374827272085e-03
1.3386675362796500e-02	0.0000000000000000e+00	4.4659057066525065e-03
1.3404128655316400e-02	0.0000000000000000e+00	6.8077637717304240e-03
1.3421581947836400e-02	0.0000000000000000e+00	8.9731546536642171e-03
1.3439035240356299e-02	0.0000000000000000e+00	1.0910584465728235e-02
1.3456488532876299e-02	0.0000000000000000e+00	1.2574705776945083e-02
1.3473941825396201e-02	0.0000000000000000e+00	1.3927203897978413e-02
1.3491395117916199e-02	0.0000000000000000e+00	1.4943547236400012e-02
1.3508848410436100e-02	0.0000000000000000e+00	1.5623028580286524e-02
1.3526301702956101e-02	0.0000000000000000e+00	1.5996309447182555e-02
1.3543754995476000e-02	0.0000000000000000e+00	1.6104085497925524e-02
1.3561208287995900e-02	0.0000000000000000e+00	1.5974691166388166e-02
1.3578661580515900e-02	0.0000000000000000e+00	1.5608186684681002e-02
1.3596114873035799e-02	0.0000000000000000e+00	1.4997844492281920e-02
1.3613568165555799e-02	0.0000000000000000e+00	1.4147331672130448e-02
1.3631021458075701e-02	0.0000000000000000e+00	1.3072299475553883e-02
1.3648474750595699e-02	0.0000000000000000e+00	1.1802992514371002e-02
1.3665928043115600e-02	0.0000000000000000e+00	1.0381358663968498e-02
1.3683381335635500e-02	0.0000000000000000e+00	8.8637451256589062e-03
1.3700834628155500e-02	0.0000000000000000e+00	7.3266893618030293e-03
1.3718287920675400e-02	0.0000000000000000e+00	5.8828381490133586e-03
1.3735741213195400e-02	0.0000000000000000e+00	4.7336608074589615e-03
1.3753194505715299e-02	0.0000000000000000e+00	5.0984367396564867e-03
1.3770647798235299e-02	0.0000000000000000e+00	6.1441150726373461e-03
1.3788101090755201e-02	0.0000000000000000e+00	7.0447780099882618e-03
1.3805554383275100e-02	0.0000000000000000e+00	7.7778221438431494e-03
1.3823007675795100e-02	0.0000000000000000e+00	8.3247678211364473e-03
1.3840460968315000e-02	0.0000000000000000e+00	8.6717556194022549e-03
1.3857914260835000e-02	0.0000000000000000e+00	8.8099264118313148e-03
1.3875367553354900e-02	0.0000000000000000e+00	8.7356689468016668e-03
1.3892820845874900e-02	0.0000000000000000e+00	8.4507280689656294e-03
1.3910274138394799e-02	0.0000000000000000e+00	7.9621684383427427e-03
1.3927727430914701e-02	0.0000000000000000e+00	7.2821955366557667e-03
1.3945180723434701e-02	0.0000000000000000e+00	6.4278407971397611e-03
1.3962634015954600e-02	0.0000000000000000e+00	5.4205146539565430e-03
1.3980087308474600e-02	0.0000000000000000e+00	4.2854446076946440e-03
1.3997540600994500e-02	0.0000000000000000e+00	3.0510134772431252e-03
1.4014993893514500e-02	0.0000000000000000e+00	1.7480269157849060e-03
1.4032447186034400e-02	0.0000000000000000e+00	4.0891311634805305e-04
1.4049900478554400e-02	0.0000000000000000e+00	5.0100528858321169e-04
1.4067353771074299e-02	0.0000000000000000e+00	2.0203561173485207e-03
1.4084807063594201e-02	0.0000000000000000e+00	4.4821507954798667e-03
1.4102260356114201e-02	0.0000000000000000e+00	6.8240354892545874e-03
1.4119713648634100e-02	0.0000000000000000e+00	8.9894539116369687e-03
1.4137166941154100e-02	0.0000000000000000e+00	1.0926910784127331e-02
1.4154620233674000e-02	0.0000000000000000e+00	1.2591060402574072e-02
1.4172073526194000e-02	0.0000000000000000e+00	1.3943586937253283e-02
1.4189526818713900e-02	0.0000000000000000e+00	1.4959958833700937e-02
1.4206980111233799e-02	0.0000000000000000e+00	1.5639465436316780e-02
1.4224433403753799e-02	0.0000000000000000e+00	1.6012770898647721e-02
1.4241886696273701e-02	0.0000000000000000e+00	1.6120568441869820e-02
1.4259339988793701e-02	0.0000000000000000e+00	1.5991192822801703e-02
1.4276793281313600e-02	0.0000000000000000e+00	1.5624710611067738e-02
1.4294246573833600e-02	0.0000000000000000e+00	1.5014393246087443e-02
1.4311699866353500e-02	0.0000000000000000e+00	1.4163906039947660e-02
1.4329153158873400e-02	0.0000000000000000e+00	1.3088899701904744e-02
1.4346606451393400e-02	0.0000000000000000e+00	1.1819622066012725e-02
1.4364059743913299e-02	0.0000000000000000e+00	1.0398015486381751e-02
1.4381513036433299e-02	0.0000000000000000e+00	8.8804326348800311e-03
1.4398966328953201e-02	0.0000000000000000e+00	7.3434086914171415e-03
1.4416419621473201e-02	0.0000000000000000e+00	5.8995896503503120e-03
1.4433872913993100e-02	0.0000000000000000e+00	4.7504450660127429e-03
1.4451326206513000e-02	0.0000000000000000e+00	5.1152553773989862e-03
1.4468779499033000e-02	0.0000000000000000e+00	6.1609810079966687e-03
1.4486232791552900e-02	0.0000000000000000e+00	7.0616909244299864e-03
1.4503686084072900e-02	0.0000000000000000e+00	7.7947818261530077e-03
1.4521139376592799e-02	0.0000000000000000e+00	8.3417735384366809e-03
1.4538592669112799e-02	0.0000000000000000e+00	8.6888068891142201e-03
1.4556045961632701e-02	0.0000000000000000e+00	8.8270226345610325e-03
1.4573499254152701e-02	0.0000000000000000e+00	8.7528094232610654e-03
1.4590952546672600e-02	0.0000000000000000e+00	8.4679115626883350e-03
1.4608405839192500e-02	0.0000000000000000e+00	7.9793927137946641e-03
1.4625859131712500e-02	0.0000000000000000e+00	7.2994602736135006e-03
1.4643312424232400e-02	0.0000000000000000e+00	6.4451454775575900e-03
1.4660765716752400e-02	0.0000000000000000e+00	5.4378581313909713e-03
1.4678219009272299e-02	0.0000000000000000e+00	4.3028251570522702e-03
1.4695672301792299e-02	0.0000000000000000e+00	3.0684301630479194e-03
1.4713125594312201e-02	0.0000000000000000e+00	1.7654785324167088e-03
1.4730578886832100e-02	0.0000000000000000e+00	4.2639814917289076e-04
1.4748032179352100e-02	0.0000000000000000e+00	4.8369446188445409e-04
1.4765485471872000e-02	0.0000000000000000e+00	2.0376913909673222e-03
1.4782938764392000e-02	0.0000000000000000e+00	4.4995113057932912e-03
1.4800392056911900e-02	0.0000000000000000e+00	6.8414208766085505e-03
1.4817845349431900e-02	0.0000000000000000e+00	9.0068633467469406e-03
1.4835298641951799e-02	0.0000000000000000e+00	1.0944343662226630e-02
1.4852751934471701e-02	0.0000000000000000e+00	1.2608516120277580e-02
1.4870205226991701e-02	0.0000000000000000e+00	1.3961065645823223e-02
1.4887658519511600e-02	0.0000000000000000e+00	1.4977459720739161e-02
1.4905111812031600e-02	0.0000000000000000e+00	1.5656991287620547e-02
1.4922565104551500e-02	0.0000000000000000e+00	1.6030322622845761e-02
1.4940018397071500e-02	0.0000000000000000e+00	1.6138148811352115e-02
1.4957471689591400e-02	0.0000000000000000e+00	1.6008804857422509e-02
1.4974924982111301e-02	0.0000000000000000e+00	1.5642351450294578e-02
1.4992378274631299e-02	0.0000000000000000e+00	1.5032061379400385e-02
1.5009831567151201e-02	0.0000000000000000e+00	1.4181601425172219e-02
1.5027284859671201e-02	0.0000000000000000e+00	1.3106622406929169e-02
1.5044738152191100e-02	0.0000000000000000e+00	1.1837369127907671e-02
1.5062191444711100e-02	0.0000000000000000e+00	1.0415790406248737e-02
1.5079644737231000e-02	0.0000000000000000e+00	8.8982321367017114e-03
1.5097098029750899e-02	0.0000000000000000e+00	7.3612334582502381e-03
1.5114551322270900e-02	0.0000000000000000e+00	5.9174417067974217e-03
1.5132004614790801e-02	0.0000000000000000e+00	4.7683295597643616e-03
1.5149457907310799e-02	0.0000000000000000e+00	5.1331977500286285e-03
1.5166911199830701e-02	0.0000000000000000e+00	6.1789314074295332e-03
1.5184364492350701e-02	0.0000000000000000e+00	7.0796487840087963e-03
1.5201817784870600e-02	0.0000000000000000e+00	7.8127466111498345e-03
1.5219271077390600e-02	0.0000000000000000e+00	8.3597450693181363e-03
1.5236724369910500e-02	0.0000000000000000e+00	8.7067847367278128e-03
1.5254177662430399e-02	0.0000000000000000e+00	8.8450065791180199e-03
1.5271630954950400e-02	0.0000000000000000e+00	8.7707991111568573e-03
1.5289084247470301e-02	0.0000000000000000e+00	8.4859074722036798e-03
1.5306537539990299e-02	0.0000000000000000e+00	7.9973958499306441e-03
1.5323990832510201e-02	0.0000000000000000e+00	7.3174703058026536e-03
1.5341444125030201e-02	0.0000000000000000e+00	6.4631618928046031e-03
1.5358897417550100e-02	0.0000000000000000e+00	5.4558812991728489e-03
1.5376350710070000e-02	0.0000000000000000e+00	4.3208559849200467e-03
1.5393804002590000e-02	0.0000000000000000e+00	3.0864687767281351e-03
1.5411257295109899e-02	0.0000000000000000e+00	1.7835252878481977e-03
1.5428710587629900e-02	0.0000000000000000e+00	4.4445389639702348e-04
1.5446163880149801e-02	0.0000000000000000e+00	4.6555785435753450e-04
1.5463617172669799e-02	0.0000000000000000e+00	2.0558474200885746e-03
1.5481070465189701e-02	0.0000000000000000e+00	4.5176858318438651e-03
1.5498523757709600e-02	0.0000000000000000e+00	6.8596140224743696e-03
1.5515977050229600e-02	0.0000000000000000e+00	9.0250758274420528e-03
1.5533430342749500e-02	0.0000000000000000e+00	1.0962575898142646e-02
1.5550883635269500e-02	0.0000000000000000e+00	1.2626768523331555e-02
1.5568336927789399e-02	0.0000000000000000e+00	1.3979337841401041e-02
1.5585790220309400e-02	0.0000000000000000e+00	1.4995752220691938e-02
1.5603243512829299e-02	0.0000000000000000e+00	1.5675301948230080e-02
1.5620696805349200e-02	0.0000000000000000e+00	1.6048650808724751e-02
1.5638150097869199e-02	0.0000000000000000e+00	1.6156492607033557e-02
1.5655603390389100e-02	0.0000000000000000e+00	1.6027161273906132e-02
1.5673056682909099e-02	0.0000000000000000e+00	1.5660722200637633e-02
1.5690509975429000e-02	0.0000000000000000e+00	1.5050447321722227e-02
1.5707963267949002e-02	0.0000000000000000e+00	1.4200001978269761e-02
1.5725416560468899e-02	0.0000000000000000e+00	1.3125036788726452e-02
1.5742869852988801e-02	0.0000000000000000e+00	1.1855799323621130e-02
1.5760323145508799e-02	0.0000000000000000e+00	1.0434232788486320e-02
1.5777776438028700e-02	0.0000000000000000e+00	8.9166889062987087e-03
1.5795229730548699e-02	0.0000000000000000e+00	7.3797034200611122e-03
1.5812683023068600e-02	0.0000000000000000e+00	5.9359218588516116e-03
1.5830136315588599e-02	0.0000000000000000e+00	4.7868132036601452e-03
1.5847589608108500e-02	0.0000000000000000e+00	5.1516530817274919e-03
1.5865042900628502e-02	0.0000000000000000e+00	6.1974114838843075e-03
1.5882496193148399e-02	0.0000000000000000e+00	7.0981540765789886e-03
1.5899949485668301e-02	0.0000000000000000e+00	7.8312776326057154e-03
1.5917402778188299e-02	0.0000000000000000e+00	8.3783021830149407e-03
1.5934856070708200e-02	0.0000000000000000e+00	8.7253686194636026e-03
1.5952309363228199e-02	0.0000000000000000e+00	8.8636173605532997e-03
1.5969762655748100e-02	0.0000000000000000e+00	8.7894375642720846e-03
1.5987215948268099e-02	0.0000000000000000e+00	8.5045735597923944e-03
1.6004669240788000e-02	0.0000000000000000e+00	8.0160896157700501e-03
1.6022122533307901e-02	0.0000000000000000e+00	7.3361919971043354e-03
1.6039575825827899e-02	0.0000000000000000e+00	6.4819116833270130e-03
1.6057029118347801e-02	0.0000000000000000e+00	5.4746597276409403e-03
1.6074482410867799e-02	0.0000000000000000e+00	4.3396619709821227e-03
1.6091935703387700e-02	0.0000000000000000e+00	3.1053026265144279e-03
1.6109388995907699e-02	0.0000000000000000e+00	1.8023870937693420e-03
1.6126842288427600e-02	0.0000000000000000e+00	4.6334310439155590e-04
1.6144295580947501e-02	0.0000000000000000e+00	4.4661988566052635e-04
1.6161748873467500e-02	0.0000000000000000e+00	2.0748046115636187e-03
1.6179202165987401e-02	0.0000000000000000e+00	4.5366633040866411e-03
1.6196655458507399e-02	0.0000000000000000e+00	6.8786118577771616e-03
1.6214108751027301e-02	0.0000000000000000e+00	9.0440930918700424e-03
1.6231562043547299e-02	0.0000000000000000e+00	1.0981611494548127e-02
1.6249015336067200e-02	0.0000000000000000e+00	1.2645822330323409e-02
1.6266468628587199e-02	0.0000000000000000e+00	1.3998410070951040e-02
1.6283921921107100e-02	0.0000000000000000e+00	1.5014842299093889e-02
1.6301375213627001e-02	0.0000000000000000e+00	1.5694410805891623e-02
1.6318828506147000e-02	0.0000000000000000e+00	1.6067778609927363e-02
1.6336281798666901e-02	0.0000000000000000e+00	1.6175639978091572e-02
1.6353735091186899e-02	0.0000000000000000e+00	1.6046330047985058e-02
1.6371188383706801e-02	0.0000000000000000e+00	1.5679911386578982e-02
1.6388641676226799e-02	0.0000000000000000e+00	1.5069656346433424e-02
1.6406094968746700e-02	0.0000000000000000e+00	1.4219231574304159e-02
1.6423548261266602e-02	0.0000000000000000e+00	1.3144287212232375e-02
1.6441001553786600e-02	0.0000000000000000e+00	1.1875069574276975e-02
1.6458454846306501e-02	0.0000000000000000e+00	1.0453523929539132e-02
1.6475908138826500e-02	0.0000000000000000e+00	8.9360007949932374e-03
1.6493361431346401e-02	0.0000000000000000e+00	7.3990378368865573e-03
1.6510814723866400e-02	0.0000000000000000e+00	5.9552803880700278e-03
1.6528268016386301e-02	0.0000000000000000e+00	4.8062007876555901e-03
1.6545721308906199e-02	0.0000000000000000e+00	5.1710935357788257e-03
1.6563174601426200e-02	0.0000000000000000e+00	6.2168682499447181e-03
1.6580627893946102e-02	0.0000000000000000e+00	7.1176266883687944e-03
1.6598081186466100e-02	0.0000000000000000e+00	7.8507654031925167e-03
1.6615534478986001e-02	0.0000000000000000e+00	8.3978046398635042e-03
1.6632987771506000e-02	0.0000000000000000e+00	8.7448849562016262e-03
1.6650441064025901e-02	0.0000000000000000e+00	8.8831471183397070e-03
1.6667894356545799e-02	0.0000000000000000e+00	8.8089802092663483e-03
1.6685347649065801e-02	0.0000000000000000e+00	8.5241281354164755e-03
1.6702800941585699e-02	0.0000000000000000e+00	8.0356555528183771e-03
1.6720254234105700e-02	0.0000000000000000e+00	7.3557683030330834e-03
1.6737707526625598e-02	0.0000000000000000e+00	6.5014991360123897e-03
1.6755160819145600e-02	0.0000000000000000e+00	5.4942571647157434e-03
1.6772614111665501e-02	0.0000000000000000e+00	4.3592701468242456e-03
1.6790067404185399e-02	0.0000000000000000e+00	3.1249212263834147e-03
1.6807520696705401e-02	0.0000000000000000e+00	1.8220149641163808e-03
1.6824973989225299e-02	0.0000000000000000e+00	4.8298019177273055e-04
1.6842427281745301e-02	0.0000000000000000e+00	4.2704206583921156e-04
1.6859880574265199e-02	0.0000000000000000e+00	2.0943954996079928e-03
1.6877333866785200e-02	0.0000000000000000e+00	4.5562674377227497e-03
1.6894787159305098e-02	0.0000000000000000e+00	6.8982293585762022e-03
1.6912240451825100e-02	0.0000000000000000e+00	9.0637234586624649e-03
1.6929693744345001e-02	0.0000000000000000e+00	1.1001254221764567e-02
1.6947147036864899e-02	0.0000000000000000e+00	1.2665477325502716e-02
1.6964600329384901e-02	0.0000000000000000e+00	1.4018076845074168e-02
1.6982053621904799e-02	0.0000000000000000e+00	1.5034518540841035e-02
1.6999506914424801e-02	0.0000000000000000e+00	1.5714099692824002e-02
1.7016960206944699e-02	0.0000000000000000e+00	1.6087479907800795e-02
1.7034413499464700e-02	0.0000000000000000e+00	1.6195353081608133e-02
1.7051866791984598e-02	0.0000000000000000e+00	1.6066056509517201e-02
1.7069320084504500e-02	0.0000000000000000e+00	1.5699650798836395e-02
1.7086773377024501e-02	0.0000000000000000e+00	1.5089406663545968e-02
1.7104226669544399e-02	0.0000000000000000e+00	1.4238989667652469e-02
1.7121679962064401e-02	0.0000000000000000e+00	1.3164054017643867e-02
1.7139133254584299e-02	0.0000000000000000e+00	1.1894845280851385e-02
1.7156586547104301e-02	0.0000000000000000e+00	1.0473306693055018e-02
1.7174039839624199e-02	0.0000000000000000e+00	8.9557903378085779e-03
1.7191493132144100e-02	0.0000000000000000e+00	7.4188319599686192e-03
1.7208946424664098e-02	0.0000000000000000e+00	5.9750782329621721e-03
1.7226399717184000e-02	0.0000000000000000e+00	4.8259988609880011e-03
1.7243853009704001e-02	0.0000000000000000e+00	5.1908773174298428e-03
1.7261306302223899e-02	0.0000000000000000e+00	6.2366604648278479e-03
1.7278759594743901e-02	0.0000000000000000e+00	7.1374274241913227e-03
1.7296212887263799e-02	0.0000000000000000e+00	7.8705750901231220e-03
1.7313666179783700e-02	0.0000000000000000e+00	8.4176234030244323e-03
1.7331119472303699e-02	0.0000000000000000e+00	8.7647129032361049e-03
1.7348572764823600e-02	0.0000000000000000e+00	8.9029848921786670e-03
1.7366026057343598e-02	0.0000000000000000e+00	8.8288276720027703e-03
1.7383479349863500e-02	0.0000000000000000e+00	8.5439853945737942e-03
1.7400932642383501e-02	0.0000000000000000e+00	8.0555223586143976e-03
1.7418385934903399e-02	0.0000000000000000e+00	7.3756458520289891e-03
1.7435839227423401e-02	0.0000000000000000e+00	6.5213868755050752e-03
1.7453292519943299e-02	0.0000000000000000e+00	5.5141559560133446e-03
1.7470745812463200e-02	0.0000000000000000e+00	4.3791788492858474e-03
1.7488199104983199e-02	0.0000000000000000e+00	3.1448400015281486e-03
1.7505652397503100e-02	0.0000000000000000e+00	1.8419448155980733e-03
1.7523105690023098e-02	0.0000000000000000e+00	5.0292134190943472e-04
1.7540558982543000e-02	0.0000000000000000e+00	4.0702067720266299e-04
1.7558012275063001e-02	0.0000000000000000e+00	2.1144260529354364e-03
1.7575465567582899e-02	0.0000000000000000e+00	4.5763067338223662e-03
1.7592918860102801e-02	0.0000000000000000e+00	6.9182777436355147e-03
1.7610372152622799e-02	0.0000000000000000e+00	9.0837795543022848e-03
1.7627825445142700e-02	0.0000000000000000e+00	1.1021319630930559e-02
1.7645278737662699e-02	0.0000000000000000e+00	1.2685551629471048e-02
1.7662732030182600e-02	0.0000000000000000e+00	1.4038157472117008e-02
1.7680185322702598e-02	0.0000000000000000e+00	1.5054607893402294e-02
1.7697638615222500e-02	0.0000000000000000e+00	1.5734195709970367e-02
1.7715091907742401e-02	0.0000000000000000e+00	1.6107581958790917e-02
1.7732545200262399e-02	0.0000000000000000e+00	1.6215461392378172e-02
1.7749998492782301e-02	0.0000000000000000e+00	1.6086169754455870e-02
1.7767451785302299e-02	0.0000000000000000e+00	1.5719770528184407e-02
1.7784905077822200e-02	0.0000000000000000e+00	1.5109531834845313e-02
1.7802358370342199e-02	0.0000000000000000e+00	1.4259122340433694e-02
1.7819811662862100e-02	0.0000000000000000e+00	1.3184194709040531e-02
1.7837264955382001e-02	0.0000000000000000e+00	1.1914993193942292e-02
1.7854718247902000e-02	0.0000000000000000e+00	1.0493463159229832e-02
1.7872171540421901e-02	0.0000000000000000e+00	8.9759551664887471e-03
1.7889624832941899e-02	0.0000000000000000e+00	7.4390052453524591e-03
1.7907078125461801e-02	0.0000000000000000e+00	5.9952608741904445e-03
1.7924531417981799e-02	0.0000000000000000e+00	4.8461925794821559e-03
1.7941984710501700e-02	0.0000000000000000e+00	5.2110896790656946e-03
1.7959438003021699e-02	0.0000000000000000e+00	6.2568805533709249e-03
1.7976891295541600e-02	0.0000000000000000e+00	7.1576549078495866e-03
1.7994344588061501e-02	0.0000000000000000e+00	7.8908095736965889e-03
1.8011797880581500e-02	0.0000000000000000e+00	8.4378645674915154e-03
1.8029251173101401e-02	0.0000000000000000e+00	8.7849604687434413e-03
1.8046704465621399e-02	0.0000000000000000e+00	8.9232381341516342e-03
1.8064157758141301e-02	0.0000000000000000e+00	8.8490861026172540e-03
1.8081611050661299e-02	0.0000000000000000e+00	8.5642494279676296e-03
1.8099064343181200e-02	0.0000000000000000e+00	8.0757923015761790e-03
1.8116517635701102e-02	0.0000000000000000e+00	7.3959206676926792e-03
1.8133970928221100e-02	0.0000000000000000e+00	6.5416656508535675e-03
1.8151424220741001e-02	0.0000000000000000e+00	5.5344378536126282e-03
1.8168877513261000e-02	0.0000000000000000e+00	4.3994647308414070e-03
1.8186330805780901e-02	0.0000000000000000e+00	3.1651290401925047e-03
1.8203784098300899e-02	0.0000000000000000e+00	1.8622363962750299e-03
1.8221237390820801e-02	0.0000000000000000e+00	5.2321510914365987e-04
1.8238690683340698e-02	0.0000000000000000e+00	3.8677608449222411e-04
1.8256143975860700e-02	0.0000000000000000e+00	2.1346729856787094e-03
1.8273597268380602e-02	0.0000000000000000e+00	4.5965546696790094e-03
1.8291050560900600e-02	0.0000000000000000e+00	6.9385256953987673e-03
1.8308503853420501e-02	0.0000000000000000e+00	9.1040296634163909e-03
1.8325957145940500e-02	0.0000000000000000e+00	1.1041571447417797e-02
1.8343410438460401e-02	0.0000000000000000e+00	1.2705805393189995e-02
1.8360863730980299e-02	0.0000000000000000e+00	1.4058415293257354e-02
1.8378317023500301e-02	0.0000000000000000e+00	1.5074867231339883e-02
1.8395770316020198e-02	0.0000000000000000e+00	1.5754454456732514e-02
1.8413223608540200e-02	0.0000000000000000e+00	1.6127840780847058e-02
1.8430676901060102e-02	0.0000000000000000e+00	1.6235720559276690e-02
1.8448130193580100e-02	0.0000000000000000e+00	1.6106427452744931e-02
1.8465583486100001e-02	0.0000000000000000e+00	1.5740025695381132e-02
1.8483036778619899e-02	0.0000000000000000e+00	1.5129787653797577e-02
1.8500490071139901e-02	0.0000000000000000e+00	1.4279378921303820e-02
1.8517943363659799e-02	0.0000000000000000e+00	1.3204449822684872e-02
1.8535396656179801e-02	0.0000000000000000e+00	1.1935247338080601e-02
1.8552849948699698e-02	0.0000000000000000e+00	1.0513718292791352e-02
1.8570303241219700e-02	0.0000000000000000e+00	8.9962091864180804e-03
1.8587756533739602e-02	0.0000000000000000e+00	7.4592579765477840e-03
1.8605209826259600e-02	0.0000000000000000e+00	6.0155123110186004e-03
1.8622663118779501e-02	0.0000000000000000e+00	4.8664425167076475e-03
1.8640116411299399e-02	0.0000000000000000e+00	5.2313375725846489e-03
1.8657569703819401e-02	0.0000000000000000e+00	6.2771227152647047e-03
1.8675022996339299e-02	0.0000000000000000e+00	7.1778914066402688e-03
1.8692476288859301e-02	0.0000000000000000e+00	7.9110401586587331e-03
1.8709929581379198e-02	0.0000000000000000e+00	8.4580892632120097e-03
1.8727382873899200e-02	0.0000000000000000e+00	8.8051792731755896e-03
1.8744836166419102e-02	0.0000000000000000e+00	8.9434510959391922e-03
1.8762289458938999e-02	0.0000000000000000e+00	8.8692931272830178e-03
1.8779742751459001e-02	0.0000000000000000e+00	8.5844504018335321e-03
1.8797196043978899e-02	0.0000000000000000e+00	8.0959876189886648e-03
1.8814649336498901e-02	0.0000000000000000e+00	7.4161103276128015e-03
1.8832102629018799e-02	0.0000000000000000e+00	6.5618503784895532e-03
1.8849555921538801e-02	0.0000000000000000e+00	5.5546171065282701e-03
1.8867009214058698e-02	0.0000000000000000e+00	4.4196380869934160e-03
1.8884462506578600e-02	0.0000000000000000e+00	3.1852936974099411e-03
1.8901915799098602e-02	0.0000000000000000e+00	1.8823922881932020e-03
1.8919369091618499e-02	0.0000000000000000e+00	5.4336167018398385e-04
1.8936822384138501e-02	0.0000000000000000e+00	3.6660771771135359e-04
1.8954275676658399e-02	0.0000000000000000e+00	2.1548337613950252e-03
1.8971728969178401e-02	0.0000000000000000e+00	4.6167078621747182e-03
1.8989182261698299e-02	0.0000000000000000e+00	6.9586716027464357e-03
1.9006635554218200e-02	0.0000000000000000e+00	9.1241670305662881e-03
1.9024088846738198e-02	0.0000000000000000e+00	1.1061701182411232e-02
1.9041542139258100e-02	0.0000000000000000e+00	1.2725927056876807e-02
1.9058995431778102e-02	0.0000000000000000e+00	1.4078529051116284e-02
1.9076448724297999e-02	0.0000000000000000e+00	1.5094975377940578e-02
1.9093902016818001e-02	0.0000000000000000e+00	1.5774556181892385e-02
1.9111355309337899e-02	0.0000000000000000e+00	1.6147935516432677e-02
1.9128808601857800e-02	0.0000000000000000e+00	1.6255807651206933e-02
1.9146261894377799e-02	0.0000000000000000e+00	1.6126505123475798e-02
1.9163715186897700e-02	0.0000000000000000e+00	1.5760095803061924e-02
1.9181168479417698e-02	0.0000000000000000e+00	1.5149850831632894e-02
1.9198621771937600e-02	0.0000000000000000e+00	1.4299433265910766e-02
1.9216075064457602e-02	0.0000000000000000e+00	1.3224496285579201e-02
1.9233528356977499e-02	0.0000000000000000e+00	1.1955286599322212e-02
1.9250981649497501e-02	0.0000000000000000e+00	1.0533747344039224e-02
1.9268434942017399e-02	0.0000000000000000e+00	9.0162288409133540e-03
1.9285888234537300e-02	0.0000000000000000e+00	7.4792664894266503e-03
1.9303341527057299e-02	0.0000000000000000e+00	6.0355085720977808e-03
1.9320794819577200e-02	0.0000000000000000e+00	4.8864252761926519e-03
1.9338248112097198e-02	0.0000000000000000e+00	5.2513012549032512e-03
1.9355701404617100e-02	0.0000000000000000e+00	6.2970762732490471e-03
1.9373154697137102e-02	0.0000000000000000e+00	7.1978347804778631e-03
1.9390607989656999e-02	0.0000000000000000e+00	7.9309733424596240e-03
1.9408061282176901e-02	0.0000000000000000e+00	8.4780121405877429e-03
1.9425514574696899e-02	0.0000000000000000e+00	8.8250919297270247e-03
1.9442967867216800e-02	0.0000000000000000e+00	8.9633531604131900e-03
1.9460421159736799e-02	0.0000000000000000e+00	8.8891847228964593e-03
1.9477874452256700e-02	0.0000000000000000e+00	8.6043312698507179e-03
1.9495327744776698e-02	0.0000000000000000e+00	8.1158575671755884e-03
1.9512781037296600e-02	0.0000000000000000e+00	7.4359692956268431e-03
1.9530234329816501e-02	0.0000000000000000e+00	6.5816981945224784e-03
1.9547687622336499e-02	0.0000000000000000e+00	5.5744538489593820e-03
1.9565140914856401e-02	0.0000000000000000e+00	4.4394636121412034e-03
1.9582594207376399e-02	0.0000000000000000e+00	3.2051106931565432e-03
1.9600047499896300e-02	0.0000000000000000e+00	1.9021982278165650e-03
1.9617500792416299e-02	0.0000000000000000e+00	5.6315472515378051e-04
1.9634954084936200e-02	0.0000000000000000e+00	3.4683275130031888e-04
1.9652407377456101e-02	0.0000000000000000e+00	2.1745936187013148e-03
1.9669860669976100e-02	0.0000000000000000e+00	4.6364529520442899e-03
1.9687313962496001e-02	0.0000000000000000e+00	6.9784014159659513e-03
1.9704767255015999e-02	0.0000000000000000e+00	9.1438816409324941e-03
1.9722220547535901e-02	0.0000000000000000e+00	1.1081400358995852e-02
1.9739673840055899e-02	0.0000000000000000e+00	1.2745609425753535e-02
1.9757127132575800e-02	0.0000000000000000e+00	1.4098194072303061e-02
1.9774580425095799e-02	0.0000000000000000e+00	1.5114623359203661e-02
1.9792033717615700e-02	0.0000000000000000e+00	1.5794188925926211e-02
1.9809487010135601e-02	0.0000000000000000e+00	1.6167552284788278e-02
1.9826940302655600e-02	0.0000000000000000e+00	1.6275408788869905e-02
1.9844393595175501e-02	0.0000000000000000e+00	1.6146093590219901e-02
1.9861846887695499e-02	0.0000000000000000e+00	1.5779669671742713e-02
1.9879300180215401e-02	0.0000000000000000e+00	1.5169405663648439e-02
1.9896753472735399e-02	0.0000000000000000e+00	1.4318967578175412e-02
1.9914206765255300e-02	0.0000000000000000e+00	1.3244010619120949e-02
1.9931660057775202e-02	0.0000000000000000e+00	1.1974778837948064e-02
1.9949113350295200e-02	0.0000000000000000e+00	1.0553219024952210e-02
1.9966566642815101e-02	0.0000000000000000e+00	9.0356801202445824e-03
1.9984019935335100e-02	0.0000000000000000e+00	7.4986989411001126e-03
2.0001473227855001e-02	0.0000000000000000e+00	6.0549228292520185e-03
2.0018926520374999e-02	0.0000000000000000e+00	4.9058224814907403e-03
2.0036379812894901e-02	0.0000000000000000e+00	5.2706872412684458e-03
2.0053833105414798e-02	0.0000000000000000e+00	6.3164430398732208e-03
2.0071286397934800e-02	0.0000000000000000e+00	7.2171818687254419e-03
2.0088739690454702e-02	0.0000000000000000e+00	7.9503005931024218e-03
2.0106192982974700e-02	0.0000000000000000e+00	8.4973191868770170e-03
2.0123646275494601e-02	0.0000000000000000e+00	8.8443783490506078e-03
2.0141099568014600e-02	0.0000000000000000e+00	8.9826149997012106e-03
2.0158552860534501e-02	0.0000000000000000e+00	8.9084207015875938e-03
2.0176006153054399e-02	0.0000000000000000e+00	8.6235414212253447e-03
2.0193459445574401e-02	0.0000000000000000e+00	8.1350410395878425e-03
2.0210912738094299e-02	0.0000000000000000e+00	7.4551262761440862e-03
2.0228366030614300e-02	0.0000000000000000e+00	6.6008279151773541e-03
2.0245819323134202e-02	0.0000000000000000e+00	5.5935562529999538e-03
2.0263272615654200e-02	0.0000000000000000e+00	4.4585385785124165e-03
2.0280725908174101e-02	0.0000000000000000e+00	3.2241581302790978e-03
2.0298179200694100e-02	0.0000000000000000e+00	1.9212202582460369e-03
2.0315632493214001e-02	0.0000000000000000e+00	5.8215342615541843e-04
2.0333085785733899e-02	0.0000000000000000e+00	3.2787103696141351e-04
2.0350539078253901e-02	0.0000000000000000e+00	2.1935323734040280e-03
2.0367992370773799e-02	0.0000000000000000e+00	4.6553642540559936e-03
2.0385445663293800e-02	0.0000000000000000e+00	6.9972836240648206e-03
2.0402898955813702e-02	0.0000000000000000e+00	9.1627357128357678e-03
2.0420352248333700e-02	0.0000000000000000e+00	1.1100225026811961e-02
2.0437805540853601e-02	0.0000000000000000e+00	1.2764405802949685e-02
2.0455258833373499e-02	0.0000000000000000e+00	1.4116962427080271e-02
2.0472712125893501e-02	0.0000000000000000e+00	1.5133363076928918e-02
2.0490165418413399e-02	0.0000000000000000e+00	1.5812898859584812e-02
2.0507618710933401e-02	0.0000000000000000e+00	1.6186232993594230e-02
2.0525072003453299e-02	0.0000000000000000e+00	1.6294059782574588e-02
2.0542525295973300e-02	0.0000000000000000e+00	1.6164713786389395e-02
2.0559978588493202e-02	0.0000000000000000e+00	1.5798258460308134e-02
2.0577431881013099e-02	0.0000000000000000e+00	1.5187962364890506e-02
2.0594885173533101e-02	0.0000000000000000e+00	1.4337494067874323e-02
2.0612338466052999e-02	0.0000000000000000e+00	1.3262504907661787e-02
2.0629791758573001e-02	0.0000000000000000e+00	1.1993241952550138e-02
2.0647245051092899e-02	0.0000000000000000e+00	1.0571649795222959e-02
2.0664698343612901e-02	0.0000000000000000e+00	9.0540789459376825e-03
2.0682151636132799e-02	0.0000000000000000e+00	7.5170667592043827e-03
2.0699604928652700e-02	0.0000000000000000e+00	6.0732585521400262e-03
2.0717058221172702e-02	0.0000000000000000e+00	4.9241253183524014e-03
2.0734511513692599e-02	0.0000000000000000e+00	5.2889537825731026e-03
2.0751964806212601e-02	0.0000000000000000e+00	6.3346764530453070e-03
2.0769418098732499e-02	0.0000000000000000e+00	7.2353795089898920e-03
2.0786871391252501e-02	0.0000000000000000e+00	7.9684596331504043e-03
2.0804324683772399e-02	0.0000000000000000e+00	8.5154397533092618e-03
2.0821777976292300e-02	0.0000000000000000e+00	8.8624603620468534e-03
2.0839231268812299e-02	0.0000000000000000e+00	9.0006622849770901e-03
2.0856684561332200e-02	0.0000000000000000e+00	8.9264342716549594e-03
2.0874137853852202e-02	0.0000000000000000e+00	8.6415210023224054e-03
2.0891591146372099e-02	0.0000000000000000e+00	8.1529872200815090e-03
2.0909044438892101e-02	0.0000000000000000e+00	7.4730382052365929e-03
2.0926497731411999e-02	0.0000000000000000e+00	6.6187056307558390e-03
2.0943951023932001e-02	0.0000000000000000e+00	5.6114002230951421e-03
