0.0000000000000000e+00	0.0000000000000000e+00	0.0000000000000000e+00
1.7453292519943300e-05	0.0000000000000000e+00	3.2212363004785441e-17
3.4906585039886600e-05	0.0000000000000000e+00	5.3389305251291634e-16
5.2359877559829903e-05	0.0000000000000000e+00	2.0059098150803513e-15
6.9813170079773199e-05	0.0000000000000000e+00	5.8189329206884077e-15
8.7266462599716496e-05	0.0000000000000000e+00	1.2373976622785937e-14
1.0471975511966000e-04	0.0000000000000000e+00	2.1021018160910309e-14
1.2217304763960301e-04	0.0000000000000000e+00	3.3396009523040750e-14
1.3962634015954599e-04	0.0000000000000000e+00	4.7953376822971514e-14
1.5707963267949001e-04	0.0000000000000000e+00	6.7485335134960455e-14
1.7453292519943299e-04	0.0000000000000000e+00	9.1906123678802674e-14
1.9198621771937600e-04	0.0000000000000000e+00	1.2202744216930185e-13
2.0943951023931999e-04	0.0000000000000000e+00	1.7140798954401986e-13
2.2689280275926300e-04	0.0000000000000000e+00	2.2440421715740908e-13
2.4434609527920601e-04	0.0000000000000000e+00	2.5926445362537873e-13
2.6179938779914903e-04	0.0000000000000000e+00	3.6542297797297716e-13
2.7925268031909301e-04	0.0000000000000000e+00	4.8381612757881920e-13
2.9670597283903603e-04	0.0000000000000000e+00	5.3118503664410378e-13
3.1415926535897898e-04	0.0000000000000000e+00	5.6806144770976461e-13
3.3161255787892303e-04	0.0000000000000000e+00	5.9150241446902654e-13
3.4906585039886598e-04	0.0000000000000000e+00	5.7976486170791229e-13
3.6651914291880900e-04	0.0000000000000000e+00	6.2547641290434211e-13
3.8397243543875201e-04	0.0000000000000000e+00	8.1086065958991764e-13
4.0142572795869599e-04	0.0000000000000000e+00	9.2475143243145574e-13
4.1887902047863901e-04	0.0000000000000000e+00	1.1472507012697578e-12
4.3633231299858202e-04	0.0000000000000000e+00	1.4155521358833353e-12
4.5378560551852601e-04	0.0000000000000000e+00	1.8083231833503854e-12
4.7123889803846902e-04	0.0000000000000000e+00	2.4726816075918532e-12
4.8869219055841203e-04	0.0000000000000000e+00	3.6365720928893956e-12
5.0614548307835602e-04	0.0000000000000000e+00	5.5344519136342181e-12
5.2359877559829903e-04	0.0000000000000000e+00	8.0045446665608631e-12
5.4105206811824204e-04	0.0000000000000000e+00	1.1122371493726751e-11
5.5850536063818505e-04	0.0000000000000000e+00	1.4465488921242974e-11
5.7595865315812904e-04	0.0000000000000000e+00	1.9146814925099891e-11
5.9341194567807205e-04	0.0000000000000000e+00	2.3205087287806099e-11
6.1086523819801496e-04	0.0000000000000000e+00	2.6363132221865840e-11
6.2831853071795905e-04	0.0000000000000000e+00	2.8970423717912118e-11
6.4577182323790196e-04	0.0000000000000000e+00	3.3247842606360040e-11
6.6322511575784497e-04	0.0000000000000000e+00	3.5010519272433136e-11
6.8067840827778798e-04	0.0000000000000000e+00	3.4455472996904090e-11
6.9813170079773197e-04	0.0000000000000000e+00	3.2512645241946627e-11
7.1558499331767498e-04	0.0000000000000000e+00	3.6380760852681667e-11
7.3303828583761799e-04	0.0000000000000000e+00	3.1104937509792731e-11
7.5049157835756198e-04	0.0000000000000000e+00	2.2184453339660858e-11
7.6794487087750499e-04	0.0000000000000000e+00	1.4898695355224957e-11
7.8539816339744800e-04	0.0000000000000000e+00	1.2426685156451437e-11
8.0285145591739199e-04	0.0000000000000000e+00	1.1096363541051853e-11
8.2030474843733500e-04	0.0000000000000000e+00	1.1240088216055806e-11
8.3775804095727801e-04	0.0000000000000000e+00	1.2887537752262154e-11
8.5521133347722102e-04	0.0000000000000000e+00	1.6853524948710961e-11
8.7266462599716501e-04	0.0000000000000000e+00	1.1307295462497030e-11
8.9011791851710802e-04	0.0000000000000000e+00	4.1450163410666242e-13
9.0757121103705104e-04	0.0000000000000000e+00	3.9380208214376614e-11
9.2502450355699502e-04	0.0000000000000000e+00	3.4165041204925386e-11
9.4247779607693804e-04	0.0000000000000000e+00	4.2929154222865092e-12
9.5993108859688105e-04	0.0000000000000000e+00	9.0846782286008003e-11
9.7738438111682406e-04	0.0000000000000000e+00	1.7546187898752124e-10
9.9483767363676805e-04	0.0000000000000000e+00	1.6653029697138565e-10
1.0122909661567101e-03	0.0000000000000000e+00	1.7195872196063434e-10
1.0297442586766500e-03	0.0000000000000000e+00	2.0752151981827697e-10
1.0471975511966000e-03	0.0000000000000000e+00	2.3476212788261109e-10
1.0646508437165401e-03	0.0000000000000000e+00	2.5432827529094440e-10
1.0821041362364800e-03	0.0000000000000000e+00	2.3164306331923366e-10
1.0995574287564300e-03	0.0000000000000000e+00	2.1242469618038126e-10
1.1170107212763701e-03	0.0000000000000000e+00	1.8901794777807790e-10
1.1344640137963100e-03	0.0000000000000000e+00	1.6440461382408785e-10
1.1519173063162600e-03	0.0000000000000000e+00	1.3754391900335904e-10
1.1693705988361999e-03	0.0000000000000000e+00	1.0946756049773311e-10
1.1868238913561400e-03	0.0000000000000000e+00	7.9710829286433992e-11
1.2042771838760900e-03	0.0000000000000000e+00	4.9553868285503750e-11
1.2217304763960299e-03	0.0000000000000000e+00	1.9387817631714988e-11
1.2391837689159700e-03	0.0000000000000000e+00	9.1420349345198645e-12
1.2566370614359201e-03	0.0000000000000000e+00	3.3721887966482039e-11
1.2740903539558599e-03	0.0000000000000000e+00	5.3158647067021690e-11
1.2915436464758000e-03	0.0000000000000000e+00	6.2829571352476105e-11
1.3089969389957501e-03	0.0000000000000000e+00	6.0322443898698855e-11
1.3264502315156899e-03	0.0000000000000000e+00	4.0443933494111253e-11
1.3439035240356300e-03	0.0000000000000000e+00	4.5013127611143872e-11
1.3613568165555801e-03	0.0000000000000000e+00	5.4602445069724947e-12
1.3788101090755199e-03	0.0000000000000000e+00	7.8155297798853177e-11
1.3962634015954600e-03	0.0000000000000000e+00	1.7146803768519625e-10
1.4137166941154101e-03	0.0000000000000000e+00	3.3632162208191776e-10
1.4311699866353500e-03	0.0000000000000000e+00	3.0641220119466579e-10
1.4486232791552900e-03	0.0000000000000000e+00	3.0637882741891762e-10
1.4660765716752401e-03	0.0000000000000000e+00	2.9702972606472297e-10
1.4835298641951800e-03	0.0000000000000000e+00	2.5626594139652788e-10
1.5009831567151201e-03	0.0000000000000000e+00	2.0440817343880119e-10
1.5184364492350699e-03	0.0000000000000000e+00	1.4636215863957948e-10
1.5358897417550100e-03	0.0000000000000000e+00	8.9611418789938349e-11
1.5533430342749501e-03	0.0000000000000000e+00	2.4179238608057832e-11
1.5707963267948999e-03	0.0000000000000000e+00	4.6654200657912301e-11
1.5882496193148400e-03	0.0000000000000000e+00	1.1972300754947707e-10
1.6057029118347801e-03	0.0000000000000000e+00	1.8794926915808793e-10
1.6231562043547299e-03	0.0000000000000000e+00	2.6670443891568807e-10
1.6406094968746700e-03	0.0000000000000000e+00	3.4581763266785387e-10
1.6580627893946101e-03	0.0000000000000000e+00	3.8964794417265317e-10
1.6755160819145599e-03	0.0000000000000000e+00	2.7801357792506601e-10
1.6929693744345000e-03	0.0000000000000000e+00	8.7207197463790714e-11
1.7104226669544401e-03	0.0000000000000000e+00	4.6666947487328941e-11
1.7278759594743899e-03	0.0000000000000000e+00	1.1221456023505910e-10
1.7453292519943300e-03	0.0000000000000000e+00	2.7720155234807822e-10
1.7627825445142699e-03	0.0000000000000000e+00	2.5211974933984915e-10
1.7802358370342200e-03	0.0000000000000000e+00	2.0646255142814027e-10
1.7976891295541600e-03	0.0000000000000000e+00	1.7822086639590271e-10
1.8151424220740999e-03	0.0000000000000000e+00	1.3762193083266885e-10
1.8325957145940500e-03	0.0000000000000000e+00	1.2424790899910262e-10
1.8500490071139900e-03	0.0000000000000000e+00	1.1147127275054625e-10
1.8675022996339299e-03	0.0000000000000000e+00	9.5497264284739869e-11
1.8849555921538800e-03	0.0000000000000000e+00	7.7450123923831007e-11
1.9024088846738201e-03	0.0000000000000000e+00	5.9414169493576113e-11
1.9198621771937599e-03	0.0000000000000000e+00	4.4774668402167844e-11
1.9373154697137100e-03	0.0000000000000000e+00	2.3198777317559593e-11
1.9547687622336499e-03	0.0000000000000000e+00	2.4630593246401100e-12
1.9722220547535902e-03	0.0000000000000000e+00	2.4672763398320141e-11
1.9896753472735400e-03	0.0000000000000000e+00	8.4882984972486919e-12
2.0071286397934799e-03	0.0000000000000000e+00	8.9451869305853804e-11
2.0245819323134202e-03	0.0000000000000000e+00	2.1045910934130996e-10
2.0420352248333700e-03	0.0000000000000000e+00	3.4488630744691773e-10
2.0594885173533099e-03	0.0000000000000000e+00	6.9257686293854731e-10
2.0769418098732502e-03	0.0000000000000000e+00	1.2748668344955694e-09
2.0943951023932000e-03	0.0000000000000000e+00	1.7379794292095296e-09
2.1118483949131399e-03	0.0000000000000000e+00	1.4517154006687960e-09
2.1293016874330802e-03	0.0000000000000000e+00	1.3332354142133601e-09
2.1467549799530201e-03	0.0000000000000000e+00	1.1330854029567919e-09
2.1642082724729699e-03	0.0000000000000000e+00	9.4363589338286591e-10
2.1816615649929102e-03	0.0000000000000000e+00	7.6585547674696067e-10
2.1991148575128501e-03	0.0000000000000000e+00	6.2864711439930554e-10
2.2165681500327999e-03	0.0000000000000000e+00	6.0451358838402997e-10
2.2340214425527402e-03	0.0000000000000000e+00	6.0324976161292912e-10
2.2514747350726801e-03	0.0000000000000000e+00	5.4907143409851575e-10
2.2689280275926299e-03	0.0000000000000000e+00	4.3841006313553171e-10
2.2863813201125698e-03	0.0000000000000000e+00	2.8724329761541795e-10
2.3038346126325101e-03	0.0000000000000000e+00	1.8275261219700273e-10
2.3212879051524599e-03	0.0000000000000000e+00	6.8005217776501148e-11
2.3387411976723998e-03	0.0000000000000000e+00	1.2053872255803760e-10
2.3561944901923401e-03	0.0000000000000000e+00	3.6514132624627937e-10
2.3736477827122899e-03	0.0000000000000000e+00	3.4739670536944323e-10
2.3911010752322298e-03	0.0000000000000000e+00	4.2772971254288750e-10
2.4085543677521701e-03	0.0000000000000000e+00	1.9044526840955589e-09
2.4260076602721200e-03	0.0000000000000000e+00	2.6337864599771527e-09
2.4434609527920598e-03	0.0000000000000000e+00	2.8206950659741270e-09
2.4609142453120001e-03	0.0000000000000000e+00	2.2652914422743864e-09
2.4783675378319500e-03	0.0000000000000000e+00	2.0491556233966091e-09
2.4958208303518898e-03	0.0000000000000000e+00	1.5401518924139726e-09
2.5132741228718301e-03	0.0000000000000000e+00	1.1650069119042289e-09
2.5307274153917800e-03	0.0000000000000000e+00	8.3655819836485346e-10
2.5481807079117198e-03	0.0000000000000000e+00	6.2837187211374490e-10
2.5656340004316601e-03	0.0000000000000000e+00	5.6524791347111608e-10
2.5830872929516100e-03	0.0000000000000000e+00	4.3169452788958257e-10
2.6005405854715499e-03	0.0000000000000000e+00	2.6568407250713438e-10
2.6179938779914902e-03	0.0000000000000000e+00	9.3685366322343588e-11
2.6354471705114400e-03	0.0000000000000000e+00	7.2564640819609838e-11
2.6529004630313799e-03	0.0000000000000000e+00	2.4515605973225718e-10
2.6703537555513202e-03	0.0000000000000000e+00	5.1180076409557129e-10
2.6878070480712700e-03	0.0000000000000000e+00	7.9989625383428131e-10
2.7052603405912099e-03	0.0000000000000000e+00	1.2950578775604987e-09
2.7227136331111502e-03	0.0000000000000000e+00	8.2889784944716050e-10
2.7401669256311000e-03	0.0000000000000000e+00	5.1191185318488763e-10
2.7576202181510399e-03	0.0000000000000000e+00	1.9684481822324074e-09
2.7750735106709802e-03	0.0000000000000000e+00	3.6340177711653709e-09
2.7925268031909300e-03	0.0000000000000000e+00	4.4844869727389547e-09
2.8099800957108699e-03	0.0000000000000000e+00	4.1111578555526329e-09
2.8274333882308102e-03	0.0000000000000000e+00	3.9422426922289949e-09
2.8448866807507600e-03	0.0000000000000000e+00	3.7471976216396641e-09
2.8623399732706999e-03	0.0000000000000000e+00	3.0421173466584073e-09
2.8797932657906402e-03	0.0000000000000000e+00	2.3497678418912121e-09
2.8972465583105901e-03	0.0000000000000000e+00	1.7576915073164862e-09
2.9146998508305299e-03	0.0000000000000000e+00	1.5083297607871443e-09
2.9321531433504698e-03	0.0000000000000000e+00	1.3574340452680508e-09
2.9496064358704201e-03	0.0000000000000000e+00	7.7169933876235219e-10
2.9670597283903599e-03	0.0000000000000000e+00	2.9674408958714482e-10
2.9845130209102998e-03	0.0000000000000000e+00	1.1312154728562729e-10
3.0019663134302501e-03	0.0000000000000000e+00	3.7718086314843247e-10
3.0194196059501899e-03	0.0000000000000000e+00	7.4468193308856179e-10
3.0368728984701298e-03	0.0000000000000000e+00	1.3639724621029164e-09
3.0543261909900801e-03	0.0000000000000000e+00	2.1930421016495838e-09
3.0717794835100200e-03	0.0000000000000000e+00	2.3362813910028646e-09
3.0892327760299598e-03	0.0000000000000000e+00	6.3384112194975195e-10
3.1066860685499101e-03	0.0000000000000000e+00	1.0643483607485071e-09
3.1241393610698500e-03	0.0000000000000000e+00	3.2132975065490843e-09
3.1415926535897898e-03	0.0000000000000000e+00	3.8547072135804161e-09
3.1590459461097401e-03	0.0000000000000000e+00	3.3743396557830985e-09
3.1764992386296800e-03	0.0000000000000000e+00	3.0999790143725059e-09
3.1939525311496198e-03	0.0000000000000000e+00	2.8547622367165043e-09
3.2114058236695701e-03	0.0000000000000000e+00	2.4179859807113568e-09
3.2288591161895100e-03	0.0000000000000000e+00	1.8754431354260637e-09
3.2463124087094499e-03	0.0000000000000000e+00	1.3407939097095228e-09
3.2637657012294001e-03	0.0000000000000000e+00	8.8175183127203738e-10
3.2812189937493400e-03	0.0000000000000000e+00	5.9870601770532772e-10
3.2986722862692799e-03	0.0000000000000000e+00	4.2927332218403724e-10
3.3161255787892301e-03	0.0000000000000000e+00	2.5104793742979081e-10
3.3335788713091700e-03	0.0000000000000000e+00	1.5649273630430338e-10
3.3510321638291099e-03	0.0000000000000000e+00	5.2613218686284324e-11
3.3684854563490602e-03	0.0000000000000000e+00	3.9645678797176065e-10
3.3859387488690000e-03	0.0000000000000000e+00	1.0052235064304804e-09
3.4033920413889399e-03	0.0000000000000000e+00	2.2899168230020028e-09
3.4208453339088902e-03	0.0000000000000000e+00	3.4684052799965892e-09
3.4382986264288300e-03	0.0000000000000000e+00	2.2520898410038903e-09
3.4557519189487699e-03	0.0000000000000000e+00	4.1999875799447750e-11
3.4732052114687202e-03	0.0000000000000000e+00	2.2897696750831531e-09
3.4906585039886600e-03	0.0000000000000000e+00	4.2590505848656701e-09
3.5081117965085999e-03	0.0000000000000000e+00	3.6812512352671356e-09
3.5255650890285502e-03	0.0000000000000000e+00	3.1028003426129824e-09
3.5430183815484901e-03	0.0000000000000000e+00	2.4130943211513045e-09
3.5604716740684299e-03	0.0000000000000000e+00	1.7391210706783899e-09
3.5779249665883698e-03	0.0000000000000000e+00	8.3774971833781853e-10
3.5953782591083201e-03	0.0000000000000000e+00	7.6619919393491887e-11
3.6128315516282599e-03	0.0000000000000000e+00	6.0167939467531406e-10
3.6302848441482102e-03	0.0000000000000000e+00	1.6909748449568662e-09
3.6477381366681501e-03	0.0000000000000000e+00	2.3706065146924388e-09
3.6651914291880900e-03	0.0000000000000000e+00	2.1104730198694133e-09
3.6826447217080398e-03	0.0000000000000000e+00	4.7160807724322407e-10
3.7000980142279801e-03	0.0000000000000000e+00	8.1647741562509979e-10
3.7175513067479200e-03	0.0000000000000000e+00	2.0462579916093182e-09
3.7350045992678598e-03	0.0000000000000000e+00	2.7132537657598155e-09
3.7524578917878101e-03	0.0000000000000000e+00	3.7165279330626799e-09
3.7699111843077500e-03	0.0000000000000000e+00	2.9993904686331785e-09
3.7873644768276998e-03	0.0000000000000000e+00	2.7456662247613006e-10
3.8048177693476401e-03	0.0000000000000000e+00	4.3152154293422951e-09
3.8222710618675800e-03	0.0000000000000000e+00	6.3297901035236359e-09
3.8397243543875199e-03	0.0000000000000000e+00	5.7573040705520551e-09
3.8571776469074701e-03	0.0000000000000000e+00	9.5452954785094080e-10
3.8746309394274100e-03	0.0000000000000000e+00	2.7065023087274875e-09
3.8920842319473499e-03	0.0000000000000000e+00	2.8822463135798337e-09
3.9095375244672997e-03	0.0000000000000000e+00	3.1328380228554109e-09
3.9269908169872400e-03	0.0000000000000000e+00	2.9257312854965439e-09
3.9444441095071803e-03	0.0000000000000000e+00	2.5873880813483824e-09
3.9618974020271302e-03	0.0000000000000000e+00	2.1394146335149827e-09
3.9793506945470696e-03	0.0000000000000000e+00	1.6633369733648484e-09
3.9968039870670099e-03	0.0000000000000000e+00	1.0160407268137994e-09
4.0142572795869597e-03	0.0000000000000000e+00	4.9259170202022029e-10
4.0317105721069000e-03	0.0000000000000000e+00	1.5823428938660511e-11
4.0491638646268403e-03	0.0000000000000000e+00	2.5776668473309616e-10
4.0666171571467902e-03	0.0000000000000000e+00	3.3603055884720567e-10
4.0840704496667296e-03	0.0000000000000000e+00	4.9946956076282745e-10
4.1015237421866699e-03	0.0000000000000000e+00	1.9967811189236517e-09
4.1189770347066198e-03	0.0000000000000000e+00	5.5201839718223289e-09
4.1364303272265601e-03	0.0000000000000000e+00	8.7168402686937929e-09
4.1538836197465004e-03	0.0000000000000000e+00	1.0447640206960596e-08
4.1713369122664502e-03	0.0000000000000000e+00	1.1977391307059493e-08
4.1887902047863896e-03	0.0000000000000000e+00	1.1811662249412019e-08
4.2062434973063299e-03	0.0000000000000000e+00	1.0087202897621217e-08
4.2236967898262798e-03	0.0000000000000000e+00	8.5190808149157582e-09
4.2411500823462201e-03	0.0000000000000000e+00	7.1682007959580907e-09
4.2586033748661604e-03	0.0000000000000000e+00	7.5964091354047136e-09
4.2760566673861102e-03	0.0000000000000000e+00	7.6097860009921581e-09
4.2935099599060497e-03	0.0000000000000000e+00	6.3397716390869996e-09
4.3109632524259900e-03	0.0000000000000000e+00	5.4008494527763712e-09
4.3284165449459398e-03	0.0000000000000000e+00	4.0006435618727271e-09
4.3458698374658801e-03	0.0000000000000000e+00	2.9718850570563393e-09
4.3633231299858204e-03	0.0000000000000000e+00	1.7339083007925082e-09
4.3807764225057702e-03	0.0000000000000000e+00	9.2015329730688045e-10
4.3982297150257097e-03	0.0000000000000000e+00	2.8730349466675464e-09
4.4156830075456500e-03	0.0000000000000000e+00	3.5088871916562347e-09
4.4331363000655998e-03	0.0000000000000000e+00	4.0499653743489294e-09
4.4505895925855401e-03	0.0000000000000000e+00	4.6731335767193072e-09
4.4680428851054804e-03	0.0000000000000000e+00	4.7514872765497262e-09
4.4854961776254303e-03	0.0000000000000000e+00	4.5482325457951722e-09
4.5029494701453697e-03	0.0000000000000000e+00	4.7571435887738822e-09
4.5204027626653100e-03	0.0000000000000000e+00	4.6615228717003521e-09
4.5378560551852598e-03	0.0000000000000000e+00	3.5402002917725439e-09
4.5553093477052001e-03	0.0000000000000000e+00	3.6424149590583155e-09
4.5727626402251396e-03	0.0000000000000000e+00	3.3226654027988800e-09
4.5902159327450903e-03	0.0000000000000000e+00	2.4668118199164257e-10
4.6076692252650297e-03	0.0000000000000000e+00	1.8987718610960491e-09
4.6251225177849700e-03	0.0000000000000000e+00	2.9127361052608269e-09
4.6425758103049199e-03	0.0000000000000000e+00	2.4181520219372643e-09
4.6600291028248602e-03	0.0000000000000000e+00	1.5666025304263143e-09
4.6774823953447996e-03	0.0000000000000000e+00	8.6582558700767920e-10
4.6949356878647503e-03	0.0000000000000000e+00	1.2297699729206524e-10
4.7123889803846897e-03	0.0000000000000000e+00	6.5200981462856800e-10
4.7298422729046300e-03	0.0000000000000000e+00	1.4806788967668127e-09
4.7472955654245799e-03	0.0000000000000000e+00	2.2220969539236968e-09
4.7647488579445202e-03	0.0000000000000000e+00	3.1171431239158942e-09
4.7822021504644596e-03	0.0000000000000000e+00	4.4463241612863191e-09
4.7996554429844103e-03	0.0000000000000000e+00	7.0131154859126577e-09
4.8171087355043498e-03	0.0000000000000000e+00	1.0853341391413307e-08
4.8345620280242901e-03	0.0000000000000000e+00	1.2294941066984255e-08
4.8520153205442399e-03	0.0000000000000000e+00	9.9119003404285477e-09
4.8694686130641802e-03	0.0000000000000000e+00	6.9537030283201018e-09
4.8869219055841196e-03	0.0000000000000000e+00	6.1832325015317990e-09
4.9043751981040704e-03	0.0000000000000000e+00	6.5270968768738058e-09
4.9218284906240098e-03	0.0000000000000000e+00	6.1151372971433859e-09
4.9392817831439501e-03	0.0000000000000000e+00	5.8162358518819290e-09
4.9567350756638999e-03	0.0000000000000000e+00	5.8221581188989957e-09
4.9741883681838402e-03	0.0000000000000000e+00	6.1172336484477396e-09
4.9916416607037797e-03	0.0000000000000000e+00	5.9928277058689250e-09
5.0090949532237304e-03	0.0000000000000000e+00	4.3004880490027375e-09
5.0265482457436698e-03	0.0000000000000000e+00	8.0863276925163818e-10
5.0440015382636101e-03	0.0000000000000000e+00	9.3881346793778242e-10
5.0614548307835600e-03	0.0000000000000000e+00	1.2789771780714887e-09
5.0789081233035003e-03	0.0000000000000000e+00	4.8831709942992463e-11
5.0963614158234397e-03	0.0000000000000000e+00	1.2816294072022505e-09
5.1138147083433904e-03	0.0000000000000000e+00	1.1845946402619378e-09
5.1312680008633298e-03	0.0000000000000000e+00	2.0752058470067947e-09
5.1487212933832701e-03	0.0000000000000000e+00	3.1125357439001911e-09
5.1661745859032200e-03	0.0000000000000000e+00	1.9294204740838428e-09
5.1836278784231603e-03	0.0000000000000000e+00	4.4961620190853147e-10
5.2010811709430997e-03	0.0000000000000000e+00	4.8787196157973334e-10
5.2185344634630504e-03	0.0000000000000000e+00	3.5079240293806047e-10
5.2359877559829899e-03	0.0000000000000000e+00	5.3159812489489422e-11
5.2534410485029302e-03	0.0000000000000000e+00	3.2752653107009921e-10
5.2708943410228696e-03	0.0000000000000000e+00	2.6619554347254160e-10
5.2883476335428203e-03	0.0000000000000000e+00	2.5782684151716417e-09
5.3058009260627597e-03	0.0000000000000000e+00	5.6942952783578527e-09
5.3232542185827000e-03	0.0000000000000000e+00	5.6500193057126835e-09
5.3407075111026499e-03	0.0000000000000000e+00	4.2215985061010153e-09
5.3581608036225902e-03	0.0000000000000000e+00	3.6136836201357270e-09
5.3756140961425296e-03	0.0000000000000000e+00	2.7860185022703099e-09
5.3930673886624803e-03	0.0000000000000000e+00	2.1555326443038758e-09
5.4105206811824198e-03	0.0000000000000000e+00	1.6751598641215337e-09
5.4279739737023601e-03	0.0000000000000000e+00	1.4838603197737943e-09
5.4454272662223099e-03	0.0000000000000000e+00	1.8476991698809786e-09
5.4628805587422502e-03	0.0000000000000000e+00	2.0245466570562032e-09
5.4803338512621896e-03	0.0000000000000000e+00	1.1183286397625780e-09
5.4977871437821403e-03	0.0000000000000000e+00	2.5495214359821938e-10
5.5152404363020798e-03	0.0000000000000000e+00	1.3682036666823327e-10
5.5326937288220201e-03	0.0000000000000000e+00	3.8761442111567845e-09
5.5501470213419699e-03	0.0000000000000000e+00	7.6313406583566890e-09
5.5676003138619102e-03	0.0000000000000000e+00	1.2623205204211063e-08
5.5850536063818497e-03	0.0000000000000000e+00	1.3687150011466864e-08
5.6025068989018004e-03	0.0000000000000000e+00	1.2070972189685836e-08
5.6199601914217398e-03	0.0000000000000000e+00	1.0381811726273282e-08
5.6374134839416801e-03	0.0000000000000000e+00	8.3359577092607939e-09
5.6548667764616299e-03	0.0000000000000000e+00	6.0456473239059449e-09
5.6723200689815702e-03	0.0000000000000000e+00	2.8153002038996955e-09
5.6897733615015097e-03	0.0000000000000000e+00	9.5303027752499658e-10
5.7072266540214604e-03	0.0000000000000000e+00	5.5715844307982487e-10
5.7246799465413998e-03	0.0000000000000000e+00	3.8832548765119212e-10
5.7421332390613401e-03	0.0000000000000000e+00	9.8923614438861662e-10
5.7595865315812900e-03	0.0000000000000000e+00	2.5133108949061678e-09
5.7770398241012303e-03	0.0000000000000000e+00	4.5550744153140255e-09
5.7944931166211697e-03	0.0000000000000000e+00	7.4178559861422244e-09
5.8119464091411204e-03	0.0000000000000000e+00	8.4054738854963396e-09
5.8293997016610598e-03	0.0000000000000000e+00	9.4846679477358919e-09
5.8468529941810002e-03	0.0000000000000000e+00	8.9379151484506036e-09
5.8643062867009500e-03	0.0000000000000000e+00	7.2742045000365185e-09
5.8817595792208903e-03	0.0000000000000000e+00	8.6500376982739935e-09
5.8992128717408297e-03	0.0000000000000000e+00	1.2013552316142428e-08
5.9166661642607796e-03	0.0000000000000000e+00	1.1810632271659627e-08
5.9341194567807199e-03	0.0000000000000000e+00	9.9433737788673371e-09
5.9515727493006602e-03	0.0000000000000000e+00	8.6694469068893110e-09
5.9690260418206100e-03	0.0000000000000000e+00	1.1247874764398758e-08
5.9864793343405503e-03	0.0000000000000000e+00	1.4373553731353989e-08
6.0039326268604898e-03	0.0000000000000000e+00	1.2800187805962066e-08
6.0213859193804396e-03	0.0000000000000000e+00	1.1843808768799424e-08
6.0388392119003799e-03	0.0000000000000000e+00	1.0548194045653658e-08
6.0562925044203202e-03	0.0000000000000000e+00	8.6852559458630574e-09
6.0737457969402700e-03	0.0000000000000000e+00	6.4759443823073082e-09
6.0911990894602103e-03	0.0000000000000000e+00	4.5171383491332540e-09
6.1086523819801498e-03	0.0000000000000000e+00	2.6983344252572150e-09
6.1261056745000996e-03	0.0000000000000000e+00	1.0779571410837741e-09
6.1435589670200399e-03	0.0000000000000000e+00	2.1705881666708726e-10
6.1610122595399802e-03	0.0000000000000000e+00	1.3289236165496543e-09
6.1784655520599301e-03	0.0000000000000000e+00	1.5796688601285580e-09
6.1959188445798704e-03	0.0000000000000000e+00	1.1286032750718045e-09
6.2133721370998098e-03	0.0000000000000000e+00	6.1608699652299093e-10
6.2308254296197596e-03	0.0000000000000000e+00	2.2565851444389384e-10
6.2482787221396999e-03	0.0000000000000000e+00	3.7413464227739612e-09
6.2657320146596402e-03	0.0000000000000000e+00	7.5930397195472787e-09
6.2831853071795901e-03	0.0000000000000000e+00	6.1546304120849160e-09
6.3006385996995304e-03	0.0000000000000000e+00	5.2601490238210480e-09
6.3180918922194698e-03	0.0000000000000000e+00	6.3150927985186622e-09
6.3355451847394197e-03	0.0000000000000000e+00	6.1074843208004659e-09
6.3529984772593600e-03	0.0000000000000000e+00	4.9080501537956955e-09
6.3704517697793003e-03	0.0000000000000000e+00	2.2589961021571292e-09
6.3879050622992501e-03	0.0000000000000000e+00	1.2579538916611399e-09
6.4053583548191904e-03	0.0000000000000000e+00	1.5972026388109961e-09
6.4228116473391298e-03	0.0000000000000000e+00	1.0960792642435158e-09
6.4402649398590797e-03	0.0000000000000000e+00	7.6690205184568039e-10
6.4577182323790200e-03	0.0000000000000000e+00	2.8611711264114881e-10
6.4751715248989603e-03	0.0000000000000000e+00	1.6781907851218247e-09
6.4926248174188997e-03	0.0000000000000000e+00	2.9033857627119852e-09
6.5100781099388504e-03	0.0000000000000000e+00	2.3306901924917411e-09
6.5275314024587899e-03	0.0000000000000000e+00	2.7582968860351276e-09
6.5449846949787302e-03	0.0000000000000000e+00	3.5865838268062111e-09
6.5624379874986800e-03	0.0000000000000000e+00	4.2550172526037433e-09
6.5798912800186203e-03	0.0000000000000000e+00	4.9188209677239469e-09
6.5973445725385597e-03	0.0000000000000000e+00	4.3216477792207275e-09
6.6147978650585096e-03	0.0000000000000000e+00	1.9619111283480928e-09
6.6322511575784499e-03	0.0000000000000000e+00	5.8947478235454875e-10
6.6497044500983902e-03	0.0000000000000000e+00	4.3990537341304092e-10
6.6671577426183400e-03	0.0000000000000000e+00	8.3629988611305661e-10
6.6846110351382803e-03	0.0000000000000000e+00	7.7889718329629543e-10
6.7020643276582198e-03	0.0000000000000000e+00	8.1903439672764700e-10
6.7195176201781696e-03	0.0000000000000000e+00	4.7385967805874118e-10
6.7369709126981099e-03	0.0000000000000000e+00	1.5789210824207478e-10
6.7544242052180502e-03	0.0000000000000000e+00	7.1428486823205128e-11
6.7718774977380001e-03	0.0000000000000000e+00	7.2418011864971987e-10
6.7893307902579404e-03	0.0000000000000000e+00	1.4238264768595688e-09
6.8067840827778798e-03	0.0000000000000000e+00	2.1798934571500006e-09
6.8242373752978296e-03	0.0000000000000000e+00	2.7115613942564620e-09
6.8416906678177699e-03	0.0000000000000000e+00	3.3416694637106170e-09
6.8591439603377102e-03	0.0000000000000000e+00	3.8668166849921415e-09
6.8765972528576601e-03	0.0000000000000000e+00	4.0866781738160829e-09
6.8940505453776004e-03	0.0000000000000000e+00	1.3556748293397369e-09
6.9115038378975398e-03	0.0000000000000000e+00	3.3328120194187072e-09
6.9289571304174897e-03	0.0000000000000000e+00	7.7130278084563964e-09
6.9464104229374300e-03	0.0000000000000000e+00	1.2860558525236432e-08
6.9638637154573703e-03	0.0000000000000000e+00	1.5850257728718120e-08
6.9813170079773201e-03	0.0000000000000000e+00	1.3853089643293959e-08
6.9987703004972604e-03	0.0000000000000000e+00	1.2047824505395655e-08
7.0162235930171998e-03	0.0000000000000000e+00	1.1745055242609603e-08
7.0336768855371497e-03	0.0000000000000000e+00	1.0497090937363479e-08
7.0511301780570900e-03	0.0000000000000000e+00	9.2109153867515892e-09
7.0685834705770303e-03	0.0000000000000000e+00	5.9292588928949730e-09
7.0860367630969801e-03	0.0000000000000000e+00	1.8571342037983218e-09
7.1034900556169204e-03	0.0000000000000000e+00	7.7460361258899213e-10
7.1209433481368599e-03	0.0000000000000000e+00	1.2994142194536207e-09
7.1383966406568097e-03	0.0000000000000000e+00	1.4456821655593755e-09
7.1558499331767500e-03	0.0000000000000000e+00	1.0819039266904418e-09
7.1733032256966903e-03	0.0000000000000000e+00	4.5382321941199455e-09
7.1907565182166401e-03	0.0000000000000000e+00	6.7601961853923365e-09
7.2082098107365796e-03	0.0000000000000000e+00	7.4025413459612166e-09
7.2256631032565199e-03	0.0000000000000000e+00	8.4369734592790180e-09
7.2431163957764697e-03	0.0000000000000000e+00	9.9105989777650838e-09
7.2605696882964100e-03	0.0000000000000000e+00	1.0258956672885844e-08
7.2780229808163503e-03	0.0000000000000000e+00	8.2882969229189363e-09
7.2954762733363002e-03	0.0000000000000000e+00	7.1648407727609165e-09
7.3129295658562396e-03	0.0000000000000000e+00	5.7710644136774181e-09
7.3303828583761799e-03	0.0000000000000000e+00	3.9557228621173168e-09
7.3478361508961297e-03	0.0000000000000000e+00	3.0124905781719891e-09
7.3652894434160700e-03	0.0000000000000000e+00	3.8963178169981738e-09
7.3827427359360103e-03	0.0000000000000000e+00	5.9268559482981986e-09
7.4001960284559602e-03	0.0000000000000000e+00	5.3703517370953802e-09
7.4176493209758996e-03	0.0000000000000000e+00	4.8245059917559341e-09
7.4351026134958399e-03	0.0000000000000000e+00	4.4419070279605455e-09
7.4525559060157898e-03	0.0000000000000000e+00	3.3019703265038669e-09
7.4700091985357301e-03	0.0000000000000000e+00	2.3861841092452651e-09
7.4874624910556704e-03	0.0000000000000000e+00	1.5515503278863696e-09
7.5049157835756202e-03	0.0000000000000000e+00	6.5851255091203820e-10
7.5223690760955596e-03	0.0000000000000000e+00	6.0224368894634672e-12
7.5398223686154999e-03	0.0000000000000000e+00	8.3793522294428602e-10
7.5572756611354498e-03	0.0000000000000000e+00	1.2996685056290702e-09
7.5747289536553901e-03	0.0000000000000000e+00	9.1763884078194247e-10
7.5921822461753304e-03	0.0000000000000000e+00	1.2404461312287562e-10
7.6096355386952802e-03	0.0000000000000000e+00	9.7117557572301560e-10
7.6270888312152197e-03	0.0000000000000000e+00	1.7308420321993090e-12
7.6445421237351600e-03	0.0000000000000000e+00	4.8381651428230921e-09
7.6619954162551098e-03	0.0000000000000000e+00	1.0987665139718106e-08
7.6794487087750501e-03	0.0000000000000000e+00	1.1033405230252702e-08
7.6969020012949904e-03	0.0000000000000000e+00	9.5160135344524166e-09
7.7143552938149403e-03	0.0000000000000000e+00	8.9821850087976052e-09
7.7318085863348797e-03	0.0000000000000000e+00	7.8765544663829401e-09
7.7492618788548200e-03	0.0000000000000000e+00	6.3018535550497801e-09
7.7667151713747698e-03	0.0000000000000000e+00	3.3051822056172353e-09
7.7841684638947101e-03	0.0000000000000000e+00	1.1166710308166405e-10
7.8016217564146496e-03	0.0000000000000000e+00	2.7953679648806684e-10
7.8190750489345994e-03	0.0000000000000000e+00	6.4142059719163314e-10
7.8365283414545406e-03	0.0000000000000000e+00	5.7827291262760316e-10
7.8539816339744800e-03	0.0000000000000000e+00	1.1814372262615447e-09
7.8714349264944194e-03	0.0000000000000000e+00	3.4342802560094476e-10
7.8888882190143693e-03	0.0000000000000000e+00	3.3529912700502873e-10
7.9063415115343105e-03	0.0000000000000000e+00	3.8984442063405567e-10
7.9237948040542603e-03	0.0000000000000000e+00	1.5186159959754142e-09
7.9412480965741997e-03	0.0000000000000000e+00	2.8022715597639247e-09
7.9587013890941392e-03	0.0000000000000000e+00	2.4880618416239786e-09
7.9761546816140907e-03	0.0000000000000000e+00	1.1127128524135443e-09
7.9936079741340302e-03	0.0000000000000000e+00	3.6357526798230788e-10
8.0110612666539696e-03	0.0000000000000000e+00	1.5499494266171809e-09
8.0285145591739195e-03	0.0000000000000000e+00	1.5660107099968457e-09
8.0459678516938606e-03	0.0000000000000000e+00	2.5352101988909692e-09
8.0634211442138001e-03	0.0000000000000000e+00	3.6524559999737138e-09
8.0808744367337395e-03	0.0000000000000000e+00	6.3675232261396764e-09
8.0983277292536893e-03	0.0000000000000000e+00	5.9651153157605497e-09
8.1157810217736305e-03	0.0000000000000000e+00	3.9065698774834456e-09
8.1332343142935803e-03	0.0000000000000000e+00	3.1107847812440748e-09
8.1506876068135198e-03	0.0000000000000000e+00	2.0620076991370584e-09
8.1681408993334592e-03	0.0000000000000000e+00	1.1779304888263897e-09
8.1855941918534108e-03	0.0000000000000000e+00	3.7449199991046456e-10
8.2030474843733502e-03	0.0000000000000000e+00	3.7385554114283126e-10
8.2205007768932897e-03	0.0000000000000000e+00	1.1328632689051876e-09
8.2379540694132308e-03	0.0000000000000000e+00	1.8187012833237315e-09
8.2554073619331807e-03	0.0000000000000000e+00	2.6852833710962198e-09
8.2728606544531201e-03	0.0000000000000000e+00	3.3539586238515162e-09
8.2903139469730595e-03	0.0000000000000000e+00	3.7662310787417441e-09
8.3077672394930094e-03	0.0000000000000000e+00	1.4104545482951369e-09
8.3252205320129506e-03	0.0000000000000000e+00	2.1682709221843011e-09
8.3426738245328900e-03	0.0000000000000000e+00	5.7047476863941737e-09
8.3601271170528398e-03	0.0000000000000000e+00	8.8979129368380039e-09
8.3775804095727793e-03	0.0000000000000000e+00	6.5175302403283619e-09
8.3950337020927204e-03	0.0000000000000000e+00	6.0721009557257455e-09
8.4124869946126703e-03	0.0000000000000000e+00	5.9227532834757457e-09
8.4299402871326097e-03	0.0000000000000000e+00	5.3761365979669573e-09
8.4473935796525491e-03	0.0000000000000000e+00	4.1004432596754292e-09
8.4648468721725007e-03	0.0000000000000000e+00	1.2170129105870675e-09
8.4823001646924402e-03	0.0000000000000000e+00	2.3339727173513070e-09
8.4997534572123796e-03	0.0000000000000000e+00	2.5152876574098537e-09
8.5172067497323294e-03	0.0000000000000000e+00	7.0871727193486111e-10
8.5346600422522706e-03	0.0000000000000000e+00	4.1998771691323378e-10
8.5521133347722100e-03	0.0000000000000000e+00	7.1695545594135934e-10
8.5695666272921599e-03	0.0000000000000000e+00	4.2715127533156372e-09
8.5870199198120993e-03	0.0000000000000000e+00	6.8703031228488365e-09
8.6044732123320405e-03	0.0000000000000000e+00	7.2689523124627731e-09
8.6219265048519903e-03	0.0000000000000000e+00	8.3325533625777659e-09
8.6393797973719298e-03	0.0000000000000000e+00	9.6816713682570943e-09
8.6568330898918692e-03	0.0000000000000000e+00	9.9586959815753384e-09
8.6742863824118208e-03	0.0000000000000000e+00	9.5439078636599950e-09
8.6917396749317602e-03	0.0000000000000000e+00	9.2489280244939520e-09
8.7091929674516996e-03	0.0000000000000000e+00	6.8360369465808590e-09
8.7266462599716495e-03	0.0000000000000000e+00	5.3615912872645444e-09
8.7440995524915906e-03	0.0000000000000000e+00	4.4014103741871202e-09
8.7615528450115301e-03	0.0000000000000000e+00	6.8830252374432743e-09
8.7790061375314799e-03	0.0000000000000000e+00	9.6514615006634830e-09
8.7964594300514194e-03	0.0000000000000000e+00	8.1495080302140810e-09
8.8139127225713605e-03	0.0000000000000000e+00	6.3706048071369981e-09
8.8313660150913104e-03	0.0000000000000000e+00	5.4677293270279093e-09
8.8488193076112498e-03	0.0000000000000000e+00	4.3145463560385899e-09
8.8662726001311892e-03	0.0000000000000000e+00	3.0284853292684988e-09
8.8837258926511408e-03	0.0000000000000000e+00	1.9289859935073261e-09
8.9011791851710802e-03	0.0000000000000000e+00	8.4466758717635648e-10
8.9186324776910197e-03	0.0000000000000000e+00	1.7547403634299297e-10
8.9360857702109695e-03	0.0000000000000000e+00	1.0066672495590012e-09
8.9535390627309107e-03	0.0000000000000000e+00	1.7041967290479243e-09
8.9709923552508501e-03	0.0000000000000000e+00	1.7922801324662951e-09
8.9884456477708000e-03	0.0000000000000000e+00	1.7861605484600918e-09
9.0058989402907394e-03	0.0000000000000000e+00	1.2989921534256599e-09
9.0233522328106806e-03	0.0000000000000000e+00	4.3454386287195002e-09
9.0408055253306304e-03	0.0000000000000000e+00	1.0125025437859869e-08
9.0582588178505698e-03	0.0000000000000000e+00	1.5167081387698622e-08
9.0757121103705093e-03	0.0000000000000000e+00	1.2633444083400003e-08
9.0931654028904609e-03	0.0000000000000000e+00	1.1325248176763392e-08
9.1106186954104003e-03	0.0000000000000000e+00	9.9481309891180647e-09
9.1280719879303397e-03	0.0000000000000000e+00	8.4280393484494065e-09
9.1455252804502896e-03	0.0000000000000000e+00	6.4709241606557277e-09
9.1629785729702307e-03	0.0000000000000000e+00	3.1464432804009790e-09
9.1804318654901702e-03	0.0000000000000000e+00	2.8285604457625735e-10
9.1978851580101200e-03	0.0000000000000000e+00	2.3590604946929772e-10
9.2153384505300594e-03	0.0000000000000000e+00	7.9861242879147865e-10
9.2327917430500006e-03	0.0000000000000000e+00	1.4379082993731807e-11
9.2502450355699505e-03	0.0000000000000000e+00	2.6235175750594086e-10
9.2676983280898899e-03	0.0000000000000000e+00	2.3337858316881122e-09
9.2851516206098293e-03	0.0000000000000000e+00	3.3981659708359757e-09
9.3026049131297792e-03	0.0000000000000000e+00	3.6447444081919023e-09
9.3200582056497203e-03	0.0000000000000000e+00	4.6103298800143078e-09
9.3375114981696598e-03	0.0000000000000000e+00	5.8456128722295109e-09
9.3549647906896096e-03	0.0000000000000000e+00	4.6905214903109060e-09
9.3724180832095508e-03	0.0000000000000000e+00	2.7100792773099291e-09
9.3898713757294902e-03	0.0000000000000000e+00	1.2684912764279743e-09
9.4073246682494296e-03	0.0000000000000000e+00	6.3970368498894592e-10
9.4247779607693795e-03	0.0000000000000000e+00	3.4381626625584749e-10
9.4422312532893207e-03	0.0000000000000000e+00	1.5986805837475693e-09
9.4596845458092705e-03	0.0000000000000000e+00	2.8089770691755445e-09
9.4771378383292099e-03	0.0000000000000000e+00	1.4108659119466127e-11
9.4945911308491494e-03	0.0000000000000000e+00	5.9793049895021100e-10
9.5120444233690905e-03	0.0000000000000000e+00	1.6706581647610297e-10
9.5294977158890404e-03	0.0000000000000000e+00	4.5070513640665943e-10
9.5469510084089798e-03	0.0000000000000000e+00	6.3332144606756402e-10
9.5644043009289192e-03	0.0000000000000000e+00	6.9581320479711328e-10
9.5818575934488708e-03	0.0000000000000000e+00	9.6306651065428128e-10
9.5993108859688103e-03	0.0000000000000000e+00	1.2101009148716979e-09
9.6167641784887497e-03	0.0000000000000000e+00	1.6005972554300474e-09
9.6342174710086995e-03	0.0000000000000000e+00	2.1855575266238603e-09
9.6516707635286407e-03	0.0000000000000000e+00	2.5860955065772073e-09
9.6691240560485905e-03	0.0000000000000000e+00	3.8043066570223050e-09
9.6865773485685300e-03	0.0000000000000000e+00	5.2143463687495673e-09
9.7040306410884694e-03	0.0000000000000000e+00	6.8415506029526063e-09
9.7214839336084106e-03	0.0000000000000000e+00	6.6252902929456181e-09
9.7389372261283604e-03	0.0000000000000000e+00	3.3293545273135883e-09
9.7563905186482999e-03	0.0000000000000000e+00	1.9605765205765735e-09
9.7738438111682393e-03	0.0000000000000000e+00	4.2135023942124761e-09
9.7912971036881909e-03	0.0000000000000000e+00	2.9076503193017911e-09
9.8087503962081303e-03	0.0000000000000000e+00	2.3577938984900570e-09
9.8262036887280697e-03	0.0000000000000000e+00	1.0338785834396180e-09
9.8436569812480196e-03	0.0000000000000000e+00	1.9065714588692440e-10
9.8611102737679607e-03	0.0000000000000000e+00	1.9103985238362597e-09
9.8785635662879106e-03	0.0000000000000000e+00	4.8463740481667628e-09
9.8960168588078500e-03	0.0000000000000000e+00	6.4614767061182965e-09
9.9134701513277895e-03	0.0000000000000000e+00	7.1947636975759621e-09
9.9309234438477306e-03	0.0000000000000000e+00	7.5262256860747501e-09
9.9483767363676805e-03	0.0000000000000000e+00	7.6100162486707201e-09
9.9658300288876199e-03	0.0000000000000000e+00	8.1586888907130006e-09
9.9832833214075593e-03	0.0000000000000000e+00	9.3517992672681460e-09
1.0000736613927501e-02	0.0000000000000000e+00	9.6064682415450409e-09
1.0018189906447501e-02	0.0000000000000000e+00	9.2625501626336648e-09
1.0035643198967400e-02	0.0000000000000000e+00	8.4821016694755502e-09
1.0053096491487300e-02	0.0000000000000000e+00	4.1627404292685077e-09
1.0070549784007300e-02	0.0000000000000000e+00	1.3868095578156714e-09
1.0088003076527199e-02	0.0000000000000000e+00	3.0547291050841974e-09
1.0105456369047200e-02	0.0000000000000000e+00	2.9505506319443819e-09
1.0122909661567101e-02	0.0000000000000000e+00	3.9448582464865489e-09
1.0140362954087099e-02	0.0000000000000000e+00	5.9055603584406979e-09
1.0157816246607001e-02	0.0000000000000000e+00	6.3842016473705798e-09
1.0175269539126900e-02	0.0000000000000000e+00	7.9496995184641372e-09
1.0192722831646900e-02	0.0000000000000000e+00	6.2657902941652688e-09
1.0210176124166800e-02	0.0000000000000000e+00	4.5646083575261176e-09
1.0227629416686800e-02	0.0000000000000000e+00	3.1494687929671528e-09
1.0245082709206699e-02	0.0000000000000000e+00	2.3943239916765502e-09
1.0262536001726700e-02	0.0000000000000000e+00	2.0860802625241592e-09
1.0279989294246601e-02	0.0000000000000000e+00	1.8407735084477461e-09
1.0297442586766500e-02	0.0000000000000000e+00	1.6947202499846548e-09
1.0314895879286501e-02	0.0000000000000000e+00	1.2788136678071327e-09
1.0332349171806400e-02	0.0000000000000000e+00	9.8996138803847389e-10
1.0349802464326400e-02	0.0000000000000000e+00	5.9472360066162300e-10
1.0367255756846300e-02	0.0000000000000000e+00	4.3730124642954449e-10
1.0384709049366300e-02	0.0000000000000000e+00	8.7070719557991172e-11
1.0402162341886199e-02	0.0000000000000000e+00	3.4697902884239795e-10
1.0419615634406101e-02	0.0000000000000000e+00	1.8951567277297743e-09
1.0437068926926101e-02	0.0000000000000000e+00	7.7401876262539471e-09
1.0454522219446000e-02	0.0000000000000000e+00	1.3928376312553892e-08
1.0471975511966001e-02	0.0000000000000000e+00	1.2822338062851157e-08
1.0489428804485900e-02	0.0000000000000000e+00	1.1583711119651785e-08
1.0506882097005900e-02	0.0000000000000000e+00	1.0863025026383588e-08
1.0524335389525800e-02	0.0000000000000000e+00	9.3442128401219349e-09
1.0541788682045699e-02	0.0000000000000000e+00	7.1070449898444354e-09
1.0559241974565699e-02	0.0000000000000000e+00	3.4592198276846287e-09
1.0576695267085601e-02	0.0000000000000000e+00	1.3941820701385277e-10
1.0594148559605601e-02	0.0000000000000000e+00	1.3631792483009830e-10
1.0611601852125500e-02	0.0000000000000000e+00	1.9747483119211817e-10
1.0629055144645501e-02	0.0000000000000000e+00	1.4332118655931148e-09
1.0646508437165400e-02	0.0000000000000000e+00	2.4423750582744375e-09
1.0663961729685400e-02	0.0000000000000000e+00	4.8827974038177790e-09
1.0681415022205300e-02	0.0000000000000000e+00	6.2871238944162133e-09
1.0698868314725199e-02	0.0000000000000000e+00	7.1893870223424527e-09
1.0716321607245199e-02	0.0000000000000000e+00	8.7582617607981361e-09
1.0733774899765101e-02	0.0000000000000000e+00	1.0506247191677254e-08
1.0751228192285101e-02	0.0000000000000000e+00	1.0175116532326611e-08
1.0768681484805000e-02	0.0000000000000000e+00	8.7317863495250947e-09
1.0786134777325001e-02	0.0000000000000000e+00	7.4556538711897935e-09
1.0803588069844900e-02	0.0000000000000000e+00	6.5878794815177333e-09
1.0821041362364800e-02	0.0000000000000000e+00	6.1881152415774188e-09
1.0838494654884800e-02	0.0000000000000000e+00	4.8135305507138182e-09
1.0855947947404699e-02	0.0000000000000000e+00	5.7093455388748660e-09
1.0873401239924699e-02	0.0000000000000000e+00	9.4052652441396767e-09
1.0890854532444601e-02	0.0000000000000000e+00	8.3640766990362991e-09
1.0908307824964599e-02	0.0000000000000000e+00	6.9425157064179066e-09
1.0925761117484500e-02	0.0000000000000000e+00	6.1075964849846565e-09
1.0943214410004400e-02	0.0000000000000000e+00	4.9803606512292820e-09
1.0960667702524400e-02	0.0000000000000000e+00	3.7078283685564040e-09
1.0978120995044300e-02	0.0000000000000000e+00	2.7323142082202878e-09
1.0995574287564300e-02	0.0000000000000000e+00	1.9258225201178314e-09
1.1013027580084199e-02	0.0000000000000000e+00	1.2363556385272534e-09
1.1030480872604199e-02	0.0000000000000000e+00	8.4242489069644155e-10
1.1047934165124101e-02	0.0000000000000000e+00	6.5436280569444727e-10
1.1065387457644000e-02	0.0000000000000000e+00	1.0729547944565709e-09
1.1082840750164000e-02	0.0000000000000000e+00	1.4847934722006517e-09
1.1100294042683900e-02	0.0000000000000000e+00	1.5363970165549468e-09
1.1117747335203900e-02	0.0000000000000000e+00	2.4419734880043453e-09
1.1135200627723800e-02	0.0000000000000000e+00	7.6041175743266076e-09
1.1152653920243800e-02	0.0000000000000000e+00	1.1826668572419152e-08
1.1170107212763699e-02	0.0000000000000000e+00	1.2921267266222114e-08
1.1187560505283699e-02	0.0000000000000000e+00	9.8811858010097731e-09
1.1205013797803601e-02	0.0000000000000000e+00	8.8771562913037005e-09
1.1222467090323500e-02	0.0000000000000000e+00	7.0482341955023509e-09
1.1239920382843500e-02	0.0000000000000000e+00	6.0829835851587688e-09
1.1257373675363400e-02	0.0000000000000000e+00	3.6687690867058531e-09
1.1274826967883400e-02	0.0000000000000000e+00	1.6030082643225807e-10
1.1292280260403300e-02	0.0000000000000000e+00	1.3663486921750012e-09
1.1309733552923300e-02	0.0000000000000000e+00	1.5466569197250535e-09
1.1327186845443199e-02	0.0000000000000000e+00	1.9593295558055501e-09
1.1344640137963101e-02	0.0000000000000000e+00	2.4878460116659062e-09
1.1362093430483101e-02	0.0000000000000000e+00	2.6796187712306574e-09
1.1379546723003000e-02	0.0000000000000000e+00	3.0464880323294308e-09
1.1397000015523000e-02	0.0000000000000000e+00	2.8008011678133660e-09
1.1414453308042900e-02	0.0000000000000000e+00	2.9714172060379962e-09
1.1431906600562900e-02	0.0000000000000000e+00	6.5888866324775863e-10
1.1449359893082800e-02	0.0000000000000000e+00	2.4853749440445494e-09
1.1466813185602699e-02	0.0000000000000000e+00	1.6083432719318780e-09
1.1484266478122699e-02	0.0000000000000000e+00	1.1621079185758498e-10
1.1501719770642601e-02	0.0000000000000000e+00	4.0300904974310825e-10
1.1519173063162601e-02	0.0000000000000000e+00	6.0439233479092636e-10
1.1536626355682500e-02	0.0000000000000000e+00	7.2221767281888116e-10
1.1554079648202500e-02	0.0000000000000000e+00	8.0669204215871870e-10
1.1571532940722400e-02	0.0000000000000000e+00	2.7741158406882627e-09
1.1588986233242300e-02	0.0000000000000000e+00	3.4930575593464241e-09
1.1606439525762300e-02	0.0000000000000000e+00	1.8558311675603845e-09
1.1623892818282199e-02	0.0000000000000000e+00	1.7952415591430959e-09
1.1641346110802199e-02	0.0000000000000000e+00	1.5046886436484441e-09
1.1658799403322101e-02	0.0000000000000000e+00	1.0270887161600850e-09
1.1676252695842101e-02	0.0000000000000000e+00	6.3920998008559771e-10
1.1693705988362000e-02	0.0000000000000000e+00	7.8066973024926156e-11
1.1711159280882000e-02	0.0000000000000000e+00	5.1869502486548424e-10
1.1728612573401900e-02	0.0000000000000000e+00	1.0134913008656710e-09
1.1746065865921800e-02	0.0000000000000000e+00	1.4610749641402743e-09
1.1763519158441800e-02	0.0000000000000000e+00	2.2482834665174534e-09
1.1780972450961699e-02	0.0000000000000000e+00	4.2064032465538581e-10
1.1798425743481699e-02	0.0000000000000000e+00	4.7411145460973803e-09
1.1815879036001601e-02	0.0000000000000000e+00	1.0075181226636143e-08
1.1833332328521601e-02	0.0000000000000000e+00	1.4194624009186696e-08
1.1850785621041500e-02	0.0000000000000000e+00	1.8420473786931457e-08
1.1868238913561400e-02	0.0000000000000000e+00	1.9021886460066084e-08
1.1885692206081400e-02	0.0000000000000000e+00	1.6071040864415465e-08
1.1903145498601300e-02	0.0000000000000000e+00	1.4001180243840283e-08
1.1920598791121300e-02	0.0000000000000000e+00	1.1742021654905649e-08
1.1938052083641199e-02	0.0000000000000000e+00	1.0574146557060932e-08
1.1955505376161199e-02	0.0000000000000000e+00	7.1880042855354542e-09
1.1972958668681101e-02	0.0000000000000000e+00	4.5361793492466884e-09
1.1990411961201000e-02	0.0000000000000000e+00	4.0463340070066856e-09
1.2007865253721000e-02	0.0000000000000000e+00	6.5093415553552081e-10
1.2025318546240900e-02	0.0000000000000000e+00	2.3727202971488004e-09
1.2042771838760900e-02	0.0000000000000000e+00	5.2374357194934218e-09
1.2060225131280800e-02	0.0000000000000000e+00	8.2489436726597420e-09
1.2077678423800800e-02	0.0000000000000000e+00	1.0983120688097536e-08
1.2095131716320699e-02	0.0000000000000000e+00	1.1941680275705246e-08
1.2112585008840600e-02	0.0000000000000000e+00	1.2224140861008537e-08
1.2130038301360601e-02	0.0000000000000000e+00	1.0951876279995110e-08
1.2147491593880500e-02	0.0000000000000000e+00	8.2330091277435513e-09
1.2164944886400500e-02	0.0000000000000000e+00	7.6391708046102957e-09
1.2182398178920400e-02	0.0000000000000000e+00	1.0642913673628018e-08
1.2199851471440400e-02	0.0000000000000000e+00	1.0256659370780352e-08
1.2217304763960300e-02	0.0000000000000000e+00	7.0724390033652385e-09
1.2234758056480201e-02	0.0000000000000000e+00	5.8755337609128766e-09
1.2252211349000199e-02	0.0000000000000000e+00	5.4739262896758012e-09
1.2269664641520101e-02	0.0000000000000000e+00	5.1878776843004848e-09
1.2287117934040101e-02	0.0000000000000000e+00	6.5507436341691316e-09
1.2304571226560000e-02	0.0000000000000000e+00	5.6962820489149524e-09
1.2322024519080000e-02	0.0000000000000000e+00	5.5551093681646679e-09
1.2339477811599900e-02	0.0000000000000000e+00	4.6846455699009470e-09
1.2356931104119900e-02	0.0000000000000000e+00	3.6032309471203949e-09
1.2374384396639800e-02	0.0000000000000000e+00	2.5222995285283101e-09
1.2391837689159701e-02	0.0000000000000000e+00	1.3456573494385893e-09
1.2409290981679699e-02	0.0000000000000000e+00	3.3389569538064268e-10
1.2426744274199601e-02	0.0000000000000000e+00	5.3364862225360743e-10
1.2444197566719601e-02	0.0000000000000000e+00	1.1058680997842740e-09
1.2461650859239500e-02	0.0000000000000000e+00	1.9267280635532069e-09
1.2479104151759500e-02	0.0000000000000000e+00	2.3937707822885290e-09
1.2496557444279400e-02	0.0000000000000000e+00	2.6660740655090609e-09
1.2514010736799299e-02	0.0000000000000000e+00	5.3238518775769461e-09
1.2531464029319300e-02	0.0000000000000000e+00	1.0103848031677021e-08
1.2548917321839201e-02	0.0000000000000000e+00	1.5165505449533934e-08
1.2566370614359199e-02	0.0000000000000000e+00	1.2817035422579837e-08
1.2583823906879101e-02	0.0000000000000000e+00	1.1068453968469949e-08
1.2601277199399101e-02	0.0000000000000000e+00	9.0821493598305936e-09
1.2618730491919000e-02	0.0000000000000000e+00	6.8527912051516426e-09
1.2636183784438900e-02	0.0000000000000000e+00	4.6624091475620799e-09
1.2653637076958900e-02	0.0000000000000000e+00	1.0936121617663441e-09
1.2671090369478799e-02	0.0000000000000000e+00	2.2530505803045053e-09
1.2688543661998800e-02	0.0000000000000000e+00	3.9130554664590367e-09
1.2705996954518701e-02	0.0000000000000000e+00	3.4893700099486447e-09
1.2723450247038699e-02	0.0000000000000000e+00	3.5162282603813655e-09
1.2740903539558601e-02	0.0000000000000000e+00	3.5439965823114150e-09
1.2758356832078500e-02	0.0000000000000000e+00	3.3644582449893212e-09
1.2775810124598500e-02	0.0000000000000000e+00	3.8270368983225889e-09
1.2793263417118400e-02	0.0000000000000000e+00	3.5498004384050541e-09
1.2810716709638400e-02	0.0000000000000000e+00	3.3868256914260098e-09
1.2828170002158299e-02	0.0000000000000000e+00	3.1417516435650050e-09
1.2845623294678300e-02	0.0000000000000000e+00	7.8755701873184369e-10
1.2863076587198201e-02	0.0000000000000000e+00	4.1203077061346960e-09
1.2880529879718199e-02	0.0000000000000000e+00	4.5268024112185556e-09
1.2897983172238101e-02	0.0000000000000000e+00	6.1352056707555946e-09
1.2915436464758000e-02	0.0000000000000000e+00	7.5843608147302399e-09
1.2932889757278000e-02	0.0000000000000000e+00	8.1236309120574779e-09
1.2950343049797900e-02	0.0000000000000000e+00	7.8488260153372624e-09
1.2967796342317900e-02	0.0000000000000000e+00	7.4358330339439893e-09
1.2985249634837799e-02	0.0000000000000000e+00	5.6872724103936012e-09
1.3002702927357800e-02	0.0000000000000000e+00	4.9403991726586216e-09
1.3020156219877701e-02	0.0000000000000000e+00	3.8417291730631631e-09
1.3037609512397600e-02	0.0000000000000000e+00	2.7602296060781628e-09
1.3055062804917601e-02	0.0000000000000000e+00	1.9913666453666434e-09
1.3072516097437500e-02	0.0000000000000000e+00	1.0681012506744136e-09
1.3089969389957500e-02	0.0000000000000000e+00	2.3440788069276075e-10
1.3107422682477400e-02	0.0000000000000000e+00	5.7629524416458189e-10
1.3124875974997400e-02	0.0000000000000000e+00	1.8221519709760159e-09
1.3142329267517299e-02	0.0000000000000000e+00	2.9998055927314693e-09
1.3159782560037201e-02	0.0000000000000000e+00	4.1724166960008247e-09
1.3177235852557199e-02	0.0000000000000000e+00	2.2647127697478231e-09
1.3194689145077100e-02	0.0000000000000000e+00	1.7342469222844659e-09
1.3212142437597101e-02	0.0000000000000000e+00	5.8509818509286382e-09
1.3229595730117000e-02	0.0000000000000000e+00	9.4551365834028012e-09
1.3247049022637000e-02	0.0000000000000000e+00	1.2532860597415374e-08
1.3264502315156900e-02	0.0000000000000000e+00	1.0146673487532176e-08
1.3281955607676799e-02	0.0000000000000000e+00	8.7666503648456406e-09
1.3299408900196799e-02	0.0000000000000000e+00	7.4868886524442901e-09
1.3316862192716701e-02	0.0000000000000000e+00	6.2642483136463034e-09
1.3334315485236699e-02	0.0000000000000000e+00	4.9409388251826780e-09
1.3351768777756600e-02	0.0000000000000000e+00	2.5921394566398581e-09
1.3369222070276601e-02	0.0000000000000000e+00	8.2886193568387778e-10
1.3386675362796500e-02	0.0000000000000000e+00	1.8547439643162855e-09
1.3404128655316400e-02	0.0000000000000000e+00	2.8002394673876108e-09
1.3421581947836400e-02	0.0000000000000000e+00	3.3326169514985571e-09
1.3439035240356299e-02	0.0000000000000000e+00	9.6961681045337755e-10
1.3456488532876299e-02	0.0000000000000000e+00	3.5474595904035067e-09
1.3473941825396201e-02	0.0000000000000000e+00	6.4909877290839080e-09
1.3491395117916199e-02	0.0000000000000000e+00	7.9376886656483403e-09
1.3508848410436100e-02	0.0000000000000000e+00	9.1222126727408259e-09
1.3526301702956101e-02	0.0000000000000000e+00	1.0763206666208891e-08
1.3543754995476000e-02	0.0000000000000000e+00	1.0909538749812042e-08
1.3561208287995900e-02	0.0000000000000000e+00	8.9207414892544801e-09
1.3578661580515900e-02	0.0000000000000000e+00	7.3154363105371045e-09
1.3596114873035799e-02	0.0000000000000000e+00	6.2116039100529319e-09
1.3613568165555799e-02	0.0000000000000000e+00	4.6514466731442661e-09
1.3631021458075701e-02	0.0000000000000000e+00	3.5678725390786425e-09
1.3648474750595699e-02	0.0000000000000000e+00	3.1710657285785593e-09
1.3665928043115600e-02	0.0000000000000000e+00	5.0259139250559415e-09
1.3683381335635500e-02	0.0000000000000000e+00	4.4957615876611845e-09
1.3700834628155500e-02	0.0000000000000000e+00	3.8394921599710363e-09
1.3718287920675400e-02	0.0000000000000000e+00	3.5643755004824418e-09
1.3735741213195400e-02	0.0000000000000000e+00	2.7546141535307600e-09
1.3753194505715299e-02	0.0000000000000000e+00	2.0198291025841364e-09
1.3770647798235299e-02	0.0000000000000000e+00	1.2472838686362897e-09
1.3788101090755201e-02	0.0000000000000000e+00	6.2053356897351364e-10
1.3805554383275100e-02	0.0000000000000000e+00	2.3143872408815103e-10
1.3823007675795100e-02	0.0000000000000000e+00	1.4423851219316774e-10
1.3840460968315000e-02	0.0000000000000000e+00	2.2588124903508144e-10
1.3857914260835000e-02	0.0000000000000000e+00	1.5827375954985401e-10
1.3875367553354900e-02	0.0000000000000000e+00	3.0398956529092969e-10
1.3892820845874900e-02	0.0000000000000000e+00	8.6705065609898879e-10
1.3910274138394799e-02	0.0000000000000000e+00	1.4102802103205248e-09
1.3927727430914701e-02	0.0000000000000000e+00	6.3051050587167867e-09
1.3945180723434701e-02	0.0000000000000000e+00	1.1131195636233937e-08
1.3962634015954600e-02	0.0000000000000000e+00	9.1455764333198131e-09
1.3980087308474600e-02	0.0000000000000000e+00	7.6466341349112898e-09
1.3997540600994500e-02	0.0000000000000000e+00	6.8916071798916234e-09
1.4014993893514500e-02	0.0000000000000000e+00	5.6319780909232231e-09
1.4032447186034400e-02	0.0000000000000000e+00	4.9244553235530675e-09
1.4049900478554400e-02	0.0000000000000000e+00	2.1445692686972162e-09
1.4067353771074299e-02	0.0000000000000000e+00	3.4307242680400862e-10
1.4084807063594201e-02	0.0000000000000000e+00	2.6220509184021745e-10
1.4102260356114201e-02	0.0000000000000000e+00	8.8030872218494705e-10
1.4119713648634100e-02	0.0000000000000000e+00	1.7848372215953368e-09
1.4137166941154100e-02	0.0000000000000000e+00	2.4389913500302840e-09
1.4154620233674000e-02	0.0000000000000000e+00	1.3919223928841873e-09
1.4172073526194000e-02	0.0000000000000000e+00	8.5477330985864186e-10
1.4189526818713900e-02	0.0000000000000000e+00	1.2058197422330774e-09
1.4206980111233799e-02	0.0000000000000000e+00	1.8840840233444456e-09
1.4224433403753799e-02	0.0000000000000000e+00	2.7653207406233560e-09
1.4241886696273701e-02	0.0000000000000000e+00	9.4707001963012516e-10
1.4259339988793701e-02	0.0000000000000000e+00	2.5286230357843276e-09
1.4276793281313600e-02	0.0000000000000000e+00	4.0322036707826636e-09
1.4294246573833600e-02	0.0000000000000000e+00	4.3988748884768447e-09
1.4311699866353500e-02	0.0000000000000000e+00	6.1303946892812822e-09
1.4329153158873400e-02	0.0000000000000000e+00	7.2499551796029182e-09
1.4346606451393400e-02	0.0000000000000000e+00	7.8200188208601973e-09
1.4364059743913299e-02	0.0000000000000000e+00	5.4354253671735908e-09
1.4381513036433299e-02	0.0000000000000000e+00	4.2810319187194801e-09
1.4398966328953201e-02	0.0000000000000000e+00	4.3107143349666033e-09
1.4416419621473201e-02	0.0000000000000000e+00	3.5439273789877879e-09
1.4433872913993100e-02	0.0000000000000000e+00	2.4718309205029598e-09
1.4451326206513000e-02	0.0000000000000000e+00	1.5145119134502005e-09
1.4468779499033000e-02	0.0000000000000000e+00	5.4117340513373802e-10
1.4486232791552900e-02	0.0000000000000000e+00	3.6151473785037136e-10
1.4503686084072900e-02	0.0000000000000000e+00	1.1898685760639016e-09
1.4521139376592799e-02	0.0000000000000000e+00	2.1445469393366334e-09
1.4538592669112799e-02	0.0000000000000000e+00	3.0345300842428424e-09
1.4556045961632701e-02	0.0000000000000000e+00	3.8068389838011307e-09
1.4573499254152701e-02	0.0000000000000000e+00	4.4529634372209026e-09
1.4590952546672600e-02	0.0000000000000000e+00	5.1329095210328468e-09
1.4608405839192500e-02	0.0000000000000000e+00	5.7291523504476860e-09
1.4625859131712500e-02	0.0000000000000000e+00	3.7030642415294968e-09
1.4643312424232400e-02	0.0000000000000000e+00	1.0493941392936135e-09
1.4660765716752400e-02	0.0000000000000000e+00	3.9077496707257131e-09
1.4678219009272299e-02	0.0000000000000000e+00	3.0532133011088036e-09
1.4695672301792299e-02	0.0000000000000000e+00	2.6760935472810998e-09
1.4713125594312201e-02	0.0000000000000000e+00	1.1962250148767062e-09
1.4730578886832100e-02	0.0000000000000000e+00	4.5704059850951162e-10
1.4748032179352100e-02	0.0000000000000000e+00	2.5196493203503978e-09
1.4765485471872000e-02	0.0000000000000000e+00	3.6725189616823584e-09
1.4782938764392000e-02	0.0000000000000000e+00	4.0234451699136531e-09
1.4800392056911900e-02	0.0000000000000000e+00	4.6999272724536356e-09
1.4817845349431900e-02	0.0000000000000000e+00	4.3491811766577237e-09
1.4835298641951799e-02	0.0000000000000000e+00	6.8325824364653953e-09
1.4852751934471701e-02	0.0000000000000000e+00	8.8717156546472276e-09
1.4870205226991701e-02	0.0000000000000000e+00	1.0550029464189564e-08
1.4887658519511600e-02	0.0000000000000000e+00	1.1346220568989041e-08
1.4905111812031600e-02	0.0000000000000000e+00	1.1930448630750878e-08
1.4922565104551500e-02	0.0000000000000000e+00	1.1886139928210526e-08
1.4940018397071500e-02	0.0000000000000000e+00	8.3546404959153331e-09
1.4957471689591400e-02	0.0000000000000000e+00	3.2672953162449225e-09
1.4974924982111301e-02	0.0000000000000000e+00	2.1796166460238964e-09
1.4992378274631299e-02	0.0000000000000000e+00	2.3666774902689203e-09
1.5009831567151201e-02	0.0000000000000000e+00	1.0714898759922598e-09
1.5027284859671201e-02	0.0000000000000000e+00	6.1769298356773028e-10
1.5044738152191100e-02	0.0000000000000000e+00	5.2308214400567654e-09
1.5062191444711100e-02	0.0000000000000000e+00	6.2491582538022616e-09
1.5079644737231000e-02	0.0000000000000000e+00	4.9085876908244730e-09
1.5097098029750899e-02	0.0000000000000000e+00	4.1582646362683939e-09
1.5114551322270900e-02	0.0000000000000000e+00	3.4142466271737393e-09
1.5132004614790801e-02	0.0000000000000000e+00	2.2956215695729698e-09
1.5149457907310799e-02	0.0000000000000000e+00	1.7443700923817917e-09
1.5166911199830701e-02	0.0000000000000000e+00	1.0314569671467100e-09
1.5184364492350701e-02	0.0000000000000000e+00	2.6764184575187033e-10
1.5201817784870600e-02	0.0000000000000000e+00	6.3406231914225897e-10
1.5219271077390600e-02	0.0000000000000000e+00	1.5788302674783761e-09
1.5236724369910500e-02	0.0000000000000000e+00	2.2360214474263784e-09
1.5254177662430399e-02	0.0000000000000000e+00	3.3262024965938219e-09
1.5271630954950400e-02	0.0000000000000000e+00	6.9818957030773343e-09
1.5289084247470301e-02	0.0000000000000000e+00	1.2423572164077523e-08
1.5306537539990299e-02	0.0000000000000000e+00	1.7431076090347608e-08
1.5323990832510201e-02	0.0000000000000000e+00	2.2361704815100636e-08
1.5341444125030201e-02	0.0000000000000000e+00	2.6129107406382135e-08
1.5358897417550100e-02	0.0000000000000000e+00	2.4500597622760523e-08
1.5376350710070000e-02	0.0000000000000000e+00	2.2106943980276794e-08
1.5393804002590000e-02	0.0000000000000000e+00	2.0673777256959014e-08
1.5411257295109899e-02	0.0000000000000000e+00	1.8312086551546675e-08
1.5428710587629900e-02	0.0000000000000000e+00	1.5900953802359258e-08
1.5446163880149801e-02	0.0000000000000000e+00	1.1283059951194135e-08
1.5463617172669799e-02	0.0000000000000000e+00	7.0289179602590901e-09
1.5481070465189701e-02	0.0000000000000000e+00	5.0640877003946261e-09
1.5498523757709600e-02	0.0000000000000000e+00	3.8706259395532294e-09
1.5515977050229600e-02	0.0000000000000000e+00	3.3294209516102069e-09
1.5533430342749500e-02	0.0000000000000000e+00	2.1531246282430194e-09
1.5550883635269500e-02	0.0000000000000000e+00	1.0223839570083770e-10
1.5568336927789399e-02	0.0000000000000000e+00	2.1800737339504328e-09
1.5585790220309400e-02	0.0000000000000000e+00	3.6694915253078497e-09
1.5603243512829299e-02	0.0000000000000000e+00	4.6689137668878833e-09
1.5620696805349200e-02	0.0000000000000000e+00	5.4855296451050695e-09
1.5638150097869199e-02	0.0000000000000000e+00	2.4788146682844237e-09
1.5655603390389100e-02	0.0000000000000000e+00	1.1812458476645471e-09
1.5673056682909099e-02	0.0000000000000000e+00	1.4108596634726522e-09
1.5690509975429000e-02	0.0000000000000000e+00	2.2823378386868654e-09
1.5707963267949002e-02	0.0000000000000000e+00	4.2979653187141809e-09
1.5725416560468899e-02	0.0000000000000000e+00	5.2192349738952593e-09
1.5742869852988801e-02	0.0000000000000000e+00	5.1310644465923927e-09
1.5760323145508799e-02	0.0000000000000000e+00	1.5878877323259599e-09
1.5777776438028700e-02	0.0000000000000000e+00	4.1993478312740695e-10
1.5795229730548699e-02	0.0000000000000000e+00	5.7107478208112683e-10
1.5812683023068600e-02	0.0000000000000000e+00	8.7173862312744932e-11
1.5830136315588599e-02	0.0000000000000000e+00	3.3728974691352165e-10
1.5847589608108500e-02	0.0000000000000000e+00	5.7039592450333632e-10
1.5865042900628502e-02	0.0000000000000000e+00	1.0350595762431691e-09
1.5882496193148399e-02	0.0000000000000000e+00	1.7427859363983167e-09
1.5899949485668301e-02	0.0000000000000000e+00	2.6274835458403589e-09
1.5917402778188299e-02	0.0000000000000000e+00	3.6665393473092611e-09
1.5934856070708200e-02	0.0000000000000000e+00	4.8329402099235585e-09
1.5952309363228199e-02	0.0000000000000000e+00	6.4852688150263127e-09
1.5969762655748100e-02	0.0000000000000000e+00	8.2047256098546906e-09
1.5987215948268099e-02	0.0000000000000000e+00	8.7484498334858274e-09
1.6004669240788000e-02	0.0000000000000000e+00	6.0671893811065081e-09
1.6022122533307901e-02	0.0000000000000000e+00	2.2959218788295988e-09
1.6039575825827899e-02	0.0000000000000000e+00	1.9357323721366781e-09
1.6057029118347801e-02	0.0000000000000000e+00	2.9540775615607973e-09
1.6074482410867799e-02	0.0000000000000000e+00	8.0640946351073772e-10
1.6091935703387700e-02	0.0000000000000000e+00	4.9650932237160772e-10
1.6109388995907699e-02	0.0000000000000000e+00	1.7272001160036077e-09
1.6126842288427600e-02	0.0000000000000000e+00	2.5405020504833120e-09
1.6144295580947501e-02	0.0000000000000000e+00	3.7881141626283643e-09
1.6161748873467500e-02	0.0000000000000000e+00	4.0928101832128638e-09
1.6179202165987401e-02	0.0000000000000000e+00	1.6218772661696912e-09
1.6196655458507399e-02	0.0000000000000000e+00	2.5008260479825184e-10
1.6214108751027301e-02	0.0000000000000000e+00	1.2072170216606559e-09
1.6231562043547299e-02	0.0000000000000000e+00	1.0370583831791069e-09
1.6249015336067200e-02	0.0000000000000000e+00	3.4088775725804599e-10
1.6266468628587199e-02	0.0000000000000000e+00	6.8853884399588949e-10
1.6283921921107100e-02	0.0000000000000000e+00	9.5890707397031094e-10
1.6301375213627001e-02	0.0000000000000000e+00	1.3612635194407141e-09
1.6318828506147000e-02	0.0000000000000000e+00	1.9449304727511829e-09
1.6336281798666901e-02	0.0000000000000000e+00	6.6663050947435298e-11
1.6353735091186899e-02	0.0000000000000000e+00	4.0565959515126426e-09
1.6371188383706801e-02	0.0000000000000000e+00	4.7398373706833419e-09
1.6388641676226799e-02	0.0000000000000000e+00	5.0608665739040881e-09
1.6406094968746700e-02	0.0000000000000000e+00	6.8963745061823012e-09
1.6423548261266602e-02	0.0000000000000000e+00	7.7716354896645301e-09
1.6441001553786600e-02	0.0000000000000000e+00	7.3649913745824080e-09
1.6458454846306501e-02	0.0000000000000000e+00	7.4689968355100278e-09
1.6475908138826500e-02	0.0000000000000000e+00	9.8963440623746346e-09
1.6493361431346401e-02	0.0000000000000000e+00	1.0568024108592589e-08
1.6510814723866400e-02	0.0000000000000000e+00	8.4559089647863461e-09
1.6528268016386301e-02	0.0000000000000000e+00	6.4699254543297557e-09
1.6545721308906199e-02	0.0000000000000000e+00	4.7973233211449917e-09
1.6563174601426200e-02	0.0000000000000000e+00	3.3211002307617643e-09
1.6580627893946102e-02	0.0000000000000000e+00	2.1880936858405253e-09
1.6598081186466100e-02	0.0000000000000000e+00	1.1627554240625781e-09
1.6615534478986001e-02	0.0000000000000000e+00	3.0627780823674899e-10
1.6632987771506000e-02	0.0000000000000000e+00	3.9610066789041998e-10
1.6650441064025901e-02	0.0000000000000000e+00	8.0303397091696649e-10
1.6667894356545799e-02	0.0000000000000000e+00	1.0532529189088979e-09
1.6685347649065801e-02	0.0000000000000000e+00	1.5041804564061567e-09
1.6702800941585699e-02	0.0000000000000000e+00	1.0341317186260413e-09
1.6720254234105700e-02	0.0000000000000000e+00	5.1528333136832694e-09
1.6737707526625598e-02	0.0000000000000000e+00	9.8342637479612027e-09
1.6755160819145600e-02	0.0000000000000000e+00	8.5157527401208410e-09
1.6772614111665501e-02	0.0000000000000000e+00	9.0658591814229972e-09
1.6790067404185399e-02	0.0000000000000000e+00	1.0315970560420551e-08
1.6807520696705401e-02	0.0000000000000000e+00	1.0554230813527438e-08
1.6824973989225299e-02	0.0000000000000000e+00	1.0367603367391481e-08
1.6842427281745301e-02	0.0000000000000000e+00	8.8659682655374550e-09
1.6859880574265199e-02	0.0000000000000000e+00	6.6996829486097587e-09
1.6877333866785200e-02	0.0000000000000000e+00	6.8849681715381361e-09
1.6894787159305098e-02	0.0000000000000000e+00	7.6643518935951005e-09
1.6912240451825100e-02	0.0000000000000000e+00	3.7411545506481347e-09
1.6929693744345001e-02	0.0000000000000000e+00	1.5741378985890953e-09
1.6947147036864899e-02	0.0000000000000000e+00	5.8452617724379097e-09
1.6964600329384901e-02	0.0000000000000000e+00	9.4579804951408497e-09
1.6982053621904799e-02	0.0000000000000000e+00	1.2115050714370246e-08
1.6999506914424801e-02	0.0000000000000000e+00	1.2485253345073666e-08
1.7016960206944699e-02	0.0000000000000000e+00	1.2762466852431209e-08
1.7034413499464700e-02	0.0000000000000000e+00	9.2583400841672603e-09
1.7051866791984598e-02	0.0000000000000000e+00	3.7490318210986473e-09
1.7069320084504500e-02	0.0000000000000000e+00	2.3673812537053363e-09
1.7086773377024501e-02	0.0000000000000000e+00	1.0489586040052234e-09
1.7104226669544399e-02	0.0000000000000000e+00	2.5688141717938873e-11
1.7121679962064401e-02	0.0000000000000000e+00	1.3403287594387914e-09
1.7139133254584299e-02	0.0000000000000000e+00	1.9990059165267415e-09
1.7156586547104301e-02	0.0000000000000000e+00	2.6757364284327179e-09
1.7174039839624199e-02	0.0000000000000000e+00	2.5367493908419469e-09
1.7191493132144100e-02	0.0000000000000000e+00	2.1710634089122660e-09
1.7208946424664098e-02	0.0000000000000000e+00	1.9114906710422652e-09
1.7226399717184000e-02	0.0000000000000000e+00	1.0586570361667547e-09
1.7243853009704001e-02	0.0000000000000000e+00	4.8571655161464000e-10
1.7261306302223899e-02	0.0000000000000000e+00	1.3708161862580059e-10
1.7278759594743901e-02	0.0000000000000000e+00	9.4786245692646265e-11
1.7296212887263799e-02	0.0000000000000000e+00	1.9822148306439247e-10
1.7313666179783700e-02	0.0000000000000000e+00	3.3734053788217477e-10
1.7331119472303699e-02	0.0000000000000000e+00	2.8072898432957016e-10
1.7348572764823600e-02	0.0000000000000000e+00	1.1892200418861520e-10
1.7366026057343598e-02	0.0000000000000000e+00	7.0143712366244060e-10
1.7383479349863500e-02	0.0000000000000000e+00	1.6929683818028840e-09
1.7400932642383501e-02	0.0000000000000000e+00	2.1169985946548064e-09
1.7418385934903399e-02	0.0000000000000000e+00	1.4527052382209971e-09
1.7435839227423401e-02	0.0000000000000000e+00	5.5640585680527543e-09
1.7453292519943299e-02	0.0000000000000000e+00	5.3082839365434231e-09
1.7470745812463200e-02	0.0000000000000000e+00	3.4803903535204905e-09
1.7488199104983199e-02	0.0000000000000000e+00	2.2455327952988768e-09
1.7505652397503100e-02	0.0000000000000000e+00	1.1765830809640221e-09
1.7523105690023098e-02	0.0000000000000000e+00	1.0572296731646558e-09
1.7540558982543000e-02	0.0000000000000000e+00	3.8474232567226041e-10
1.7558012275063001e-02	0.0000000000000000e+00	2.8391007860645301e-11
1.7575465567582899e-02	0.0000000000000000e+00	1.6453129132558419e-09
1.7592918860102801e-02	0.0000000000000000e+00	4.5210932306943841e-09
1.7610372152622799e-02	0.0000000000000000e+00	4.9210786613219926e-09
1.7627825445142700e-02	0.0000000000000000e+00	4.4423726372824768e-09
1.7645278737662699e-02	0.0000000000000000e+00	1.0328199129272519e-09
1.7662732030182600e-02	0.0000000000000000e+00	1.8837712782888982e-09
1.7680185322702598e-02	0.0000000000000000e+00	2.9073622849484781e-09
1.7697638615222500e-02	0.0000000000000000e+00	3.0290202368901675e-09
1.7715091907742401e-02	0.0000000000000000e+00	3.6673840683038028e-09
1.7732545200262399e-02	0.0000000000000000e+00	4.0254967380304318e-09
1.7749998492782301e-02	0.0000000000000000e+00	2.1915030207209085e-09
1.7767451785302299e-02	0.0000000000000000e+00	8.8887223449740649e-10
1.7784905077822200e-02	0.0000000000000000e+00	1.7810884893679213e-09
1.7802358370342199e-02	0.0000000000000000e+00	2.5237281847667603e-09
1.7819811662862100e-02	0.0000000000000000e+00	4.3553535014617673e-09
1.7837264955382001e-02	0.0000000000000000e+00	4.6624076092960376e-09
1.7854718247902000e-02	0.0000000000000000e+00	4.8942104574796474e-09
1.7872171540421901e-02	0.0000000000000000e+00	7.1081190447519482e-09
1.7889624832941899e-02	0.0000000000000000e+00	5.5523313698471743e-09
1.7907078125461801e-02	0.0000000000000000e+00	4.1273580642618712e-09
1.7924531417981799e-02	0.0000000000000000e+00	3.2082154719295652e-09
1.7941984710501700e-02	0.0000000000000000e+00	2.1044546808304809e-09
1.7959438003021699e-02	0.0000000000000000e+00	1.3036516679533483e-09
1.7976891295541600e-02	0.0000000000000000e+00	4.6414988475948493e-10
1.7994344588061501e-02	0.0000000000000000e+00	4.7222709206526381e-10
1.8011797880581500e-02	0.0000000000000000e+00	1.6339760026788663e-09
1.8029251173101401e-02	0.0000000000000000e+00	3.0028290401093449e-09
1.8046704465621399e-02	0.0000000000000000e+00	3.9880836688599430e-09
1.8064157758141301e-02	0.0000000000000000e+00	4.1350268651860200e-09
1.8081611050661299e-02	0.0000000000000000e+00	3.8489722173351559e-09
1.8099064343181200e-02	0.0000000000000000e+00	3.5623768266865308e-09
1.8116517635701102e-02	0.0000000000000000e+00	2.2666427606371498e-09
1.8133970928221100e-02	0.0000000000000000e+00	6.2490477289317559e-10
1.8151424220741001e-02	0.0000000000000000e+00	4.3840746640627648e-09
1.8168877513261000e-02	0.0000000000000000e+00	2.9355963354626979e-09
1.8186330805780901e-02	0.0000000000000000e+00	2.6715919520040043e-09
1.8203784098300899e-02	0.0000000000000000e+00	2.0569916889603967e-09
1.8221237390820801e-02	0.0000000000000000e+00	1.3934309613279627e-09
1.8238690683340698e-02	0.0000000000000000e+00	1.0345742665340829e-09
1.8256143975860700e-02	0.0000000000000000e+00	3.4525577965148491e-09
1.8273597268380602e-02	0.0000000000000000e+00	4.6398020495108661e-09
1.8291050560900600e-02	0.0000000000000000e+00	4.7131656854236537e-09
1.8308503853420501e-02	0.0000000000000000e+00	6.9047182559185682e-09
1.8325957145940500e-02	0.0000000000000000e+00	8.7965044974665230e-09
1.8343410438460401e-02	0.0000000000000000e+00	1.0560770119950186e-08
1.8360863730980299e-02	0.0000000000000000e+00	1.2229769755060793e-08
1.8378317023500301e-02	0.0000000000000000e+00	1.2146552764904367e-08
1.8395770316020198e-02	0.0000000000000000e+00	1.2338090172800409e-08
1.8413223608540200e-02	0.0000000000000000e+00	9.6070617225385568e-09
1.8430676901060102e-02	0.0000000000000000e+00	3.5872700686681580e-09
1.8448130193580100e-02	0.0000000000000000e+00	2.3837744972388109e-10
1.8465583486100001e-02	0.0000000000000000e+00	6.2177437937932512e-10
1.8483036778619899e-02	0.0000000000000000e+00	2.6605411450331129e-10
1.8500490071139901e-02	0.0000000000000000e+00	2.3264332890682304e-09
1.8517943363659799e-02	0.0000000000000000e+00	2.7153886292263785e-09
1.8535396656179801e-02	0.0000000000000000e+00	2.6677969130681212e-09
1.8552849948699698e-02	0.0000000000000000e+00	5.6360905981329978e-09
1.8570303241219700e-02	0.0000000000000000e+00	7.4397631341129034e-09
1.8587756533739602e-02	0.0000000000000000e+00	6.1557050758803689e-09
1.8605209826259600e-02	0.0000000000000000e+00	5.2953702533997671e-09
1.8622663118779501e-02	0.0000000000000000e+00	4.0187682032004346e-09
1.8640116411299399e-02	0.0000000000000000e+00	2.9439810146983381e-09
1.8657569703819401e-02	0.0000000000000000e+00	2.2015769337788149e-09
1.8675022996339299e-02	0.0000000000000000e+00	1.9661410936844259e-09
1.8692476288859301e-02	0.0000000000000000e+00	1.8735042493084331e-09
1.8709929581379198e-02	0.0000000000000000e+00	2.0369811002882154e-09
1.8727382873899200e-02	0.0000000000000000e+00	2.0025543636531529e-09
1.8744836166419102e-02	0.0000000000000000e+00	1.6683269340664331e-09
1.8762289458938999e-02	0.0000000000000000e+00	1.2824585074455719e-09
1.8779742751459001e-02	0.0000000000000000e+00	6.4514987883207420e-10
1.8797196043978899e-02	0.0000000000000000e+00	2.2567101321327443e-09
1.8814649336498901e-02	0.0000000000000000e+00	6.9285174672181760e-09
1.8832102629018799e-02	0.0000000000000000e+00	1.3321468998218899e-08
1.8849555921538801e-02	0.0000000000000000e+00	1.2949837564259215e-08
1.8867009214058698e-02	0.0000000000000000e+00	1.1706212286848039e-08
1.8884462506578600e-02	0.0000000000000000e+00	9.5791791061838882e-09
1.8901915799098602e-02	0.0000000000000000e+00	7.9203037414189714e-09
1.8919369091618499e-02	0.0000000000000000e+00	5.7361319786945753e-09
1.8936822384138501e-02	0.0000000000000000e+00	2.1479691475999318e-09
1.8954275676658399e-02	0.0000000000000000e+00	8.7800443695010277e-10
1.8971728969178401e-02	0.0000000000000000e+00	2.5762703606720117e-09
1.8989182261698299e-02	0.0000000000000000e+00	3.5409507110305272e-09
1.9006635554218200e-02	0.0000000000000000e+00	5.1789072513970524e-09
1.9024088846738198e-02	0.0000000000000000e+00	4.7632117607804281e-09
1.9041542139258100e-02	0.0000000000000000e+00	5.8947462479828905e-09
1.9058995431778102e-02	0.0000000000000000e+00	8.2411705281185132e-09
1.9076448724297999e-02	0.0000000000000000e+00	8.5230683843050270e-09
1.9093902016818001e-02	0.0000000000000000e+00	1.0257346165151726e-08
1.9111355309337899e-02	0.0000000000000000e+00	1.2250158640085551e-08
1.9128808601857800e-02	0.0000000000000000e+00	1.2236444753288556e-08
1.9146261894377799e-02	0.0000000000000000e+00	1.2312660549115839e-08
1.9163715186897700e-02	0.0000000000000000e+00	1.1535842820917241e-08
1.9181168479417698e-02	0.0000000000000000e+00	1.0175451656616041e-08
1.9198621771937600e-02	0.0000000000000000e+00	9.4378027875458015e-09
1.9216075064457602e-02	0.0000000000000000e+00	8.8853283697690189e-09
1.9233528356977499e-02	0.0000000000000000e+00	6.8738179228450269e-09
1.9250981649497501e-02	0.0000000000000000e+00	6.8972905199748968e-09
1.9268434942017399e-02	0.0000000000000000e+00	7.1257088224765952e-09
1.9285888234537300e-02	0.0000000000000000e+00	6.1704705936818649e-09
1.9303341527057299e-02	0.0000000000000000e+00	5.3290710485924542e-09
1.9320794819577200e-02	0.0000000000000000e+00	4.4052279359052537e-09
1.9338248112097198e-02	0.0000000000000000e+00	3.2090798915765384e-09
1.9355701404617100e-02	0.0000000000000000e+00	2.1675582899741141e-09
1.9373154697137102e-02	0.0000000000000000e+00	1.2392137337981224e-09
1.9390607989656999e-02	0.0000000000000000e+00	5.1288643774724529e-10
1.9408061282176901e-02	0.0000000000000000e+00	2.7589018743168214e-11
1.9425514574696899e-02	0.0000000000000000e+00	4.1139815165625038e-10
1.9442967867216800e-02	0.0000000000000000e+00	9.5987948492415320e-10
1.9460421159736799e-02	0.0000000000000000e+00	2.5146081900767614e-09
1.9477874452256700e-02	0.0000000000000000e+00	4.8710200699353390e-09
1.9495327744776698e-02	0.0000000000000000e+00	7.2126048094103834e-09
1.9512781037296600e-02	0.0000000000000000e+00	8.6885870798428244e-09
1.9530234329816501e-02	0.0000000000000000e+00	1.2459923215586699e-08
1.9547687622336499e-02	0.0000000000000000e+00	1.2400519157525214e-08
1.9565140914856401e-02	0.0000000000000000e+00	1.0505737760638234e-08
1.9582594207376399e-02	0.0000000000000000e+00	9.5038370480707290e-09
1.9600047499896300e-02	0.0000000000000000e+00	7.7896571337374154e-09
1.9617500792416299e-02	0.0000000000000000e+00	5.3277125718932672e-09
1.9634954084936200e-02	0.0000000000000000e+00	1.9459372095458061e-09
1.9652407377456101e-02	0.0000000000000000e+00	4.8804078703681975e-10
1.9669860669976100e-02	0.0000000000000000e+00	8.6740821816921887e-10
1.9687313962496001e-02	0.0000000000000000e+00	1.2181335844532737e-09
1.9704767255015999e-02	0.0000000000000000e+00	1.9772684661453765e-09
1.9722220547535901e-02	0.0000000000000000e+00	2.5475957341966615e-09
1.9739673840055899e-02	0.0000000000000000e+00	3.7916824992267895e-09
1.9757127132575800e-02	0.0000000000000000e+00	4.7101759142326172e-09
1.9774580425095799e-02	0.0000000000000000e+00	4.6635252309162878e-09
1.9792033717615700e-02	0.0000000000000000e+00	4.8742510678698170e-09
1.9809487010135601e-02	0.0000000000000000e+00	5.5672193825448413e-09
1.9826940302655600e-02	0.0000000000000000e+00	4.7117575951993729e-09
1.9844393595175501e-02	0.0000000000000000e+00	1.8843319795139313e-09
1.9861846887695499e-02	0.0000000000000000e+00	1.0856428611996649e-09
1.9879300180215401e-02	0.0000000000000000e+00	2.2112532933188378e-09
1.9896753472735399e-02	0.0000000000000000e+00	3.3650147798422458e-09
1.9914206765255300e-02	0.0000000000000000e+00	3.3104790662236150e-09
1.9931660057775202e-02	0.0000000000000000e+00	1.9249374880528358e-09
1.9949113350295200e-02	0.0000000000000000e+00	2.1563405622725129e-09
1.9966566642815101e-02	0.0000000000000000e+00	4.1290890381330547e-09
1.9984019935335100e-02	0.0000000000000000e+00	4.5255443646002869e-09
2.0001473227855001e-02	0.0000000000000000e+00	3.0638464118201703e-09
2.0018926520374999e-02	0.0000000000000000e+00	2.2287728065027712e-09
2.0036379812894901e-02	0.0000000000000000e+00	1.4157693355339174e-09
2.0053833105414798e-02	0.0000000000000000e+00	5.4391426605737703e-10
2.0071286397934800e-02	0.0000000000000000e+00	3.2852778483749567e-10
2.0088739690454702e-02	0.0000000000000000e+00	1.0952194342411792e-09
2.0106192982974700e-02	0.0000000000000000e+00	1.9382226353406584e-09
2.0123646275494601e-02	0.0000000000000000e+00	3.2784664241204686e-09
2.0141099568014600e-02	0.0000000000000000e+00	4.5922195126418819e-09
2.0158552860534501e-02	0.0000000000000000e+00	5.8800478279844026e-09
2.0176006153054399e-02	0.0000000000000000e+00	3.3089206583070130e-09
2.0193459445574401e-02	0.0000000000000000e+00	1.8416032657175840e-09
2.0210912738094299e-02	0.0000000000000000e+00	6.3613728538275405e-09
2.0228366030614300e-02	0.0000000000000000e+00	1.0608215455371051e-08
2.0245819323134202e-02	0.0000000000000000e+00	1.1398462965162004e-08
2.0263272615654200e-02	0.0000000000000000e+00	9.0946230954166984e-09
2.0280725908174101e-02	0.0000000000000000e+00	8.1561243817779294e-09
2.0298179200694100e-02	0.0000000000000000e+00	6.6850571688557847e-09
2.0315632493214001e-02	0.0000000000000000e+00	6.1788275394596137e-09
2.0333085785733899e-02	0.0000000000000000e+00	3.4020100955073351e-09
2.0350539078253901e-02	0.0000000000000000e+00	4.6723976901072439e-10
2.0367992370773799e-02	0.0000000000000000e+00	7.8775853114970706e-10
2.0385445663293800e-02	0.0000000000000000e+00	1.4775085950720357e-09
2.0402898955813702e-02	0.0000000000000000e+00	1.7474478283645289e-09
2.0420352248333700e-02	0.0000000000000000e+00	2.5719080307302911e-09
2.0437805540853601e-02	0.0000000000000000e+00	5.0882176050662253e-09
2.0455258833373499e-02	0.0000000000000000e+00	7.6405204485312239e-09
2.0472712125893501e-02	0.0000000000000000e+00	7.9072849201548834e-09
2.0490165418413399e-02	0.0000000000000000e+00	7.8683881103366882e-09
2.0507618710933401e-02	0.0000000000000000e+00	7.5437078675757996e-09
2.0525072003453299e-02	0.0000000000000000e+00	6.8573242474959106e-09
2.0542525295973300e-02	0.0000000000000000e+00	8.3197466754433846e-09
2.0559978588493202e-02	0.0000000000000000e+00	1.0928153588649070e-08
2.0577431881013099e-02	0.0000000000000000e+00	1.0704372041536736e-08
2.0594885173533101e-02	0.0000000000000000e+00	7.1989537031233453e-09
2.0612338466052999e-02	0.0000000000000000e+00	5.6428949004802553e-09
2.0629791758573001e-02	0.0000000000000000e+00	4.7323584989947265e-09
2.0647245051092899e-02	0.0000000000000000e+00	4.4727800434761489e-09
2.0664698343612901e-02	0.0000000000000000e+00	2.1437982517663601e-09
2.0682151636132799e-02	0.0000000000000000e+00	1.2403228600438299e-09
2.0699604928652700e-02	0.0000000000000000e+00	2.0620680427942129e-09
2.0717058221172702e-02	0.0000000000000000e+00	1.8548197257620136e-09
2.0734511513692599e-02	0.0000000000000000e+00	1.5973010357960005e-09
2.0751964806212601e-02	0.0000000000000000e+00	1.2073583790725428e-09
2.0769418098732499e-02	0.0000000000000000e+00	7.5670181362216815e-10
2.0786871391252501e-02	0.0000000000000000e+00	3.5405198564597562e-10
2.0804324683772399e-02	0.0000000000000000e+00	3.2955426885680761e-10
2.0821777976292300e-02	0.0000000000000000e+00	3.0500346562614689e-10
2.0839231268812299e-02	0.0000000000000000e+00	4.5843580147308938e-10
2.0856684561332200e-02	0.0000000000000000e+00	1.4621475124404482e-09
2.0874137853852202e-02	0.0000000000000000e+00	1.2324372017716301e-09
2.0891591146372099e-02	0.0000000000000000e+00	2.9670494420749871e-09
2.0909044438892101e-02	0.0000000000000000e+00	8.3265632019532965e-09
2.0926497731411999e-02	0.0000000000000000e+00	1.2895904638425548e-08
2.0943951023932001e-02	0.0000000000000000e+00	1.1189170862416220e-08
