0.0000000000000000e+00	0.0000000000000000e+00	0.0000000000000000e+00
1.7453292519943300e-05	0.0000000000000000e+00	2.8158501213393700e-15
3.4906585039886600e-05	0.0000000000000000e+00	2.4079983151476898e-13
5.2359877559829903e-05	0.0000000000000000e+00	3.4635696948836001e-12
6.9813170079773199e-05	0.0000000000000000e+00	2.3842935542719400e-11
8.7266462599716496e-05	0.0000000000000000e+00	1.0675773235753000e-10
1.0471975511966000e-04	0.0000000000000000e+00	3.5847477349030302e-10
1.2217304763960301e-04	0.0000000000000000e+00	9.7737185571562104e-10
1.3962634015954599e-04	0.0000000000000000e+00	2.2723443607904799e-09
1.5707963267949001e-04	0.0000000000000000e+00	4.6521233356960402e-09
1.7453292519943299e-04	0.0000000000000000e+00	8.5731154950159494e-09
1.9198621771937600e-04	0.0000000000000000e+00	1.4443335310518099e-08
2.0943951023931999e-04	0.0000000000000000e+00	2.2494685829820499e-08
2.2689280275926300e-04	0.0000000000000000e+00	3.2652284626400602e-08
2.4434609527920601e-04	0.0000000000000000e+00	4.4443515254655901e-08
2.6179938779914903e-04	0.0000000000000000e+00	5.6996390635289700e-08
2.7925268031909301e-04	0.0000000000000000e+00	6.9172642100050597e-08
2.9670597283903603e-04	0.0000000000000000e+00	7.9863402315718304e-08
3.1415926535897898e-04	0.0000000000000000e+00	8.8444880578165907e-08
3.3161255787892303e-04	0.0000000000000000e+00	9.5351653384300494e-08
3.4906585039886598e-04	0.0000000000000000e+00	1.0268273608899500e-07
3.6651914291880900e-04	0.0000000000000000e+00	1.1471935261755800e-07
3.8397243543875201e-04	0.0000000000000000e+00	1.3821292196737200e-07
4.0142572795869599e-04	0.0000000000000000e+00	1.8230571888886200e-07
4.1887902047863901e-04	0.0000000000000000e+00	2.5798020194313299e-07
4.3633231299858202e-04	0.0000000000000000e+00	3.7699683594258701e-07
4.5378560551852601e-04	0.0000000000000000e+00	5.5036888906372501e-07
4.7123889803846902e-04	0.0000000000000000e+00	7.8652481329894802e-07
4.8869219055841203e-04	0.0000000000000000e+00	1.0894082610953199e-06
5.0614548307835602e-04	0.0000000000000000e+00	1.4568433602416201e-06
5.2359877559829903e-04	0.0000000000000000e+00	1.8795297133460901e-06
5.4105206811824204e-04	0.0000000000000000e+00	2.3410122614887198e-06
5.5850536063818505e-04	0.0000000000000000e+00	2.8188873186108901e-06
5.7595865315812904e-04	0.0000000000000000e+00	3.2873588858892401e-06
5.9341194567807205e-04	0.0000000000000000e+00	3.7210609552090200e-06
6.1086523819801496e-04	0.0000000000000000e+00	4.0998348800858303e-06
6.2831853071795905e-04	0.0000000000000000e+00	4.4139281574830897e-06
6.4577182323790196e-04	0.0000000000000000e+00	4.6688987636794502e-06
6.6322511575784497e-04	0.0000000000000000e+00	4.8894039152947201e-06
6.8067840827778798e-04	0.0000000000000000e+00	5.1210557378210001e-06
6.9813170079773197e-04	0.0000000000000000e+00	5.4296568571172196e-06
7.1558499331767498e-04	0.0000000000000000e+00	5.8973883804083803e-06
7.3303828583761799e-04	0.0000000000000000e+00	6.6158962150075699e-06
7.5049157835756198e-04	0.0000000000000000e+00	7.6766672616707004e-06
7.6794487087750499e-04	0.0000000000000000e+00	9.1595546511065799e-06
7.8539816339744800e-04	0.0000000000000000e+00	1.1120736392802000e-05
8.0285145591739199e-04	0.0000000000000000e+00	1.3581700566866701e-05
8.2030474843733500e-04	0.0000000000000000e+00	1.6520977011609400e-05
8.3775804095727801e-04	0.0000000000000000e+00	1.9870243948510499e-05
8.5521133347722102e-04	0.0000000000000000e+00	2.3516101768988402e-05
8.7266462599716501e-04	0.0000000000000000e+00	2.7308232711492502e-05
8.9011791851710802e-04	0.0000000000000000e+00	3.1073904248377997e-05
9.0757121103705104e-04	0.0000000000000000e+00	3.4637908522152503e-05
9.2502450355699502e-04	0.0000000000000000e+00	3.7846165829239998e-05
9.4247779607693804e-04	0.0000000000000000e+00	4.0590451165349400e-05
9.5993108859688105e-04	0.0000000000000000e+00	4.2831191685867798e-05
9.7738438111682406e-04	0.0000000000000000e+00	4.4615097389514800e-05
9.9483767363676805e-04	0.0000000000000000e+00	4.6084592691013402e-05
1.0122909661567101e-03	0.0000000000000000e+00	4.7476671176300902e-05
1.0297442586766500e-03	0.0000000000000000e+00	4.9109823772639499e-05
1.0471975511966000e-03	0.0000000000000000e+00	5.1359031307920301e-05
1.0646508437165401e-03	0.0000000000000000e+00	5.4620325795287099e-05
1.0821041362364800e-03	0.0000000000000000e+00	5.9267925528010799e-05
1.0995574287564300e-03	0.0000000000000000e+00	6.5608256864118706e-05
1.1170107212763701e-03	0.0000000000000000e+00	7.3836098059816102e-05
1.1344640137963100e-03	0.0000000000000000e+00	8.3998466235200801e-05
1.1519173063162600e-03	0.0000000000000000e+00	9.5971601349259701e-05
1.1693705988361999e-03	0.0000000000000000e+00	1.0945544717334500e-04
1.1868238913561400e-03	0.0000000000000000e+00	1.2398843554106400e-04
1.2042771838760900e-03	0.0000000000000000e+00	1.3898326270118499e-04
1.2217304763960299e-03	0.0000000000000000e+00	1.5378191195332600e-04
1.2391837689159700e-03	0.0000000000000000e+00	1.6772567932645400e-04
1.2566370614359201e-03	0.0000000000000000e+00	1.8023369124967701e-04
1.2740903539558599e-03	0.0000000000000000e+00	1.9088166089000500e-04
1.2915436464758000e-03	0.0000000000000000e+00	1.9947167515700599e-04
1.3089969389957501e-03	0.0000000000000000e+00	2.0608383639356701e-04
1.3264502315156899e-03	0.0000000000000000e+00	2.1110170354064899e-04
1.3439035240356300e-03	0.0000000000000000e+00	2.1520567079570601e-04
1.3613568165555801e-03	0.0000000000000000e+00	2.1933155019479900e-04
1.3788101090755199e-03	0.0000000000000000e+00	2.2459539873647099e-04
1.3962634015954600e-03	0.0000000000000000e+00	2.3218969189501700e-04
1.4137166941154101e-03	0.0000000000000000e+00	2.4325984031823401e-04
1.4311699866353500e-03	0.0000000000000000e+00	2.5877326357586302e-04
1.4486232791552900e-03	0.0000000000000000e+00	2.7939534788536200e-04
1.4660765716752401e-03	0.0000000000000000e+00	3.0538725092309302e-04
1.4835298641951800e-03	0.0000000000000000e+00	3.3653944235893400e-04
1.5009831567151201e-03	0.0000000000000000e+00	3.7215204872532802e-04
1.5184364492350699e-03	0.0000000000000000e+00	4.1106867128433400e-04
1.5358897417550100e-03	0.0000000000000000e+00	4.5176475523588702e-04
1.5533430342749501e-03	0.0000000000000000e+00	4.9248536631461902e-04
1.5707963267948999e-03	0.0000000000000000e+00	5.3142106997084099e-04
1.5882496193148400e-03	0.0000000000000000e+00	5.6690525735835200e-04
1.6057029118347801e-03	0.0000000000000000e+00	5.9761242239450302e-04
1.6231562043547299e-03	0.0000000000000000e+00	6.2273514474383998e-04
1.6406094968746700e-03	0.0000000000000000e+00	6.4211823411822200e-04
1.6580627893946101e-03	0.0000000000000000e+00	6.5633173505087598e-04
1.6755160819145599e-03	0.0000000000000000e+00	6.6667005733057005e-04
1.6929693744345000e-03	0.0000000000000000e+00	6.7507188068058300e-04
1.7104226669544401e-03	0.0000000000000000e+00	6.8396395799355796e-04
1.7278759594743899e-03	0.0000000000000000e+00	6.9604058236245197e-04
1.7453292519943300e-03	0.0000000000000000e+00	7.1399831666847701e-04
1.7627825445142699e-03	0.0000000000000000e+00	7.4025172068329802e-04
1.7802358370342200e-03	0.0000000000000000e+00	7.7665946962277802e-04
1.7976891295541600e-03	0.0000000000000000e+00	8.2429091783242496e-04
1.8151424220740999e-03	0.0000000000000000e+00	8.8326068944111203e-04
1.8325957145940500e-03	0.0000000000000000e+00	9.5265330580781400e-04
1.8500490071139900e-03	0.0000000000000000e+00	1.0305516352967601e-03
1.8675022996339299e-03	0.0000000000000000e+00	1.1141728893795399e-03
1.8849555921538800e-03	0.0000000000000000e+00	1.2001048346408100e-03
1.9024088846738201e-03	0.0000000000000000e+00	1.2846239486135600e-03
1.9198621771937599e-03	0.0000000000000000e+00	1.3640675405915399e-03
1.9373154697137100e-03	0.0000000000000000e+00	1.4352244139859401e-03
1.9547687622336499e-03	0.0000000000000000e+00	1.4957043756438999e-03
1.9722220547535902e-03	0.0000000000000000e+00	1.5442464282185201e-03
1.9896753472735400e-03	0.0000000000000000e+00	1.5809291378460200e-03
2.0071286397934799e-03	0.0000000000000000e+00	1.6072543801792401e-03
2.0245819323134202e-03	0.0000000000000000e+00	1.6260869674028600e-03
2.0420352248333700e-03	0.0000000000000000e+00	1.6414466420158200e-03
2.0594885173533099e-03	0.0000000000000000e+00	1.6581643409262501e-03
2.0769418098732502e-03	0.0000000000000000e+00	1.6814299937812000e-03
2.0943951023932000e-03	0.0000000000000000e+00	1.7162727025556500e-03
2.1118483949131399e-03	0.0000000000000000e+00	1.7670243569459100e-03
2.1293016874330802e-03	0.0000000000000000e+00	1.8368231441462800e-03
2.1467549799530201e-03	0.0000000000000000e+00	1.9272129547809999e-03
2.1642082724729699e-03	0.0000000000000000e+00	2.0378880719947399e-03
2.1816615649929102e-03	0.0000000000000000e+00	2.1666198569891999e-03
2.1991148575128501e-03	0.0000000000000000e+00	2.3093844200042300e-03
2.2165681500327999e-03	0.0000000000000000e+00	2.4606893012387499e-03
2.2340214425527402e-03	0.0000000000000000e+00	2.6140750191759499e-03
2.2514747350726801e-03	0.0000000000000000e+00	2.7627465859941598e-03
2.2689280275926299e-03	0.0000000000000000e+00	2.9002732741512101e-03
2.2863813201125698e-03	0.0000000000000000e+00	3.0212841929329200e-03
2.3038346126325101e-03	0.0000000000000000e+00	3.1220842325884101e-03
2.3212879051524599e-03	0.0000000000000000e+00	3.2011203537390298e-03
2.3387411976723998e-03	0.0000000000000000e+00	3.2592417422746302e-03
2.3561944901923401e-03	0.0000000000000000e+00	3.2997177285739700e-03
2.3736477827122899e-03	0.0000000000000000e+00	3.3280024201639501e-03
2.3911010752322298e-03	0.0000000000000000e+00	3.3512619260158598e-03
2.4085543677521701e-03	0.0000000000000000e+00	3.3777058861211599e-03
2.4260076602721200e-03	0.0000000000000000e+00	3.4157868479955601e-03
2.4434609527920598e-03	0.0000000000000000e+00	3.4733464435806401e-03
2.4609142453120001e-03	0.0000000000000000e+00	3.5567946910423499e-03
2.4783675378319500e-03	0.0000000000000000e+00	3.6704071867343798e-03
2.4958208303518898e-03	0.0000000000000000e+00	3.8158148213959802e-03
2.5132741228718301e-03	0.0000000000000000e+00	3.9917431588731003e-03
2.5307274153917800e-03	0.0000000000000000e+00	4.1940350298112503e-03
2.5481807079117198e-03	0.0000000000000000e+00	4.4159627638447503e-03
2.5656340004316601e-03	0.0000000000000000e+00	4.6488084996225403e-03
2.5830872929516100e-03	0.0000000000000000e+00	4.8826643030417203e-03
2.6005405854715499e-03	0.0000000000000000e+00	5.1073810485973703e-03
2.6179938779914902e-03	0.0000000000000000e+00	5.3135782169557002e-03
2.6354471705114400e-03	0.0000000000000000e+00	5.4936175335407204e-03
2.6529004630313799e-03	0.0000000000000000e+00	5.6424428942311701e-03
2.6703537555513202e-03	0.0000000000000000e+00	5.7581976938107099e-03
2.6878070480712700e-03	0.0000000000000000e+00	5.8425481918466804e-03
2.7052603405912099e-03	0.0000000000000000e+00	5.9006669287120497e-03
2.7227136331111502e-03	0.0000000000000000e+00	5.9408616058800202e-03
2.7401669256311000e-03	0.0000000000000000e+00	5.9738694677899003e-03
2.7576202181510399e-03	0.0000000000000000e+00	6.0118722205097803e-03
2.7750735106709802e-03	0.0000000000000000e+00	6.0673182507047403e-03
2.7925268031909300e-03	0.0000000000000000e+00	6.1516636666736598e-03
2.8099800957108699e-03	0.0000000000000000e+00	6.2741585547394698e-03
2.8274333882308102e-03	0.0000000000000000e+00	6.4408071912170203e-03
2.8448866807507600e-03	0.0000000000000000e+00	6.6536196398220100e-03
2.8623399732706999e-03	0.0000000000000000e+00	6.9102474425179897e-03
2.8797932657906402e-03	0.0000000000000000e+00	7.2040594989451001e-03
2.8972465583105901e-03	0.0000000000000000e+00	7.5246692761436803e-03
2.9146998508305299e-03	0.0000000000000000e+00	7.8588758549548408e-03
2.9321531433504698e-03	0.0000000000000000e+00	8.1919342615163707e-03
2.9496064358704201e-03	0.0000000000000000e+00	8.5090308466098108e-03
2.9670597283903599e-03	0.0000000000000000e+00	8.7968122959136107e-03
2.9845130209102998e-03	0.0000000000000000e+00	9.0448059040742403e-03
3.0019663134302501e-03	0.0000000000000000e+00	9.2465759556613798e-03
3.0194196059501899e-03	0.0000000000000000e+00	9.4004862698573097e-03
3.0368728984701298e-03	0.0000000000000000e+00	9.5099794936231597e-03
3.0543261909900801e-03	0.0000000000000000e+00	9.5833348938840993e-03
3.0717794835100200e-03	0.0000000000000000e+00	9.6329223081199605e-03
3.0892327760299598e-03	0.0000000000000000e+00	9.6740239508067098e-03
3.1066860685499101e-03	0.0000000000000000e+00	9.7233417330707100e-03
3.1241393610698500e-03	0.0000000000000000e+00	9.7973407065207203e-03
3.1415926535897898e-03	0.0000000000000000e+00	9.9105957181222105e-03
3.1590459461097401e-03	0.0000000000000000e+00	1.0074307415160501e-02
3.1764992386296800e-03	0.0000000000000000e+00	1.0295135963532801e-02
3.1939525311496198e-03	0.0000000000000000e+00	1.0574468554451100e-02
3.2114058236695701e-03	0.0000000000000000e+00	1.0908194715062301e-02
3.2288591161895100e-03	0.0000000000000000e+00	1.1287014946953200e-02
3.2463124087094499e-03	0.0000000000000000e+00	1.1697257695737401e-02
3.2637657012294001e-03	0.0000000000000000e+00	1.2122132679275900e-02
3.2812189937493400e-03	0.0000000000000000e+00	1.2543308046983200e-02
3.2986722862692799e-03	0.0000000000000000e+00	1.2942667692326300e-02
3.3161255787892301e-03	0.0000000000000000e+00	1.3304086412985300e-02
3.3335788713091700e-03	0.0000000000000000e+00	1.3615055510734600e-02
3.3510321638291099e-03	0.0000000000000000e+00	1.3868000660093400e-02
3.3684854563490602e-03	0.0000000000000000e+00	1.4061157539302101e-02
3.3859387488690000e-03	0.0000000000000000e+00	1.4198907057697101e-02
3.4033920413889399e-03	0.0000000000000000e+00	1.4291519158398601e-02
3.4208453339088902e-03	0.0000000000000000e+00	1.4354308608601400e-02
3.4382986264288300e-03	0.0000000000000000e+00	1.4406263114411901e-02
3.4557519189487699e-03	0.0000000000000000e+00	1.4468258786450699e-02
3.4732052114687202e-03	0.0000000000000000e+00	1.4561024868828600e-02
3.4906585039886600e-03	0.0000000000000000e+00	1.4703052938011101e-02
3.5081117965085999e-03	0.0000000000000000e+00	1.4908661234011999e-02
3.5255650890285502e-03	0.0000000000000000e+00	1.5186419104694600e-02
3.5430183815484901e-03	0.0000000000000000e+00	1.5538108788522900e-02
3.5604716740684299e-03	0.0000000000000000e+00	1.5958353391458600e-02
3.5779249665883698e-03	0.0000000000000000e+00	1.6434974254485701e-02
3.5953782591083201e-03	0.0000000000000000e+00	1.6950064890012200e-02
3.6128315516282599e-03	0.0000000000000000e+00	1.7481690354968500e-02
3.6302848441482102e-03	0.0000000000000000e+00	1.8006048760057701e-02
3.6477381366681501e-03	0.0000000000000000e+00	1.8499875851629100e-02
3.6651914291880900e-03	0.0000000000000000e+00	1.8942840620206802e-02
3.6826447217080398e-03	0.0000000000000000e+00	1.9319674824622299e-02
3.7000980142279801e-03	0.0000000000000000e+00	1.9621804359520899e-02
3.7175513067479200e-03	0.0000000000000000e+00	1.9848302349572799e-02
3.7350045992678598e-03	0.0000000000000000e+00	2.0006057404959900e-02
3.7524578917878101e-03	0.0000000000000000e+00	2.0109136026630399e-02
3.7699111843077500e-03	0.0000000000000000e+00	2.0177405689519000e-02
3.7873644768276998e-03	0.0000000000000000e+00	2.0234563924178200e-02
3.8048177693476401e-03	0.0000000000000000e+00	2.0305779653823301e-02
3.8222710618675800e-03	0.0000000000000000e+00	2.0415189947941500e-02
3.8397243543875199e-03	0.0000000000000000e+00	2.0583505160067701e-02
3.8571776469074701e-03	0.0000000000000000e+00	2.0825958937808701e-02
3.8746309394274100e-03	0.0000000000000000e+00	2.1150799882798700e-02
3.8920842319473499e-03	0.0000000000000000e+00	2.1558464634208199e-02
3.9095375244672997e-03	0.0000000000000000e+00	2.2041504262050302e-02
3.9269908169872400e-03	0.0000000000000000e+00	2.2585265267233801e-02
3.9444441095071803e-03	0.0000000000000000e+00	2.3169257843805101e-02
3.9618974020271302e-03	0.0000000000000000e+00	2.3769082643792201e-02
3.9793506945470696e-03	0.0000000000000000e+00	2.4358739181552801e-02
3.9968039870670099e-03	0.0000000000000000e+00	2.4913105929902601e-02
4.0142572795869597e-03	0.0000000000000000e+00	2.5410365859118399e-02
4.0317105721069000e-03	0.0000000000000000e+00	2.5834153736796300e-02
4.0491638646268403e-03	0.0000000000000000e+00	2.6175222289448900e-02
4.0666171571467902e-03	0.0000000000000000e+00	2.6432462288909501e-02
4.0840704496667296e-03	0.0000000000000000e+00	2.6613165546075498e-02
4.1015237421866699e-03	0.0000000000000000e+00	2.6732485269988601e-02
4.1189770347066198e-03	0.0000000000000000e+00	2.6812121336033199e-02
4.1364303272265601e-03	0.0000000000000000e+00	2.6878332553955601e-02
4.1538836197465004e-03	0.0000000000000000e+00	2.6959447117168901e-02
4.1713369122664502e-03	0.0000000000000000e+00	2.7083099285282800e-02
4.1887902047863896e-03	0.0000000000000000e+00	2.7273458087885501e-02
4.2062434973063299e-03	0.0000000000000000e+00	2.7548726938427401e-02
4.2236967898262798e-03	0.0000000000000000e+00	2.7919177912754500e-02
4.2411500823462201e-03	0.0000000000000000e+00	2.8385940731801201e-02
4.2586033748661604e-03	0.0000000000000000e+00	2.8940696648710001e-02
4.2760566673861102e-03	0.0000000000000000e+00	2.9566337023551399e-02
4.2935099599060497e-03	0.0000000000000000e+00	3.0238544976068100e-02
4.3109632524259900e-03	0.0000000000000000e+00	3.0928156705127600e-02
4.3284165449459398e-03	0.0000000000000000e+00	3.1604068739529902e-02
4.3458698374658801e-03	0.0000000000000000e+00	3.2236391413000998e-02
4.3633231299858204e-03	0.0000000000000000e+00	3.2799514867297500e-02
4.3807764225057702e-03	0.0000000000000000e+00	3.3274757467120997e-02
4.3982297150257097e-03	0.0000000000000000e+00	3.3652309544198497e-02
4.4156830075456500e-03	0.0000000000000000e+00	3.3932261839278999e-02
4.4331363000655998e-03	0.0000000000000000e+00	3.4124609431314297e-02
4.4505895925855401e-03	0.0000000000000000e+00	3.4248235816937700e-02
4.4680428851054804e-03	0.0000000000000000e+00	3.4328992396626901e-02
4.4854961776254303e-03	0.0000000000000000e+00	3.4397083711642802e-02
4.5029494701453697e-03	0.0000000000000000e+00	3.4484037914763399e-02
4.5204027626653100e-03	0.0000000000000000e+00	3.4619577235822700e-02
4.5378560551852598e-03	0.0000000000000000e+00	3.4828703271263500e-02
4.5553093477052001e-03	0.0000000000000000e+00	3.5129279480263897e-02
4.5727626402251396e-03	0.0000000000000000e+00	3.5530334787621597e-02
4.5902159327450903e-03	0.0000000000000000e+00	3.6031235208181800e-02
4.6076692252650297e-03	0.0000000000000000e+00	3.6621784012624302e-02
4.6251225177849700e-03	0.0000000000000000e+00	3.7283225483313899e-02
4.6425758103049199e-03	0.0000000000000000e+00	3.7990047151330503e-02
4.6600291028248602e-03	0.0000000000000000e+00	3.8712407216423703e-02
4.6774823953447996e-03	0.0000000000000000e+00	3.9418963352815799e-02
4.6949356878647503e-03	0.0000000000000000e+00	4.0079846964949199e-02
4.7123889803846897e-03	0.0000000000000000e+00	4.0669515077943197e-02
4.7298422729046300e-03	0.0000000000000000e+00	4.1169221406359598e-02
4.7472955654245799e-03	0.0000000000000000e+00	4.1568878088085598e-02
4.7647488579445202e-03	0.0000000000000000e+00	4.1868128383757398e-02
4.7822021504644596e-03	0.0000000000000000e+00	4.2076516108170897e-02
4.7996554429844103e-03	0.0000000000000000e+00	4.2212715292356699e-02
4.8171087355043498e-03	0.0000000000000000e+00	4.2302868493224698e-02
4.8345620280242901e-03	0.0000000000000000e+00	4.2378167023625499e-02
4.8520153205442399e-03	0.0000000000000000e+00	4.2471883766369102e-02
4.8694686130641802e-03	0.0000000000000000e+00	4.2616131504697598e-02
4.8869219055841196e-03	0.0000000000000000e+00	4.2838658541629299e-02
4.9043751981040704e-03	0.0000000000000000e+00	4.3160003222552000e-02
4.9218284906240098e-03	0.0000000000000000e+00	4.3591306364018798e-02
4.9392817831439501e-03	0.0000000000000000e+00	4.4133025416752202e-02
4.9567350756638999e-03	0.0000000000000000e+00	4.4774709626692902e-02
4.9741883681838402e-03	0.0000000000000000e+00	4.5495888797010102e-02
4.9916416607037797e-03	0.0000000000000000e+00	4.6268010673624502e-02
5.0090949532237304e-03	0.0000000000000000e+00	4.7057245832654998e-02
5.0265482457436698e-03	0.0000000000000000e+00	4.7827878956136702e-02
5.0440015382636101e-03	0.0000000000000000e+00	4.8545933680680997e-02
5.0614548307835600e-03	0.0000000000000000e+00	4.9182646219512897e-02
5.0789081233035003e-03	0.0000000000000000e+00	4.9717413939841103e-02
5.0963614158234397e-03	0.0000000000000000e+00	5.0139899941783299e-02
5.1138147083433904e-03	0.0000000000000000e+00	5.0451069881691901e-02
5.1312680008633298e-03	0.0000000000000000e+00	5.0663055986229798e-02
5.1487212933832701e-03	0.0000000000000000e+00	5.0797873922125300e-02
5.1661745859032200e-03	0.0000000000000000e+00	5.0885143059168199e-02
5.1836278784231603e-03	0.0000000000000000e+00	5.0959063975662897e-02
5.2010811709430997e-03	0.0000000000000000e+00	5.1054979181042799e-02
5.2185344634630504e-03	0.0000000000000000e+00	5.1205874969038702e-02
5.2359877559829899e-03	0.0000000000000000e+00	5.1439174386286701e-02
5.2534410485029302e-03	0.0000000000000000e+00	5.1774127878278800e-02
5.2708943410228696e-03	0.0000000000000000e+00	5.2220036950599298e-02
5.2883476335428203e-03	0.0000000000000000e+00	5.2775457229108702e-02
5.3058009260627597e-03	0.0000000000000000e+00	5.3428430316131897e-02
5.3232542185827000e-03	0.0000000000000000e+00	5.4157699612757397e-02
5.3407075111026499e-03	0.0000000000000000e+00	5.4934780767990597e-02
5.3581608036225902e-03	0.0000000000000000e+00	5.5726686153007798e-02
5.3756140961425296e-03	0.0000000000000000e+00	5.6499051959410601e-02
5.3930673886624803e-03	0.0000000000000000e+00	5.7219386683384499e-02
5.4105206811824198e-03	0.0000000000000000e+00	5.7860150871289102e-02
5.4279739737023601e-03	0.0000000000000000e+00	5.8401392371551300e-02
5.4454272662223099e-03	0.0000000000000000e+00	5.8832696823782997e-02
5.4628805587422502e-03	0.0000000000000000e+00	5.9154268077170301e-02
5.4803338512621896e-03	0.0000000000000000e+00	5.9377025283586897e-02
5.4977871437821403e-03	0.0000000000000000e+00	5.9521687601542403e-02
5.5152404363020798e-03	0.0000000000000000e+00	5.9616908215449897e-02
5.5326937288220201e-03	0.0000000000000000e+00	5.9696609682924701e-02
5.5501470213419699e-03	0.0000000000000000e+00	5.9796753860984903e-02
5.5676003138619102e-03	0.0000000000000000e+00	5.9951843649267797e-02
5.5850536063818497e-03	0.0000000000000000e+00	6.0191492677618599e-02
5.6025068989018004e-03	0.0000000000000000e+00	6.0537406612713299e-02
5.6199601914217398e-03	0.0000000000000000e+00	6.1001092248277697e-02
5.6374134839416801e-03	0.0000000000000000e+00	6.1582548811601100e-02
5.6548667764616299e-03	0.0000000000000000e+00	6.2270103371375597e-02
5.6723200689815702e-03	0.0000000000000000e+00	6.3041436740457896e-02
5.6897733615015097e-03	0.0000000000000000e+00	6.3865720645634200e-02
5.7072266540214604e-03	0.0000000000000000e+00	6.4706663688716401e-02
5.7246799465413998e-03	0.0000000000000000e+00	6.5526158563814801e-02
5.7421332390613401e-03	0.0000000000000000e+00	6.6288149845349503e-02
5.7595865315812900e-03	0.0000000000000000e+00	6.6962311300537605e-02
5.7770398241012303e-03	0.0000000000000000e+00	6.7527137203018700e-02
5.7944931166211697e-03	0.0000000000000000e+00	6.7972115151001294e-02
5.8119464091411204e-03	0.0000000000000000e+00	6.8298751265019497e-02
5.8293997016610598e-03	0.0000000000000000e+00	6.8520347024218095e-02
5.8468529941810002e-03	0.0000000000000000e+00	6.8660567049746393e-02
5.8643062867009500e-03	0.0000000000000000e+00	6.8750967860225901e-02
5.8817595792208903e-03	0.0000000000000000e+00	6.8827764929469501e-02
5.8992128717408297e-03	0.0000000000000000e+00	6.8928187887959999e-02
5.9166661642607796e-03	0.0000000000000000e+00	6.9086803090528198e-02
5.9341194567807199e-03	0.0000000000000000e+00	6.9332170121126593e-02
5.9515727493006602e-03	0.0000000000000000e+00	6.9684149185116201e-02
5.9690260418206100e-03	0.0000000000000000e+00	7.0152098516063494e-02
5.9864793343405503e-03	0.0000000000000000e+00	7.0734105718517695e-02
6.0039326268604898e-03	0.0000000000000000e+00	7.1417295775017695e-02
6.0213859193804396e-03	0.0000000000000000e+00	7.2179159352230099e-02
6.0388392119003799e-03	0.0000000000000000e+00	7.2989758703835797e-02
6.0562925044203202e-03	0.0000000000000000e+00	7.3814597997642603e-02
6.0737457969402700e-03	0.0000000000000000e+00	7.4617892775534503e-02
6.0911990894602103e-03	0.0000000000000000e+00	7.5365945126818198e-02
6.1086523819801498e-03	0.0000000000000000e+00	7.6030325192956799e-02
6.1261056745000996e-03	0.0000000000000000e+00	7.6590575874997804e-02
6.1435589670200399e-03	0.0000000000000000e+00	7.7036195827619197e-02
6.1610122595399802e-03	0.0000000000000000e+00	7.7367714241178207e-02
6.1784655520599301e-03	0.0000000000000000e+00	7.7596745563795894e-02
6.1959188445798704e-03	0.0000000000000000e+00	7.7744999572790602e-02
6.2133721370998098e-03	0.0000000000000000e+00	7.7842315695230105e-02
6.2308254296197596e-03	0.0000000000000000e+00	7.7923882613983406e-02
6.2482787221396999e-03	0.0000000000000000e+00	7.8026887087615807e-02
6.2657320146596402e-03	0.0000000000000000e+00	7.8186900380265198e-02
6.2831853071795901e-03	0.0000000000000000e+00	7.8434349232070599e-02
6.3006385996995304e-03	0.0000000000000000e+00	7.8791424463312901e-02
6.3180918922194698e-03	0.0000000000000000e+00	7.9269750436405800e-02
6.3355451847394197e-03	0.0000000000000000e+00	7.9869073553107600e-02
6.3529984772593600e-03	0.0000000000000000e+00	8.0577131899909102e-02
6.3704517697793003e-03	0.0000000000000000e+00	8.1370748651945199e-02
6.3879050622992501e-03	0.0000000000000000e+00	8.2218062853660706e-02
6.4053583548191904e-03	0.0000000000000000e+00	8.3081685432288693e-02
6.4228116473391298e-03	0.0000000000000000e+00	8.3922459937724694e-02
6.4402649398590797e-03	0.0000000000000000e+00	8.4703435888264095e-02
6.4577182323790200e-03	0.0000000000000000e+00	8.5393632269044104e-02
6.4751715248989603e-03	0.0000000000000000e+00	8.5971185974511394e-02
6.4926248174188997e-03	0.0000000000000000e+00	8.6425548555823198e-02
6.5100781099388504e-03	0.0000000000000000e+00	8.6758499988251206e-02
6.5275314024587899e-03	0.0000000000000000e+00	8.6983881783277206e-02
6.5449846949787302e-03	0.0000000000000000e+00	8.7126095699479503e-02
6.5624379874986800e-03	0.0000000000000000e+00	8.7217546788336806e-02
6.5798912800186203e-03	0.0000000000000000e+00	8.7295318717637502e-02
6.5973445725385597e-03	0.0000000000000000e+00	8.7397441514690505e-02
6.6147978650585096e-03	0.0000000000000000e+00	8.7559139846631398e-02
6.6322511575784499e-03	0.0000000000000000e+00	8.7809435012218801e-02
6.6497044500983902e-03	0.0000000000000000e+00	8.8168421393533106e-02
6.6671577426183400e-03	0.0000000000000000e+00	8.8645457415703593e-02
6.6846110351382803e-03	0.0000000000000000e+00	8.9238413285217796e-02
6.7020643276582198e-03	0.0000000000000000e+00	8.9934014570717799e-02
6.7195176201781696e-03	0.0000000000000000e+00	9.0709220218252007e-02
6.7369709126981099e-03	0.0000000000000000e+00	9.1533486591261606e-02
6.7544242052180502e-03	0.0000000000000000e+00	9.2371698546671793e-02
6.7718774977380001e-03	0.0000000000000000e+00	9.3187496799843395e-02
6.7893307902579404e-03	0.0000000000000000e+00	9.3946703489433195e-02
6.8067840827778798e-03	0.0000000000000000e+00	9.4620542825048004e-02
6.8242373752978296e-03	0.0000000000000000e+00	9.5188371104359598e-02
6.8416906678177699e-03	0.0000000000000000e+00	9.5639669794869500e-02
6.8591439603377102e-03	0.0000000000000000e+00	9.5975114997239097e-02
6.8765972528576601e-03	0.0000000000000000e+00	9.6206612484080203e-02
6.8940505453776004e-03	0.0000000000000000e+00	9.6356275827174806e-02
6.9115038378975398e-03	0.0000000000000000e+00	9.6454419596257501e-02
6.9289571304174897e-03	0.0000000000000000e+00	9.6536732469505906e-02
6.9464104229374300e-03	0.0000000000000000e+00	9.6640878431106095e-02
6.9638637154573703e-03	0.0000000000000000e+00	9.6802838827413806e-02
6.9813170079773201e-03	0.0000000000000000e+00	9.7053346300681007e-02
6.9987703004972604e-03	0.0000000000000000e+00	9.7414767137469202e-02
7.0162235930171998e-03	0.0000000000000000e+00	9.7898757689538193e-02
7.0336768855371497e-03	0.0000000000000000e+00	9.8504954221498298e-02
7.0511301780570900e-03	0.0000000000000000e+00	9.9220858030489495e-02
7.0685834705770303e-03	0.0000000000000000e+00	1.0002295666569901e-01
7.0860367630969801e-03	0.0000000000000000e+00	1.0087899198481200e-01
7.1034900556169204e-03	0.0000000000000000e+00	1.0175115864702999e-01
7.1209433481368599e-03	0.0000000000000000e+00	1.0259990799973800e-01
7.1383966406568097e-03	0.0000000000000000e+00	1.0338796071235100e-01
7.1558499331767500e-03	0.0000000000000000e+00	1.0408410125260700e-01
7.1733032256966903e-03	0.0000000000000000e+00	1.0466634617831599e-01
7.1907565182166401e-03	0.0000000000000000e+00	1.0512414762674201e-01
7.2082098107365796e-03	0.0000000000000000e+00	1.0545940078102400e-01
7.2256631032565199e-03	0.0000000000000000e+00	1.0568615883492299e-01
7.2431163957764697e-03	0.0000000000000000e+00	1.0582910418519501e-01
7.2605696882964100e-03	0.0000000000000000e+00	1.0592095883880299e-01
7.2780229808163503e-03	0.0000000000000000e+00	1.0599912559978900e-01
7.2954762733363002e-03	0.0000000000000000e+00	1.0610192381118400e-01
7.3129295658562396e-03	0.0000000000000000e+00	1.0626481117279900e-01
7.3303828583761799e-03	0.0000000000000000e+00	1.0651696714338700e-01
7.3478361508961297e-03	0.0000000000000000e+00	1.0687855969176700e-01
7.3652894434160700e-03	0.0000000000000000e+00	1.0735893550020099e-01
7.3827427359360103e-03	0.0000000000000000e+00	1.0795587545995200e-01
7.4001960284559602e-03	0.0000000000000000e+00	1.0865595240797400e-01
7.4176493209758996e-03	0.0000000000000000e+00	1.0943592800877699e-01
7.4351026134958399e-03	0.0000000000000000e+00	1.1026503858062300e-01
7.4525559060157898e-03	0.0000000000000000e+00	1.1110794812834400e-01
7.4700091985357301e-03	0.0000000000000000e+00	1.1192809608036500e-01
7.4874624910556704e-03	0.0000000000000000e+00	1.1269114021378500e-01
7.5049157835756202e-03	0.0000000000000000e+00	1.1336819034983200e-01
7.5223690760955596e-03	0.0000000000000000e+00	1.1393854614460200e-01
7.5398223686154999e-03	0.0000000000000000e+00	1.1439169260467601e-01
7.5572756611354498e-03	0.0000000000000000e+00	1.1472836651014599e-01
7.5747289536553901e-03	0.0000000000000000e+00	1.1496058348269100e-01
7.5921822461753304e-03	0.0000000000000000e+00	1.1511060417140601e-01
7.6096355386952802e-03	0.0000000000000000e+00	1.1520891253540599e-01
7.6270888312152197e-03	0.0000000000000000e+00	1.1529137258745700e-01
7.6445421237351600e-03	0.0000000000000000e+00	1.1539581316538500e-01
7.6619954162551098e-03	0.0000000000000000e+00	1.1555835503330400e-01
7.6794487087750501e-03	0.0000000000000000e+00	1.1580983267168800e-01
7.6969020012949904e-03	0.0000000000000000e+00	1.1617266837695800e-01
7.7143552938149403e-03	0.0000000000000000e+00	1.1665852503495100e-01
7.7318085863348797e-03	0.0000000000000000e+00	1.1726699727913099e-01
7.7492618788548200e-03	0.0000000000000000e+00	1.1798550253942600e-01
7.7667151713747698e-03	0.0000000000000000e+00	1.1879041244202400e-01
7.7841684638947101e-03	0.0000000000000000e+00	1.1964933380530800e-01
7.8016217564146496e-03	0.0000000000000000e+00	1.2052432135350601e-01
7.8190750489345994e-03	0.0000000000000000e+00	1.2137569620738400e-01
7.8365283414545406e-03	0.0000000000000000e+00	1.2216607109625600e-01
7.8539816339744800e-03	0.0000000000000000e+00	1.2286415473111199e-01
7.8714349264944194e-03	0.0000000000000000e+00	1.2344792632269801e-01
7.8888882190143693e-03	0.0000000000000000e+00	1.2390684054984299e-01
7.9063415115343105e-03	0.0000000000000000e+00	1.2424283228311700e-01
7.9237948040542603e-03	0.0000000000000000e+00	1.2447002515919800e-01
7.9412480965741997e-03	0.0000000000000000e+00	1.2461319369444400e-01
7.9587013890941392e-03	0.0000000000000000e+00	1.2470516280579701e-01
7.9761546816140907e-03	0.0000000000000000e+00	1.2478343780605200e-01
7.9936079741340302e-03	0.0000000000000000e+00	1.2488643005392901e-01
8.0110612666539696e-03	0.0000000000000000e+00	1.2504967061686001e-01
8.0285145591739195e-03	0.0000000000000000e+00	1.2530238801422100e-01
8.0459678516938606e-03	0.0000000000000000e+00	1.2566477228588199e-01
8.0634211442138001e-03	0.0000000000000000e+00	1.2614616552138799e-01
8.0808744367337395e-03	0.0000000000000000e+00	1.2674432011176301e-01
8.0983277292536893e-03	0.0000000000000000e+00	1.2744576110148501e-01
8.1157810217736305e-03	0.0000000000000000e+00	1.2822718922918699e-01
8.1332343142935803e-03	0.0000000000000000e+00	1.2905777371757499e-01
8.1506876068135198e-03	0.0000000000000000e+00	1.2990211196174600e-01
8.1681408993334592e-03	0.0000000000000000e+00	1.3072358343496801e-01
8.1855941918534108e-03	0.0000000000000000e+00	1.3148779776021999e-01
8.2030474843733502e-03	0.0000000000000000e+00	1.3216583203910401e-01
8.2205007768932897e-03	0.0000000000000000e+00	1.3273697074315000e-01
8.2379540694132308e-03	0.0000000000000000e+00	1.3319070159898400e-01
8.2554073619331807e-03	0.0000000000000000e+00	1.3352778078615701e-01
8.2728606544531201e-03	0.0000000000000000e+00	1.3376025738076899e-01
8.2903139469730595e-03	0.0000000000000000e+00	1.3391043573588399e-01
8.3077672394930094e-03	0.0000000000000000e+00	1.3400884928452800e-01
8.3252205320129506e-03	0.0000000000000000e+00	1.3409141242538600e-01
8.3426738245328900e-03	0.0000000000000000e+00	1.3419600048068600e-01
8.3601271170528398e-03	0.0000000000000000e+00	1.3435877259438800e-01
8.3775804095727793e-03	0.0000000000000000e+00	1.3461059020054500e-01
8.3950337020927204e-03	0.0000000000000000e+00	1.3497388900680199e-01
8.4124869946126703e-03	0.0000000000000000e+00	1.3546033102699401e-01
8.4299402871326097e-03	0.0000000000000000e+00	1.3606949641088800e-01
8.4473935796525491e-03	0.0000000000000000e+00	1.3678877646849999e-01
8.4648468721725007e-03	0.0000000000000000e+00	1.3759450818255400e-01
8.4823001646924402e-03	0.0000000000000000e+00	1.3845425904686701e-01
8.4997534572123796e-03	0.0000000000000000e+00	1.3933004397979901e-01
8.5172067497323294e-03	0.0000000000000000e+00	1.4018214800481199e-01
8.5346600422522706e-03	0.0000000000000000e+00	1.4097315489391701e-01
8.5521133347722100e-03	0.0000000000000000e+00	1.4167175410207999e-01
8.5695666272921599e-03	0.0000000000000000e+00	1.4225591696858900e-01
8.5870199198120993e-03	0.0000000000000000e+00	1.4271510172651500e-01
8.6044732123320405e-03	0.0000000000000000e+00	1.4305125723011400e-01
8.6219265048519903e-03	0.0000000000000000e+00	1.4327852957010201e-01
8.6393797973719298e-03	0.0000000000000000e+00	1.4342172128642500e-01
8.6568330898918692e-03	0.0000000000000000e+00	1.4351368779885301e-01
8.6742863824118208e-03	0.0000000000000000e+00	1.4359196422106801e-01
8.6917396749317602e-03	0.0000000000000000e+00	1.4369498814973999e-01
8.7091929674516996e-03	0.0000000000000000e+00	1.4385831107858399e-01
8.7266462599716495e-03	0.0000000000000000e+00	1.4411117467983700e-01
8.7440995524915906e-03	0.0000000000000000e+00	1.4447377423092100e-01
8.7615528450115301e-03	0.0000000000000000e+00	1.4495544932230001e-01
8.7790061375314799e-03	0.0000000000000000e+00	1.4555394290303500e-01
8.7964594300514194e-03	0.0000000000000000e+00	1.4625576533254700e-01
8.8139127225713605e-03	0.0000000000000000e+00	1.4703759936708799e-01
8.8313660150913104e-03	0.0000000000000000e+00	1.4786859449401199e-01
8.8488193076112498e-03	0.0000000000000000e+00	1.4871332862900799e-01
8.8662726001311892e-03	0.0000000000000000e+00	1.4953516391300800e-01
8.8837258926511408e-03	0.0000000000000000e+00	1.5029969607782601e-01
8.9011791851710802e-03	0.0000000000000000e+00	1.5097799280618701e-01
8.9186324776910197e-03	0.0000000000000000e+00	1.5154933420034200e-01
8.9360857702109695e-03	0.0000000000000000e+00	1.5200320870432499e-01
8.9535390627309107e-03	0.0000000000000000e+00	1.5234037796780800e-01
8.9709923552508501e-03	0.0000000000000000e+00	1.5257290051170100e-01
8.9884456477708000e-03	0.0000000000000000e+00	1.5272309309431201e-01
9.0058989402907394e-03	0.0000000000000000e+00	1.5282150323268601e-01
9.0233522328106806e-03	0.0000000000000000e+00	1.5290405970790999e-01
9.0408055253306304e-03	0.0000000000000000e+00	1.5300865128946700e-01
9.0582588178505698e-03	0.0000000000000000e+00	1.5317144843790800e-01
9.0757121103705093e-03	0.0000000000000000e+00	1.5342332086966001e-01
9.0931654028904609e-03	0.0000000000000000e+00	1.5378670894373800e-01
9.1106186954104003e-03	0.0000000000000000e+00	1.5427327546114999e-01
9.1280719879303397e-03	0.0000000000000000e+00	1.5488259766865700e-01
9.1455252804502896e-03	0.0000000000000000e+00	1.5560206082211800e-01
9.1629785729702307e-03	0.0000000000000000e+00	1.5640799350093601e-01
9.1804318654901702e-03	0.0000000000000000e+00	1.5726795344074901e-01
9.1978851580101200e-03	0.0000000000000000e+00	1.5814394550026600e-01
9.2153384505300594e-03	0.0000000000000000e+00	1.5899624534276000e-01
9.2327917430500006e-03	0.0000000000000000e+00	1.5978742905804100e-01
9.2502450355699505e-03	0.0000000000000000e+00	1.6048618080483501e-01
9.2676983280898899e-03	0.0000000000000000e+00	1.6107046924949400e-01
9.2851516206098293e-03	0.0000000000000000e+00	1.6152975273691400e-01
9.3026049131297792e-03	0.0000000000000000e+00	1.6186598276244599e-01
9.3200582056497203e-03	0.0000000000000000e+00	1.6209331003531799e-01
9.3375114981696598e-03	0.0000000000000000e+00	1.6223654308640700e-01
9.3549647906896096e-03	0.0000000000000000e+00	1.6232854386923201e-01
9.3724180832095508e-03	0.0000000000000000e+00	1.6240685381493600e-01
9.3898713757294902e-03	0.0000000000000000e+00	1.6250991597126799e-01
9.4073246682494296e-03	0.0000000000000000e+00	1.6267328591360600e-01
9.4247779607693795e-03	0.0000000000000000e+00	1.6292620771518801e-01
9.4422312532893207e-03	0.0000000000000000e+00	1.6328887729829900e-01
9.4596845458092705e-03	0.0000000000000000e+00	1.6377063325414501e-01
9.4771378383292099e-03	0.0000000000000000e+00	1.6436921610499500e-01
9.4945911308491494e-03	0.0000000000000000e+00	1.6507113276560301e-01
9.5120444233690905e-03	0.0000000000000000e+00	1.6585306195121899e-01
9.5294977158890404e-03	0.0000000000000000e+00	1.6668414897736600e-01
9.5469510084089798e-03	0.0000000000000000e+00	1.6752896792041999e-01
9.5644043009289192e-03	0.0000000000000000e+00	1.6835087774479601e-01
9.5818575934488708e-03	0.0000000000000000e+00	1.6911547197571900e-01
9.5993108859688103e-03	0.0000000000000000e+00	1.6979381720106801e-01
9.6167641784887497e-03	0.0000000000000000e+00	1.7036519360640401e-01
9.6342174710086995e-03	0.0000000000000000e+00	1.7081909081974800e-01
9.6516707635286407e-03	0.0000000000000000e+00	1.7115627262325500e-01
9.6691240560485905e-03	0.0000000000000000e+00	1.7138880040925200e-01
9.6865773485685300e-03	0.0000000000000000e+00	1.7153899422198601e-01
9.7040306410884694e-03	0.0000000000000000e+00	1.7163740497314600e-01
9.7214839336084106e-03	0.0000000000000000e+00	1.7171996463019801e-01
9.7389372261283604e-03	0.0000000000000000e+00	1.7182456466367399e-01
9.7563905186482999e-03	0.0000000000000000e+00	1.7198737751155599e-01
9.7738438111682393e-03	0.0000000000000000e+00	1.7223927396804600e-01
9.7912971036881909e-03	0.0000000000000000e+00	1.7260269451477700e-01
9.8087503962081303e-03	0.0000000000000000e+00	1.7308930118875801e-01
9.8262036887280697e-03	0.0000000000000000e+00	1.7369866965982400e-01
9.8436569812480196e-03	0.0000000000000000e+00	1.7441818303594600e-01
9.8611102737679607e-03	0.0000000000000000e+00	1.7522416726309500e-01
9.8785635662879106e-03	0.0000000000000000e+00	1.7608417717243499e-01
9.8960168588078500e-03	0.0000000000000000e+00	1.7696021496162301e-01
9.9134701513277895e-03	0.0000000000000000e+00	1.7781255387701000e-01
9.9309234438477306e-03	0.0000000000000000e+00	1.7860376823282700e-01
9.9483767363676805e-03	0.0000000000000000e+00	1.7930254123492201e-01
9.9658300288876199e-03	0.0000000000000000e+00	1.7988684117385401e-01
9.9832833214075593e-03	0.0000000000000000e+00	1.8034612679485701e-01
1.0000736613927501e-02	0.0000000000000000e+00	1.8068235076996900e-01
1.0018189906447501e-02	0.0000000000000000e+00	1.8090966555008900e-01
1.0035643198967400e-02	0.0000000000000000e+00	1.8105288167697101e-01
1.0053096491487300e-02	0.0000000000000000e+00	1.8114486323096801e-01
1.0070549784007300e-02	0.0000000000000000e+00	1.8122315380118401e-01
1.0088003076527199e-02	0.0000000000000000e+00	1.8132619840767200e-01
1.0105456369047200e-02	0.0000000000000000e+00	1.8148955423231600e-01
1.0122909661567101e-02	0.0000000000000000e+00	1.8174246656447501e-01
1.0140362954087099e-02	0.0000000000000000e+00	1.8210513212286500e-01
1.0157816246607001e-02	0.0000000000000000e+00	1.8258688975868800e-01
1.0175269539126900e-02	0.0000000000000000e+00	1.8318547991428799e-01
1.0192722831646900e-02	0.0000000000000000e+00	1.8388740904887599e-01
1.0210176124166800e-02	0.0000000000000000e+00	1.8466935498674100e-01
1.0227629416686800e-02	0.0000000000000000e+00	1.8550046203893400e-01
1.0245082709206699e-02	0.0000000000000000e+00	1.8634530327109300e-01
1.0262536001726700e-02	0.0000000000000000e+00	1.8716723659846901e-01
1.0279989294246601e-02	0.0000000000000000e+00	1.8793185456703199e-01
1.0297442586766500e-02	0.0000000000000000e+00	1.8861022295497601e-01
1.0314895879286501e-02	0.0000000000000000e+00	1.8918162126265201e-01
1.0332349171806400e-02	0.0000000000000000e+00	1.8963553865563801e-01
1.0349802464326400e-02	0.0000000000000000e+00	1.8997273864757300e-01
1.0367255756846300e-02	0.0000000000000000e+00	1.9020528252931401e-01
1.0384709049366300e-02	0.0000000000000000e+00	1.9035549041754099e-01
1.0402162341886199e-02	0.0000000000000000e+00	1.9045391340517201e-01
1.0419615634406101e-02	0.0000000000000000e+00	1.9053648374397700e-01
1.0437068926926101e-02	0.0000000000000000e+00	1.9064109322149700e-01
1.0454522219446000e-02	0.0000000000000000e+00	1.9080391460553800e-01
1.0471975511966001e-02	0.0000000000000000e+00	1.9105581900967000e-01
1.0489428804485900e-02	0.0000000000000000e+00	1.9141924718481901e-01
1.0506882097005900e-02	0.0000000000000000e+00	1.9190586133360599e-01
1.0524335389525800e-02	0.0000000000000000e+00	1.9251523720463501e-01
1.0541788682045699e-02	0.0000000000000000e+00	1.9323475784080901e-01
1.0559241974565699e-02	0.0000000000000000e+00	1.9404074913471100e-01
1.0576695267085601e-02	0.0000000000000000e+00	1.9490076594673900e-01
1.0594148559605601e-02	0.0000000000000000e+00	1.9577681038615299e-01
1.0611601852125500e-02	0.0000000000000000e+00	1.9662915576172099e-01
1.0629055144645501e-02	0.0000000000000000e+00	1.9742037641627699e-01
1.0646508437165400e-02	0.0000000000000000e+00	1.9811915551817000e-01
1.0663961729685400e-02	0.0000000000000000e+00	1.9870346157303900e-01
1.0681415022205300e-02	0.0000000000000000e+00	1.9916275357784100e-01
1.0698868314725199e-02	0.0000000000000000e+00	1.9949898438102601e-01
1.0716321607245199e-02	0.0000000000000000e+00	1.9972630657675700e-01
1.0733774899765101e-02	0.0000000000000000e+00	1.9986953090740500e-01
1.0751228192285101e-02	0.0000000000000000e+00	1.9996152163796299e-01
1.0768681484805000e-02	0.0000000000000000e+00	2.0003982239487200e-01
1.0786134777325001e-02	0.0000000000000000e+00	2.0014287811808301e-01
1.0803588069844900e-02	0.0000000000000000e+00	2.0030624583215800e-01
1.0821041362364800e-02	0.0000000000000000e+00	2.0055917053033900e-01
1.0838494654884800e-02	0.0000000000000000e+00	2.0092184849628000e-01
1.0855947947404699e-02	0.0000000000000000e+00	2.0140361814870500e-01
1.0873401239924699e-02	0.0000000000000000e+00	2.0200221937533200e-01
1.0890854532444601e-02	0.0000000000000000e+00	2.0270415808985701e-01
1.0908307824964599e-02	0.0000000000000000e+00	2.0348611176463999e-01
1.0925761117484500e-02	0.0000000000000000e+00	2.0431722436120200e-01
1.0943214410004400e-02	0.0000000000000000e+00	2.0516206860662800e-01
1.0960667702524400e-02	0.0000000000000000e+00	2.0598400223700000e-01
1.0978120995044300e-02	0.0000000000000000e+00	2.0674861775575801e-01
1.0995574287564300e-02	0.0000000000000000e+00	2.0742698100147500e-01
1.1013027580084199e-02	0.0000000000000000e+00	2.0799837171497301e-01
1.1030480872604199e-02	0.0000000000000000e+00	2.0845227940050301e-01
1.1047934165124101e-02	0.0000000000000000e+00	2.0878946801873799e-01
1.1065387457644000e-02	0.0000000000000000e+00	2.0902199939363600e-01
1.1082840750164000e-02	0.0000000000000000e+00	2.0917219420808300e-01
1.1100294042683900e-02	0.0000000000000000e+00	2.0927060414548199e-01
1.1117747335203900e-02	0.0000000000000000e+00	2.0935316200601500e-01
1.1135200627723800e-02	0.0000000000000000e+00	2.0945776007862699e-01
1.1152653920243800e-02	0.0000000000000000e+00	2.0962057154515501e-01
1.1170107212763699e-02	0.0000000000000000e+00	2.0987246781047700e-01
1.1187560505283699e-02	0.0000000000000000e+00	2.1023588978961599e-01
1.1205013797803601e-02	0.0000000000000000e+00	2.1072249974847901e-01
1.1222467090323500e-02	0.0000000000000000e+00	2.1133187339947301e-01
1.1239920382843500e-02	0.0000000000000000e+00	2.1205139372232901e-01
1.1257373675363400e-02	0.0000000000000000e+00	2.1285738641335400e-01
1.1274826967883400e-02	0.0000000000000000e+00	2.1371740588503901e-01
1.1292280260403300e-02	0.0000000000000000e+00	2.1459345380871300e-01
1.1309733552923300e-02	0.0000000000000000e+00	2.1544580317200401e-01
1.1327186845443199e-02	0.0000000000000000e+00	2.1623702802499400e-01
1.1344640137963101e-02	0.0000000000000000e+00	2.1693581124127900e-01
1.1362093430483101e-02	0.0000000000000000e+00	2.1752012111472599e-01
1.1379546723003000e-02	0.0000000000000000e+00	2.1797941655631700e-01
1.1397000015523000e-02	0.0000000000000000e+00	2.1831565013354101e-01
1.1414453308042900e-02	0.0000000000000000e+00	2.1854297415084500e-01
1.1431906600562900e-02	0.0000000000000000e+00	2.1868619930764999e-01
1.1449359893082800e-02	0.0000000000000000e+00	2.1877818983095099e-01
1.1466813185602699e-02	0.0000000000000000e+00	2.1885648932253901e-01
1.1484266478122699e-02	0.0000000000000000e+00	2.1895954275026699e-01
1.1501719770642601e-02	0.0000000000000000e+00	2.1912290721534100e-01
1.1519173063162601e-02	0.0000000000000000e+00	2.1937582787548801e-01
1.1536626355682500e-02	0.0000000000000000e+00	2.1973850122334701e-01
1.1554079648202500e-02	0.0000000000000000e+00	2.2022026588734001e-01
1.1571532940722400e-02	0.0000000000000000e+00	2.2081886212045401e-01
1.1588986233242300e-02	0.0000000000000000e+00	2.2152079624239299e-01
1.1606439525762300e-02	0.0000000000000000e+00	2.2230274598069599e-01
1.1623892818282199e-02	0.0000000000000000e+00	2.2313385562368401e-01
1.1641346110802199e-02	0.0000000000000000e+00	2.2397869825261099e-01
1.1658799403322101e-02	0.0000000000000000e+00	2.2480063176131801e-01
1.1676252695842101e-02	0.0000000000000000e+00	2.2556524875244399e-01
1.1693705988362000e-02	0.0000000000000000e+00	2.2624361511466401e-01
1.1711159280882000e-02	0.0000000000000000e+00	2.2681501051903399e-01
1.1728612573401900e-02	0.0000000000000000e+00	2.2726892436712601e-01
1.1746065865921800e-02	0.0000000000000000e+00	2.2760612044587800e-01
1.1763519158441800e-02	0.0000000000000000e+00	2.2783866033059499e-01
1.1780972450961699e-02	0.0000000000000000e+00	2.2798886442120900e-01
1.1798425743481699e-02	0.0000000000000000e+00	2.2808728410459300e-01
1.1815879036001601e-02	0.0000000000000000e+00	2.2816985186548400e-01
1.1833332328521601e-02	0.0000000000000000e+00	2.2827445965525500e-01
1.1850785621041500e-02	0.0000000000000000e+00	2.2843728032749100e-01
1.1868238913561400e-02	0.0000000000000000e+00	2.2868918499821600e-01
1.1885692206081400e-02	0.0000000000000000e+00	2.2905261433424601e-01
1.1903145498601300e-02	0.0000000000000000e+00	2.2953923038137700e-01
1.1920598791121300e-02	0.0000000000000000e+00	2.3014860868929199e-01
1.1938052083641199e-02	0.0000000000000000e+00	2.3086813214789900e-01
1.1955505376161199e-02	0.0000000000000000e+00	2.3167412638796001e-01
1.1972958668681101e-02	0.0000000000000000e+00	2.3253414601310099e-01
1.1990411961201000e-02	0.0000000000000000e+00	2.3341019293691601e-01
1.2007865253721000e-02	0.0000000000000000e+00	2.3426254011988101e-01
1.2025318546240900e-02	0.0000000000000000e+00	2.3505376183109600e-01
1.2042771838760900e-02	0.0000000000000000e+00	2.3575254113748001e-01
1.2060225131280800e-02	0.0000000000000000e+00	2.3633684634671501e-01
1.2077678423800800e-02	0.0000000000000000e+00	2.3679613649077300e-01
1.2095131716320699e-02	0.0000000000000000e+00	2.3713236448937100e-01
1.2112585008840600e-02	0.0000000000000000e+00	2.3735968308190600e-01
1.2130038301360601e-02	0.0000000000000000e+00	2.3750290316758299e-01
1.2147491593880500e-02	0.0000000000000000e+00	2.3759488916602800e-01
1.2164944886400500e-02	0.0000000000000000e+00	2.3767318491250700e-01
1.2182398178920400e-02	0.0000000000000000e+00	2.3777623556625699e-01
1.2199851471440400e-02	0.0000000000000000e+00	2.3793959834228201e-01
1.2217304763960300e-02	0.0000000000000000e+00	2.3819251845959999e-01
1.2234758056480201e-02	0.0000000000000000e+00	2.3855519240266801e-01
1.2252211349000199e-02	0.0000000000000000e+00	2.3903695870151101e-01
1.2269664641520101e-02	0.0000000000000000e+00	2.3963555737023201e-01
1.2287117934040101e-02	0.0000000000000000e+00	2.4033749439308599e-01
1.2304571226560000e-02	0.0000000000000000e+00	2.4111944729936799e-01
1.2322024519080000e-02	0.0000000000000000e+00	2.4195056009784000e-01
1.2339477811599900e-02	0.0000000000000000e+00	2.4279540549968601e-01
1.2356931104119900e-02	0.0000000000000000e+00	2.4361734119634901e-01
1.2374384396639800e-02	0.0000000000000000e+00	2.4438195961773199e-01
1.2391837689159701e-02	0.0000000000000000e+00	2.4506032651179599e-01
1.2409290981679699e-02	0.0000000000000000e+00	2.4563172146848000e-01
1.2426744274199601e-02	0.0000000000000000e+00	2.4608563385396001e-01
1.2444197566719601e-02	0.0000000000000000e+00	2.4642282746842800e-01
1.2461650859239500e-02	0.0000000000000000e+00	2.4665536396965501e-01
1.2479104151759500e-02	0.0000000000000000e+00	2.4680556388815200e-01
1.2496557444279400e-02	0.0000000000000000e+00	2.4690397873663100e-01
1.2514010736799299e-02	0.0000000000000000e+00	2.4698654117930199e-01
1.2531464029319300e-02	0.0000000000000000e+00	2.4709114338235699e-01
1.2548917321839201e-02	0.0000000000000000e+00	2.4725395842253700e-01
1.2566370614359199e-02	0.0000000000000000e+00	2.4750585764754299e-01
1.2583823906879101e-02	0.0000000000000000e+00	2.4786928196953800e-01
1.2601277199399101e-02	0.0000000000000000e+00	2.4835589366047700e-01
1.2618730491919000e-02	0.0000000000000000e+00	2.4896526843295100e-01
1.2636183784438900e-02	0.0000000000000000e+00	2.4968478926358900e-01
1.2653637076958900e-02	0.0000000000000000e+00	2.5049078186763601e-01
1.2671090369478799e-02	0.0000000000000000e+00	2.5135080095521500e-01
1.2688543661998800e-02	0.0000000000000000e+00	2.5222684840522103e-01
1.2705996954518701e-02	0.0000000000000000e+00	2.5307919719573602e-01
1.2723450247038699e-02	0.0000000000000000e+00	2.5387042152382500e-01
1.2740903539558601e-02	0.0000000000000000e+00	2.5456920431573798e-01
1.2758356832078500e-02	0.0000000000000000e+00	2.5515351387241902e-01
1.2775810124598500e-02	0.0000000000000000e+00	2.5561280903581901e-01
1.2793263417118400e-02	0.0000000000000000e+00	2.5594904250229100e-01
1.2810716709638400e-02	0.0000000000000000e+00	2.5617636682019501e-01
1.2828170002158299e-02	0.0000000000000000e+00	2.5631959267163901e-01
1.2845623294678300e-02	0.0000000000000000e+00	2.5641158429291000e-01
1.2863076587198201e-02	0.0000000000000000e+00	2.5648988532800099e-01
1.2880529879718199e-02	0.0000000000000000e+00	2.5659294076439099e-01
1.2897983172238101e-02	0.0000000000000000e+00	2.5675630769695001e-01
1.2915436464758000e-02	0.0000000000000000e+00	2.5700923122550201e-01
1.2932889757278000e-02	0.0000000000000000e+00	2.5737190774834701e-01
1.2950343049797900e-02	0.0000000000000000e+00	2.5785367578358598e-01
1.2967796342317900e-02	0.0000000000000000e+00	2.5845227535099702e-01
1.2985249634837799e-02	0.0000000000000000e+00	2.5915421249924903e-01
1.3002702927357800e-02	0.0000000000000000e+00	2.5993616485171300e-01
1.3020156219877701e-02	0.0000000000000000e+00	2.6076727652081999e-01
1.3037609512397600e-02	0.0000000000000000e+00	2.6161212035508402e-01
1.3055062804917601e-02	0.0000000000000000e+00	2.6243405420918497e-01
1.3072516097437500e-02	0.0000000000000000e+00	2.6319867066785202e-01
1.3089969389957500e-02	0.0000000000000000e+00	2.6387703562742798e-01
1.3107422682477400e-02	0.0000000000000000e+00	2.6444842885144698e-01
1.3124875974997400e-02	0.0000000000000000e+00	2.6490233983137002e-01
1.3142329267517299e-02	0.0000000000000000e+00	2.6523953247376902e-01
1.3159782560037201e-02	0.0000000000000000e+00	2.6547206851262201e-01
1.3177235852557199e-02	0.0000000000000000e+00	2.6562226850968601e-01
1.3194689145077100e-02	0.0000000000000000e+00	2.6572068399123200e-01
1.3212142437597101e-02	0.0000000000000000e+00	2.6580324758040602e-01
1.3229595730117000e-02	0.0000000000000000e+00	2.6590785136641998e-01
1.3247049022637000e-02	0.0000000000000000e+00	2.6607066831700699e-01
1.3264502315156900e-02	0.0000000000000000e+00	2.6632256966052098e-01
1.3281955607676799e-02	0.0000000000000000e+00	2.6668599617570499e-01
1.3299408900196799e-02	0.0000000000000000e+00	2.6717260997404402e-01
1.3316862192716701e-02	0.0000000000000000e+00	2.6778198662967301e-01
1.3334315485236699e-02	0.0000000000000000e+00	2.6850150897854003e-01
1.3351768777756600e-02	0.0000000000000000e+00	2.6930750271641501e-01
1.3369222070276601e-02	0.0000000000000000e+00	2.7016752251570397e-01
1.3386675362796500e-02	0.0000000000000000e+00	2.7104357025117498e-01
1.3404128655316400e-02	0.0000000000000000e+00	2.7189591881871400e-01
1.3421581947836400e-02	0.0000000000000000e+00	2.7268714222482998e-01
1.3439035240356299e-02	0.0000000000000000e+00	2.7338592341028300e-01
1.3456488532876299e-02	0.0000000000000000e+00	2.7397023060072101e-01
1.3473941825396201e-02	0.0000000000000000e+00	2.7442952266807702e-01
1.3491395117916199e-02	0.0000000000000000e+00	2.7476575248295898e-01
1.3508848410436100e-02	0.0000000000000000e+00	2.7499307274405199e-01
1.3526301702956101e-02	0.0000000000000000e+00	2.7513629428432801e-01
1.3543754995476000e-02	0.0000000000000000e+00	2.7522828145965500e-01
1.3561208287995900e-02	0.0000000000000000e+00	2.7530657807732900e-01
1.3578661580515900e-02	0.0000000000000000e+00	2.7540962929076901e-01
1.3596114873035799e-02	0.0000000000000000e+00	2.7557299231552201e-01
1.3613568165555799e-02	0.0000000000000000e+00	2.7582591237368898e-01
1.3631021458075701e-02	0.0000000000000000e+00	2.7618858600813101e-01
1.3648474750595699e-02	0.0000000000000000e+00	2.7667035181119598e-01
1.3665928043115600e-02	0.0000000000000000e+00	2.7726894992176299e-01
1.3683381335635500e-02	0.0000000000000000e+00	2.7797088645575102e-01
1.3700834628155500e-02	0.0000000000000000e+00	2.7875283889142299e-01
1.3718287920675400e-02	0.0000000000000000e+00	2.7958395123733498e-01
1.3735741213195400e-02	0.0000000000000000e+00	2.8042879631681900e-01
1.3753194505715299e-02	0.0000000000000000e+00	2.8125073188307198e-01
1.3770647798235299e-02	0.0000000000000000e+00	2.8201535041578002e-01
1.3788101090755201e-02	0.0000000000000000e+00	2.8269371772646501e-01
1.3805554383275100e-02	0.0000000000000000e+00	2.8326511344624700e-01
1.3823007675795100e-02	0.0000000000000000e+00	2.8371902696052098e-01
1.3840460968315000e-02	0.0000000000000000e+00	2.8405622206751702e-01
1.3857914260835000e-02	0.0000000000000000e+00	2.8428876040140699e-01
1.3875367553354900e-02	0.0000000000000000e+00	2.8443896244644701e-01
1.3892820845874900e-02	0.0000000000000000e+00	2.8453737965354797e-01
1.3910274138394799e-02	0.0000000000000000e+00	2.8461994460783502e-01
1.3927727430914701e-02	0.0000000000000000e+00	2.8472454937846498e-01
1.3945180723434701e-02	0.0000000000000000e+00	2.8488736694178202e-01
1.3962634015954600e-02	0.0000000000000000e+00	2.8513926854534599e-01
1.3980087308474600e-02	0.0000000000000000e+00	2.8550269500293401e-01
1.3997540600994500e-02	0.0000000000000000e+00	2.8598930849984300e-01
1.4014993893514500e-02	0.0000000000000000e+00	2.8659868468740501e-01
1.4032447186034400e-02	0.0000000000000000e+00	2.8731820651452900e-01
1.4049900478554400e-02	0.0000000000000000e+00	2.8812419964554598e-01
1.4067353771074299e-02	0.0000000000000000e+00	2.8898421877214198e-01
1.4084807063594201e-02	0.0000000000000000e+00	2.8986026577933799e-01
1.4102260356114201e-02	0.0000000000000000e+00	2.9071261361092199e-01
1.4119713648634100e-02	0.0000000000000000e+00	2.9150383657730100e-01
1.4137166941154100e-02	0.0000000000000000e+00	2.9220261770436001e-01
1.4154620233674000e-02	0.0000000000000000e+00	2.9278692528127098e-01
1.4172073526194000e-02	0.0000000000000000e+00	2.9324621827111402e-01
1.4189526818713900e-02	0.0000000000000000e+00	2.9358244950253298e-01
1.4206980111233799e-02	0.0000000000000000e+00	2.9380977159117599e-01
1.4224433403753799e-02	0.0000000000000000e+00	2.9395299528119401e-01
1.4241886696273701e-02	0.0000000000000000e+00	2.9404498485691599e-01
1.4259339988793701e-02	0.0000000000000000e+00	2.9412328402325999e-01
1.4276793281313600e-02	0.0000000000000000e+00	2.9422633782263702e-01
1.4294246573833600e-02	0.0000000000000000e+00	2.9438970338308101e-01
1.4311699866353500e-02	0.0000000000000000e+00	2.9464262584739898e-01
1.4329153158873400e-02	0.0000000000000000e+00	2.9500530164337302e-01
1.4346606451393400e-02	0.0000000000000000e+00	2.9548706928398599e-01
1.4364059743913299e-02	0.0000000000000000e+00	2.9608566879434900e-01
1.4381513036433299e-02	0.0000000000000000e+00	2.9678760618525601e-01
1.4398966328953201e-02	0.0000000000000000e+00	2.9756955900965998e-01
1.4416419621473201e-02	0.0000000000000000e+00	2.9840067132677400e-01
1.4433872913993100e-02	0.0000000000000000e+00	2.9924551592024401e-01
1.4451326206513000e-02	0.0000000000000000e+00	3.0006745056749301e-01
1.4468779499033000e-02	0.0000000000000000e+00	3.0083206778389199e-01
1.4486232791552900e-02	0.0000000000000000e+00	3.0151043339924799e-01
1.4503686084072900e-02	0.0000000000000000e+00	3.0208182712244502e-01
1.4521139376592799e-02	0.0000000000000000e+00	3.0253573839478498e-01
1.4538592669112799e-02	0.0000000000000000e+00	3.0287293108676200e-01
1.4556045961632701e-02	0.0000000000000000e+00	3.0310546693198398e-01
1.4573499254152701e-02	0.0000000000000000e+00	3.0325566648871699e-01
1.4590952546672600e-02	0.0000000000000000e+00	3.0335408129887298e-01
1.4608405839192500e-02	0.0000000000000000e+00	3.0343664400987602e-01
1.4625859131712500e-02	0.0000000000000000e+00	3.0354124673388100e-01
1.4643312424232400e-02	0.0000000000000000e+00	3.0370406249567700e-01
1.4660765716752400e-02	0.0000000000000000e+00	3.0395596259842500e-01
1.4678219009272299e-02	0.0000000000000000e+00	3.0431938788567803e-01
1.4695672301792299e-02	0.0000000000000000e+00	3.0480600052605200e-01
1.4713125594312201e-02	0.0000000000000000e+00	3.0541537615526798e-01
1.4730578886832100e-02	0.0000000000000000e+00	3.0613489766793400e-01
1.4748032179352100e-02	0.0000000000000000e+00	3.0694089080523301e-01
1.4765485471872000e-02	0.0000000000000000e+00	3.0780091030596402e-01
1.4782938764392000e-02	0.0000000000000000e+00	3.0867695809223500e-01
1.4800392056911900e-02	0.0000000000000000e+00	3.0952930704160603e-01
1.4817845349431900e-02	0.0000000000000000e+00	3.1032053117002800e-01
1.4835298641951799e-02	0.0000000000000000e+00	3.1101931332769600e-01
1.4852751934471701e-02	0.0000000000000000e+00	3.1160362168380001e-01
1.4870205226991701e-02	0.0000000000000000e+00	3.1206291516352502e-01
1.4887658519511600e-02	0.0000000000000000e+00	3.1239914657877499e-01
1.4905111812031600e-02	0.0000000000000000e+00	3.1262646855133902e-01
1.4922565104551500e-02	0.0000000000000000e+00	3.1276969187116699e-01
1.4940018397071500e-02	0.0000000000000000e+00	3.1286168084646698e-01
1.4957471689591400e-02	0.0000000000000000e+00	3.1293997922387701e-01
1.4974924982111301e-02	0.0000000000000000e+00	3.1304303209445000e-01
1.4992378274631299e-02	0.0000000000000000e+00	3.1320639661806499e-01
1.5009831567151201e-02	0.0000000000000000e+00	3.1345931797381499e-01
1.5027284859671201e-02	0.0000000000000000e+00	3.1382199266027599e-01
1.5044738152191100e-02	0.0000000000000000e+00	3.1430375923831000e-01
1.5062191444711100e-02	0.0000000000000000e+00	3.1490235784465898e-01
1.5079644737231000e-02	0.0000000000000000e+00	3.1560429459597500e-01
1.5097098029750899e-02	0.0000000000000000e+00	3.1638624697860501e-01
1.5114551322270900e-02	0.0000000000000000e+00	3.1721735902586401e-01
1.5132004614790801e-02	0.0000000000000000e+00	3.1806220359587001e-01
1.5149457907310799e-02	0.0000000000000000e+00	3.1888413848310498e-01
1.5166911199830701e-02	0.0000000000000000e+00	3.1964875621655198e-01
1.5184364492350701e-02	0.0000000000000000e+00	3.2032712265280899e-01
1.5201817784870600e-02	0.0000000000000000e+00	3.2089851747725001e-01
1.5219271077390600e-02	0.0000000000000000e+00	3.2135243013122200e-01
1.5236724369910500e-02	0.0000000000000000e+00	3.2168962444807597e-01
1.5254177662430399e-02	0.0000000000000000e+00	3.2192216210010599e-01
1.5271630954950400e-02	0.0000000000000000e+00	3.2207236359670699e-01
1.5289084247470301e-02	0.0000000000000000e+00	3.2217078040343400e-01
1.5306537539990299e-02	0.0000000000000000e+00	3.2225334511424403e-01
1.5323990832510201e-02	0.0000000000000000e+00	3.2235794979140803e-01
1.5341444125030201e-02	0.0000000000000000e+00	3.2252076739433300e-01
1.5358897417550100e-02	0.0000000000000000e+00	3.2277266914442299e-01
1.5376350710070000e-02	0.0000000000000000e+00	3.2313609582198699e-01
1.5393804002590000e-02	0.0000000000000000e+00	3.2362270958266398e-01
1.5411257295109899e-02	0.0000000000000000e+00	3.2423208605479698e-01
1.5428710587629900e-02	0.0000000000000000e+00	3.2495160817060498e-01
1.5446163880149801e-02	0.0000000000000000e+00	3.2575760157374400e-01
1.5463617172669799e-02	0.0000000000000000e+00	3.2661762092822400e-01
1.5481070465189701e-02	0.0000000000000000e+00	3.2749366808945202e-01
1.5498523757709600e-02	0.0000000000000000e+00	3.2834601596342700e-01
1.5515977050229600e-02	0.0000000000000000e+00	3.2913723883801499e-01
1.5533430342749500e-02	0.0000000000000000e+00	3.2983601972502902e-01
1.5550883635269500e-02	0.0000000000000000e+00	3.3042032689527800e-01
1.5568336927789399e-02	0.0000000000000000e+00	3.3087961930259802e-01
1.5585790220309400e-02	0.0000000000000000e+00	3.3121584977371199e-01
1.5603243512829299e-02	0.0000000000000000e+00	3.3144317094345699e-01
1.5620696805349200e-02	0.0000000000000000e+00	3.3158639359538000e-01
1.5638150097869199e-02	0.0000000000000000e+00	3.3167838205367600e-01
1.5655603390389100e-02	0.0000000000000000e+00	3.3175668006315001e-01
1.5673056682909099e-02	0.0000000000000000e+00	3.3185973270632402e-01
1.5690509975429000e-02	0.0000000000000000e+00	3.3202309714885497e-01
1.5707963267949002e-02	0.0000000000000000e+00	3.3227601856955102e-01
1.5725416560468899e-02	0.0000000000000000e+00	3.3263869342899299e-01
1.5742869852988801e-02	0.0000000000000000e+00	3.3312046026876702e-01
1.5760323145508799e-02	0.0000000000000000e+00	3.3371905914166999e-01
1.5777776438028700e-02	0.0000000000000000e+00	3.3442099607726600e-01
1.5795229730548699e-02	0.0000000000000000e+00	3.3520294864033701e-01
1.5812683023068600e-02	0.0000000000000000e+00	3.3603406089705401e-01
1.5830136315588599e-02	0.0000000000000000e+00	3.3687890562983303e-01
1.5847589608108500e-02	0.0000000000000000e+00	3.3770084060832700e-01
1.5865042900628502e-02	0.0000000000000000e+00	3.3846545832944902e-01
1.5882496193148399e-02	0.0000000000000000e+00	3.3914382460031900e-01
1.5899949485668301e-02	0.0000000000000000e+00	3.3971521910002100e-01
1.5917402778188299e-02	0.0000000000000000e+00	3.4016913123697101e-01
1.5934856070708200e-02	0.0000000000000000e+00	3.4050632484323901e-01
1.5952309363228199e-02	0.0000000000000000e+00	3.4073886160771200e-01
1.5969762655748100e-02	0.0000000000000000e+00	3.4088906205835401e-01
1.5987215948268099e-02	0.0000000000000000e+00	3.4098747770887300e-01
1.6004669240788000e-02	0.0000000000000000e+00	3.4107004118893303e-01
1.6022122533307901e-02	0.0000000000000000e+00	3.4117464460898900e-01
1.6039575825827899e-02	0.0000000000000000e+00	3.4133746097813100e-01
1.6057029118347801e-02	0.0000000000000000e+00	3.4158936158651698e-01
1.6074482410867799e-02	0.0000000000000000e+00	3.4195278727482897e-01
1.6091935703387700e-02	0.0000000000000000e+00	3.4243940020713398e-01
1.6109388995907699e-02	0.0000000000000000e+00	3.4304877602222200e-01
1.6126842288427600e-02	0.0000000000000000e+00	3.4376829763598898e-01
1.6144295580947501e-02	0.0000000000000000e+00	3.4457429085337798e-01
1.6161748873467500e-02	0.0000000000000000e+00	3.4543431046715800e-01
1.6179202165987401e-02	0.0000000000000000e+00	3.4631035840584501e-01
1.6196655458507399e-02	0.0000000000000000e+00	3.4716270756263401e-01
1.6214108751027301e-02	0.0000000000000000e+00	3.4795393193729801e-01
1.6231562043547299e-02	0.0000000000000000e+00	3.4865271429694999e-01
1.6249015336067200e-02	0.0000000000000000e+00	3.4923702281688102e-01
1.6266468628587199e-02	0.0000000000000000e+00	3.4969631648635002e-01
1.6283921921107100e-02	0.0000000000000000e+00	3.5003254813364398e-01
1.6301375213627001e-02	0.0000000000000000e+00	3.5025987038786099e-01
1.6318828506147000e-02	0.0000000000000000e+00	3.5040309404627701e-01
1.6336281798666901e-02	0.0000000000000000e+00	3.5049508342714902e-01
1.6353735091186899e-02	0.0000000000000000e+00	3.5057338227464402e-01
1.6371188383706801e-02	0.0000000000000000e+00	3.5067643566977602e-01
1.6388641676226799e-02	0.0000000000000000e+00	3.5083980076042198e-01
1.6406094968746700e-02	0.0000000000000000e+00	3.5109272271436698e-01
1.6423548261266602e-02	0.0000000000000000e+00	3.5145539799687397e-01
1.6441001553786600e-02	0.0000000000000000e+00	3.5193716513630802e-01
1.6458454846306501e-02	0.0000000000000000e+00	3.5253576415464100e-01
1.6475908138826500e-02	0.0000000000000000e+00	3.5323770108610902e-01
1.6493361431346401e-02	0.0000000000000000e+00	3.5401965354183901e-01
1.6510814723866400e-02	0.0000000000000000e+00	3.5485076561585599e-01
1.6528268016386301e-02	0.0000000000000000e+00	3.5569561011119899e-01
1.6545721308906199e-02	0.0000000000000000e+00	3.5651754482383502e-01
1.6563174601426200e-02	0.0000000000000000e+00	3.5728216228455401e-01
1.6580627893946102e-02	0.0000000000000000e+00	3.5796052833814401e-01
1.6598081186466100e-02	0.0000000000000000e+00	3.5853192267231099e-01
1.6615534478986001e-02	0.0000000000000000e+00	3.5898583472539197e-01
1.6632987771506000e-02	0.0000000000000000e+00	3.5932302835654301e-01
1.6650441064025901e-02	0.0000000000000000e+00	3.5955556525423898e-01
1.6667894356545799e-02	0.0000000000000000e+00	3.5970576595251003e-01
1.6685347649065801e-02	0.0000000000000000e+00	3.5980418195273600e-01
1.6702800941585699e-02	0.0000000000000000e+00	3.5988674586370101e-01
1.6720254234105700e-02	0.0000000000000000e+00	3.5999134976164099e-01
1.6737707526625598e-02	0.0000000000000000e+00	3.6015416662839300e-01
1.6755160819145600e-02	0.0000000000000000e+00	3.6040606773267803e-01
1.6772614111665501e-02	0.0000000000000000e+00	3.6076949393288299e-01
1.6790067404185399e-02	0.0000000000000000e+00	3.6125610745460102e-01
1.6807520696705401e-02	0.0000000000000000e+00	3.6186548397722501e-01
1.6824973989225299e-02	0.0000000000000000e+00	3.6258500650225300e-01
1.6842427281745301e-02	0.0000000000000000e+00	3.6339100083859499e-01
1.6859880574265199e-02	0.0000000000000000e+00	3.6425102169250201e-01
1.6877333866785200e-02	0.0000000000000000e+00	3.6512707089003699e-01
1.6894787159305098e-02	0.0000000000000000e+00	3.6597942124654098e-01
1.6912240451825100e-02	0.0000000000000000e+00	3.6677064666146397e-01
1.6929693744345001e-02	0.0000000000000000e+00	3.6746942974124402e-01
1.6947147036864899e-02	0.0000000000000000e+00	3.6805373861538698e-01
1.6964600329384901e-02	0.0000000000000000e+00	3.6851303228456800e-01
1.6982053621904799e-02	0.0000000000000000e+00	3.6884926354814801e-01
1.6999506914424801e-02	0.0000000000000000e+00	3.6907658515077302e-01
1.7016960206944699e-02	0.0000000000000000e+00	3.6921980804560800e-01
1.7034413499464700e-02	0.0000000000000000e+00	3.6931179658721902e-01
1.7051866791984598e-02	0.0000000000000000e+00	3.6939009459996203e-01
1.7069320084504500e-02	0.0000000000000000e+00	3.6949314727523402e-01
1.7086773377024501e-02	0.0000000000000000e+00	3.6965651185519699e-01
1.7104226669544399e-02	0.0000000000000000e+00	3.6990943351744998e-01
1.7121679962064401e-02	0.0000000000000000e+00	3.7027210873242400e-01
1.7139133254584299e-02	0.0000000000000000e+00	3.7075387609422800e-01
1.7156586547104301e-02	0.0000000000000000e+00	3.7135247562282198e-01
1.7174039839624199e-02	0.0000000000000000e+00	3.7205441332290101e-01
1.7191493132144100e-02	0.0000000000000000e+00	3.7283636670377601e-01
1.7208946424664098e-02	0.0000000000000000e+00	3.7366747975878600e-01
1.7226399717184000e-02	0.0000000000000000e+00	3.7451232526083400e-01
1.7243853009704001e-02	0.0000000000000000e+00	3.7533426094035599e-01
1.7261306302223899e-02	0.0000000000000000e+00	3.7609887929149299e-01
1.7278759594743901e-02	0.0000000000000000e+00	3.7677724612338498e-01
1.7296212887263799e-02	0.0000000000000000e+00	3.7734864110644700e-01
1.7313666179783700e-02	0.0000000000000000e+00	3.7780255368200499e-01
1.7331119472303699e-02	0.0000000000000000e+00	3.7813974769430497e-01
1.7348572764823600e-02	0.0000000000000000e+00	3.7837228484696100e-01
1.7366026057343598e-02	0.0000000000000000e+00	3.7852248569039398e-01
1.7383479349863500e-02	0.0000000000000000e+00	3.7862090173234803e-01
1.7400932642383501e-02	0.0000000000000000e+00	3.7870346559390999e-01
1.7418385934903399e-02	0.0000000000000000e+00	3.7880806936769801e-01
1.7435839227423401e-02	0.0000000000000000e+00	3.7897088605605200e-01
1.7453292519943299e-02	0.0000000000000000e+00	3.7922278695497902e-01
1.7470745812463200e-02	0.0000000000000000e+00	3.7958621288922001e-01
1.7488199104983199e-02	0.0000000000000000e+00	3.8007282598681102e-01
1.7505652397503100e-02	0.0000000000000000e+00	3.8068220186585500e-01
1.7523105690023098e-02	0.0000000000000000e+00	3.8140172346471102e-01
1.7540558982543000e-02	0.0000000000000000e+00	3.8220771661363301e-01
1.7558012275063001e-02	0.0000000000000000e+00	3.8306773620852802e-01
1.7575465567582899e-02	0.0000000000000000e+00	3.8394378416133201e-01
1.7592918860102801e-02	0.0000000000000000e+00	3.8479613334526802e-01
1.7610372152622799e-02	0.0000000000000000e+00	3.8558735763915403e-01
1.7627825445142700e-02	0.0000000000000000e+00	3.8628613975581300e-01
1.7645278737662699e-02	0.0000000000000000e+00	3.8687044805630499e-01
1.7662732030182600e-02	0.0000000000000000e+00	3.8732974145998300e-01
1.7680185322702598e-02	0.0000000000000000e+00	3.8766597275132902e-01
1.7697638615222500e-02	0.0000000000000000e+00	3.8789329466384997e-01
1.7715091907742401e-02	0.0000000000000000e+00	3.8803651802959899e-01
1.7732545200262399e-02	0.0000000000000000e+00	3.8812850714611602e-01
1.7749998492782301e-02	0.0000000000000000e+00	3.8820680577508998e-01
1.7767451785302299e-02	0.0000000000000000e+00	3.8830985904003001e-01
1.7784905077822200e-02	0.0000000000000000e+00	3.8847322411003699e-01
1.7802358370342199e-02	0.0000000000000000e+00	3.8872614612674500e-01
1.7819811662862100e-02	0.0000000000000000e+00	3.8908882157760799e-01
1.7837264955382001e-02	0.0000000000000000e+00	3.8957058902508801e-01
1.7854718247902000e-02	0.0000000000000000e+00	3.9016918850222598e-01
1.7872171540421901e-02	0.0000000000000000e+00	3.9087112605651197e-01
1.7889624832941899e-02	0.0000000000000000e+00	3.9165307917080500e-01
1.7907078125461801e-02	0.0000000000000000e+00	3.9248419183902800e-01
1.7924531417981799e-02	0.0000000000000000e+00	3.9332903687857501e-01
1.7941984710501700e-02	0.0000000000000000e+00	3.9415097204395100e-01
1.7959438003021699e-02	0.0000000000000000e+00	3.9491558984761899e-01
1.7976891295541600e-02	0.0000000000000000e+00	3.9559395613408999e-01
1.7994344588061501e-02	0.0000000000000000e+00	3.9616535059389202e-01
1.8011797880581500e-02	0.0000000000000000e+00	3.9661926268804498e-01
1.8029251173101401e-02	0.0000000000000000e+00	3.9695645627088999e-01
1.8046704465621399e-02	0.0000000000000000e+00	3.9718899304745803e-01
1.8064157758141301e-02	0.0000000000000000e+00	3.9733919356946101e-01
1.8081611050661299e-02	0.0000000000000000e+00	3.9743760935249001e-01
1.8099064343181200e-02	0.0000000000000000e+00	3.9752017303881498e-01
1.8116517635701102e-02	0.0000000000000000e+00	3.9762477673532098e-01
1.8133970928221100e-02	0.0000000000000000e+00	3.9778759344063402e-01
1.8151424220741001e-02	0.0000000000000000e+00	3.9803949440931602e-01
1.8168877513261000e-02	0.0000000000000000e+00	3.9840292044858000e-01
1.8186330805780901e-02	0.0000000000000000e+00	3.9888953373119801e-01
1.8203784098300899e-02	0.0000000000000000e+00	3.9949890989137599e-01
1.8221237390820801e-02	0.0000000000000000e+00	4.0021843185498801e-01
1.8238690683340698e-02	0.0000000000000000e+00	4.0102442525797599e-01
1.8256143975860700e-02	0.0000000000000000e+00	4.0188444475188401e-01
1.8273597268380602e-02	0.0000000000000000e+00	4.0276049217540200e-01
1.8291050560900600e-02	0.0000000000000000e+00	4.0361284042609902e-01
1.8308503853420501e-02	0.0000000000000000e+00	4.0440406375592802e-01
1.8325957145940500e-02	0.0000000000000000e+00	4.0510284514281297e-01
1.8343410438460401e-02	0.0000000000000000e+00	4.0568715285072299e-01
1.8360863730980299e-02	0.0000000000000000e+00	4.0614644580247600e-01
1.8378317023500301e-02	0.0000000000000000e+00	4.0648267678938099e-01
1.8395770316020198e-02	0.0000000000000000e+00	4.0670999842903599e-01
1.8413223608540200e-02	0.0000000000000000e+00	4.0685322149377801e-01
1.8430676901060102e-02	0.0000000000000000e+00	4.0694521029782799e-01
1.8448130193580100e-02	0.0000000000000000e+00	4.0702350857451602e-01
1.8465583486100001e-02	0.0000000000000000e+00	4.0712656139715098e-01
1.8483036778619899e-02	0.0000000000000000e+00	4.0728992592333102e-01
1.8500490071139901e-02	0.0000000000000000e+00	4.0754284733196600e-01
1.8517943363659799e-02	0.0000000000000000e+00	4.0790552208947101e-01
1.8535396656179801e-02	0.0000000000000000e+00	4.0838728874376001e-01
1.8552849948699698e-02	0.0000000000000000e+00	4.0898588747166198e-01
1.8570303241219700e-02	0.0000000000000000e+00	4.0968782437630502e-01
1.8587756533739602e-02	0.0000000000000000e+00	4.1046977688773800e-01
1.8605209826259600e-02	0.0000000000000000e+00	4.1130088903870898e-01
1.8622663118779501e-02	0.0000000000000000e+00	4.1214573367619900e-01
1.8640116411299399e-02	0.0000000000000000e+00	4.1296766856981099e-01
1.8657569703819401e-02	0.0000000000000000e+00	4.1373228622988401e-01
1.8675022996339299e-02	0.0000000000000000e+00	4.1441065250541098e-01
1.8692476288859301e-02	0.0000000000000000e+00	4.1498204707976799e-01
1.8709929581379198e-02	0.0000000000000000e+00	4.1543595938337202e-01
1.8727382873899200e-02	0.0000000000000000e+00	4.1577315326560099e-01
1.8744836166419102e-02	0.0000000000000000e+00	4.1600569040338098e-01
1.8762289458938999e-02	0.0000000000000000e+00	4.1615589131855901e-01
1.8779742751459001e-02	0.0000000000000000e+00	4.1625430749687697e-01
1.8797196043978899e-02	0.0000000000000000e+00	4.1633687155037902e-01
1.8814649336498901e-02	0.0000000000000000e+00	4.1644147557364197e-01
1.8832102629018799e-02	0.0000000000000000e+00	4.1660429256923298e-01
1.8849555921538801e-02	0.0000000000000000e+00	4.1685619380042499e-01
1.8867009214058698e-02	0.0000000000000000e+00	4.1721962007761199e-01
1.8884462506578600e-02	0.0000000000000000e+00	4.1770623357628101e-01
1.8901915799098602e-02	0.0000000000000000e+00	4.1831560993857902e-01
1.8919369091618499e-02	0.0000000000000000e+00	4.1903513203608900e-01
1.8936822384138501e-02	0.0000000000000000e+00	4.1984112554571301e-01
1.8954275676658399e-02	0.0000000000000000e+00	4.2070114507409800e-01
1.8971728969178401e-02	0.0000000000000000e+00	4.2157719245563602e-01
1.8989182261698299e-02	0.0000000000000000e+00	4.2242954075754202e-01
1.9006635554218200e-02	0.0000000000000000e+00	4.2322076410439502e-01
1.9024088846738198e-02	0.0000000000000000e+00	4.2391954545883198e-01
1.9041542139258100e-02	0.0000000000000000e+00	4.2450385318908102e-01
1.9058995431778102e-02	0.0000000000000000e+00	4.2496314619038700e-01
1.9076448724297999e-02	0.0000000000000000e+00	4.2529937724794997e-01
1.9093902016818001e-02	0.0000000000000000e+00	4.2552669895532202e-01
1.9111355309337899e-02	0.0000000000000000e+00	4.2566992208647503e-01
1.9128808601857800e-02	0.0000000000000000e+00	4.2576191097475802e-01
1.9146261894377799e-02	0.0000000000000000e+00	4.2584020934817302e-01
1.9163715186897700e-02	0.0000000000000000e+00	4.2594326227136198e-01
1.9181168479417698e-02	0.0000000000000000e+00	4.2610662691240597e-01
1.9198621771937600e-02	0.0000000000000000e+00	4.2635954841995199e-01
1.9216075064457602e-02	0.0000000000000000e+00	4.2672222323657899e-01
1.9233528356977499e-02	0.0000000000000000e+00	4.2720398993776498e-01
1.9250981649497501e-02	0.0000000000000000e+00	4.2780258856724201e-01
1.9268434942017399e-02	0.0000000000000000e+00	4.2850452517866799e-01
1.9285888234537300e-02	0.0000000000000000e+00	4.2928647737305098e-01
1.9303341527057299e-02	0.0000000000000000e+00	4.3011758922608900e-01
1.9320794819577200e-02	0.0000000000000000e+00	4.3096243354977998e-01
1.9338248112097198e-02	0.0000000000000000e+00	4.3178436814110699e-01
1.9355701404617100e-02	0.0000000000000000e+00	4.3254898552475701e-01
1.9373154697137102e-02	0.0000000000000000e+00	4.3322735152859598e-01
1.9390607989656999e-02	0.0000000000000000e+00	4.3379874583988898e-01
1.9408061282176901e-02	0.0000000000000000e+00	4.3425265788138800e-01
1.9425514574696899e-02	0.0000000000000000e+00	4.3458985150034302e-01
1.9442967867216800e-02	0.0000000000000000e+00	4.3482238836449499e-01
1.9460421159736799e-02	0.0000000000000000e+00	4.3497258898764002e-01
1.9477874452256700e-02	0.0000000000000000e+00	4.3507100486683298e-01
1.9495327744776698e-02	0.0000000000000000e+00	4.3515356861466498e-01
1.9512781037296600e-02	0.0000000000000000e+00	4.3525817233406000e-01
1.9530234329816501e-02	0.0000000000000000e+00	4.3542098903104198e-01
1.9547687622336499e-02	0.0000000000000000e+00	4.3567288997890802e-01
1.9565140914856401e-02	0.0000000000000000e+00	4.3603631599766002e-01
1.9582594207376399e-02	0.0000000000000000e+00	4.3652292925972802e-01
1.9600047499896300e-02	0.0000000000000000e+00	4.3713230540736497e-01
1.9617500792416299e-02	0.0000000000000000e+00	4.3785182732483302e-01
1.9634954084936200e-02	0.0000000000000000e+00	4.3865782072256998e-01
1.9652407377456101e-02	0.0000000000000000e+00	4.3951784027742702e-01
1.9669860669976100e-02	0.0000000000000000e+00	4.4039388789372702e-01
1.9687313962496001e-02	0.0000000000000000e+00	4.4124623654495398e-01
1.9704767255015999e-02	0.0000000000000000e+00	4.4203746026799801e-01
1.9722220547535901e-02	0.0000000000000000e+00	4.4273624203218098e-01
1.9739673840055899e-02	0.0000000000000000e+00	4.4332055009219901e-01
1.9757127132575800e-02	0.0000000000000000e+00	4.4377984327539000e-01
1.9774580425095799e-02	0.0000000000000000e+00	4.4411607443901102e-01
1.9792033717615700e-02	0.0000000000000000e+00	4.4434339627324598e-01
1.9809487010135601e-02	0.0000000000000000e+00	4.4448661955553398e-01
1.9826940302655600e-02	0.0000000000000000e+00	4.4457860857241399e-01
1.9844393595175501e-02	0.0000000000000000e+00	4.4465690707042699e-01
1.9861846887695499e-02	0.0000000000000000e+00	4.4475996015029801e-01
1.9879300180215401e-02	0.0000000000000000e+00	4.4492332497317499e-01
1.9896753472735399e-02	0.0000000000000000e+00	4.4517624669672401e-01
1.9914206765255300e-02	0.0000000000000000e+00	4.4553892182322302e-01
1.9931660057775202e-02	0.0000000000000000e+00	4.4602068891017199e-01
1.9949113350295200e-02	0.0000000000000000e+00	4.4661928802910200e-01
1.9966566642815101e-02	0.0000000000000000e+00	4.4732122525593898e-01
1.9984019935335100e-02	0.0000000000000000e+00	4.4810317806581801e-01
2.0001473227855001e-02	0.0000000000000000e+00	4.4893429046310201e-01
2.0018926520374999e-02	0.0000000000000000e+00	4.4977913527776298e-01
2.0036379812894901e-02	0.0000000000000000e+00	4.5060107027902002e-01
2.0053833105414798e-02	0.0000000000000000e+00	4.5136568798438398e-01
2.0071286397934800e-02	0.0000000000000000e+00	4.5204405423851002e-01
2.0088739690454702e-02	0.0000000000000000e+00	4.5261544872940002e-01
2.0106192982974700e-02	0.0000000000000000e+00	4.5306936090816402e-01
2.0123646275494601e-02	0.0000000000000000e+00	4.5340655462166701e-01
2.0141099568014600e-02	0.0000000000000000e+00	4.5363909156864302e-01
2.0158552860534501e-02	0.0000000000000000e+00	4.5378929228090498e-01
2.0176006153054399e-02	0.0000000000000000e+00	4.5388770825767799e-01
2.0193459445574401e-02	0.0000000000000000e+00	4.5397027212660701e-01
2.0210912738094299e-02	0.0000000000000000e+00	4.5407487598469898e-01
2.0228366030614300e-02	0.0000000000000000e+00	4.5423769282839799e-01
2.0245819323134202e-02	0.0000000000000000e+00	4.5448959391477700e-01
2.0263272615654200e-02	0.0000000000000000e+00	4.5485302004891598e-01
2.0280725908174101e-02	0.0000000000000000e+00	4.5533963339797301e-01
2.0298179200694100e-02	0.0000000000000000e+00	4.5594900960132401e-01
2.0315632493214001e-02	0.0000000000000000e+00	4.5666853159588100e-01
2.0333085785733899e-02	0.0000000000000000e+00	4.5747452501396102e-01
2.0350539078253901e-02	0.0000000000000000e+00	4.5833454449328398e-01
2.0367992370773799e-02	0.0000000000000000e+00	4.5921059188075902e-01
2.0385445663293800e-02	0.0000000000000000e+00	4.6006294006617199e-01
2.0402898955813702e-02	0.0000000000000000e+00	4.6085416331855200e-01
2.0420352248333700e-02	0.0000000000000000e+00	4.6155294463719299e-01
2.0437805540853601e-02	0.0000000000000000e+00	4.6213725226181102e-01
2.0455258833373499e-02	0.0000000000000000e+00	4.6259654513313703e-01
2.0472712125893501e-02	0.0000000000000000e+00	4.6293277606831501e-01
2.0490165418413399e-02	0.0000000000000000e+00	4.6316009768844402e-01
2.0507618710933401e-02	0.0000000000000000e+00	4.6330332075990399e-01
2.0525072003453299e-02	0.0000000000000000e+00	4.6339530958430702e-01
2.0542525295973300e-02	0.0000000000000000e+00	4.6347360789444098e-01
2.0559978588493202e-02	0.0000000000000000e+00	4.6357666076530701e-01
2.0577431881013099e-02	0.0000000000000000e+00	4.6374002535212200e-01
2.0594885173533101e-02	0.0000000000000000e+00	4.6399294683651299e-01
2.0612338466052999e-02	0.0000000000000000e+00	4.6435562168919098e-01
2.0629791758573001e-02	0.0000000000000000e+00	4.6483738845317202e-01
2.0647245051092899e-02	0.0000000000000000e+00	4.6543598717996698e-01
2.0664698343612901e-02	0.0000000000000000e+00	4.6613792390234099e-01
2.0682151636132799e-02	0.0000000000000000e+00	4.6691987620948100e-01
2.0699604928652700e-02	0.0000000000000000e+00	4.6775098819253402e-01
2.0717058221172702e-02	0.0000000000000000e+00	4.6859583265761001e-01
2.0734511513692599e-02	0.0000000000000000e+00	4.6941776739386298e-01
2.0751964806212601e-02	0.0000000000000000e+00	4.7018238492817199e-01
2.0769418098732499e-02	0.0000000000000000e+00	4.7086075109888698e-01
2.0786871391252501e-02	0.0000000000000000e+00	4.7143214557460200e-01
2.0804324683772399e-02	0.0000000000000000e+00	4.7188605778432202e-01
2.0821777976292300e-02	0.0000000000000000e+00	4.7222325156751899e-01
2.0839231268812299e-02	0.0000000000000000e+00	4.7245578859958898e-01
2.0856684561332200e-02	0.0000000000000000e+00	4.7260598940424497e-01
2.0874137853852202e-02	0.0000000000000000e+00	4.7270440546591203e-01
2.0891591146372099e-02	0.0000000000000000e+00	4.7278696939866799e-01
2.0909044438892101e-02	0.0000000000000000e+00	4.7289157329552900e-01
2.0926497731411999e-02	0.0000000000000000e+00	4.7305439014757500e-01
2.0943951023932001e-02	0.0000000000000000e+00	4.7330629122228901e-01
