0.0000000000000000e+00	0.0000000000000000e+00	2.8617300934652423e-04
1.7453292519943300e-05	0.0000000000000000e+00	2.8596299049465923e-04
3.4906585039886600e-05	0.0000000000000000e+00	2.8575379102757648e-04
5.2359877559829903e-05	0.0000000000000000e+00	2.8554543019909673e-04
6.9813170079773199e-05	0.0000000000000000e+00	2.8533789266638188e-04
8.7266462599716496e-05	0.0000000000000000e+00	2.8513089901927025e-04
1.0471975511966000e-04	0.0000000000000000e+00	2.8492313083594567e-04
1.2217304763960301e-04	0.0000000000000000e+00	2.8471058720236364e-04
1.3962634015954599e-04	0.0000000000000000e+00	2.8448400710590072e-04
1.5707963267949001e-04	0.0000000000000000e+00	2.8422558141683041e-04
1.7453292519943299e-04	0.0000000000000000e+00	2.8390539220735089e-04
1.9198621771937600e-04	0.0000000000000000e+00	2.8347816789964231e-04
2.0943951023931999e-04	0.0000000000000000e+00	2.8288096408812802e-04
2.2689280275926300e-04	0.0000000000000000e+00	2.8203235303436713e-04
2.4434609527920601e-04	0.0000000000000000e+00	2.8369962358831824e-04
2.6179938779914903e-04	0.0000000000000000e+00	2.8952600093112846e-04
2.7925268031909301e-04	0.0000000000000000e+00	2.9335191346246958e-04
2.9670597283903603e-04	0.0000000000000000e+00	2.9445503925257244e-04
3.1415926535897898e-04	0.0000000000000000e+00	2.9213386414095321e-04
3.3161255787892303e-04	0.0000000000000000e+00	2.8574946252152294e-04
3.4906585039886598e-04	0.0000000000000000e+00	2.7476823213601342e-04
3.6651914291880900e-04	0.0000000000000000e+00	2.5880356566965196e-04
3.8397243543875201e-04	0.0000000000000000e+00	2.4602173984589193e-04
4.0142572795869599e-04	0.0000000000000000e+00	2.3788449995287841e-04
4.1887902047863901e-04	0.0000000000000000e+00	2.2925076828517191e-04
4.3633231299858202e-04	0.0000000000000000e+00	2.2044371741181124e-04
4.5378560551852601e-04	0.0000000000000000e+00	2.1188102226765701e-04
4.7123889803846902e-04	0.0000000000000000e+00	2.0407212946882408e-04
4.8869219055841203e-04	0.0000000000000000e+00	1.9761017040276219e-04
5.0614548307835602e-04	0.0000000000000000e+00	1.9315826089882912e-04
5.2359877559829903e-04	0.0000000000000000e+00	1.9143013321765162e-04
5.4105206811824204e-04	0.0000000000000000e+00	1.9316537211422347e-04
5.5850536063818505e-04	0.0000000000000000e+00	2.1397731706995754e-04
5.7595865315812904e-04	0.0000000000000000e+00	2.4929462737310941e-04
5.9341194567807205e-04	0.0000000000000000e+00	2.8023054769432638e-04
6.1086523819801496e-04	0.0000000000000000e+00	3.0526057654667299e-04
6.2831853071795905e-04	0.0000000000000000e+00	3.2297177334850169e-04
6.4577182323790196e-04	0.0000000000000000e+00	3.3206715605815741e-04
6.6322511575784497e-04	0.0000000000000000e+00	3.5467499987668072e-04
6.8067840827778798e-04	0.0000000000000000e+00	4.0276495105068277e-04
6.9813170079773197e-04	0.0000000000000000e+00	4.5650353154341755e-04
7.1558499331767498e-04	0.0000000000000000e+00	5.1503210260789290e-04
7.3303828583761799e-04	0.0000000000000000e+00	5.7720024925367363e-04
7.5049157835756198e-04	0.0000000000000000e+00	6.4157235692768866e-04
7.6794487087750499e-04	0.0000000000000000e+00	7.0644413125558981e-04
7.8539816339744800e-04	0.0000000000000000e+00	7.6987147754886676e-04
8.0285145591739199e-04	0.0000000000000000e+00	8.2971121855990261e-04
8.2030474843733500e-04	0.0000000000000000e+00	8.8367242662068502e-04
8.3775804095727801e-04	0.0000000000000000e+00	9.8265518286755316e-04
8.5521133347722102e-04	0.0000000000000000e+00	1.1013768826290682e-03
8.7266462599716501e-04	0.0000000000000000e+00	1.2073173046251440e-03
8.9011791851710802e-04	0.0000000000000000e+00	1.2962633068226476e-03
9.0757121103705104e-04	0.0000000000000000e+00	1.3641926057054118e-03
9.2502450355699502e-04	0.0000000000000000e+00	1.4075189784344406e-03
9.4247779607693804e-04	0.0000000000000000e+00	1.4233822790426539e-03
9.5993108859688105e-04	0.0000000000000000e+00	1.4086527094052718e-03
9.7738438111682406e-04	0.0000000000000000e+00	1.3633462630625013e-03
9.9483767363676805e-04	0.0000000000000000e+00	1.2906582324024275e-03
1.0122909661567101e-03	0.0000000000000000e+00	1.1986074994875841e-03
1.0297442586766500e-03	0.0000000000000000e+00	1.0962380587796793e-03
1.0471975511966000e-03	0.0000000000000000e+00	9.8103256719905808e-04
1.0646508437165401e-03	0.0000000000000000e+00	8.4715675933005896e-04
1.0821041362364800e-03	0.0000000000000000e+00	6.9108747645457724e-04
1.0995574287564300e-03	0.0000000000000000e+00	5.1176098818711546e-04
1.1170107212763701e-03	0.0000000000000000e+00	5.5552460318142305e-04
1.1344640137963100e-03	0.0000000000000000e+00	7.4185924887781429e-04
1.1519173063162600e-03	0.0000000000000000e+00	9.1817042008590362e-04
1.1693705988361999e-03	0.0000000000000000e+00	1.0790923799988113e-03
1.1868238913561400e-03	0.0000000000000000e+00	1.2192924917125952e-03
1.2042771838760900e-03	0.0000000000000000e+00	1.4579461844713714e-03
1.2217304763960299e-03	0.0000000000000000e+00	1.6702746246858306e-03
1.2391837689159700e-03	0.0000000000000000e+00	1.8491242303947377e-03
1.2566370614359201e-03	0.0000000000000000e+00	1.9924377259197233e-03
1.2740903539558599e-03	0.0000000000000000e+00	2.1039882475629716e-03
1.2915436464758000e-03	0.0000000000000000e+00	2.1975830545517519e-03
1.3089969389957501e-03	0.0000000000000000e+00	2.2687801730662026e-03
1.3264502315156899e-03	0.0000000000000000e+00	2.3048503879953262e-03
1.3439035240356300e-03	0.0000000000000000e+00	2.2964025846041731e-03
1.3613568165555801e-03	0.0000000000000000e+00	2.2371686572718605e-03
1.3788101090755199e-03	0.0000000000000000e+00	2.1236356755979257e-03
1.3962634015954600e-03	0.0000000000000000e+00	1.9543174017048236e-03
1.4137166941154101e-03	0.0000000000000000e+00	1.7296901603737224e-03
1.4311699866353500e-03	0.0000000000000000e+00	1.4522101863694826e-03
1.4486232791552900e-03	0.0000000000000000e+00	1.1261092192186332e-03
1.4660765716752401e-03	0.0000000000000000e+00	1.3393427961028764e-03
1.4835298641951800e-03	0.0000000000000000e+00	1.6881165777459799e-03
1.5009831567151201e-03	0.0000000000000000e+00	2.0185667347223375e-03
1.5184364492350699e-03	0.0000000000000000e+00	2.3214194132482641e-03
1.5358897417550100e-03	0.0000000000000000e+00	2.5876736854398316e-03
1.5533430342749501e-03	0.0000000000000000e+00	2.8651517957027370e-03
1.5707963267948999e-03	0.0000000000000000e+00	3.1846964057425896e-03
1.5882496193148400e-03	0.0000000000000000e+00	3.4457370912331872e-03
1.6057029118347801e-03	0.0000000000000000e+00	3.6380724196307069e-03
1.6231562043547299e-03	0.0000000000000000e+00	3.7591356126358551e-03
1.6406094968746700e-03	0.0000000000000000e+00	3.8112501120969350e-03
1.6580627893946101e-03	0.0000000000000000e+00	3.8098840422715100e-03
1.6755160819145599e-03	0.0000000000000000e+00	3.7826023030364509e-03
1.6929693744345000e-03	0.0000000000000000e+00	3.7170569907836741e-03
1.7104226669544401e-03	0.0000000000000000e+00	3.5903763435721232e-03
1.7278759594743899e-03	0.0000000000000000e+00	3.3886725508922534e-03
1.7453292519943300e-03	0.0000000000000000e+00	3.1063586554974671e-03
1.7627825445142699e-03	0.0000000000000000e+00	2.7432401239557737e-03
1.7802358370342200e-03	0.0000000000000000e+00	2.3030192911455121e-03
1.7976891295541600e-03	0.0000000000000000e+00	1.7930682474336342e-03
1.8151424220740999e-03	0.0000000000000000e+00	1.2229585863402493e-03
1.8325957145940500e-03	0.0000000000000000e+00	1.6676741467336325e-03
1.8500490071139900e-03	0.0000000000000000e+00	2.1767875777536326e-03
1.8675022996339299e-03	0.0000000000000000e+00	2.6435312712336186e-03
1.8849555921538800e-03	0.0000000000000000e+00	3.0544307626049214e-03
1.9024088846738201e-03	0.0000000000000000e+00	3.4355487491131115e-03
1.9198621771937599e-03	0.0000000000000000e+00	3.9011599234253227e-03
1.9373154697137100e-03	0.0000000000000000e+00	4.2866778477420623e-03
1.9547687622336499e-03	0.0000000000000000e+00	4.5892121733610595e-03
1.9722220547535902e-03	0.0000000000000000e+00	4.8263376914559073e-03
1.9896753472735400e-03	0.0000000000000000e+00	5.0374777528789912e-03
2.0071286397934799e-03	0.0000000000000000e+00	5.2012169271448113e-03
2.0245819323134202e-03	0.0000000000000000e+00	5.2816741447612127e-03
2.0420352248333700e-03	0.0000000000000000e+00	5.2563165651460268e-03
2.0594885173533099e-03	0.0000000000000000e+00	5.1129578841209201e-03
2.0769418098732502e-03	0.0000000000000000e+00	4.8466384749762427e-03
2.0943951023932000e-03	0.0000000000000000e+00	4.4576090200355552e-03
2.1118483949131399e-03	0.0000000000000000e+00	3.9503472346764084e-03
2.1293016874330802e-03	0.0000000000000000e+00	3.3335049700372035e-03
2.1467549799530201e-03	0.0000000000000000e+00	2.6192663284906885e-03
2.1642082724729699e-03	0.0000000000000000e+00	2.0153080867865766e-03
2.1816615649929102e-03	0.0000000000000000e+00	2.7558620557740507e-03
2.1991148575128501e-03	0.0000000000000000e+00	3.4557592105185493e-03
2.2165681500327999e-03	0.0000000000000000e+00	4.0964926993679006e-03
2.2340214425527402e-03	0.0000000000000000e+00	4.6605666739203931e-03
2.2514747350726801e-03	0.0000000000000000e+00	5.1319536783603374e-03
2.2689280275926299e-03	0.0000000000000000e+00	5.5472409910212765e-03
2.2863813201125698e-03	0.0000000000000000e+00	6.0073392420343921e-03
2.3038346126325101e-03	0.0000000000000000e+00	6.3490964244999892e-03
2.3212879051524599e-03	0.0000000000000000e+00	6.5758745008198108e-03
2.3387411976723998e-03	0.0000000000000000e+00	6.7207792547330806e-03
2.3561944901923401e-03	0.0000000000000000e+00	6.8358519607513660e-03
2.3736477827122899e-03	0.0000000000000000e+00	6.8830238225424676e-03
2.3911010752322298e-03	0.0000000000000000e+00	6.8134355563446176e-03
2.4085543677521701e-03	0.0000000000000000e+00	6.6011445601087387e-03
2.4260076602721200e-03	0.0000000000000000e+00	6.2362755074372210e-03
2.4434609527920598e-03	0.0000000000000000e+00	5.7186227496018897e-03
2.4609142453120001e-03	0.0000000000000000e+00	5.0544255143345528e-03
2.4783675378319500e-03	0.0000000000000000e+00	4.2553362484306105e-03
2.4958208303518898e-03	0.0000000000000000e+00	3.3377619764105573e-03
2.5132741228718301e-03	0.0000000000000000e+00	2.3208296310067160e-03
2.5307274153917800e-03	0.0000000000000000e+00	2.6871760885135384e-03
2.5481807079117198e-03	0.0000000000000000e+00	3.5972869753684283e-03
2.5656340004316601e-03	0.0000000000000000e+00	4.4322768463161974e-03
2.5830872929516100e-03	0.0000000000000000e+00	5.1694862919789983e-03
2.6005405854715499e-03	0.0000000000000000e+00	5.7882497100549849e-03
2.6179938779914902e-03	0.0000000000000000e+00	6.2704962606761052e-03
2.6354471705114400e-03	0.0000000000000000e+00	6.8736955970182265e-03
2.6529004630313799e-03	0.0000000000000000e+00	7.3519006470704786e-03
2.6703537555513202e-03	0.0000000000000000e+00	7.7482885556084957e-03
2.6878070480712700e-03	0.0000000000000000e+00	8.1191302650502895e-03
2.7052603405912099e-03	0.0000000000000000e+00	8.4039051045446921e-03
2.7227136331111502e-03	0.0000000000000000e+00	8.5424888092310337e-03
2.7401669256311000e-03	0.0000000000000000e+00	8.5024393121329069e-03
2.7576202181510399e-03	0.0000000000000000e+00	8.2689802865528773e-03
2.7750735106709802e-03	0.0000000000000000e+00	7.8374400176324226e-03
2.7925268031909300e-03	0.0000000000000000e+00	7.2121609323900250e-03
2.8099800957108699e-03	0.0000000000000000e+00	6.4031454416515433e-03
2.8274333882308102e-03	0.0000000000000000e+00	5.4262419824840360e-03
2.8448866807507600e-03	0.0000000000000000e+00	4.3031745557339275e-03
2.8623399732706999e-03	0.0000000000000000e+00	3.0598817698578285e-03
2.8797932657906402e-03	0.0000000000000000e+00	3.5195393439246786e-03
2.8972465583105901e-03	0.0000000000000000e+00	4.6032924699673222e-03
2.9146998508305299e-03	0.0000000000000000e+00	5.5955270673570534e-03
2.9321531433504698e-03	0.0000000000000000e+00	6.4706153864999595e-03
2.9496064358704201e-03	0.0000000000000000e+00	7.2054616436960069e-03
2.9670597283903599e-03	0.0000000000000000e+00	7.7800769677482976e-03
2.9845130209102998e-03	0.0000000000000000e+00	8.2996393655351865e-03
3.0019663134302501e-03	0.0000000000000000e+00	8.7854364567238000e-03
3.0194196059501899e-03	0.0000000000000000e+00	9.1335596899756455e-03
3.0368728984701298e-03	0.0000000000000000e+00	9.4328598930351649e-03
3.0543261909900801e-03	0.0000000000000000e+00	9.6849643677692221e-03
3.0717794835100200e-03	0.0000000000000000e+00	9.7977758437625649e-03
3.0892327760299598e-03	0.0000000000000000e+00	9.7162181336797864e-03
3.1066860685499101e-03	0.0000000000000000e+00	9.4168953585791436e-03
3.1241393610698500e-03	0.0000000000000000e+00	8.8947627920362166e-03
3.1415926535897898e-03	0.0000000000000000e+00	8.1547604796762835e-03
3.1590459461097401e-03	0.0000000000000000e+00	7.2104897908834044e-03
3.1764992386296800e-03	0.0000000000000000e+00	6.0804967965486468e-03
3.1939525311496198e-03	0.0000000000000000e+00	4.7905180737938275e-03
3.2114058236695701e-03	0.0000000000000000e+00	3.3691019060358381e-03
3.2288591161895100e-03	0.0000000000000000e+00	3.4302425341293749e-03
3.2463124087094499e-03	0.0000000000000000e+00	4.6972071244434409e-03
3.2637657012294001e-03	0.0000000000000000e+00	5.8595984550867692e-03
3.2812189937493400e-03	0.0000000000000000e+00	6.8866874896964568e-03
3.2986722862692799e-03	0.0000000000000000e+00	7.7507412470335674e-03
3.3161255787892301e-03	0.0000000000000000e+00	8.4278209033452570e-03
3.3335788713091700e-03	0.0000000000000000e+00	8.9997301508274452e-03
3.3510321638291099e-03	0.0000000000000000e+00	9.6300823565860279e-03
3.3684854563490602e-03	0.0000000000000000e+00	1.0180835515326258e-02
3.3859387488690000e-03	0.0000000000000000e+00	1.0704254796072883e-02
3.4033920413889399e-03	0.0000000000000000e+00	1.1098804697440316e-02
3.4208453339088902e-03	0.0000000000000000e+00	1.1287778697863229e-02
3.4382986264288300e-03	0.0000000000000000e+00	1.1233538940419532e-02
3.4557519189487699e-03	0.0000000000000000e+00	1.0919826742781313e-02
3.4732052114687202e-03	0.0000000000000000e+00	1.0344966499282637e-02
3.4906585039886600e-03	0.0000000000000000e+00	9.5168156771903746e-03
3.5081117965085999e-03	0.0000000000000000e+00	8.4502597684836828e-03
3.5255650890285502e-03	0.0000000000000000e+00	7.1696939114694359e-03
3.5430183815484901e-03	0.0000000000000000e+00	5.7037350234965221e-03
3.5604716740684299e-03	0.0000000000000000e+00	4.0876725097377378e-03
3.5779249665883698e-03	0.0000000000000000e+00	4.1358564730312238e-03
3.5953782591083201e-03	0.0000000000000000e+00	5.5321205131861348e-03
3.6128315516282599e-03	0.0000000000000000e+00	6.8095834819727995e-03
3.6302848441482102e-03	0.0000000000000000e+00	7.9363496112116461e-03
3.6477381366681501e-03	0.0000000000000000e+00	8.8839856323533195e-03
3.6651914291880900e-03	0.0000000000000000e+00	9.6281863495516484e-03
3.6826447217080398e-03	0.0000000000000000e+00	1.0149349043623407e-02
3.7000980142279801e-03	0.0000000000000000e+00	1.0635779892518561e-02
3.7175513067479200e-03	0.0000000000000000e+00	1.1100506493022312e-02
3.7350045992678598e-03	0.0000000000000000e+00	1.1549492288509468e-02
3.7524578917878101e-03	0.0000000000000000e+00	1.1910676007282144e-02
3.7699111843077500e-03	0.0000000000000000e+00	1.2070427277127651e-02
3.7873644768276998e-03	0.0000000000000000e+00	1.1973870468014203e-02
3.8048177693476401e-03	0.0000000000000000e+00	1.1602229282890409e-02
3.8222710618675800e-03	0.0000000000000000e+00	1.0954147993197709e-02
3.8397243543875199e-03	0.0000000000000000e+00	1.0039868375642160e-02
3.8571776469074701e-03	0.0000000000000000e+00	8.8782996324671716e-03
3.8746309394274100e-03	0.0000000000000000e+00	7.4947833302314547e-03
3.8920842319473499e-03	0.0000000000000000e+00	5.9209544075465277e-03
3.9095375244672997e-03	0.0000000000000000e+00	4.1935114953057248e-03
3.9269908169872400e-03	0.0000000000000000e+00	3.8659604797802692e-03
3.9444441095071803e-03	0.0000000000000000e+00	5.4046296776482121e-03
3.9618974020271302e-03	0.0000000000000000e+00	6.8167768182941816e-03
3.9793506945470696e-03	0.0000000000000000e+00	8.0657720610527485e-03
3.9968039870670099e-03	0.0000000000000000e+00	9.1187681584438164e-03
4.0142572795869597e-03	0.0000000000000000e+00	9.9476356075038179e-03
4.0317105721069000e-03	0.0000000000000000e+00	1.0529784167812622e-02
4.0491638646268403e-03	0.0000000000000000e+00	1.1206603957725979e-02
4.0666171571467902e-03	0.0000000000000000e+00	1.1885191559469458e-02
4.0840704496667296e-03	0.0000000000000000e+00	1.2529710743009388e-02
4.1015237421866699e-03	0.0000000000000000e+00	1.3008844588027882e-02
4.1189770347066198e-03	0.0000000000000000e+00	1.3236500609320427e-02
4.1364303272265601e-03	0.0000000000000000e+00	1.3173297939825659e-02
4.1538836197465004e-03	0.0000000000000000e+00	1.2803747171894848e-02
4.1713369122664502e-03	0.0000000000000000e+00	1.2128287112110990e-02
4.1887902047863896e-03	0.0000000000000000e+00	1.1157186674255037e-02
4.2062434973063299e-03	0.0000000000000000e+00	9.9112448022892763e-03
4.2236967898262798e-03	0.0000000000000000e+00	8.4183450683878395e-03
4.2411500823462201e-03	0.0000000000000000e+00	6.7141996613284119e-03
4.2586033748661604e-03	0.0000000000000000e+00	4.8407143431065070e-03
4.2760566673861102e-03	0.0000000000000000e+00	4.4387287829865084e-03
4.2935099599060497e-03	0.0000000000000000e+00	6.0465025608716317e-03
4.3109632524259900e-03	0.0000000000000000e+00	7.5167970390823107e-03
4.3284165449459398e-03	0.0000000000000000e+00	8.8136311283359414e-03
4.3458698374658801e-03	0.0000000000000000e+00	9.9051559149670974e-03
4.3633231299858204e-03	0.0000000000000000e+00	1.0764368828211648e-02
4.3807764225057702e-03	0.0000000000000000e+00	1.1369717558054089e-02
4.3982297150257097e-03	0.0000000000000000e+00	1.1787087610208920e-02
4.4156830075456500e-03	0.0000000000000000e+00	1.2343457434745153e-02
4.4331363000655998e-03	0.0000000000000000e+00	1.2901767626888478e-02
4.4505895925855401e-03	0.0000000000000000e+00	1.3335953310329619e-02
4.4680428851054804e-03	0.0000000000000000e+00	1.3524409886946125e-02
4.4854961776254303e-03	0.0000000000000000e+00	1.3416400298033362e-02
4.5029494701453697e-03	0.0000000000000000e+00	1.2995436835462733e-02
4.5204027626653100e-03	0.0000000000000000e+00	1.2264273409789096e-02
4.5378560551852598e-03	0.0000000000000000e+00	1.1236210508482171e-02
4.5553093477052001e-03	0.0000000000000000e+00	9.9341601387065749e-03
4.5727626402251396e-03	0.0000000000000000e+00	8.3881296462556786e-03
4.5902159327450903e-03	0.0000000000000000e+00	6.6340545018297977e-03
4.6076692252650297e-03	0.0000000000000000e+00	4.7133662984108491e-03
4.6251225177849700e-03	0.0000000000000000e+00	4.1358037455433436e-03
4.6425758103049199e-03	0.0000000000000000e+00	5.8429948825800011e-03
4.6600291028248602e-03	0.0000000000000000e+00	7.4095941498147945e-03
4.6774823953447996e-03	0.0000000000000000e+00	8.7953599377157392e-03
4.6949356878647503e-03	0.0000000000000000e+00	9.9643511064820070e-03
4.7123889803846897e-03	0.0000000000000000e+00	1.0885947736817201e-02
4.7298422729046300e-03	0.0000000000000000e+00	1.1535735219272678e-02
4.7472955654245799e-03	0.0000000000000000e+00	1.2144687602441114e-02
4.7647488579445202e-03	0.0000000000000000e+00	1.2907591464381387e-02
4.7822021504644596e-03	0.0000000000000000e+00	1.3628823961973922e-02
4.7996554429844103e-03	0.0000000000000000e+00	1.4158862285753160e-02
4.8171087355043498e-03	0.0000000000000000e+00	1.4408347735044853e-02
4.8345620280242901e-03	0.0000000000000000e+00	1.4337547790516957e-02
4.8520153205442399e-03	0.0000000000000000e+00	1.3932398763375859e-02
4.8694686130641802e-03	0.0000000000000000e+00	1.3193609990333003e-02
4.8869219055841196e-03	0.0000000000000000e+00	1.2135546577748428e-02
4.9043751981040704e-03	0.0000000000000000e+00	1.0779883751740783e-02
4.9218284906240098e-03	0.0000000000000000e+00	9.1589209545290297e-03
4.9392817831439501e-03	0.0000000000000000e+00	7.3120423252332452e-03
4.9567350756638999e-03	0.0000000000000000e+00	5.2852623814249548e-03
4.9741883681838402e-03	0.0000000000000000e+00	4.6019868534804024e-03
4.9916416607037797e-03	0.0000000000000000e+00	6.3354998748096384e-03
5.0090949532237304e-03	0.0000000000000000e+00	7.9203606382131642e-03
5.0265482457436698e-03	0.0000000000000000e+00	9.3183066075159249e-03
5.0440015382636101e-03	0.0000000000000000e+00	1.0495614650115134e-02
5.0614548307835600e-03	0.0000000000000000e+00	1.1423838779442138e-02
5.0789081233035003e-03	0.0000000000000000e+00	1.2080423161695667e-02
5.0963614158234397e-03	0.0000000000000000e+00	1.2449187508957309e-02
5.1138147083433904e-03	0.0000000000000000e+00	1.3039416248510211e-02
5.1312680008633298e-03	0.0000000000000000e+00	1.3666722319171473e-02
5.1487212933832701e-03	0.0000000000000000e+00	1.4144759586887703e-02
5.1661745859032200e-03	0.0000000000000000e+00	1.4350803990334428e-02
5.1836278784231603e-03	0.0000000000000000e+00	1.4236478436303105e-02
5.2010811709430997e-03	0.0000000000000000e+00	1.3788291849130196e-02
5.2185344634630504e-03	0.0000000000000000e+00	1.3010386978853502e-02
5.2359877559829899e-03	0.0000000000000000e+00	1.1919804732951853e-02
5.2534410485029302e-03	0.0000000000000000e+00	1.0540613614977164e-02
5.2708943410228696e-03	0.0000000000000000e+00	8.9052516897443739e-03
5.2883476335428203e-03	0.0000000000000000e+00	7.0526111628375614e-03
5.3058009260627597e-03	0.0000000000000000e+00	5.0267391031523743e-03
5.3232542185827000e-03	0.0000000000000000e+00	4.2120312934960059e-03
5.3407075111026499e-03	0.0000000000000000e+00	6.0103956170551899e-03
5.3581608036225902e-03	0.0000000000000000e+00	7.6606866181824218e-03
5.3756140961425296e-03	0.0000000000000000e+00	9.1207648958658832e-03
5.3930673886624803e-03	0.0000000000000000e+00	1.0353080779012718e-02
5.4105206811824198e-03	0.0000000000000000e+00	1.1325737067550110e-02
5.4279739737023601e-03	0.0000000000000000e+00	1.2013403272230312e-02
5.4454272662223099e-03	0.0000000000000000e+00	1.2604712161708286e-02
5.4628805587422502e-03	0.0000000000000000e+00	1.3414621308218385e-02
5.4803338512621896e-03	0.0000000000000000e+00	1.4176697200694475e-02
5.4977871437821403e-03	0.0000000000000000e+00	1.4733551297795567e-02
5.5152404363020798e-03	0.0000000000000000e+00	1.4994612921303075e-02
5.5326937288220201e-03	0.0000000000000000e+00	1.4919696775579916e-02
5.5501470213419699e-03	0.0000000000000000e+00	1.4495599808818507e-02
5.5676003138619102e-03	0.0000000000000000e+00	1.3724462668207803e-02
5.5850536063818497e-03	0.0000000000000000e+00	1.2621101723836861e-02
5.6025068989018004e-03	0.0000000000000000e+00	1.1209342390410623e-02
5.6199601914217398e-03	0.0000000000000000e+00	9.5232163276866046e-03
5.6374134839416801e-03	0.0000000000000000e+00	7.6040910938939225e-03
5.6548667764616299e-03	0.0000000000000000e+00	5.5000796435903405e-03
5.6723200689815702e-03	0.0000000000000000e+00	4.6843932206260767e-03
5.6897733615015097e-03	0.0000000000000000e+00	6.4789083605539290e-03
5.7072266540214604e-03	0.0000000000000000e+00	8.1190988877195558e-03
5.7246799465413998e-03	0.0000000000000000e+00	9.5656068361732460e-03
5.7421332390613401e-03	0.0000000000000000e+00	1.0783826537790937e-02
5.7595865315812900e-03	0.0000000000000000e+00	1.1744649092200434e-02
5.7770398241012303e-03	0.0000000000000000e+00	1.2425075570289108e-02
5.7944931166211697e-03	0.0000000000000000e+00	1.2808703351310487e-02
5.8119464091411204e-03	0.0000000000000000e+00	1.3375424422690775e-02
5.8293997016610598e-03	0.0000000000000000e+00	1.4039883290380832e-02
5.8468529941810002e-03	0.0000000000000000e+00	1.4540269301737364e-02
5.8643062867009500e-03	0.0000000000000000e+00	1.4754510335191233e-02
5.8817595792208903e-03	0.0000000000000000e+00	1.4636364617904405e-02
5.8992128717408297e-03	0.0000000000000000e+00	1.4174072697508078e-02
5.9166661642607796e-03	0.0000000000000000e+00	1.3373532978954149e-02
5.9341194567807199e-03	0.0000000000000000e+00	1.2251793335634675e-02
5.9515727493006602e-03	0.0000000000000000e+00	1.0834956718734219e-02
5.9690260418206100e-03	0.0000000000000000e+00	9.1565976815301542e-03
5.9864793343405503e-03	0.0000000000000000e+00	7.2568265784392870e-03
6.0039326268604898e-03	0.0000000000000000e+00	5.1809583746910727e-03
6.0213859193804396e-03	0.0000000000000000e+00	4.2536486387677631e-03
6.0388392119003799e-03	0.0000000000000000e+00	6.0953761792966778e-03
6.0562925044203202e-03	0.0000000000000000e+00	7.7853811707440154e-03
6.0737457969402700e-03	0.0000000000000000e+00	9.2806599296122484e-03
6.0911990894602103e-03	0.0000000000000000e+00	1.0542938856340328e-02
6.1086523819801498e-03	0.0000000000000000e+00	1.1539755492226524e-02
6.1261056745000996e-03	0.0000000000000000e+00	1.2245386637370969e-02
6.1435589670200399e-03	0.0000000000000000e+00	1.2808087562202723e-02
6.1610122595399802e-03	0.0000000000000000e+00	1.3639095632288236e-02
6.1784655520599301e-03	0.0000000000000000e+00	1.4419547449223630e-02
6.1959188445798704e-03	0.0000000000000000e+00	1.4988021937855870e-02
6.2133721370998098e-03	0.0000000000000000e+00	1.5253480430339236e-02
6.2308254296197596e-03	0.0000000000000000e+00	1.5176223442946717e-02
6.2482787221396999e-03	0.0000000000000000e+00	1.4743102538293140e-02
6.2657320146596402e-03	0.0000000000000000e+00	1.3956969671231213e-02
6.2831853071795901e-03	0.0000000000000000e+00	1.2832855794475748e-02
6.3006385996995304e-03	0.0000000000000000e+00	1.1395619519331030e-02
6.3180918922194698e-03	0.0000000000000000e+00	9.6800979580913306e-03
6.3355451847394197e-03	0.0000000000000000e+00	7.7286699898885302e-03
6.3529984772593600e-03	0.0000000000000000e+00	5.5900856208860360e-03
6.3704517697793003e-03	0.0000000000000000e+00	4.7032639374758340e-03
6.3879050622992501e-03	0.0000000000000000e+00	6.5253773724736636e-03
6.4053583548191904e-03	0.0000000000000000e+00	8.1906940192044697e-03
6.4228116473391298e-03	0.0000000000000000e+00	9.6593902057365340e-03
6.4402649398590797e-03	0.0000000000000000e+00	1.0896494082806157e-02
6.4577182323790200e-03	0.0000000000000000e+00	1.1872626844233658e-02
6.4751715248989603e-03	0.0000000000000000e+00	1.2564616254957877e-02
6.4926248174188997e-03	0.0000000000000000e+00	1.2955985764852424e-02
6.5100781099388504e-03	0.0000000000000000e+00	1.3520027195144868e-02
6.5275314024587899e-03	0.0000000000000000e+00	1.4204006876827262e-02
6.5449846949787302e-03	0.0000000000000000e+00	1.4715791681981869e-02
6.5624379874986800e-03	0.0000000000000000e+00	1.4934456438253687e-02
6.5798912800186203e-03	0.0000000000000000e+00	1.4815494585817759e-02
6.5973445725385597e-03	0.0000000000000000e+00	1.4347934686674037e-02
6.6147978650585096e-03	0.0000000000000000e+00	1.3538582070976442e-02
6.6322511575784499e-03	0.0000000000000000e+00	1.2404389084877409e-02
6.6497044500983902e-03	0.0000000000000000e+00	1.0972473556488187e-02
6.6671577426183400e-03	0.0000000000000000e+00	9.2768968713903277e-03
6.6846110351382803e-03	0.0000000000000000e+00	7.3582857000591391e-03
6.7020643276582198e-03	0.0000000000000000e+00	5.2624823446703085e-03
6.7195176201781696e-03	0.0000000000000000e+00	4.2537646941695996e-03
6.7369709126981099e-03	0.0000000000000000e+00	6.1119802614166855e-03
6.7544242052180502e-03	0.0000000000000000e+00	7.8170156715730004e-03
6.7718774977380001e-03	0.0000000000000000e+00	9.3255336587632041e-03
6.7893307902579404e-03	0.0000000000000000e+00	1.0598986264171760e-02
6.8067840827778798e-03	0.0000000000000000e+00	1.1604701896713540e-02
6.8242373752978296e-03	0.0000000000000000e+00	1.2316817913545058e-02
6.8416906678177699e-03	0.0000000000000000e+00	1.2873207276407879e-02
6.8591439603377102e-03	0.0000000000000000e+00	1.3709774725268350e-02
6.8765972528576601e-03	0.0000000000000000e+00	1.4495155591141319e-02
6.8940505453776004e-03	0.0000000000000000e+00	1.5066833717260133e-02
6.9115038378975398e-03	0.0000000000000000e+00	1.5333142860746400e-02
6.9289571304174897e-03	0.0000000000000000e+00	1.5254275091834437e-02
6.9464104229374300e-03	0.0000000000000000e+00	1.4817091279244684e-02
6.9638637154573703e-03	0.0000000000000000e+00	1.4024640536553966e-02
6.9813170079773201e-03	0.0000000000000000e+00	1.2892127316220985e-02
6.9987703004972604e-03	0.0000000000000000e+00	1.1444743181451151e-02
7.0162235930171998e-03	0.0000000000000000e+00	9.7176477881049141e-03
7.0336768855371497e-03	0.0000000000000000e+00	7.7535554798295846e-03
7.0511301780570900e-03	0.0000000000000000e+00	5.6016001474678018e-03
7.0685834705770303e-03	0.0000000000000000e+00	4.7298315619244118e-03
7.0860367630969801e-03	0.0000000000000000e+00	6.5620964006623582e-03
7.1034900556169204e-03	0.0000000000000000e+00	8.2365604276548095e-03
7.1209433481368599e-03	0.0000000000000000e+00	9.7132340217033208e-03
7.1383966406568097e-03	0.0000000000000000e+00	1.0957016709056881e-02
7.1558499331767500e-03	0.0000000000000000e+00	1.1938438050104895e-02
7.1733032256966903e-03	0.0000000000000000e+00	1.2634272140979551e-02
7.1907565182166401e-03	0.0000000000000000e+00	1.3028021854748452e-02
7.2082098107365796e-03	0.0000000000000000e+00	1.3589514456530321e-02
7.2256631032565199e-03	0.0000000000000000e+00	1.4283735320246051e-02
7.2431163957764697e-03	0.0000000000000000e+00	1.4801050938037552e-02
7.2605696882964100e-03	0.0000000000000000e+00	1.5021813183846672e-02
7.2780229808163503e-03	0.0000000000000000e+00	1.4902363571551993e-02
7.2954762733363002e-03	0.0000000000000000e+00	1.4432728427091550e-02
7.3129295658562396e-03	0.0000000000000000e+00	1.3619912604013009e-02
7.3303828583761799e-03	0.0000000000000000e+00	1.2480939862739321e-02
7.3478361508961297e-03	0.0000000000000000e+00	1.1043295226577921e-02
7.3652894434160700e-03	0.0000000000000000e+00	9.3412207615992705e-03
7.3827427359360103e-03	0.0000000000000000e+00	7.4155385371004225e-03
7.4001960284559602e-03	0.0000000000000000e+00	5.3122812054169312e-03
7.4176493209758996e-03	0.0000000000000000e+00	4.2438952435340767e-03
7.4351026134958399e-03	0.0000000000000000e+00	6.1088412489551632e-03
7.4525559060157898e-03	0.0000000000000000e+00	7.8200868017030932e-03
7.4700091985357301e-03	0.0000000000000000e+00	9.3341752514016756e-03
7.4874624910556704e-03	0.0000000000000000e+00	1.0612461309887015e-02
7.5049157835756202e-03	0.0000000000000000e+00	1.1622199454716629e-02
7.5223690760955596e-03	0.0000000000000000e+00	1.2337476583726638e-02
7.5398223686154999e-03	0.0000000000000000e+00	1.2882811494798727e-02
7.5572756611354498e-03	0.0000000000000000e+00	1.3718438300068360e-02
7.5747289536553901e-03	0.0000000000000000e+00	1.4503975239234981e-02
7.5921822461753304e-03	0.0000000000000000e+00	1.5076293047928610e-02
7.6096355386952802e-03	0.0000000000000000e+00	1.5342855075840199e-02
7.6270888312152197e-03	0.0000000000000000e+00	1.5263527993804293e-02
7.6445421237351600e-03	0.0000000000000000e+00	1.4825107979349848e-02
7.6619954162551098e-03	0.0000000000000000e+00	1.4030691739005313e-02
7.6794487087750501e-03	0.0000000000000000e+00	1.2895502305461656e-02
7.6969020012949904e-03	0.0000000000000000e+00	1.1444863717679696e-02
7.7143552938149403e-03	0.0000000000000000e+00	9.7140464588620929e-03
7.7318085863348797e-03	0.0000000000000000e+00	7.7459534019079807e-03
7.7492618788548200e-03	0.0000000000000000e+00	5.5897138526108696e-03
7.7667151713747698e-03	0.0000000000000000e+00	4.7332035197850710e-03
7.7841684638947101e-03	0.0000000000000000e+00	6.5685413927306048e-03
7.8016217564146496e-03	0.0000000000000000e+00	8.2457798261799109e-03
7.8190750489345994e-03	0.0000000000000000e+00	9.7248758085280978e-03
7.8365283414545406e-03	0.0000000000000000e+00	1.0970686062848317e-02
7.8539816339744800e-03	0.0000000000000000e+00	1.1953712127031065e-02
7.8714349264944194e-03	0.0000000000000000e+00	1.2650712067824010e-02
7.8888882190143693e-03	0.0000000000000000e+00	1.3045184982316983e-02
7.9063415115343105e-03	0.0000000000000000e+00	1.3625015685969230e-02
7.9237948040542603e-03	0.0000000000000000e+00	1.4324908878596609e-02
7.9412480965741997e-03	0.0000000000000000e+00	1.4844600160233640e-02
7.9587013890941392e-03	0.0000000000000000e+00	1.5066206395366644e-02
7.9761546816140907e-03	0.0000000000000000e+00	1.4946674574971610e-02
7.9936079741340302e-03	0.0000000000000000e+00	1.4476360136340842e-02
8.0110612666539696e-03	0.0000000000000000e+00	1.3662400074803991e-02
8.0285145591739195e-03	0.0000000000000000e+00	1.2521932303190288e-02
8.0459678516938606e-03	0.0000000000000000e+00	1.1082500762028612e-02
8.0634211442138001e-03	0.0000000000000000e+00	9.3784093366176026e-03
8.0808744367337395e-03	0.0000000000000000e+00	7.4505408131810254e-03
8.0983277292536893e-03	0.0000000000000000e+00	5.3449881756901805e-03
8.1157810217736305e-03	0.0000000000000000e+00	4.2440765323770186e-03
8.1332343142935803e-03	0.0000000000000000e+00	6.1107298084492863e-03
8.1506876068135198e-03	0.0000000000000000e+00	7.8234912607575390e-03
8.1681408993334592e-03	0.0000000000000000e+00	9.3388715762003933e-03
8.1855941918534108e-03	0.0000000000000000e+00	1.0618198755001943e-02
8.2030474843733502e-03	0.0000000000000000e+00	1.1628709615798731e-02
8.2205007768932897e-03	0.0000000000000000e+00	1.2344480496565216e-02
8.2379540694132308e-03	0.0000000000000000e+00	1.2871635763629163e-02
8.2554073619331807e-03	0.0000000000000000e+00	1.3703444804589101e-02
8.2728606544531201e-03	0.0000000000000000e+00	1.4487093769950670e-02
8.2903139469730595e-03	0.0000000000000000e+00	1.5058934936650318e-02
8.3077672394930094e-03	0.0000000000000000e+00	1.5325279192153249e-02
8.3252205320129506e-03	0.0000000000000000e+00	1.5245627801023169e-02
8.3426738245328900e-03	0.0000000000000000e+00	1.4806685665127026e-02
8.3601271170528398e-03	0.0000000000000000e+00	1.4011571434905567e-02
8.3775804095727793e-03	0.0000000000000000e+00	1.2875443373273747e-02
8.3950337020927204e-03	0.0000000000000000e+00	1.1423715694152611e-02
8.4124869946126703e-03	0.0000000000000000e+00	9.6917879762847860e-03
8.4299402871326097e-03	0.0000000000000000e+00	7.7224332706105105e-03
8.4473935796525491e-03	0.0000000000000000e+00	5.5648776084794580e-03
8.4648468721725007e-03	0.0000000000000000e+00	4.7393701642471876e-03
8.4823001646924402e-03	0.0000000000000000e+00	6.5759129444222268e-03
8.4997534572123796e-03	0.0000000000000000e+00	8.2542450566220893e-03
8.5172067497323294e-03	0.0000000000000000e+00	9.7343087331749345e-03
8.5346600422522706e-03	0.0000000000000000e+00	1.0980949011898118e-02
8.5521133347722100e-03	0.0000000000000000e+00	1.1964660091326821e-02
8.5695666272921599e-03	0.0000000000000000e+00	1.2662197519699827e-02
8.5870199198120993e-03	0.0000000000000000e+00	1.3057058040296159e-02
8.6044732123320405e-03	0.0000000000000000e+00	1.3656350854468799e-02
8.6219265048519903e-03	0.0000000000000000e+00	1.4359848657469320e-02
8.6393797973719298e-03	0.0000000000000000e+00	1.4880596599199653e-02
8.6568330898918692e-03	0.0000000000000000e+00	1.5102405194782264e-02
8.6742863824118208e-03	0.0000000000000000e+00	1.4982731794819806e-02
8.6917396749317602e-03	0.0000000000000000e+00	1.4512101214606958e-02
8.7091929674516996e-03	0.0000000000000000e+00	1.3697743299966236e-02
8.7266462599716495e-03	0.0000000000000000e+00	1.2556760355224244e-02
8.7440995524915906e-03	0.0000000000000000e+00	1.1116712192574589e-02
8.7615528450115301e-03	0.0000000000000000e+00	9.4119195434606024e-03
8.7790061375314799e-03	0.0000000000000000e+00	7.4832813181514059e-03
8.7964594300514194e-03	0.0000000000000000e+00	5.3769115108105456e-03
8.8139127225713605e-03	0.0000000000000000e+00	4.2367514742530600e-03
8.8313660150913104e-03	0.0000000000000000e+00	6.1040394823939107e-03
8.8488193076112498e-03	0.0000000000000000e+00	7.8174119883035499e-03
8.8662726001311892e-03	0.0000000000000000e+00	9.3333704538068885e-03
8.8837258926511408e-03	0.0000000000000000e+00	1.0613235875051266e-02
8.9011791851710802e-03	0.0000000000000000e+00	1.1624239292072347e-02
8.9186324776910197e-03	0.0000000000000000e+00	1.2340453715099939e-02
8.9360857702109695e-03	0.0000000000000000e+00	1.2848516124534514e-02
8.9535390627309107e-03	0.0000000000000000e+00	1.3676430898226420e-02
8.9709923552508501e-03	0.0000000000000000e+00	1.4458656116329727e-02
8.9884456477708000e-03	0.0000000000000000e+00	1.5030527766039331e-02
9.0058989402907394e-03	0.0000000000000000e+00	1.5297172441422802e-02
9.0233522328106806e-03	0.0000000000000000e+00	1.5217849145311144e-02
9.0408055253306304e-03	0.0000000000000000e+00	1.4779150130214127e-02
9.0582588178505698e-03	0.0000000000000000e+00	1.3984280084467868e-02
9.0757121103705093e-03	0.0000000000000000e+00	1.2848223771536632e-02
9.0931654028904609e-03	0.0000000000000000e+00	1.1396544928662591e-02
9.1106186954104003e-03	0.0000000000000000e+00	9.6648575460596096e-03
9.1280719879303397e-03	0.0000000000000000e+00	7.6955468333363940e-03
9.1455252804502896e-03	0.0000000000000000e+00	5.5380401973659224e-03
9.1629785729702307e-03	0.0000000000000000e+00	4.7410043430054548e-03
9.1804318654901702e-03	0.0000000000000000e+00	6.5774242199730919e-03
9.1978851580101200e-03	0.0000000000000000e+00	8.2556101648219044e-03
9.2153384505300594e-03	0.0000000000000000e+00	9.7355012029866610e-03
9.2327917430500006e-03	0.0000000000000000e+00	1.0981940615752887e-02
9.2502450355699505e-03	0.0000000000000000e+00	1.1965421395967773e-02
9.2676983280898899e-03	0.0000000000000000e+00	1.2662697884752909e-02
9.2851516206098293e-03	0.0000000000000000e+00	1.3057268586413543e-02
9.3026049131297792e-03	0.0000000000000000e+00	1.3685528995817093e-02
9.3200582056497203e-03	0.0000000000000000e+00	1.4390496840492362e-02
9.3375114981696598e-03	0.0000000000000000e+00	1.4910860688549337e-02
9.3549647906896096e-03	0.0000000000000000e+00	1.5131942124524534e-02
9.3724180832095508e-03	0.0000000000000000e+00	1.5011611087617224e-02
9.3898713757294902e-03	0.0000000000000000e+00	1.4540491932208053e-02
9.4073246682494296e-03	0.0000000000000000e+00	1.3725546020471466e-02
9.4247779607693795e-03	0.0000000000000000e+00	1.2584073154295236e-02
9.4422312532893207e-03	0.0000000000000000e+00	1.1143503632805822e-02
9.4596845458092705e-03	0.0000000000000000e+00	9.4381632056245186e-03
9.4771378383292099e-03	0.0000000000000000e+00	7.5089549537042987e-03
9.4945911308491494e-03	0.0000000000000000e+00	5.4019985251338495e-03
9.5120444233690905e-03	0.0000000000000000e+00	4.2417371556442429e-03
9.5294977158890404e-03	0.0000000000000000e+00	6.1093892892298872e-03
9.5469510084089798e-03	0.0000000000000000e+00	7.8231001124208239e-03
9.5644043009289192e-03	0.0000000000000000e+00	9.3393683764232353e-03
9.5818575934488708e-03	0.0000000000000000e+00	1.0619512839070215e-02
9.5993108859688103e-03	0.0000000000000000e+00	1.1630762718960066e-02
9.6167641784887497e-03	0.0000000000000000e+00	1.2347190659902281e-02
9.6342174710086995e-03	0.0000000000000000e+00	1.2824232156945049e-02
9.6516707635286407e-03	0.0000000000000000e+00	1.3649214875772891e-02
9.6691240560485905e-03	0.0000000000000000e+00	1.4431211833979107e-02
9.6865773485685300e-03	0.0000000000000000e+00	1.5003872477394330e-02
9.7040306410884694e-03	0.0000000000000000e+00	1.5271263418948886e-02
9.7214839336084106e-03	0.0000000000000000e+00	1.5192627350717287e-02
9.7389372261283604e-03	0.0000000000000000e+00	1.4754447929227634e-02
9.7563905186482999e-03	0.0000000000000000e+00	1.3960128438615290e-02
9.7738438111682393e-03	0.0000000000000000e+00	1.2824364072201097e-02
9.7912971036881909e-03	0.0000000000000000e+00	1.1373176411335376e-02
9.8087503962081303e-03	0.0000000000000000e+00	9.6418969514193743e-03
9.8262036887280697e-03	0.0000000000000000e+00	7.6728972653670215e-03
9.8436569812480196e-03	0.0000000000000000e+00	5.5157096363374035e-03
9.8611102737679607e-03	0.0000000000000000e+00	4.7339800529984689e-03
9.8785635662879106e-03	0.0000000000000000e+00	6.5704692000493337e-03
9.8960168588078500e-03	0.0000000000000000e+00	8.2487235828842542e-03
9.9134701513277895e-03	0.0000000000000000e+00	9.7286796296022771e-03
9.9309234438477306e-03	0.0000000000000000e+00	1.0975180915566440e-02
9.9483767363676805e-03	0.0000000000000000e+00	1.1958719000162108e-02
9.9658300288876199e-03	0.0000000000000000e+00	1.2656046945572564e-02
9.9832833214075593e-03	0.0000000000000000e+00	1.3050663073528139e-02
1.0000736613927501e-02	0.0000000000000000e+00	1.3713676214788157e-02
1.0018189906447501e-02	0.0000000000000000e+00	1.4418470634171641e-02
1.0035643198967400e-02	0.0000000000000000e+00	1.4937552547066156e-02
1.0053096491487300e-02	0.0000000000000000e+00	1.5157438367453499e-02
1.0070549784007300e-02	0.0000000000000000e+00	1.5036524061691458e-02
1.0088003076527199e-02	0.0000000000000000e+00	1.4564766912225583e-02
1.0105456369047200e-02	0.0000000000000000e+00	1.3749131974409782e-02
1.0122909661567101e-02	0.0000000000000000e+00	1.2607256643745714e-02
1.0140362954087099e-02	0.0000000000000000e+00	1.1166268635110126e-02
1.0157816246607001e-02	0.0000000000000000e+00	9.4604927678277849e-03
1.0175269539126900e-02	0.0000000000000000e+00	7.5308365894374320e-03
1.0192722831646900e-02	0.0000000000000000e+00	5.4234180227011831e-03
1.0210176124166800e-02	0.0000000000000000e+00	4.2481474433541137e-03
1.0227629416686800e-02	0.0000000000000000e+00	6.1158090653912183e-03
1.0245082709206699e-02	0.0000000000000000e+00	7.8295332463007607e-03
1.0262536001726700e-02	0.0000000000000000e+00	9.3458187161529187e-03
1.0279989294246601e-02	0.0000000000000000e+00	1.0625985238551934e-02
1.0297442586766500e-02	0.0000000000000000e+00	1.1637262508878790e-02
1.0314895879286501e-02	0.0000000000000000e+00	1.2353723209968354e-02
1.0332349171806400e-02	0.0000000000000000e+00	1.2797436760262817e-02
1.0349802464326400e-02	0.0000000000000000e+00	1.3620955091584343e-02
1.0367255756846300e-02	0.0000000000000000e+00	1.4404100890349939e-02
1.0384709049366300e-02	0.0000000000000000e+00	1.4978312772231120e-02
1.0402162341886199e-02	0.0000000000000000e+00	1.5246870242912127e-02
1.0419615634406101e-02	0.0000000000000000e+00	1.5169240962596454e-02
1.0437068926926101e-02	0.0000000000000000e+00	1.4731817566341633e-02
1.0454522219446000e-02	0.0000000000000000e+00	1.3938294634638583e-02
1.0471975511966001e-02	0.0000000000000000e+00	1.2651882449060042e-02
1.0489428804485900e-02	0.0000000000000000e+00	1.1204412084545999e-02
1.0506882097005900e-02	0.0000000000000000e+00	9.4763238577931820e-03
1.0524335389525800e-02	0.0000000000000000e+00	7.5105591459283562e-03
1.0541788682045699e-02	0.0000000000000000e+00	5.3566467486420039e-03
1.0559241974565699e-02	0.0000000000000000e+00	4.7693390372789447e-03
1.0576695267085601e-02	0.0000000000000000e+00	6.6043636922424312e-03
1.0594148559605601e-02	0.0000000000000000e+00	8.2811539454872296e-03
1.0611601852125500e-02	0.0000000000000000e+00	9.7596477485407691e-03
1.0629055144645501e-02	0.0000000000000000e+00	1.1004687576683167e-02
1.0646508437165400e-02	0.0000000000000000e+00	1.1986765892810353e-02
1.0663961729685400e-02	0.0000000000000000e+00	1.2682636833804866e-02
1.0681415022205300e-02	0.0000000000000000e+00	1.3119532378878375e-02
1.0698868314725199e-02	0.0000000000000000e+00	1.3842911282454254e-02
1.0716321607245199e-02	0.0000000000000000e+00	1.4555884597855851e-02
1.0733774899765101e-02	0.0000000000000000e+00	1.5074650731825163e-02
1.0751228192285101e-02	0.0000000000000000e+00	1.5291761343443930e-02
1.0768681484805000e-02	0.0000000000000000e+00	1.5167855649565732e-02
1.0786134777325001e-02	0.0000000000000000e+00	1.4692944573189421e-02
1.0803588069844900e-02	0.0000000000000000e+00	1.3873981052732895e-02
1.0821041362364800e-02	0.0000000000000000e+00	1.2729139344878898e-02
1.0838494654884800e-02	0.0000000000000000e+00	1.1285152106313629e-02
1.0855947947404699e-02	0.0000000000000000e+00	9.5763483770533973e-03
1.0873401239924699e-02	0.0000000000000000e+00	7.6436346130450694e-03
1.0890854532444601e-02	0.0000000000000000e+00	5.5331336093010774e-03
1.0908307824964599e-02	0.0000000000000000e+00	4.2415513528197861e-03
1.0925761117484500e-02	0.0000000000000000e+00	6.1105940205339326e-03
1.0943214410004400e-02	0.0000000000000000e+00	7.8256897152062556e-03
1.0960667702524400e-02	0.0000000000000000e+00	9.3433369065545370e-03
1.0978120995044300e-02	0.0000000000000000e+00	1.0624854067304450e-02
1.0995574287564300e-02	0.0000000000000000e+00	1.1637470326166471e-02
1.1013027580084199e-02	0.0000000000000000e+00	1.2355257983843852e-02
1.1030480872604199e-02	0.0000000000000000e+00	1.2759875290942982e-02
1.1047934165124101e-02	0.0000000000000000e+00	1.3538379078011378e-02
1.1065387457644000e-02	0.0000000000000000e+00	1.4316015366044564e-02
1.1082840750164000e-02	0.0000000000000000e+00	1.4890783272651111e-02
1.1100294042683900e-02	0.0000000000000000e+00	1.5161585043847977e-02
1.1117747335203900e-02	0.0000000000000000e+00	1.5086643791256685e-02
1.1135200627723800e-02	0.0000000000000000e+00	1.4651981765795727e-02
1.1152653920243800e-02	0.0000000000000000e+00	1.3861349116651473e-02
1.1170107212763699e-02	0.0000000000000000e+00	1.2728707737897017e-02
1.1187560505283699e-02	0.0000000000000000e+00	1.1281435432049177e-02
1.1205013797803601e-02	0.0000000000000000e+00	9.5533723056790976e-03
1.1222467090323500e-02	0.0000000000000000e+00	7.5876124915682571e-03
1.1239920382843500e-02	0.0000000000000000e+00	5.4336865696503730e-03
1.1257373675363400e-02	0.0000000000000000e+00	4.7075884528415286e-03
1.1274826967883400e-02	0.0000000000000000e+00	6.5428209476767708e-03
1.1292280260403300e-02	0.0000000000000000e+00	8.2198254809780474e-03
1.1309733552923300e-02	0.0000000000000000e+00	9.6985394723649258e-03
1.1327186845443199e-02	0.0000000000000000e+00	1.0943805458666715e-02
1.1344640137963101e-02	0.0000000000000000e+00	1.1926115700871025e-02
1.1362093430483101e-02	0.0000000000000000e+00	1.2622224876007299e-02
1.1379546723003000e-02	0.0000000000000000e+00	1.3059264548910680e-02
1.1397000015523000e-02	0.0000000000000000e+00	1.3776664402510049e-02
1.1414453308042900e-02	0.0000000000000000e+00	1.4485037129294900e-02
1.1431906600562900e-02	0.0000000000000000e+00	1.5001677332840238e-02
1.1449359893082800e-02	0.0000000000000000e+00	1.5218022491613059e-02
1.1466813185602699e-02	0.0000000000000000e+00	1.5093698156112967e-02
1.1484266478122699e-02	0.0000000000000000e+00	1.4618620569600577e-02
1.1501719770642601e-02	0.0000000000000000e+00	1.3799548299450645e-02
1.1519173063162601e-02	0.0000000000000000e+00	1.2654756219815915e-02
1.1536626355682500e-02	0.0000000000000000e+00	1.1210837954317309e-02
1.1554079648202500e-02	0.0000000000000000e+00	9.5021222365914686e-03
1.1571532940722400e-02	0.0000000000000000e+00	7.5695186579620172e-03
1.1588986233242300e-02	0.0000000000000000e+00	5.4591469702487943e-03
1.1606439525762300e-02	0.0000000000000000e+00	4.2980223305068054e-03
1.1623892818282199e-02	0.0000000000000000e+00	6.1667404622053335e-03
1.1641346110802199e-02	0.0000000000000000e+00	7.8815084445148544e-03
1.1658799403322101e-02	0.0000000000000000e+00	9.3988236138839998e-03
1.1676252695842101e-02	0.0000000000000000e+00	1.0680005301152496e-02
1.1693705988362000e-02	0.0000000000000000e+00	1.1692282610583278e-02
1.1711159280882000e-02	0.0000000000000000e+00	1.2409728163249485e-02
1.1728612573401900e-02	0.0000000000000000e+00	1.2814001272519504e-02
1.1746065865921800e-02	0.0000000000000000e+00	1.3603053729062151e-02
1.1763519158441800e-02	0.0000000000000000e+00	1.4384354452074012e-02
1.1780972450961699e-02	0.0000000000000000e+00	1.4960618793170056e-02
1.1798425743481699e-02	0.0000000000000000e+00	1.5231980866094076e-02
1.1815879036001601e-02	0.0000000000000000e+00	1.5157292838171871e-02
1.1833332328521601e-02	0.0000000000000000e+00	1.4722739085023789e-02
1.1850785621041500e-02	0.0000000000000000e+00	1.3932028662191853e-02
1.1868238913561400e-02	0.0000000000000000e+00	1.2799285921366558e-02
1.1885692206081400e-02	0.0000000000000000e+00	1.1351889791137880e-02
1.1903145498601300e-02	0.0000000000000000e+00	9.6236502277193825e-03
1.1920598791121300e-02	0.0000000000000000e+00	7.6576972290296492e-03
1.1938052083641199e-02	0.0000000000000000e+00	5.5035611913437617e-03
1.1955505376161199e-02	0.0000000000000000e+00	4.6579527833066105e-03
1.1972958668681101e-02	0.0000000000000000e+00	6.4935183712764811e-03
1.1990411961201000e-02	0.0000000000000000e+00	8.1708535451232578e-03
1.2007865253721000e-02	0.0000000000000000e+00	9.6498955605187672e-03
1.2025318546240900e-02	0.0000000000000000e+00	1.0895488244737636e-02
1.2042771838760900e-02	0.0000000000000000e+00	1.1878121715853207e-02
1.2060225131280800e-02	0.0000000000000000e+00	1.2574551182554430e-02
1.2077678423800800e-02	0.0000000000000000e+00	1.3002316363206434e-02
1.2095131716320699e-02	0.0000000000000000e+00	1.3714759096618548e-02
1.2112585008840600e-02	0.0000000000000000e+00	1.4419802185294725e-02
1.2130038301360601e-02	0.0000000000000000e+00	1.4935150562147104e-02
1.2147491593880500e-02	0.0000000000000000e+00	1.5151186338911335e-02
1.2164944886400500e-02	0.0000000000000000e+00	1.5026801531716380e-02
1.2182398178920400e-02	0.0000000000000000e+00	1.4551808299563700e-02
1.2199851471440400e-02	0.0000000000000000e+00	1.3732871192353649e-02
1.2217304763960300e-02	0.0000000000000000e+00	1.2588269221498551e-02
1.2234758056480201e-02	0.0000000000000000e+00	1.1144555425993017e-02
1.2252211349000199e-02	0.0000000000000000e+00	9.4360595871923435e-03
1.2269664641520101e-02	0.0000000000000000e+00	7.5036895184473727e-03
1.2287117934040101e-02	0.0000000000000000e+00	5.3935671239507248e-03
1.2304571226560000e-02	0.0000000000000000e+00	4.3415354736906506e-03
1.2322024519080000e-02	0.0000000000000000e+00	6.2099838060177843e-03
1.2339477811599900e-02	0.0000000000000000e+00	7.9244843245157570e-03
1.2356931104119900e-02	0.0000000000000000e+00	9.4415350481131845e-03
1.2374384396639800e-02	0.0000000000000000e+00	1.0722455535446821e-02
1.2391837689159701e-02	0.0000000000000000e+00	1.1734474885126731e-02
1.2409290981679699e-02	0.0000000000000000e+00	1.2451665208812863e-02
1.2426744274199601e-02	0.0000000000000000e+00	1.2855686211516218e-02
1.2444197566719601e-02	0.0000000000000000e+00	1.3662758683239217e-02
1.2461650859239500e-02	0.0000000000000000e+00	1.4446490986003254e-02
1.2479104151759500e-02	0.0000000000000000e+00	1.5023556601911981e-02
1.2496557444279400e-02	0.0000000000000000e+00	1.5295081780548801e-02
1.2514010736799299e-02	0.0000000000000000e+00	1.5220353267959192e-02
1.2531464029319300e-02	0.0000000000000000e+00	1.4785650324034345e-02
1.2548917321839201e-02	0.0000000000000000e+00	1.3994733039408975e-02
1.2566370614359199e-02	0.0000000000000000e+00	1.2861741351132477e-02
1.2583823906879101e-02	0.0000000000000000e+00	1.1414086484304609e-02
1.2601277199399101e-02	0.0000000000000000e+00	9.6855787019401972e-03
1.2618730491919000e-02	0.0000000000000000e+00	7.7193410850587840e-03
1.2636183784438900e-02	0.0000000000000000e+00	5.5649034818033832e-03
1.2653637076958900e-02	0.0000000000000000e+00	4.6194252988993592e-03
1.2671090369478799e-02	0.0000000000000000e+00	6.4552363410877401e-03
1.2688543661998800e-02	0.0000000000000000e+00	8.1328181068410759e-03
1.2705996954518701e-02	0.0000000000000000e+00	9.6121088030118856e-03
1.2723450247038699e-02	0.0000000000000000e+00	1.0857951130669100e-02
1.2740903539558601e-02	0.0000000000000000e+00	1.1840836451375026e-02
1.2758356832078500e-02	0.0000000000000000e+00	1.2537520255751574e-02
1.2775810124598500e-02	0.0000000000000000e+00	1.2949003024795411e-02
1.2793263417118400e-02	0.0000000000000000e+00	1.3657884652574670e-02
1.2810716709638400e-02	0.0000000000000000e+00	1.4360941407022029e-02
1.2828170002158299e-02	0.0000000000000000e+00	1.4875816643052566e-02
1.2845623294678300e-02	0.0000000000000000e+00	1.5091950960363270e-02
1.2863076587198201e-02	0.0000000000000000e+00	1.4967807212369030e-02
1.2880529879718199e-02	0.0000000000000000e+00	1.4493110038803245e-02
1.2897983172238101e-02	0.0000000000000000e+00	1.3674521763355311e-02
1.2915436464758000e-02	0.0000000000000000e+00	1.2530231627632749e-02
1.2932889757278000e-02	0.0000000000000000e+00	1.1086847203085344e-02
1.2950343049797900e-02	0.0000000000000000e+00	9.3786977681750670e-03
1.2967796342317900e-02	0.0000000000000000e+00	7.4466907760848940e-03
1.2985249634837799e-02	0.0000000000000000e+00	5.3369485479600222e-03
1.3002702927357800e-02	0.0000000000000000e+00	4.3747733834307335e-03
1.3020156219877701e-02	0.0000000000000000e+00	6.2429290448554643e-03
1.3037609512397600e-02	0.0000000000000000e+00	7.9571330585620475e-03
1.3055062804917601e-02	0.0000000000000000e+00	9.4738839269417115e-03
1.3072516097437500e-02	0.0000000000000000e+00	1.0754500412221698e-02
1.3089969389957500e-02	0.0000000000000000e+00	1.1766211982780926e-02
1.3107422682477400e-02	0.0000000000000000e+00	1.2483091052335830e-02
1.3124875974997400e-02	0.0000000000000000e+00	1.2895607566504586e-02
1.3142329267517299e-02	0.0000000000000000e+00	1.3716576180437277e-02
1.3159782560037201e-02	0.0000000000000000e+00	1.4501376881973282e-02
1.3177235852557199e-02	0.0000000000000000e+00	1.5078447182298123e-02
1.3194689145077100e-02	0.0000000000000000e+00	1.5349664586099678e-02
1.3212142437597101e-02	0.0000000000000000e+00	1.5274530623470131e-02
1.3229595730117000e-02	0.0000000000000000e+00	1.4839342827236415e-02
1.3247049022637000e-02	0.0000000000000000e+00	1.4048029918331950e-02
1.3264502315156900e-02	0.0000000000000000e+00	1.2914647175835377e-02
1.3281955607676799e-02	0.0000000000000000e+00	1.1466451167027368e-02
1.3299408900196799e-02	0.0000000000000000e+00	9.7375078387512710e-03
1.3316862192716701e-02	0.0000000000000000e+00	7.7708194181558259e-03
1.3334315485236699e-02	0.0000000000000000e+00	5.6159150069947684e-03
1.3351768777756600e-02	0.0000000000000000e+00	4.5926850119405449e-03
1.3369222070276601e-02	0.0000000000000000e+00	6.4288451899182121e-03
1.3386675362796500e-02	0.0000000000000000e+00	8.1067778075921675e-03
1.3404128655316400e-02	0.0000000000000000e+00	9.5864198704008769e-03
1.3421581947836400e-02	0.0000000000000000e+00	1.0832614240632928e-02
1.3439035240356299e-02	0.0000000000000000e+00	1.1815852435022782e-02
1.3456488532876299e-02	0.0000000000000000e+00	1.2512888168586757e-02
1.3473941825396201e-02	0.0000000000000000e+00	1.2907219679306154e-02
1.3491395117916199e-02	0.0000000000000000e+00	1.3608232857480763e-02
1.3508848410436100e-02	0.0000000000000000e+00	1.4310863824733370e-02
1.3526301702956101e-02	0.0000000000000000e+00	1.4826205220730981e-02
1.3543754995476000e-02	0.0000000000000000e+00	1.5042923106238552e-02
1.3561208287995900e-02	0.0000000000000000e+00	1.4919396025164537e-02
1.3578661580515900e-02	0.0000000000000000e+00	1.4445260775208078e-02
1.3596114873035799e-02	0.0000000000000000e+00	1.3627276257375014e-02
1.3613568165555799e-02	0.0000000000000000e+00	1.2483461309832869e-02
1.3631021458075701e-02	0.0000000000000000e+00	1.1040566341510433e-02
1.3648474750595699e-02	0.0000000000000000e+00	9.3329187188360661e-03
1.3665928043115600e-02	0.0000000000000000e+00	7.4014280318145959e-03
1.3683381335635500e-02	0.0000000000000000e+00	5.2922140075864462e-03
1.3700834628155500e-02	0.0000000000000000e+00	4.3944900114338782e-03
1.3718287920675400e-02	0.0000000000000000e+00	6.2623008375857232e-03
1.3735741213195400e-02	0.0000000000000000e+00	7.9761616269334850e-03
1.3753194505715299e-02	0.0000000000000000e+00	9.4925706747000013e-03
1.3770647798235299e-02	0.0000000000000000e+00	1.0772847355353577e-02
1.3788101090755201e-02	0.0000000000000000e+00	1.1784220935776345e-02
1.3805554383275100e-02	0.0000000000000000e+00	1.2500763776059437e-02
1.3823007675795100e-02	0.0000000000000000e+00	1.2940131357550216e-02
1.3840460968315000e-02	0.0000000000000000e+00	1.3761735615083488e-02
1.3857914260835000e-02	0.0000000000000000e+00	1.4546158908054375e-02
1.3875367553354900e-02	0.0000000000000000e+00	1.5122427731042016e-02
1.3892820845874900e-02	0.0000000000000000e+00	1.5392885169775028e-02
1.3910274138394799e-02	0.0000000000000000e+00	1.5317014021032270e-02
1.3927727430914701e-02	0.0000000000000000e+00	1.4881185658347550e-02
1.3945180723434701e-02	0.0000000000000000e+00	1.4089192707387073e-02
1.3962634015954600e-02	0.0000000000000000e+00	1.2955296339682147e-02
1.3980087308474600e-02	0.0000000000000000e+00	1.1506360423586433e-02
1.3997540600994500e-02	0.0000000000000000e+00	9.7768717589979976e-03
1.4014993893514500e-02	0.0000000000000000e+00	7.8096265525789913e-03
1.4032447186034400e-02	0.0000000000000000e+00	5.6541551305532281e-03
1.4049900478554400e-02	0.0000000000000000e+00	4.5794776392031862e-03
1.4067353771074299e-02	0.0000000000000000e+00	6.4159423132174589e-03
1.4084807063594201e-02	0.0000000000000000e+00	8.0941770630877374e-03
1.4102260356114201e-02	0.0000000000000000e+00	9.5741198446567220e-03
1.4119713648634100e-02	0.0000000000000000e+00	1.0820614125986009e-02
1.4137166941154100e-02	0.0000000000000000e+00	1.1804150353726646e-02
1.4154620233674000e-02	0.0000000000000000e+00	1.2501483876495002e-02
1.4172073526194000e-02	0.0000000000000000e+00	1.2896112520993774e-02
1.4189526818713900e-02	0.0000000000000000e+00	1.3567849472346693e-02
1.4206980111233799e-02	0.0000000000000000e+00	1.4271586618935191e-02
1.4224433403753799e-02	0.0000000000000000e+00	1.4788245218790869e-02
1.4241886696273701e-02	0.0000000000000000e+00	1.5005943925802932e-02
1.4259339988793701e-02	0.0000000000000000e+00	1.4883309995405967e-02
1.4276793281313600e-02	0.0000000000000000e+00	1.4409917987547686e-02
1.4294246573833600e-02	0.0000000000000000e+00	1.3592712664810196e-02
1.4311699866353500e-02	0.0000000000000000e+00	1.2449463972714051e-02
1.4329153158873400e-02	0.0000000000000000e+00	1.1007144414186504e-02
1.4346606451393400e-02	0.0000000000000000e+00	9.3000833792697916e-03
1.4364059743913299e-02	0.0000000000000000e+00	7.3691881672933689e-03
1.4381513036433299e-02	0.0000000000000000e+00	5.2605800222800796e-03
1.4398966328953201e-02	0.0000000000000000e+00	4.4017922636322383e-03
1.4416419621473201e-02	0.0000000000000000e+00	6.2693131849758076e-03
1.4433872913993100e-02	0.0000000000000000e+00	7.9828840975348925e-03
1.4451326206513000e-02	0.0000000000000000e+00	9.4990034501238850e-03
1.4468779499033000e-02	0.0000000000000000e+00	1.0778990070120257e-02
1.4486232791552900e-02	0.0000000000000000e+00	1.1790073275740259e-02
1.4503686084072900e-02	0.0000000000000000e+00	1.2506325798064290e-02
1.4521139376592799e-02	0.0000000000000000e+00	1.2976508149409802e-02
1.4538592669112799e-02	0.0000000000000000e+00	1.3796970055788978e-02
1.4556045961632701e-02	0.0000000000000000e+00	1.4579628329056552e-02
1.4573499254152701e-02	0.0000000000000000e+00	1.5154374253816001e-02
1.4590952546672600e-02	0.0000000000000000e+00	1.5423689767341160e-02
1.4608405839192500e-02	0.0000000000000000e+00	1.5346807857175944e-02
1.4625859131712500e-02	0.0000000000000000e+00	1.4910159065446058e-02
1.4643312424232400e-02	0.0000000000000000e+00	1.4117316860141399e-02
1.4660765716752400e-02	0.0000000000000000e+00	1.2982812757393833e-02
1.4678219009272299e-02	0.0000000000000000e+00	1.1532984450945647e-02
1.4695672301792299e-02	0.0000000000000000e+00	9.8028625923750629e-03
1.4713125594312201e-02	0.0000000000000000e+00	7.8349760914521137e-03
1.4730578886832100e-02	0.0000000000000000e+00	5.6788542848749679e-03
1.4748032179352100e-02	0.0000000000000000e+00	4.5780967524143854e-03
1.4765485471872000e-02	0.0000000000000000e+00	6.4148679375100560e-03
1.4782938764392000e-02	0.0000000000000000e+00	8.0934112259952156e-03
1.4800392056911900e-02	0.0000000000000000e+00	9.5736635383368834e-03
1.4817845349431900e-02	0.0000000000000000e+00	1.0820467969427587e-02
1.4835298641951799e-02	0.0000000000000000e+00	1.1804315019030859e-02
1.4852751934471701e-02	0.0000000000000000e+00	1.2501959677216415e-02
1.4870205226991701e-02	0.0000000000000000e+00	1.2896900004544217e-02
1.4887658519511600e-02	0.0000000000000000e+00	1.3538088186402472e-02
1.4905111812031600e-02	0.0000000000000000e+00	1.4244422352795843e-02
1.4922565104551500e-02	0.0000000000000000e+00	1.4763186588972230e-02
1.4940018397071500e-02	0.0000000000000000e+00	1.4982457626966924e-02
1.4957471689591400e-02	0.0000000000000000e+00	1.4860748107862294e-02
1.4974924982111301e-02	0.0000000000000000e+00	1.4388271680401092e-02
1.4992378274631299e-02	0.0000000000000000e+00	1.3572003139445505e-02
1.5009831567151201e-02	0.0000000000000000e+00	1.2429415811791116e-02
1.5027284859671201e-02	0.0000000000000000e+00	1.0987765358592484e-02
1.5044738152191100e-02	0.0000000000000000e+00	9.2813792346652085e-03
1.5062191444711100e-02	0.0000000000000000e+00	7.3511664201467717e-03
1.5079644737231000e-02	0.0000000000000000e+00	5.2432459048005232e-03
1.5097098029750899e-02	0.0000000000000000e+00	4.3969275885654639e-03
1.5114551322270900e-02	0.0000000000000000e+00	6.2641328584157599e-03
1.5132004614790801e-02	0.0000000000000000e+00	7.9773880063644925e-03
1.5149457907310799e-02	0.0000000000000000e+00	9.4931912449451889e-03
1.5166911199830701e-02	0.0000000000000000e+00	1.0772862074422207e-02
1.5184364492350701e-02	0.0000000000000000e+00	1.1783629431519217e-02
1.5201817784870600e-02	0.0000000000000000e+00	1.2499566175353725e-02
1.5219271077390600e-02	0.0000000000000000e+00	1.3002906695852117e-02
1.5236724369910500e-02	0.0000000000000000e+00	1.3820445525101451e-02
1.5254177662430399e-02	0.0000000000000000e+00	1.4600018519056025e-02
1.5271630954950400e-02	0.0000000000000000e+00	1.5172584268209242e-02
1.5289084247470301e-02	0.0000000000000000e+00	1.5440417703219265e-02
1.5306537539990299e-02	0.0000000000000000e+00	1.5362294454412432e-02
1.5323990832510201e-02	0.0000000000000000e+00	1.4924674591222261e-02
1.5341444125030201e-02	0.0000000000000000e+00	1.4130844722198554e-02
1.5358897417550100e-02	0.0000000000000000e+00	1.2995650902673437e-02
1.5376350710070000e-02	0.0000000000000000e+00	1.1544812652262091e-02
1.5393804002590000e-02	0.0000000000000000e+00	9.8139909706391783e-03
1.5411257295109899e-02	0.0000000000000000e+00	7.8454007433377843e-03
1.5428710587629900e-02	0.0000000000000000e+00	5.6885729727049169e-03
1.5446163880149801e-02	0.0000000000000000e+00	4.5891636474236185e-03
1.5463617172669799e-02	0.0000000000000000e+00	6.4262327420172571e-03
1.5481070465189701e-02	0.0000000000000000e+00	8.1050714163803435e-03
1.5498523757709600e-02	0.0000000000000000e+00	9.5856174945320744e-03
1.5515977050229600e-02	0.0000000000000000e+00	1.0832714474294973e-02
1.5533430342749500e-02	0.0000000000000000e+00	1.1816852707294703e-02
1.5550883635269500e-02	0.0000000000000000e+00	1.2514787479988101e-02
1.5568336927789399e-02	0.0000000000000000e+00	1.2910016530326699e-02
1.5585790220309400e-02	0.0000000000000000e+00	1.3520813360745591e-02
1.5603243512829299e-02	0.0000000000000000e+00	1.4231071092377699e-02
1.5620696805349200e-02	0.0000000000000000e+00	1.4752580964617630e-02
1.5638150097869199e-02	0.0000000000000000e+00	1.4973776027947798e-02
1.5655603390389100e-02	0.0000000000000000e+00	1.4853198137733581e-02
1.5673056682909099e-02	0.0000000000000000e+00	1.4381627577441901e-02
1.5690509975429000e-02	0.0000000000000000e+00	1.3566372438775148e-02
1.5707963267949002e-02	0.0000000000000000e+00	1.2424490157141563e-02
1.5725416560468899e-02	0.0000000000000000e+00	1.0983545516876331e-02
1.5742869852988801e-02	0.0000000000000000e+00	9.2778673204401713e-03
1.5760323145508799e-02	0.0000000000000000e+00	7.3483622683733771e-03
1.5777776438028700e-02	0.0000000000000000e+00	5.2411508711741580e-03
1.5795229730548699e-02	0.0000000000000000e+00	4.3801797417552003e-03
1.5812683023068600e-02	0.0000000000000000e+00	6.2471161200641258e-03
1.5830136315588599e-02	0.0000000000000000e+00	7.9601039889758383e-03
1.5847589608108500e-02	0.0000000000000000e+00	9.4756418365810023e-03
1.5865042900628502e-02	0.0000000000000000e+00	1.0755048547596634e-02
1.5882496193148399e-02	0.0000000000000000e+00	1.1765553595369719e-02
1.5899949485668301e-02	0.0000000000000000e+00	1.2481229645134827e-02
1.5917402778188299e-02	0.0000000000000000e+00	1.3017798911768314e-02
1.5934856070708200e-02	0.0000000000000000e+00	1.3830814916583377e-02
1.5952309363228199e-02	0.0000000000000000e+00	1.4606459133971666e-02
1.5969762655748100e-02	0.0000000000000000e+00	1.5176125076458670e-02
1.5987215948268099e-02	0.0000000000000000e+00	1.5442266543619044e-02
1.6004669240788000e-02	0.0000000000000000e+00	1.5362774666265053e-02
1.6022122533307901e-02	0.0000000000000000e+00	1.4924115315107137e-02
1.6039575825827899e-02	0.0000000000000000e+00	1.4129245889080556e-02
1.6057029118347801e-02	0.0000000000000000e+00	1.2993345015385504e-02
1.6074482410867799e-02	0.0000000000000000e+00	1.1541775668552112e-02
1.6091935703387700e-02	0.0000000000000000e+00	9.8099398725210469e-03
1.6109388995907699e-02	0.0000000000000000e+00	7.8406439159506829e-03
1.6126842288427600e-02	0.0000000000000000e+00	5.6831112748524397e-03
1.6144295580947501e-02	0.0000000000000000e+00	4.6110566539410737e-03
1.6161748873467500e-02	0.0000000000000000e+00	6.4483751003736600e-03
1.6179202165987401e-02	0.0000000000000000e+00	8.1274638317470095e-03
1.6196655458507399e-02	0.0000000000000000e+00	9.6082598548218826e-03
1.6214108751027301e-02	0.0000000000000000e+00	1.0855606057375553e-02
1.6231562043547299e-02	0.0000000000000000e+00	1.1839992503348285e-02
1.6249015336067200e-02	0.0000000000000000e+00	1.2538174806638117e-02
1.6266468628587199e-02	0.0000000000000000e+00	1.2933650800783819e-02
1.6283921921107100e-02	0.0000000000000000e+00	1.3516909735722725e-02
1.6301375213627001e-02	0.0000000000000000e+00	1.4232143942886584e-02
1.6318828506147000e-02	0.0000000000000000e+00	1.4756830199890455e-02
1.6336281798666901e-02	0.0000000000000000e+00	1.4980120688741055e-02
1.6353735091186899e-02	0.0000000000000000e+00	1.4860936553646191e-02
1.6371188383706801e-02	0.0000000000000000e+00	1.4390412237606938e-02
1.6388641676226799e-02	0.0000000000000000e+00	1.3575865552728923e-02
1.6406094968746700e-02	0.0000000000000000e+00	1.2434690062319211e-02
1.6423548261266602e-02	0.0000000000000000e+00	1.0994449700820962e-02
1.6441001553786600e-02	0.0000000000000000e+00	9.2894723009837588e-03
1.6458454846306501e-02	0.0000000000000000e+00	7.3606645523699443e-03
1.6475908138826500e-02	0.0000000000000000e+00	5.2541471934945362e-03
1.6493361431346401e-02	0.0000000000000000e+00	4.3533865556973934e-03
1.6510814723866400e-02	0.0000000000000000e+00	6.2200822767268793e-03
1.6528268016386301e-02	0.0000000000000000e+00	7.9328298610760201e-03
1.6545721308906199e-02	0.0000000000000000e+00	9.4481274066331444e-03
1.6563174601426200e-02	0.0000000000000000e+00	1.0727294308390027e-02
1.6580627893946102e-02	0.0000000000000000e+00	1.1737559823526516e-02
1.6598081186466100e-02	0.0000000000000000e+00	1.2452996212976465e-02
1.6615534478986001e-02	0.0000000000000000e+00	1.3020297769427784e-02
1.6632987771506000e-02	0.0000000000000000e+00	1.3827608187957034e-02
1.6650441064025901e-02	0.0000000000000000e+00	1.4598363945837443e-02
1.6667894356545799e-02	0.0000000000000000e+00	1.5164735917591640e-02
1.6685347649065801e-02	0.0000000000000000e+00	1.5429039037352925e-02
1.6702800941585699e-02	0.0000000000000000e+00	1.5348132525895104e-02
1.6720254234105700e-02	0.0000000000000000e+00	1.4908418633384471e-02
1.6737707526625598e-02	0.0000000000000000e+00	1.4112511415103415e-02
1.6755160819145600e-02	0.0000000000000000e+00	1.2975908387527683e-02
1.6772614111665501e-02	0.0000000000000000e+00	1.1523644632563192e-02
1.6790067404185399e-02	0.0000000000000000e+00	9.7910350805440177e-03
1.6807520696705401e-02	0.0000000000000000e+00	7.8208331011769862e-03
1.6824973989225299e-02	0.0000000000000000e+00	5.6626274402883370e-03
1.6842427281745301e-02	0.0000000000000000e+00	4.6425880502577489e-03
1.6859880574265199e-02	0.0000000000000000e+00	6.4801381021504824e-03
1.6877333866785200e-02	0.0000000000000000e+00	8.1594577953321180e-03
1.6894787159305098e-02	0.0000000000000000e+00	9.6404844167904402e-03
1.6912240451825100e-02	0.0000000000000000e+00	1.0888060233904812e-02
1.6929693744345001e-02	0.0000000000000000e+00	1.1872674896183063e-02
1.6947147036864899e-02	0.0000000000000000e+00	1.2571084226329268e-02
1.6964600329384901e-02	0.0000000000000000e+00	1.2966785756567283e-02
1.6982053621904799e-02	0.0000000000000000e+00	1.3527149176201134e-02
1.6999506914424801e-02	0.0000000000000000e+00	1.4248448644170499e-02
1.7016960206944699e-02	0.0000000000000000e+00	1.4776338083142573e-02
1.7034413499464700e-02	0.0000000000000000e+00	1.5001599380903174e-02
1.7051866791984598e-02	0.0000000000000000e+00	1.4883789691750852e-02
1.7069320084504500e-02	0.0000000000000000e+00	1.4414280316542585e-02
1.7086773377024501e-02	0.0000000000000000e+00	1.3600416238872272e-02
1.7104226669544399e-02	0.0000000000000000e+00	1.2459912971934448e-02
1.7121679962064401e-02	0.0000000000000000e+00	1.1020339006764761e-02
1.7139133254584299e-02	0.0000000000000000e+00	9.3160203809564725e-03
1.7156586547104301e-02	0.0000000000000000e+00	7.3878622733548659e-03
1.7174039839624199e-02	0.0000000000000000e+00	5.2819860105234838e-03
1.7191493132144100e-02	0.0000000000000000e+00	4.3174486549147906e-03
1.7208946424664098e-02	0.0000000000000000e+00	6.1839394966239887e-03
1.7226399717184000e-02	0.0000000000000000e+00	7.8964834358966635e-03
1.7243853009704001e-02	0.0000000000000000e+00	9.4115787470873177e-03
1.7261306302223899e-02	0.0000000000000000e+00	1.0690544943612681e-02
1.7278759594743901e-02	0.0000000000000000e+00	1.1700610609100355e-02
1.7296212887263799e-02	0.0000000000000000e+00	1.2415849030238520e-02
1.7313666179783700e-02	0.0000000000000000e+00	1.3009803208666631e-02
1.7331119472303699e-02	0.0000000000000000e+00	1.3810189413154414e-02
1.7348572764823600e-02	0.0000000000000000e+00	1.4575417477507407e-02
1.7366026057343598e-02	0.0000000000000000e+00	1.5138709315025305e-02
1.7383479349863500e-02	0.0000000000000000e+00	1.5400871131260575e-02
1.7400932642383501e-02	0.0000000000000000e+00	1.5318606778760827e-02
1.7418385934903399e-02	0.0000000000000000e+00	1.4877902459399055e-02
1.7435839227423401e-02	0.0000000000000000e+00	1.4081032711333624e-02
1.7453292519943299e-02	0.0000000000000000e+00	1.2943784609019397e-02
1.7470745812463200e-02	0.0000000000000000e+00	1.1490881995427551e-02
1.7488199104983199e-02	0.0000000000000000e+00	9.7576427294411277e-03
1.7505652397503100e-02	0.0000000000000000e+00	7.7867884900725305e-03
1.7523105690023098e-02	0.0000000000000000e+00	5.6278518345272985e-03
1.7540558982543000e-02	0.0000000000000000e+00	4.6823689565866963e-03
1.7558012275063001e-02	0.0000000000000000e+00	6.5200955127114905e-03
1.7575465567582899e-02	0.0000000000000000e+00	8.1995900754110417e-03
1.7592918860102801e-02	0.0000000000000000e+00	9.6807904936008736e-03
1.7610372152622799e-02	0.0000000000000000e+00	1.0928537751813924e-02
1.7627825445142700e-02	0.0000000000000000e+00	1.1913323973311669e-02
1.7645278737662699e-02	0.0000000000000000e+00	1.2611904023279949e-02
1.7662732030182600e-02	0.0000000000000000e+00	1.3007774240832938e-02
1.7680185322702598e-02	0.0000000000000000e+00	1.3551967040156333e-02
1.7697638615222500e-02	0.0000000000000000e+00	1.4279413820205053e-02
1.7715091907742401e-02	0.0000000000000000e+00	1.4810605161756221e-02
1.7732545200262399e-02	0.0000000000000000e+00	1.5037521015979745e-02
1.7749998492782301e-02	0.0000000000000000e+00	1.4920954148898498e-02
1.7767451785302299e-02	0.0000000000000000e+00	1.4452345914742580e-02
1.7784905077822200e-02	0.0000000000000000e+00	1.3639086182980627e-02
1.7802358370342199e-02	0.0000000000000000e+00	1.2499178160246276e-02
1.7819811662862100e-02	0.0000000000000000e+00	1.1060187989103269e-02
1.7837264955382001e-02	0.0000000000000000e+00	9.3564403842583722e-03
1.7854718247902000e-02	0.0000000000000000e+00	7.4288422289140966e-03
1.7872171540421901e-02	0.0000000000000000e+00	5.3235133573449308e-03
1.7889624832941899e-02	0.0000000000000000e+00	4.2743274492487143e-03
1.7907078125461801e-02	0.0000000000000000e+00	6.1406600675213453e-03
1.7924531417981799e-02	0.0000000000000000e+00	7.8530466585990891e-03
1.7941984710501700e-02	0.0000000000000000e+00	9.3679852157524356e-03
1.7959438003021699e-02	0.0000000000000000e+00	1.0646795476707169e-02
1.7976891295541600e-02	0.0000000000000000e+00	1.1656706012147189e-02
1.7994344588061501e-02	0.0000000000000000e+00	1.2371789987459582e-02
1.8011797880581500e-02	0.0000000000000000e+00	1.2985859739048755e-02
1.8029251173101401e-02	0.0000000000000000e+00	1.3778682391624181e-02
1.8046704465621399e-02	0.0000000000000000e+00	1.4538229283247299e-02
1.8064157758141301e-02	0.0000000000000000e+00	1.5098545462783108e-02
1.8081611050661299e-02	0.0000000000000000e+00	1.5358736246157167e-02
1.8099064343181200e-02	0.0000000000000000e+00	1.5275266490471982e-02
1.8116517635701102e-02	0.0000000000000000e+00	1.4833698183564489e-02
1.8133970928221100e-02	0.0000000000000000e+00	1.4036005531408862e-02
1.8151424220741001e-02	0.0000000000000000e+00	1.2898199654103668e-02
1.8168877513261000e-02	0.0000000000000000e+00	1.1444754548119773e-02
1.8186330805780901e-02	0.0000000000000000e+00	9.7109868698981323e-03
1.8203784098300899e-02	0.0000000000000000e+00	7.7396169146605204e-03
1.8221237390820801e-02	0.0000000000000000e+00	5.5801782947970677e-03
1.8238690683340698e-02	0.0000000000000000e+00	4.7285035011594388e-03
1.8256143975860700e-02	0.0000000000000000e+00	6.5663722272056857e-03
1.8273597268380602e-02	0.0000000000000000e+00	8.2460070267363940e-03
1.8291050560900600e-02	0.0000000000000000e+00	9.7273457718197228e-03
1.8308503853420501e-02	0.0000000000000000e+00	1.0975231774687325e-02
1.8325957145940500e-02	0.0000000000000000e+00	1.1960155551272384e-02
1.8343410438460401e-02	0.0000000000000000e+00	1.2658872427751561e-02
1.8360863730980299e-02	0.0000000000000000e+00	1.3054879842714294e-02
1.8378317023500301e-02	0.0000000000000000e+00	1.3590808526172836e-02
1.8395770316020198e-02	0.0000000000000000e+00	1.4324161977402409e-02
1.8413223608540200e-02	0.0000000000000000e+00	1.4858376975013573e-02
1.8430676901060102e-02	0.0000000000000000e+00	1.5086728206109283e-02
1.8448130193580100e-02	0.0000000000000000e+00	1.4971202551248565e-02
1.8465583486100001e-02	0.0000000000000000e+00	1.4503333518440789e-02
1.8483036778619899e-02	0.0000000000000000e+00	1.3690579589042710e-02
1.8500490071139901e-02	0.0000000000000000e+00	1.2551162990509323e-02
1.8517943363659799e-02	0.0000000000000000e+00	1.1112647181846014e-02
1.8535396656179801e-02	0.0000000000000000e+00	9.4093600177287389e-03
1.8552849948699698e-02	0.0000000000000000e+00	7.4822087817664751e-03
1.8570303241219700e-02	0.0000000000000000e+00	5.3773102062066270e-03
1.8587756533739602e-02	0.0000000000000000e+00	4.2255234847397025e-03
1.8605209826259600e-02	0.0000000000000000e+00	6.0917314932518200e-03
1.8622663118779501e-02	0.0000000000000000e+00	7.8039944800574156e-03
1.8640116411299399e-02	0.0000000000000000e+00	9.3188109095405647e-03
1.8657569703819401e-02	0.0000000000000000e+00	1.0597499499095607e-02
1.8675022996339299e-02	0.0000000000000000e+00	1.1607290145343865e-02
1.8692476288859301e-02	0.0000000000000000e+00	1.2322254878271790e-02
1.8709929581379198e-02	0.0000000000000000e+00	1.2948633430312002e-02
1.8727382873899200e-02	0.0000000000000000e+00	1.3733794746005928e-02
1.8744836166419102e-02	0.0000000000000000e+00	1.4487806216473205e-02
1.8762289458938999e-02	0.0000000000000000e+00	1.5045377142394867e-02
1.8779742751459001e-02	0.0000000000000000e+00	1.5303892864478575e-02
1.8797196043978899e-02	0.0000000000000000e+00	1.5219438377207160e-02
1.8814649336498901e-02	0.0000000000000000e+00	1.4777179313293072e-02
1.8832102629018799e-02	0.0000000000000000e+00	1.3978849364569935e-02
1.8849555921538801e-02	0.0000000000000000e+00	1.2840605464661627e-02
1.8867009214058698e-02	0.0000000000000000e+00	1.1386738333064453e-02
1.8884462506578600e-02	0.0000000000000000e+00	9.6525644893048455e-03
1.8901915799098602e-02	0.0000000000000000e+00	7.6808049120737857e-03
1.8919369091618499e-02	0.0000000000000000e+00	5.5209918039521612e-03
1.8936822384138501e-02	0.0000000000000000e+00	4.7795692455880907e-03
1.8954275676658399e-02	0.0000000000000000e+00	6.6175382616010525e-03
1.8971728969178401e-02	0.0000000000000000e+00	8.2972725335078712e-03
1.8989182261698299e-02	0.0000000000000000e+00	9.7787098703630004e-03
1.9006635554218200e-02	0.0000000000000000e+00	1.1026692421415010e-02
1.9024088846738198e-02	0.0000000000000000e+00	1.2011712456314475e-02
1.9041542139258100e-02	0.0000000000000000e+00	1.2710524193239630e-02
1.9058995431778102e-02	0.0000000000000000e+00	1.3106625641277623e-02
1.9076448724297999e-02	0.0000000000000000e+00	1.3642626247031305e-02
1.9093902016818001e-02	0.0000000000000000e+00	1.4381447153590968e-02
1.9111355309337899e-02	0.0000000000000000e+00	1.4918207581548286e-02
1.9128808601857800e-02	0.0000000000000000e+00	1.5147680763464719e-02
1.9146261894377799e-02	0.0000000000000000e+00	1.5032927658458026e-02
1.9163715186897700e-02	0.0000000000000000e+00	1.4565595433084173e-02
1.9181168479417698e-02	0.0000000000000000e+00	1.3753216514223600e-02
1.9198621771937600e-02	0.0000000000000000e+00	1.2614155605889224e-02
1.9216075064457602e-02	0.0000000000000000e+00	1.1175979345136847e-02
1.9233528356977499e-02	0.0000000000000000e+00	9.4730149011965654e-03
1.9250981649497501e-02	0.0000000000000000e+00	7.5461670224803981e-03
1.9268434942017399e-02	0.0000000000000000e+00	5.4415564570033399e-03
1.9285888234537300e-02	0.0000000000000000e+00	4.1726616737494115e-03
1.9303341527057299e-02	0.0000000000000000e+00	6.0387907720462746e-03
1.9320794819577200e-02	0.0000000000000000e+00	7.7509757563579695e-03
1.9338248112097198e-02	0.0000000000000000e+00	9.2657153687173369e-03
1.9355701404617100e-02	0.0000000000000000e+00	1.0544328372055848e-02
1.9373154697137102e-02	0.0000000000000000e+00	1.1554044427157730e-02
1.9390607989656999e-02	0.0000000000000000e+00	1.2268935844411639e-02
1.9408061282176901e-02	0.0000000000000000e+00	1.2898879220235776e-02
1.9425514574696899e-02	0.0000000000000000e+00	1.3676926085714337e-02
1.9442967867216800e-02	0.0000000000000000e+00	1.4425846889033041e-02
1.9460421159736799e-02	0.0000000000000000e+00	1.4980876465575678e-02
1.9477874452256700e-02	0.0000000000000000e+00	1.5238121027052026e-02
1.9495327744776698e-02	0.0000000000000000e+00	1.5152965494117574e-02
1.9512781037296600e-02	0.0000000000000000e+00	1.4710229905677103e-02
1.9530234329816501e-02	0.0000000000000000e+00	1.3911482334471925e-02
1.9547687622336499e-02	0.0000000000000000e+00	1.2772939209129501e-02
1.9565140914856401e-02	0.0000000000000000e+00	1.1318790268610797e-02
1.9582594207376399e-02	0.0000000000000000e+00	9.5843525501315644e-03
1.9600047499896300e-02	0.0000000000000000e+00	7.6123471803101177e-03
1.9617500792416299e-02	0.0000000000000000e+00	5.4523063448634890e-03
1.9634954084936200e-02	0.0000000000000000e+00	4.8338218921306613e-03
1.9652407377456101e-02	0.0000000000000000e+00	6.6718515873441259e-03
1.9669860669976100e-02	0.0000000000000000e+00	8.3516461899338888e-03
1.9687313962496001e-02	0.0000000000000000e+00	9.8331429527391788e-03
1.9704767255015999e-02	0.0000000000000000e+00	1.1081184549696994e-02
1.9722220547535901e-02	0.0000000000000000e+00	1.2066262832063815e-02
1.9739673840055899e-02	0.0000000000000000e+00	1.2765130938928866e-02
1.9757127132575800e-02	0.0000000000000000e+00	1.3161287416766082e-02
1.9774580425095799e-02	0.0000000000000000e+00	1.3706327288418320e-02
1.9792033717615700e-02	0.0000000000000000e+00	1.4449722405874877e-02
1.9809487010135601e-02	0.0000000000000000e+00	1.4988182772638629e-02
1.9826940302655600e-02	0.0000000000000000e+00	1.5218402947479948e-02
1.9844393595175501e-02	0.0000000000000000e+00	1.5104119689063061e-02
1.9861846887695499e-02	0.0000000000000000e+00	1.4637096365655156e-02
1.9879300180215401e-02	0.0000000000000000e+00	1.3824947104938578e-02
1.9896753472735399e-02	0.0000000000000000e+00	1.2686099506392058e-02
1.9914206765255300e-02	0.0000000000000000e+00	1.1248118853541482e-02
1.9931660057775202e-02	0.0000000000000000e+00	9.5453297540234478e-03
1.9949113350295200e-02	0.0000000000000000e+00	7.6186400252217261e-03
1.9966566642815101e-02	0.0000000000000000e+00	5.5141683367351275e-03
1.9984019935335100e-02	0.0000000000000000e+00	4.1173409591409556e-03
2.0001473227855001e-02	0.0000000000000000e+00	5.9834255922351937e-03
2.0018926520374999e-02	0.0000000000000000e+00	7.6955669551138639e-03
2.0036379812894901e-02	0.0000000000000000e+00	9.2102630707439036e-03
2.0053833105414798e-02	0.0000000000000000e+00	1.0488833665519596e-02
2.0071286397934800e-02	0.0000000000000000e+00	1.1498507300348852e-02
2.0088739690454702e-02	0.0000000000000000e+00	1.2213357244302191e-02
2.0106192982974700e-02	0.0000000000000000e+00	1.2837798190554903e-02
2.0123646275494601e-02	0.0000000000000000e+00	1.3609253219148082e-02
2.0141099568014600e-02	0.0000000000000000e+00	1.4353845735143735e-02
2.0158552860534501e-02	0.0000000000000000e+00	1.4906982740917837e-02
2.0176006153054399e-02	0.0000000000000000e+00	1.5163423721104902e-02
2.0193459445574401e-02	0.0000000000000000e+00	1.5077880709159427e-02
2.0210912738094299e-02	0.0000000000000000e+00	1.4634899782200964e-02
2.0228366030614300e-02	0.0000000000000000e+00	1.3835968272415369e-02
2.0245819323134202e-02	0.0000000000000000e+00	1.2697269117722537e-02
2.0263272615654200e-02	0.0000000000000000e+00	1.1242983063126766e-02
2.0280725908174101e-02	0.0000000000000000e+00	9.5084275245223039e-03
2.0298179200694100e-02	0.0000000000000000e+00	7.5363226450816442e-03
2.0315632493214001e-02	0.0000000000000000e+00	5.3762019722618532e-03
2.0333085785733899e-02	0.0000000000000000e+00	4.8899141053057619e-03
2.0350539078253901e-02	0.0000000000000000e+00	6.7279748453852916e-03
2.0367992370773799e-02	0.0000000000000000e+00	8.4077989643228136e-03
2.0385445663293800e-02	0.0000000000000000e+00	9.8893241835941743e-03
2.0402898955813702e-02	0.0000000000000000e+00	1.1137394102137089e-02
2.0420352248333700e-02	0.0000000000000000e+00	1.2122498963072713e-02
2.0437805540853601e-02	0.0000000000000000e+00	1.2821394019031951e-02
2.0455258833373499e-02	0.0000000000000000e+00	1.3217577206343022e-02
2.0472712125893501e-02	0.0000000000000000e+00	1.3779841785905043e-02
2.0490165418413399e-02	0.0000000000000000e+00	1.4526801111022029e-02
2.0507618710933401e-02	0.0000000000000000e+00	1.5066283405969225e-02
2.0525072003453299e-02	0.0000000000000000e+00	1.5296842430894821e-02
2.0542525295973300e-02	0.0000000000000000e+00	1.5182697570760099e-02
2.0559978588493202e-02	0.0000000000000000e+00	1.4715742019851220e-02
2.0577431881013099e-02	0.0000000000000000e+00	1.3903679389953598e-02
2.0594885173533101e-02	0.0000000000000000e+00	1.2764899959845404e-02
2.0612338466052999e-02	0.0000000000000000e+00	1.1326966876141516e-02
2.0629791758573001e-02	0.0000000000000000e+00	9.6242081180453742e-03
2.0647245051092899e-02	0.0000000000000000e+00	7.6975296894911715e-03
2.0664698343612901e-02	0.0000000000000000e+00	5.5930516149741956e-03
2.0682151636132799e-02	0.0000000000000000e+00	4.0607762184234871e-03
2.0699604928652700e-02	0.0000000000000000e+00	5.9268441921952429e-03
2.0717058221172702e-02	0.0000000000000000e+00	7.6389697916950973e-03
2.0734511513692599e-02	0.0000000000000000e+00	9.1536510500641616e-03
2.0751964806212601e-02	0.0000000000000000e+00	1.0432207547708690e-02
2.0769418098732499e-02	0.0000000000000000e+00	1.1441868433417837e-02
2.0786871391252501e-02	0.0000000000000000e+00	1.2156705914526401e-02
2.0804324683772399e-02	0.0000000000000000e+00	1.2767315185717340e-02
2.0821777976292300e-02	0.0000000000000000e+00	1.3532569969157708e-02
2.0839231268812299e-02	0.0000000000000000e+00	1.4273781771233479e-02
2.0856684561332200e-02	0.0000000000000000e+00	1.4825755013858475e-02
2.0874137853852202e-02	0.0000000000000000e+00	1.5081888427953207e-02
2.0891591146372099e-02	0.0000000000000000e+00	1.4996283687875108e-02
2.0909044438892101e-02	0.0000000000000000e+00	1.4553292599236187e-02
2.0926497731411999e-02	0.0000000000000000e+00	1.3754415214560854e-02
2.0943951023932001e-02	0.0000000000000000e+00	1.2615706913442938e-02
