0.0000000000000000e+00	0.0000000000000000e+00	3.0878328497589229e+02
1.7453292519943300e-05	0.0000000000000000e+00	3.0943555049608051e+02
3.4906585039886600e-05	0.0000000000000000e+00	3.1016283225814874e+02
5.2359877559829903e-05	0.0000000000000000e+00	3.1115266057615327e+02
6.9813170079773199e-05	0.0000000000000000e+00	3.1267601265641179e+02
8.7266462599716496e-05	0.0000000000000000e+00	3.1504774029483968e+02
1.0471975511966000e-04	0.0000000000000000e+00	3.1858443032423060e+02
1.2217304763960301e-04	0.0000000000000000e+00	3.2356215925690708e+02
1.3962634015954599e-04	0.0000000000000000e+00	3.3017640882108651e+02
1.5707963267949001e-04	0.0000000000000000e+00	3.3850627987965311e+02
1.7453292519943299e-04	0.0000000000000000e+00	3.4848520487428158e+02
1.9198621771937600e-04	0.0000000000000000e+00	3.5987985822498473e+02
2.0943951023931999e-04	0.0000000000000000e+00	3.7227876699651779e+02
2.2689280275926300e-04	0.0000000000000000e+00	3.8509164225875094e+02
2.4434609527920601e-04	0.0000000000000000e+00	3.9755996782467918e+02
2.6179938779914903e-04	0.0000000000000000e+00	4.0877885773316831e+02
2.7925268031909301e-04	0.0000000000000000e+00	4.1772983662100478e+02
2.9670597283903603e-04	0.0000000000000000e+00	4.2332337893688464e+02
3.1415926535897898e-04	0.0000000000000000e+00	4.2444971089137368e+02
3.3161255787892303e-04	0.0000000000000000e+00	4.2003602606662463e+02
3.4906585039886598e-04	0.0000000000000000e+00	4.0910773868070771e+02
3.6651914291880900e-04	0.0000000000000000e+00	3.9085104826019585e+02
3.8397243543875201e-04	0.0000000000000000e+00	3.6467409146896830e+02
4.0142572795869599e-04	0.0000000000000000e+00	3.3026365889819783e+02
4.1887902047863901e-04	0.0000000000000000e+00	2.8763477014514785e+02
4.3633231299858202e-04	0.0000000000000000e+00	2.7951085427487902e+02
4.5378560551852601e-04	0.0000000000000000e+00	2.8095655761441355e+02
4.7123889803846902e-04	0.0000000000000000e+00	2.8225512143849284e+02
4.8869219055841203e-04	0.0000000000000000e+00	2.8330698040965137e+02
5.0614548307835602e-04	0.0000000000000000e+00	2.8400143837142656e+02
5.2359877559829903e-04	0.0000000000000000e+00	2.8421917150504635e+02
5.4105206811824204e-04	0.0000000000000000e+00	2.8383543481553858e+02
5.5850536063818505e-04	0.0000000000000000e+00	2.8826138658339914e+02
5.7595865315812904e-04	0.0000000000000000e+00	3.5304487309880534e+02
5.9341194567807205e-04	0.0000000000000000e+00	4.1310275103491426e+02
6.1086523819801496e-04	0.0000000000000000e+00	4.6657634969741224e+02
6.2831853071795905e-04	0.0000000000000000e+00	5.1178804756652346e+02
6.4577182323790196e-04	0.0000000000000000e+00	5.4731079800463374e+02
6.6322511575784497e-04	0.0000000000000000e+00	5.7178137596412523e+02
6.8067840827778798e-04	0.0000000000000000e+00	5.8395895040913501e+02
6.9813170079773197e-04	0.0000000000000000e+00	5.8281553540306413e+02
7.1558499331767498e-04	0.0000000000000000e+00	5.6769320415109974e+02
7.3303828583761799e-04	0.0000000000000000e+00	5.3805833049303988e+02
7.5049157835756198e-04	0.0000000000000000e+00	4.9405469444886711e+02
7.6794487087750499e-04	0.0000000000000000e+00	4.3617627983832983e+02
7.8539816339744800e-04	0.0000000000000000e+00	5.2427487221860315e+02
8.0285145591739199e-04	0.0000000000000000e+00	7.1637579067710612e+02
8.2030474843733500e-04	0.0000000000000000e+00	9.1586323697489217e+02
8.3775804095727801e-04	0.0000000000000000e+00	1.1174224386335079e+03
8.5521133347722102e-04	0.0000000000000000e+00	1.3152395339789841e+03
8.7266462599716501e-04	0.0000000000000000e+00	1.5031525068824162e+03
8.9011791851710802e-04	0.0000000000000000e+00	1.6748223778600386e+03
9.0757121103705104e-04	0.0000000000000000e+00	1.8239213318063116e+03
9.2502450355699502e-04	0.0000000000000000e+00	1.9443357748297844e+03
9.4247779607693804e-04	0.0000000000000000e+00	2.0303680770365984e+03
9.5993108859688105e-04	0.0000000000000000e+00	2.0769447082943470e+03
9.7738438111682406e-04	0.0000000000000000e+00	2.0798129253993911e+03
9.9483767363676805e-04	0.0000000000000000e+00	2.0357230239750422e+03
1.0122909661567101e-03	0.0000000000000000e+00	1.9425932756568031e+03
1.0297442586766500e-03	0.0000000000000000e+00	1.8114994933523201e+03
1.0471975511966000e-03	0.0000000000000000e+00	1.6735413570020917e+03
1.0646508437165401e-03	0.0000000000000000e+00	1.5278794307015353e+03
1.0821041362364800e-03	0.0000000000000000e+00	1.3731616421262092e+03
1.0995574287564300e-03	0.0000000000000000e+00	1.2082941527023677e+03
1.1170107212763701e-03	0.0000000000000000e+00	1.0351362695850696e+03
1.1344640137963100e-03	0.0000000000000000e+00	8.5918920694435008e+02
1.1519173063162600e-03	0.0000000000000000e+00	6.9109013674786115e+02
1.1693705988361999e-03	0.0000000000000000e+00	7.6473122503289051e+02
1.1868238913561400e-03	0.0000000000000000e+00	1.1595653167850062e+03
1.2042771838760900e-03	0.0000000000000000e+00	1.5391283160966266e+03
1.2217304763960299e-03	0.0000000000000000e+00	1.8931777448015530e+03
1.2391837689159700e-03	0.0000000000000000e+00	2.2095031966587107e+03
1.2566370614359201e-03	0.0000000000000000e+00	2.4789842959136413e+03
1.2740903539558599e-03	0.0000000000000000e+00	2.6949406302674010e+03
1.2915436464758000e-03	0.0000000000000000e+00	2.8525339421066365e+03
1.3089969389957501e-03	0.0000000000000000e+00	2.9548459806303158e+03
1.3264502315156899e-03	0.0000000000000000e+00	3.0124221560266342e+03
1.3439035240356300e-03	0.0000000000000000e+00	3.0310071970505123e+03
1.3613568165555801e-03	0.0000000000000000e+00	3.0059895458510941e+03
1.3788101090755199e-03	0.0000000000000000e+00	2.9322125031597138e+03
1.3962634015954600e-03	0.0000000000000000e+00	2.8065089127272158e+03
1.4137166941154101e-03	0.0000000000000000e+00	2.6280633624635766e+03
1.4311699866353500e-03	0.0000000000000000e+00	2.3983267788819303e+03
1.4486232791552900e-03	0.0000000000000000e+00	2.1214218719615906e+03
1.4660765716752401e-03	0.0000000000000000e+00	1.8041023085013992e+03
1.4835298641951800e-03	0.0000000000000000e+00	1.4558513773921711e+03
1.5009831567151201e-03	0.0000000000000000e+00	1.4103698282790119e+03
1.5184364492350699e-03	0.0000000000000000e+00	2.0599533322199331e+03
1.5358897417550100e-03	0.0000000000000000e+00	2.6932070488344298e+03
1.5533430342749501e-03	0.0000000000000000e+00	3.2927579088497337e+03
1.5707963267948999e-03	0.0000000000000000e+00	3.8414427867130207e+03
1.5882496193148400e-03	0.0000000000000000e+00	4.3227932698331206e+03
1.6057029118347801e-03	0.0000000000000000e+00	4.7215178685434012e+03
1.6231562043547299e-03	0.0000000000000000e+00	5.0239671836194775e+03
1.6406094968746700e-03	0.0000000000000000e+00	5.2189931390480933e+03
1.6580627893946101e-03	0.0000000000000000e+00	5.3003148900480865e+03
1.6755160819145599e-03	0.0000000000000000e+00	5.2774024941890111e+03
1.6929693744345000e-03	0.0000000000000000e+00	5.1677382214143227e+03
1.7104226669544401e-03	0.0000000000000000e+00	4.9948151225152405e+03
1.7278759594743899e-03	0.0000000000000000e+00	4.7664721913292296e+03
1.7453292519943300e-03	0.0000000000000000e+00	4.4760032155404388e+03
1.7627825445142699e-03	0.0000000000000000e+00	4.1199593923504272e+03
1.7802358370342200e-03	0.0000000000000000e+00	3.6992959255507099e+03
1.7976891295541600e-03	0.0000000000000000e+00	3.2207991411921003e+03
1.8151424220740999e-03	0.0000000000000000e+00	2.6967379332329551e+03
1.8325957145940500e-03	0.0000000000000000e+00	2.1454085194797467e+03
1.8500490071139900e-03	0.0000000000000000e+00	1.5940110154132667e+03
1.8675022996339299e-03	0.0000000000000000e+00	2.0266375352394971e+03
1.8849555921538800e-03	0.0000000000000000e+00	2.9228534716841905e+03
1.9024088846738201e-03	0.0000000000000000e+00	3.7649698146168444e+03
1.9198621771937599e-03	0.0000000000000000e+00	4.5298533413451596e+03
1.9373154697137100e-03	0.0000000000000000e+00	5.1998022041473741e+03
1.9547687622336499e-03	0.0000000000000000e+00	5.7526541942489921e+03
1.9722220547535902e-03	0.0000000000000000e+00	6.1801142488773858e+03
1.9896753472735400e-03	0.0000000000000000e+00	6.4760280180838590e+03
2.0071286397934799e-03	0.0000000000000000e+00	6.6517880202348388e+03
2.0245819323134202e-03	0.0000000000000000e+00	6.7314913750981468e+03
2.0420352248333700e-03	0.0000000000000000e+00	6.7247028957280963e+03
2.0594885173533099e-03	0.0000000000000000e+00	6.6201454285458258e+03
2.0769418098732502e-03	0.0000000000000000e+00	6.4078768423742022e+03
2.0943951023932000e-03	0.0000000000000000e+00	6.0831565797940548e+03
2.1118483949131399e-03	0.0000000000000000e+00	5.6466514276412872e+03
2.1293016874330802e-03	0.0000000000000000e+00	5.1051689871883464e+03
2.1467549799530201e-03	0.0000000000000000e+00	4.4692630138669310e+03
2.1642082724729699e-03	0.0000000000000000e+00	3.7567666658876860e+03
2.1816615649929102e-03	0.0000000000000000e+00	2.9900846568015913e+03
2.1991148575128501e-03	0.0000000000000000e+00	2.2003894406342351e+03
2.2165681500327999e-03	0.0000000000000000e+00	3.3917008513066389e+03
2.2340214425527402e-03	0.0000000000000000e+00	4.5610586952076692e+03
2.2514747350726801e-03	0.0000000000000000e+00	5.6520207545523017e+03
2.2689280275926299e-03	0.0000000000000000e+00	6.6348221002475684e+03
2.2863813201125698e-03	0.0000000000000000e+00	7.4818569170767041e+03
2.3038346126325101e-03	0.0000000000000000e+00	8.1711848448429191e+03
2.3212879051524599e-03	0.0000000000000000e+00	8.6807929364911415e+03
2.3387411976723998e-03	0.0000000000000000e+00	9.0016884651857581e+03
2.3561944901923401e-03	0.0000000000000000e+00	9.1399910082428560e+03
2.3736477827122899e-03	0.0000000000000000e+00	9.1206243006444929e+03
2.3911010752322298e-03	0.0000000000000000e+00	8.9791401465055424e+03
2.4085543677521701e-03	0.0000000000000000e+00	8.7264689757873857e+03
2.4260076602721200e-03	0.0000000000000000e+00	8.3506175995699086e+03
2.4434609527920598e-03	0.0000000000000000e+00	7.8425437802030519e+03
2.4609142453120001e-03	0.0000000000000000e+00	7.2031713850191709e+03
2.4783675378319500e-03	0.0000000000000000e+00	6.4406609639571361e+03
2.4958208303518898e-03	0.0000000000000000e+00	5.5721271399123671e+03
2.5132741228718301e-03	0.0000000000000000e+00	4.6220427181076875e+03
2.5307274153917800e-03	0.0000000000000000e+00	3.6249095611327607e+03
2.5481807079117198e-03	0.0000000000000000e+00	2.6270643096004660e+03
2.5656340004316601e-03	0.0000000000000000e+00	3.3148526208931553e+03
2.5830872929516100e-03	0.0000000000000000e+00	4.7410244433822909e+03
2.6005405854715499e-03	0.0000000000000000e+00	6.0671196442000728e+03
2.6179938779914902e-03	0.0000000000000000e+00	7.2583561747804824e+03
2.6354471705114400e-03	0.0000000000000000e+00	8.2875917685854620e+03
2.6529004630313799e-03	0.0000000000000000e+00	9.1261676459681148e+03
2.6703537555513202e-03	0.0000000000000000e+00	9.7646849861540559e+03
2.6878070480712700e-03	0.0000000000000000e+00	1.0197587045923834e+04
2.7052603405912099e-03	0.0000000000000000e+00	1.0450801470666602e+04
2.7227136331111502e-03	0.0000000000000000e+00	1.0557686913548054e+04
2.7401669256311000e-03	0.0000000000000000e+00	1.0525035645675523e+04
2.7576202181510399e-03	0.0000000000000000e+00	1.0333759224982829e+04
2.7750735106709802e-03	0.0000000000000000e+00	9.9701213037135258e+03
2.7925268031909300e-03	0.0000000000000000e+00	9.4294596824930868e+03
2.8099800957108699e-03	0.0000000000000000e+00	8.7153504743731155e+03
2.8274333882308102e-03	0.0000000000000000e+00	7.8394509042057252e+03
2.8448866807507600e-03	0.0000000000000000e+00	6.8226749641450933e+03
2.8623399732706999e-03	0.0000000000000000e+00	5.6912959842893260e+03
2.8797932657906402e-03	0.0000000000000000e+00	4.4832957929725308e+03
2.8972465583105901e-03	0.0000000000000000e+00	3.2464626808724470e+03
2.9146998508305299e-03	0.0000000000000000e+00	4.5912752180607476e+03
2.9321531433504698e-03	0.0000000000000000e+00	6.2644726133435206e+03
2.9496064358704201e-03	0.0000000000000000e+00	7.8127497703190293e+03
2.9670597283903599e-03	0.0000000000000000e+00	9.1951362093233256e+03
2.9845130209102998e-03	0.0000000000000000e+00	1.0378021619043177e+04
3.0019663134302501e-03	0.0000000000000000e+00	1.1328474810221453e+04
3.0194196059501899e-03	0.0000000000000000e+00	1.2023333238764280e+04
3.0368728984701298e-03	0.0000000000000000e+00	1.2460578802989257e+04
3.0543261909900801e-03	0.0000000000000000e+00	1.2660971412140771e+04
3.0717794835100200e-03	0.0000000000000000e+00	1.2664497709657835e+04
3.0892327760299598e-03	0.0000000000000000e+00	1.2505282602967376e+04
3.1066860685499101e-03	0.0000000000000000e+00	1.2173636395420324e+04
3.1241393610698500e-03	0.0000000000000000e+00	1.1650211698055366e+04
3.1415926535897898e-03	0.0000000000000000e+00	1.0928335994571822e+04
3.1590459461097401e-03	0.0000000000000000e+00	1.0013749723932362e+04
3.1764992386296800e-03	0.0000000000000000e+00	8.9238631989374353e+03
3.1939525311496198e-03	0.0000000000000000e+00	7.6862213526290561e+03
3.2114058236695701e-03	0.0000000000000000e+00	6.3373383411911263e+03
3.2288591161895100e-03	0.0000000000000000e+00	4.9262746256715163e+03
3.2463124087094499e-03	0.0000000000000000e+00	3.5166150947635147e+03
3.2637657012294001e-03	0.0000000000000000e+00	4.3677474160152651e+03
3.2812189937493400e-03	0.0000000000000000e+00	6.2376633438306135e+03
3.2986722862692799e-03	0.0000000000000000e+00	7.9671022210046121e+03
3.3161255787892301e-03	0.0000000000000000e+00	9.5105768979395798e+03
3.3335788713091700e-03	0.0000000000000000e+00	1.0834935979192966e+04
3.3510321638291099e-03	0.0000000000000000e+00	1.1906770825964586e+04
3.3684854563490602e-03	0.0000000000000000e+00	1.2715075705170055e+04
3.3859387488690000e-03	0.0000000000000000e+00	1.3263132206498991e+04
3.4033920413889399e-03	0.0000000000000000e+00	1.3585518126079265e+04
3.4208453339088902e-03	0.0000000000000000e+00	1.3723009370482489e+04
3.4382986264288300e-03	0.0000000000000000e+00	1.3673728095477978e+04
3.4557519189487699e-03	0.0000000000000000e+00	1.3412664463479998e+04
3.4732052114687202e-03	0.0000000000000000e+00	1.2923123533143784e+04
3.4906585039886600e-03	0.0000000000000000e+00	1.2202070405365395e+04
3.5081117965085999e-03	0.0000000000000000e+00	1.1255668828633819e+04
3.5255650890285502e-03	0.0000000000000000e+00	1.0101385714321230e+04
3.5430183815484901e-03	0.0000000000000000e+00	8.7666888830271710e+03
3.5604716740684299e-03	0.0000000000000000e+00	7.2880556660613920e+03
3.5779249665883698e-03	0.0000000000000000e+00	5.7136298738410997e+03
3.5953782591083201e-03	0.0000000000000000e+00	4.1064051851378199e+03
3.6128315516282599e-03	0.0000000000000000e+00	5.4752452308551692e+03
3.6302848441482102e-03	0.0000000000000000e+00	7.5353843311979908e+03
3.6477381366681501e-03	0.0000000000000000e+00	9.4321352517516134e+03
3.6651914291880900e-03	0.0000000000000000e+00	1.1116334566420719e+04
3.6826447217080398e-03	0.0000000000000000e+00	1.2552406081917099e+04
3.7000980142279801e-03	0.0000000000000000e+00	1.3694265346695447e+04
3.7175513067479200e-03	0.0000000000000000e+00	1.4529092816975166e+04
3.7350045992678598e-03	0.0000000000000000e+00	1.5055567052521019e+04
3.7524578917878101e-03	0.0000000000000000e+00	1.5308406052829758e+04
3.7699111843077500e-03	0.0000000000000000e+00	1.5338479305507442e+04
3.7873644768276998e-03	0.0000000000000000e+00	1.5166352707613709e+04
3.8048177693476401e-03	0.0000000000000000e+00	1.4769281038503539e+04
3.8222710618675800e-03	0.0000000000000000e+00	1.4126182880710254e+04
3.8397243543875199e-03	0.0000000000000000e+00	1.3233573713781547e+04
3.8571776469074701e-03	0.0000000000000000e+00	1.2102834599903867e+04
3.8746309394274100e-03	0.0000000000000000e+00	1.0758026304323310e+04
3.8920842319473499e-03	0.0000000000000000e+00	9.2355361094633990e+03
3.9095375244672997e-03	0.0000000000000000e+00	7.5814662998964532e+03
3.9269908169872400e-03	0.0000000000000000e+00	5.8554832663579409e+03
3.9444441095071803e-03	0.0000000000000000e+00	4.1352912640391232e+03
3.9618974020271302e-03	0.0000000000000000e+00	5.0860981497521661e+03
3.9793506945470696e-03	0.0000000000000000e+00	7.2664740357623641e+03
3.9968039870670099e-03	0.0000000000000000e+00	9.2760864814679026e+03
4.0142572795869597e-03	0.0000000000000000e+00	1.1062377670894419e+04
4.0317105721069000e-03	0.0000000000000000e+00	1.2589200829068101e+04
4.0491638646268403e-03	0.0000000000000000e+00	1.3819977626562159e+04
4.0666171571467902e-03	0.0000000000000000e+00	1.4743353704014853e+04
4.0840704496667296e-03	0.0000000000000000e+00	1.5372261414905399e+04
4.1015237421866699e-03	0.0000000000000000e+00	1.5746450367102165e+04
4.1189770347066198e-03	0.0000000000000000e+00	1.5908848498446769e+04
4.1364303272265601e-03	0.0000000000000000e+00	1.5849196736432852e+04
4.1538836197465004e-03	0.0000000000000000e+00	1.5537783980022878e+04
4.1713369122664502e-03	0.0000000000000000e+00	1.4958968597599815e+04
4.1887902047863896e-03	0.0000000000000000e+00	1.4108946559215779e+04
4.2062434973063299e-03	0.0000000000000000e+00	1.2997922662002342e+04
4.2236967898262798e-03	0.0000000000000000e+00	1.1647072512310018e+04
4.2411500823462201e-03	0.0000000000000000e+00	1.0088320512331724e+04
4.2586033748661604e-03	0.0000000000000000e+00	8.3660962070211626e+03
4.2760566673861102e-03	0.0000000000000000e+00	6.5350407873859840e+03
4.2935099599060497e-03	0.0000000000000000e+00	4.6681232437378521e+03
4.3109632524259900e-03	0.0000000000000000e+00	6.0259807406941327e+03
4.3284165449459398e-03	0.0000000000000000e+00	8.3364960670904220e+03
4.3458698374658801e-03	0.0000000000000000e+00	1.0457201592787496e+04
4.3633231299858204e-03	0.0000000000000000e+00	1.2336025995920894e+04
4.3807764225057702e-03	0.0000000000000000e+00	1.3930283308549406e+04
4.3982297150257097e-03	0.0000000000000000e+00	1.5195205285883168e+04
4.4156830075456500e-03	0.0000000000000000e+00	1.6115893417521564e+04
4.4331363000655998e-03	0.0000000000000000e+00	1.6702980615730994e+04
4.4505895925855401e-03	0.0000000000000000e+00	1.6994938859668568e+04
4.4680428851054804e-03	0.0000000000000000e+00	1.7048702423411585e+04
4.4854961776254303e-03	0.0000000000000000e+00	1.6871396266125095e+04
4.5029494701453697e-03	0.0000000000000000e+00	1.6432886612524766e+04
4.5204027626653100e-03	0.0000000000000000e+00	1.5711855809520786e+04
4.5378560551852598e-03	0.0000000000000000e+00	1.4707729659018612e+04
4.5553093477052001e-03	0.0000000000000000e+00	1.3436400253407028e+04
4.5727626402251396e-03	0.0000000000000000e+00	1.1927182461946604e+04
4.5902159327450903e-03	0.0000000000000000e+00	1.0220947098533030e+04
4.6076692252650297e-03	0.0000000000000000e+00	8.3715169215936003e+03
4.6251225177849700e-03	0.0000000000000000e+00	6.4452760292131779e+03
4.6425758103049199e-03	0.0000000000000000e+00	4.5284518959868601e+03
4.6600291028248602e-03	0.0000000000000000e+00	5.5000189576941666e+03
4.6774823953447996e-03	0.0000000000000000e+00	7.8654545720911592e+03
4.6949356878647503e-03	0.0000000000000000e+00	1.0040823503863865e+04
4.7123889803846897e-03	0.0000000000000000e+00	1.1969779171112514e+04
4.7298422729046300e-03	0.0000000000000000e+00	1.3615057976227003e+04
4.7472955654245799e-03	0.0000000000000000e+00	1.4938227023555906e+04
4.7647488579445202e-03	0.0000000000000000e+00	1.5930063329116889e+04
4.7822021504644596e-03	0.0000000000000000e+00	1.6606128864232614e+04
4.7996554429844103e-03	0.0000000000000000e+00	1.7011939115079247e+04
4.8171087355043498e-03	0.0000000000000000e+00	1.7191036084611143e+04
4.8345620280242901e-03	0.0000000000000000e+00	1.7124592177514183e+04
4.8520153205442399e-03	0.0000000000000000e+00	1.6783183560606903e+04
4.8694686130641802e-03	0.0000000000000000e+00	1.6149849579281656e+04
4.8869219055841196e-03	0.0000000000000000e+00	1.5222069971989824e+04
4.9043751981040704e-03	0.0000000000000000e+00	1.4012238066821792e+04
4.9218284906240098e-03	0.0000000000000000e+00	1.2543875014649184e+04
4.9392817831439501e-03	0.0000000000000000e+00	1.0851981811233773e+04
4.9567350756638999e-03	0.0000000000000000e+00	8.9847781489131194e+03
4.9741883681838402e-03	0.0000000000000000e+00	7.0018472424250276e+03
4.9916416607037797e-03	0.0000000000000000e+00	4.9816804028624847e+03
5.0090949532237304e-03	0.0000000000000000e+00	6.3212248728408003e+03
5.0265482457436698e-03	0.0000000000000000e+00	8.7703600329324581e+03
5.0440015382636101e-03	0.0000000000000000e+00	1.1014293722073286e+04
5.0614548307835600e-03	0.0000000000000000e+00	1.2999757380377614e+04
5.0789081233035003e-03	0.0000000000000000e+00	1.4679675992156122e+04
5.0963614158234397e-03	0.0000000000000000e+00	1.6010997782368175e+04
5.1138147083433904e-03	0.0000000000000000e+00	1.6978636456533353e+04
5.1312680008633298e-03	0.0000000000000000e+00	1.7598461681563229e+04
5.1487212933832701e-03	0.0000000000000000e+00	1.7915724942004941e+04
5.1661745859032200e-03	0.0000000000000000e+00	1.7985564274990822e+04
5.1836278784231603e-03	0.0000000000000000e+00	1.7806170200100853e+04
5.2010811709430997e-03	0.0000000000000000e+00	1.7343290662076975e+04
5.2185344634630504e-03	0.0000000000000000e+00	1.6578294639355961e+04
5.2359877559829899e-03	0.0000000000000000e+00	1.5511501478195749e+04
5.2534410485029302e-03	0.0000000000000000e+00	1.4161223692014193e+04
5.2708943410228696e-03	0.0000000000000000e+00	1.2559386393590752e+04
5.2883476335428203e-03	0.0000000000000000e+00	1.0750799910223905e+04
5.3058009260627597e-03	0.0000000000000000e+00	8.7928787240617639e+03
5.3232542185827000e-03	0.0000000000000000e+00	6.7559721213245202e+03
5.3407075111026499e-03	0.0000000000000000e+00	4.7299764721667634e+03
5.3581608036225902e-03	0.0000000000000000e+00	5.7040660898773776e+03
5.3756140961425296e-03	0.0000000000000000e+00	8.1644632892511790e+03
5.3930673886624803e-03	0.0000000000000000e+00	1.0424358291731001e+04
5.4105206811824198e-03	0.0000000000000000e+00	1.2425579147911456e+04
5.4279739737023601e-03	0.0000000000000000e+00	1.4130595100768254e+04
5.4454272662223099e-03	0.0000000000000000e+00	1.5500115088405597e+04
5.4628805587422502e-03	0.0000000000000000e+00	1.6526494239658572e+04
5.4803338512621896e-03	0.0000000000000000e+00	1.7226829931583314e+04
5.4977871437821403e-03	0.0000000000000000e+00	1.7651661157809347e+04
5.5152404363020798e-03	0.0000000000000000e+00	1.7839743316988242e+04
5.5326937288220201e-03	0.0000000000000000e+00	1.7770945441907697e+04
5.5501470213419699e-03	0.0000000000000000e+00	1.7413762934320654e+04
5.5676003138619102e-03	0.0000000000000000e+00	1.6751549970777127e+04
5.5850536063818497e-03	0.0000000000000000e+00	1.5783251144664042e+04
5.6025068989018004e-03	0.0000000000000000e+00	1.4522101178017707e+04
5.6199601914217398e-03	0.0000000000000000e+00	1.2992909562020266e+04
5.6374134839416801e-03	0.0000000000000000e+00	1.1232409927382942e+04
5.6548667764616299e-03	0.0000000000000000e+00	9.2906546920338733e+03
5.6723200689815702e-03	0.0000000000000000e+00	7.2299906655931845e+03
5.6897733615015097e-03	0.0000000000000000e+00	5.1317802339512355e+03
5.7072266540214604e-03	0.0000000000000000e+00	6.4601417001732016e+03
5.7246799465413998e-03	0.0000000000000000e+00	8.9756521858077012e+03
5.7421332390613401e-03	0.0000000000000000e+00	1.1278259838899534e+04
5.7595865315812900e-03	0.0000000000000000e+00	1.3314349631402743e+04
5.7770398241012303e-03	0.0000000000000000e+00	1.5034513363074942e+04
5.7944931166211697e-03	0.0000000000000000e+00	1.6397011384551024e+04
5.8119464091411204e-03	0.0000000000000000e+00	1.7388020865484959e+04
5.8293997016610598e-03	0.0000000000000000e+00	1.8024718433818591e+04
5.8468529941810002e-03	0.0000000000000000e+00	1.8355396334142399e+04
5.8643062867009500e-03	0.0000000000000000e+00	1.8433933949984526e+04
5.8817595792208903e-03	0.0000000000000000e+00	1.8255421275481098e+04
5.8992128717408297e-03	0.0000000000000000e+00	1.7782899071206401e+04
5.9166661642607796e-03	0.0000000000000000e+00	1.6996879274044753e+04
5.9341194567807199e-03	0.0000000000000000e+00	1.5901010714859105e+04
5.9515727493006602e-03	0.0000000000000000e+00	1.4513263936029256e+04
5.9690260418206100e-03	0.0000000000000000e+00	1.2867786107874743e+04
5.9864793343405503e-03	0.0000000000000000e+00	1.1010994599001175e+04
6.0039326268604898e-03	0.0000000000000000e+00	9.0021015014958866e+03
6.0213859193804396e-03	0.0000000000000000e+00	6.9132114642769875e+03
6.0388392119003799e-03	0.0000000000000000e+00	4.8358146409649553e+03
6.0562925044203202e-03	0.0000000000000000e+00	5.7865156086930610e+03
6.0737457969402700e-03	0.0000000000000000e+00	8.2889708049078199e+03
6.0911990894602103e-03	0.0000000000000000e+00	1.0586129155247612e+04
6.1086523819801498e-03	0.0000000000000000e+00	1.2618989153253344e+04
6.1261056745000996e-03	0.0000000000000000e+00	1.4349921859344264e+04
6.1435589670200399e-03	0.0000000000000000e+00	1.5739362972761483e+04
6.1610122595399802e-03	0.0000000000000000e+00	1.6780397921709693e+04
6.1784655520599301e-03	0.0000000000000000e+00	1.7490816576852736e+04
6.1959188445798704e-03	0.0000000000000000e+00	1.7923294514235593e+04
6.2133721370998098e-03	0.0000000000000000e+00	1.8114281415479098e+04
6.2308254296197596e-03	0.0000000000000000e+00	1.8043210607783636e+04
6.2482787221396999e-03	0.0000000000000000e+00	1.7677771620231935e+04
6.2657320146596402e-03	0.0000000000000000e+00	1.7001553681024259e+04
6.2831853071795901e-03	0.0000000000000000e+00	1.6014126633127158e+04
6.3006385996995304e-03	0.0000000000000000e+00	1.4729150940673999e+04
6.3180918922194698e-03	0.0000000000000000e+00	1.3172069458632877e+04
6.3355451847394197e-03	0.0000000000000000e+00	1.1380440942002329e+04
6.3529984772593600e-03	0.0000000000000000e+00	9.4050938217949188e+03
6.3704517697793003e-03	0.0000000000000000e+00	7.3097933236200170e+03
6.3879050622992501e-03	0.0000000000000000e+00	5.1772219027890142e+03
6.4053583548191904e-03	0.0000000000000000e+00	6.5226781513667875e+03
6.4228116473391298e-03	0.0000000000000000e+00	9.0658181041113603e+03
6.4402649398590797e-03	0.0000000000000000e+00	1.1392725812202598e+04
6.4577182323790200e-03	0.0000000000000000e+00	1.3449852887510362e+04
6.4751715248989603e-03	0.0000000000000000e+00	1.5186494584776330e+04
6.4926248174188997e-03	0.0000000000000000e+00	1.6561911096421252e+04
6.5100781099388504e-03	0.0000000000000000e+00	1.7562967577375457e+04
6.5275314024587899e-03	0.0000000000000000e+00	1.8207485635315301e+04
6.5449846949787302e-03	0.0000000000000000e+00	1.8545410972824866e+04
6.5624379874986800e-03	0.0000000000000000e+00	1.8630414916640191e+04
6.5798912800186203e-03	0.0000000000000000e+00	1.8453591631454634e+04
6.5973445725385597e-03	0.0000000000000000e+00	1.7977584384449743e+04
6.6147978650585096e-03	0.0000000000000000e+00	1.7183966464554833e+04
6.6322511575784499e-03	0.0000000000000000e+00	1.6075976461526727e+04
6.6497044500983902e-03	0.0000000000000000e+00	1.4672841976766365e+04
6.6671577426183400e-03	0.0000000000000000e+00	1.3009269307212538e+04
6.6846110351382803e-03	0.0000000000000000e+00	1.1132356866685710e+04
6.7020643276582198e-03	0.0000000000000000e+00	9.1020185521877029e+03
6.7195176201781696e-03	0.0000000000000000e+00	6.9910280626870599e+03
6.7369709126981099e-03	0.0000000000000000e+00	4.8911612845509253e+03
6.7544242052180502e-03	0.0000000000000000e+00	5.8084954329667826e+03
6.7718774977380001e-03	0.0000000000000000e+00	8.3269953261969167e+03
6.7893307902579404e-03	0.0000000000000000e+00	1.0638452303825045e+04
6.8067840827778798e-03	0.0000000000000000e+00	1.2683369640900075e+04
6.8242373752978296e-03	0.0000000000000000e+00	1.4423932484775947e+04
6.8416906678177699e-03	0.0000000000000000e+00	1.5820686189193855e+04
6.8591439603377102e-03	0.0000000000000000e+00	1.6866890072686630e+04
6.8765972528576601e-03	0.0000000000000000e+00	1.7580649254575867e+04
6.8940505453776004e-03	0.0000000000000000e+00	1.8015310701900318e+04
6.9115038378975398e-03	0.0000000000000000e+00	1.8206708958555093e+04
6.9289571304174897e-03	0.0000000000000000e+00	1.8134141551812394e+04
6.9464104229374300e-03	0.0000000000000000e+00	1.7765049225280192e+04
6.9638637154573703e-03	0.0000000000000000e+00	1.7083084700586001e+04
6.9813170079773201e-03	0.0000000000000000e+00	1.6088041527311041e+04
6.9987703004972604e-03	0.0000000000000000e+00	1.4793770495583818e+04
7.0162235930171998e-03	0.0000000000000000e+00	1.3225983725346165e+04
7.0336768855371497e-03	0.0000000000000000e+00	1.1422583552380007e+04
7.0511301780570900e-03	0.0000000000000000e+00	9.4348689571943069e+03
7.0685834705770303e-03	0.0000000000000000e+00	7.3271055659986723e+03
7.0860367630969801e-03	0.0000000000000000e+00	5.1827656117273782e+03
7.1034900556169204e-03	0.0000000000000000e+00	6.5550163746096378e+03
7.1209433481368599e-03	0.0000000000000000e+00	9.1082728138785205e+03
7.1383966406568097e-03	0.0000000000000000e+00	1.1444043706740660e+04
7.1558499331767500e-03	0.0000000000000000e+00	1.3509087885814157e+04
7.1733032256966903e-03	0.0000000000000000e+00	1.5251698234205795e+04
7.1907565182166401e-03	0.0000000000000000e+00	1.6632049981998414e+04
7.2082098107365796e-03	0.0000000000000000e+00	1.7637264851137941e+04
7.2256631032565199e-03	0.0000000000000000e+00	1.8285381040113331e+04
7.2431163957764697e-03	0.0000000000000000e+00	1.8627128727593383e+04
7.2605696882964100e-03	0.0000000000000000e+00	1.8715964274033642e+04
7.2780229808163503e-03	0.0000000000000000e+00	1.8540733278461536e+04
7.2954762733363002e-03	0.0000000000000000e+00	1.8064089010783158e+04
7.3129295658562396e-03	0.0000000000000000e+00	1.7268126927530087e+04
7.3303828583761799e-03	0.0000000000000000e+00	1.6155919143527271e+04
7.3478361508961297e-03	0.0000000000000000e+00	1.4747243402909528e+04
7.3652894434160700e-03	0.0000000000000000e+00	1.3077006962265914e+04
7.3827427359360103e-03	0.0000000000000000e+00	1.1192561076706092e+04
7.4001960284559602e-03	0.0000000000000000e+00	9.1538949345518577e+03
7.4176493209758996e-03	0.0000000000000000e+00	7.0340996630856780e+03
7.4351026134958399e-03	0.0000000000000000e+00	4.9244460046939339e+03
7.4525559060157898e-03	0.0000000000000000e+00	5.8027996534619606e+03
7.4700091985357301e-03	0.0000000000000000e+00	8.3263421622972583e+03
7.4874624910556704e-03	0.0000000000000000e+00	1.0642504811094526e+04
7.5049157835756202e-03	0.0000000000000000e+00	1.2691346525180365e+04
7.5223690760955596e-03	0.0000000000000000e+00	1.4434721774859527e+04
7.5398223686154999e-03	0.0000000000000000e+00	1.5833503405107289e+04
7.5572756611354498e-03	0.0000000000000000e+00	1.6880757344553589e+04
7.5747289536553901e-03	0.0000000000000000e+00	1.7594725568276033e+04
7.5921822461753304e-03	0.0000000000000000e+00	1.8028600945466758e+04
7.6096355386952802e-03	0.0000000000000000e+00	1.8218791870852998e+04
7.6270888312152197e-03	0.0000000000000000e+00	1.8144593432247708e+04
7.6445421237351600e-03	0.0000000000000000e+00	1.7773481367637523e+04
7.6619954162551098e-03	0.0000000000000000e+00	1.7089042147633398e+04
7.6794487087750501e-03	0.0000000000000000e+00	1.6091040357678761e+04
7.6969020012949904e-03	0.0000000000000000e+00	1.4793408566671629e+04
7.7143552938149403e-03	0.0000000000000000e+00	1.3221962867662387e+04
7.7318085863348797e-03	0.0000000000000000e+00	1.1414736987835211e+04
7.7492618788548200e-03	0.0000000000000000e+00	9.4233566636723699e+03
7.7667151713747698e-03	0.0000000000000000e+00	7.3122068987098746e+03
7.7841684638947101e-03	0.0000000000000000e+00	5.1653129810470009e+03
7.8016217564146496e-03	0.0000000000000000e+00	6.5801849573956060e+03
7.8190750489345994e-03	0.0000000000000000e+00	9.1367487556965025e+03
7.8365283414545406e-03	0.0000000000000000e+00	1.1475414388112453e+04
7.8539816339744800e-03	0.0000000000000000e+00	1.3543361340878248e+04
7.8714349264944194e-03	0.0000000000000000e+00	1.5287933862287400e+04
7.8888882190143693e-03	0.0000000000000000e+00	1.6670251051724503e+04
7.9063415115343105e-03	0.0000000000000000e+00	1.7677540754324084e+04
7.9237948040542603e-03	0.0000000000000000e+00	1.8327899098836551e+04
7.9412480965741997e-03	0.0000000000000000e+00	1.8672546765341998e+04
7.9587013890941392e-03	0.0000000000000000e+00	1.8764591245164036e+04
7.9761546816140907e-03	0.0000000000000000e+00	1.8591196471276395e+04
7.9936079741340302e-03	0.0000000000000000e+00	1.8115165322444951e+04
8.0110612666539696e-03	0.0000000000000000e+00	1.7318975103978293e+04
8.0285145591739195e-03	0.0000000000000000e+00	1.6205615475084394e+04
8.0459678516938606e-03	0.0000000000000000e+00	1.4795155074164568e+04
8.0634211442138001e-03	0.0000000000000000e+00	1.3122565240593300e+04
8.0808744367337395e-03	0.0000000000000000e+00	1.1235274308779795e+04
8.0983277292536893e-03	0.0000000000000000e+00	9.1930975758014083e+03
8.1157810217736305e-03	0.0000000000000000e+00	7.0693171222573656e+03
8.1332343142935803e-03	0.0000000000000000e+00	4.9544593140475026e+03
8.1506876068135198e-03	0.0000000000000000e+00	5.7833125015547739e+03
8.1681408993334592e-03	0.0000000000000000e+00	8.3079069048732508e+03
8.1855941918534108e-03	0.0000000000000000e+00	1.0625353612946798e+04
8.2030474843733502e-03	0.0000000000000000e+00	1.2675244519417520e+04
8.2205007768932897e-03	0.0000000000000000e+00	1.4418998516291958e+04
8.2379540694132308e-03	0.0000000000000000e+00	1.5817930248290302e+04
8.2554073619331807e-03	0.0000000000000000e+00	1.6864729269935120e+04
8.2728606544531201e-03	0.0000000000000000e+00	1.7577728458805654e+04
8.2903139469730595e-03	0.0000000000000000e+00	1.8009669321616784e+04
8.3077672394930094e-03	0.0000000000000000e+00	1.8198195915174820e+04
8.3252205320129506e-03	0.0000000000000000e+00	1.8122642193238127e+04
8.3426738245328900e-03	0.0000000000000000e+00	1.7750556304112200e+04
8.3601271170528398e-03	0.0000000000000000e+00	1.7065327367663871e+04
8.3775804095727793e-03	0.0000000000000000e+00	1.6066625835897445e+04
8.3950337020927204e-03	0.0000000000000000e+00	1.4768410379084511e+04
8.4124869946126703e-03	0.0000000000000000e+00	1.3196527518353545e+04
8.4299402871326097e-03	0.0000000000000000e+00	1.1389047453639187e+04
8.4473935796525491e-03	0.0000000000000000e+00	9.3979713063146974e+03
8.4648468721725007e-03	0.0000000000000000e+00	7.2875353789858673e+03
8.4823001646924402e-03	0.0000000000000000e+00	5.1423168140339849e+03
8.4997534572123796e-03	0.0000000000000000e+00	6.6069245237101441e+03
8.5172067497323294e-03	0.0000000000000000e+00	9.1644962923210478e+03
8.5346600422522706e-03	0.0000000000000000e+00	1.1504051860539430e+04
8.5521133347722100e-03	0.0000000000000000e+00	1.3573254148664402e+04
8.5695666272921599e-03	0.0000000000000000e+00	1.5318454112856494e+04
8.5870199198120993e-03	0.0000000000000000e+00	1.6701753765901056e+04
8.6044732123320405e-03	0.0000000000000000e+00	1.7710373395445022e+04
8.6219265048519903e-03	0.0000000000000000e+00	1.8362347651843396e+04
8.6393797973719298e-03	0.0000000000000000e+00	1.8709149475351856e+04
8.6568330898918692e-03	0.0000000000000000e+00	1.8803393721997923e+04
8.6742863824118208e-03	0.0000000000000000e+00	1.8631096162067111e+04
8.6917396749317602e-03	0.0000000000000000e+00	1.8155327730822362e+04
8.7091929674516996e-03	0.0000000000000000e+00	1.7358797859706050e+04
8.7266462599716495e-03	0.0000000000000000e+00	1.6244632131418473e+04
8.7440995524915906e-03	0.0000000000000000e+00	1.4832958038873176e+04
8.7615528450115301e-03	0.0000000000000000e+00	1.3158772101953453e+04
8.7790061375314799e-03	0.0000000000000000e+00	1.1269532686883886e+04
8.7964594300514194e-03	0.0000000000000000e+00	9.2246662675176722e+03
8.8139127225713605e-03	0.0000000000000000e+00	7.0977789999088945e+03
8.8313660150913104e-03	0.0000000000000000e+00	4.9788563343267788e+03
8.8488193076112498e-03	0.0000000000000000e+00	5.7563293267065137e+03
8.8662726001311892e-03	0.0000000000000000e+00	8.2807447884986777e+03
8.8837258926511408e-03	0.0000000000000000e+00	1.0598445249301398e+04
8.9011791851710802e-03	0.0000000000000000e+00	1.2648526602814398e+04
8.9186324776910197e-03	0.0000000000000000e+00	1.4391937081903341e+04
8.9360857702109695e-03	0.0000000000000000e+00	1.5790484342744776e+04
8.9535390627309107e-03	0.0000000000000000e+00	1.6836453459553428e+04
8.9709923552508501e-03	0.0000000000000000e+00	1.7548289932037795e+04
8.9884456477708000e-03	0.0000000000000000e+00	1.7978392514780840e+04
9.0058989402907394e-03	0.0000000000000000e+00	1.8165676141963268e+04
9.0233522328106806e-03	0.0000000000000000e+00	1.8089496272060296e+04
9.0408055253306304e-03	0.0000000000000000e+00	1.7717323481626954e+04
9.0582588178505698e-03	0.0000000000000000e+00	1.7032271458477811e+04
9.0757121103705093e-03	0.0000000000000000e+00	1.6033998608816384e+04
9.0931654028904609e-03	0.0000000000000000e+00	1.4736460825821307e+04
9.1106186954104003e-03	0.0000000000000000e+00	1.3165504170557955e+04
9.1280719879303397e-03	0.0000000000000000e+00	1.1359195882393244e+04
9.1455252804502896e-03	0.0000000000000000e+00	9.3700137550723721e+03
9.1629785729702307e-03	0.0000000000000000e+00	7.2618359588331678e+03
9.1804318654901702e-03	0.0000000000000000e+00	5.1198446311091466e+03
9.1978851580101200e-03	0.0000000000000000e+00	6.6374072266540252e+03
9.2153384505300594e-03	0.0000000000000000e+00	9.1953097889120108e+03
9.2327917430500006e-03	0.0000000000000000e+00	1.1535165342477008e+04
9.2502450355699505e-03	0.0000000000000000e+00	1.3605121029642591e+04
9.2676983280898899e-03	0.0000000000000000e+00	1.5350551511410173e+04
9.2851516206098293e-03	0.0000000000000000e+00	1.6734523543630043e+04
9.3026049131297792e-03	0.0000000000000000e+00	1.7744207982137636e+04
9.3200582056497203e-03	0.0000000000000000e+00	1.8397534008935523e+04
9.3375114981696598e-03	0.0000000000000000e+00	1.8746092157943884e+04
9.3549647906896096e-03	0.0000000000000000e+00	1.8841891860637617e+04
9.3724180832095508e-03	0.0000000000000000e+00	1.8670113903360605e+04
9.3898713757294902e-03	0.0000000000000000e+00	1.8194192637568900e+04
9.4073246682494296e-03	0.0000000000000000e+00	1.7396979483046620e+04
9.4247779607693795e-03	0.0000000000000000e+00	1.6281879294525033e+04
9.4422312532893207e-03	0.0000000000000000e+00	1.4868949491132589e+04
9.4596845458092705e-03	0.0000000000000000e+00	1.3193207515991515e+04
9.4771378383292099e-03	0.0000000000000000e+00	1.1302134518779685e+04
9.4945911308491494e-03	0.0000000000000000e+00	9.2546708904674269e+03
9.5120444233690905e-03	0.0000000000000000e+00	7.1248485627007867e+03
9.5294977158890404e-03	0.0000000000000000e+00	5.0020618724313690e+03
9.5469510084089798e-03	0.0000000000000000e+00	5.7241869563838891e+03
9.5644043009289192e-03	0.0000000000000000e+00	8.2481365929172080e+03
9.5818575934488708e-03	0.0000000000000000e+00	1.0565821855229697e+04
9.5993108859688103e-03	0.0000000000000000e+00	1.2615874518499457e+04
9.6167641784887497e-03	0.0000000000000000e+00	1.4358795927321016e+04
9.6342174710086995e-03	0.0000000000000000e+00	1.5756861136713938e+04
9.6516707635286407e-03	0.0000000000000000e+00	1.6801970265605232e+04
9.6691240560485905e-03	0.0000000000000000e+00	1.7512696721136363e+04
9.6865773485685300e-03	0.0000000000000000e+00	1.7941220483557412e+04
9.7040306410884694e-03	0.0000000000000000e+00	1.8127702339639123e+04
9.7214839336084106e-03	0.0000000000000000e+00	1.8051487931925763e+04
9.7389372261283604e-03	0.0000000000000000e+00	1.7679846024173705e+04
9.7563905186482999e-03	0.0000000000000000e+00	1.6995566330570047e+04
9.7738438111682393e-03	0.0000000000000000e+00	1.5998431679841666e+04
9.7912971036881909e-03	0.0000000000000000e+00	1.4702188872872011e+04
9.8087503962081303e-03	0.0000000000000000e+00	1.3132845351221305e+04
9.8262036887280697e-03	0.0000000000000000e+00	1.1328879503348879e+04
9.8436569812480196e-03	0.0000000000000000e+00	9.3418499556028892e+03
9.8611102737679607e-03	0.0000000000000000e+00	7.2365992537704633e+03
9.8785635662879106e-03	0.0000000000000000e+00	5.0984371539308340e+03
9.8960168588078500e-03	0.0000000000000000e+00	6.6715245457512601e+03
9.9134701513277895e-03	0.0000000000000000e+00	9.2295445646834905e+03
9.9309234438477306e-03	0.0000000000000000e+00	1.1569511399618041e+04
9.9483767363676805e-03	0.0000000000000000e+00	1.3639997247326466e+04
9.9658300288876199e-03	0.0000000000000000e+00	1.5385520616925751e+04
9.9832833214075593e-03	0.0000000000000000e+00	1.6769989135959422e+04
1.0000736613927501e-02	0.0000000000000000e+00	1.7780507868692464e+04
1.0018189906447501e-02	0.0000000000000000e+00	1.8434868281425253e+04
1.0035643198967400e-02	0.0000000000000000e+00	1.8784628439810720e+04
1.0053096491487300e-02	0.0000000000000000e+00	1.8881102694556052e+04
1.0070549784007300e-02	0.0000000000000000e+00	1.8709009445267013e+04
1.0088003076527199e-02	0.0000000000000000e+00	1.8232211716927355e+04
1.0105456369047200e-02	0.0000000000000000e+00	1.7433603798347878e+04
1.0122909661567101e-02	0.0000000000000000e+00	1.6317025605393856e+04
1.0140362954087099e-02	0.0000000000000000e+00	1.4902335045618993e+04
1.0157816246607001e-02	0.0000000000000000e+00	1.3224575820832284e+04
1.0175269539126900e-02	0.0000000000000000e+00	1.1331263130078578e+04
1.0192722831646900e-02	0.0000000000000000e+00	9.2808242335507966e+03
1.0210176124166800e-02	0.0000000000000000e+00	7.1476833956988858e+03
1.0227629416686800e-02	0.0000000000000000e+00	5.0207732413936810e+03
1.0245082709206699e-02	0.0000000000000000e+00	5.6888943146856345e+03
1.0262536001726700e-02	0.0000000000000000e+00	8.2124280138759950e+03
1.0279989294246601e-02	0.0000000000000000e+00	1.0530084419900601e+04
1.0297442586766500e-02	0.0000000000000000e+00	1.2580106639600805e+04
1.0314895879286501e-02	0.0000000000000000e+00	1.4322632133810719e+04
1.0332349171806400e-02	0.0000000000000000e+00	1.5720331559081998e+04
1.0349802464326400e-02	0.0000000000000000e+00	1.6764821900599520e+04
1.0367255756846300e-02	0.0000000000000000e+00	1.7474836061730322e+04
1.0384709049366300e-02	0.0000000000000000e+00	1.7902638905251712e+04
1.0402162341886199e-02	0.0000000000000000e+00	1.8089274107471672e+04
1.0419615634406101e-02	0.0000000000000000e+00	1.8014031397475199e+04
1.0437068926926101e-02	0.0000000000000000e+00	1.7643780689296931e+04
1.0454522219446000e-02	0.0000000000000000e+00	1.6960971662819014e+04
1.0471975511966001e-02	0.0000000000000000e+00	1.5759174937915148e+04
1.0489428804485900e-02	0.0000000000000000e+00	1.4470517892698879e+04
1.0506882097005900e-02	0.0000000000000000e+00	1.2909814614776940e+04
1.0524335389525800e-02	0.0000000000000000e+00	1.1116010407392754e+04
1.0541788682045699e-02	0.0000000000000000e+00	9.1400853942327758e+03
1.0559241974565699e-02	0.0000000000000000e+00	7.0492594495164994e+03
1.0576695267085601e-02	0.0000000000000000e+00	4.9298758669805084e+03
1.0594148559605601e-02	0.0000000000000000e+00	6.8432768892629456e+03
1.0611601852125500e-02	0.0000000000000000e+00	9.3974902996107394e+03
1.0629055144645501e-02	0.0000000000000000e+00	1.1733653205406303e+04
1.0646508437165400e-02	0.0000000000000000e+00	1.3802841117772987e+04
1.0663961729685400e-02	0.0000000000000000e+00	1.5544547909287639e+04
1.0681415022205300e-02	0.0000000000000000e+00	1.6927611530967566e+04
1.0698868314725199e-02	0.0000000000000000e+00	1.7938822120593861e+04
1.0716321607245199e-02	0.0000000000000000e+00	1.8595430886036607e+04
1.0733774899765101e-02	0.0000000000000000e+00	1.8951020142453530e+04
1.0751228192285101e-02	0.0000000000000000e+00	1.9051020906594156e+04
1.0768681484805000e-02	0.0000000000000000e+00	1.8879468458180545e+04
1.0786134777325001e-02	0.0000000000000000e+00	1.8400468309718788e+04
1.0803588069844900e-02	0.0000000000000000e+00	1.7597926446172718e+04
1.0821041362364800e-02	0.0000000000000000e+00	1.6476206370637898e+04
1.0838494654884800e-02	0.0000000000000000e+00	1.5055359909238245e+04
1.0855947947404699e-02	0.0000000000000000e+00	1.3370475934830598e+04
1.0873401239924699e-02	0.0000000000000000e+00	1.1469111739837266e+04
1.0890854532444601e-02	0.0000000000000000e+00	9.4097484948078418e+03
1.0908307824964599e-02	0.0000000000000000e+00	7.2640312768164922e+03
1.0925761117484500e-02	0.0000000000000000e+00	5.1214846359724224e+03
1.0943214410004400e-02	0.0000000000000000e+00	5.5924758953258515e+03
1.0960667702524400e-02	0.0000000000000000e+00	8.1175664082755175e+03
1.0978120995044300e-02	0.0000000000000000e+00	1.0438940458406374e+04
1.0995574287564300e-02	0.0000000000000000e+00	1.2492672907906808e+04
1.1013027580084199e-02	0.0000000000000000e+00	1.4236849277610432e+04
1.1030480872604199e-02	0.0000000000000000e+00	1.5636294777704363e+04
1.1047934165124101e-02	0.0000000000000000e+00	1.6680806651078787e+04
1.1065387457644000e-02	0.0000000000000000e+00	1.7389540790226438e+04
1.1082840750164000e-02	0.0000000000000000e+00	1.7812805515887405e+04
1.1100294042683900e-02	0.0000000000000000e+00	1.7997107511527262e+04
1.1117747335203900e-02	0.0000000000000000e+00	1.7921601420489140e+04
1.1135200627723800e-02	0.0000000000000000e+00	1.7553271680490448e+04
1.1152653920243800e-02	0.0000000000000000e+00	1.6873686943973506e+04
1.1170107212763699e-02	0.0000000000000000e+00	1.5882973817552571e+04
1.1187560505283699e-02	0.0000000000000000e+00	1.4593745053376853e+04
1.1205013797803601e-02	0.0000000000000000e+00	1.3032163302044703e+04
1.1222467090323500e-02	0.0000000000000000e+00	1.1237154449153122e+04
1.1239920382843500e-02	0.0000000000000000e+00	9.2596863919820244e+03
1.1257373675363400e-02	0.0000000000000000e+00	7.1665538371639050e+03
1.1274826967883400e-02	0.0000000000000000e+00	5.0436570024790690e+03
1.1292280260403300e-02	0.0000000000000000e+00	6.7312937026991931e+03
1.1309733552923300e-02	0.0000000000000000e+00	9.2857859778068778e+03
1.1327186845443199e-02	0.0000000000000000e+00	1.1622228449347644e+04
1.1344640137963101e-02	0.0000000000000000e+00	1.3691303333405705e+04
1.1362093430483101e-02	0.0000000000000000e+00	1.5433295197882291e+04
1.1379546723003000e-02	0.0000000000000000e+00	1.6816266564070578e+04
1.1397000015523000e-02	0.0000000000000000e+00	1.7827032599199330e+04
1.1414453308042900e-02	0.0000000000000000e+00	1.8482899787888575e+04
1.1431906600562900e-02	0.0000000000000000e+00	1.8836945294439207e+04
1.1449359893082800e-02	0.0000000000000000e+00	1.8935753185069076e+04
1.1466813185602699e-02	0.0000000000000000e+00	1.8763420151204846e+04
1.1484266478122699e-02	0.0000000000000000e+00	1.8284193283545443e+04
1.1501719770642601e-02	0.0000000000000000e+00	1.7481796936601608e+04
1.1519173063162601e-02	0.0000000000000000e+00	1.6360568702104989e+04
1.1536626355682500e-02	0.0000000000000000e+00	1.4940497189015912e+04
1.1554079648202500e-02	0.0000000000000000e+00	1.3256687822895203e+04
1.1571532940722400e-02	0.0000000000000000e+00	1.1356716930527531e+04
1.1588986233242300e-02	0.0000000000000000e+00	9.2990757122610194e+03
1.1606439525762300e-02	0.0000000000000000e+00	7.1558726141844754e+03
1.1623892818282199e-02	0.0000000000000000e+00	5.0175695302729291e+03
1.1641346110802199e-02	0.0000000000000000e+00	5.6986891616029143e+03
1.1658799403322101e-02	0.0000000000000000e+00	8.2238210275783895e+03
1.1676252695842101e-02	0.0000000000000000e+00	1.0544893077677405e+04
1.1693705988362000e-02	0.0000000000000000e+00	1.2598323345334324e+04
1.1711159280882000e-02	0.0000000000000000e+00	1.4342520850603496e+04
1.1728612573401900e-02	0.0000000000000000e+00	1.5741974023569486e+04
1.1746065865921800e-02	0.0000000000000000e+00	1.6786776429635236e+04
1.1763519158441800e-02	0.0000000000000000e+00	1.7496031276560298e+04
1.1780972450961699e-02	0.0000000000000000e+00	1.7920411533114853e+04
1.1798425743481699e-02	0.0000000000000000e+00	1.8105463964228107e+04
1.1815879036001601e-02	0.0000000000000000e+00	1.8030283490827147e+04
1.1833332328521601e-02	0.0000000000000000e+00	1.7661791970901580e+04
1.1850785621041500e-02	0.0000000000000000e+00	1.6981725724751897e+04
1.1868238913561400e-02	0.0000000000000000e+00	1.5990147438987809e+04
1.1885692206081400e-02	0.0000000000000000e+00	1.4699825306984631e+04
1.1903145498601300e-02	0.0000000000000000e+00	1.3136849799880991e+04
1.1920598791121300e-02	0.0000000000000000e+00	1.1340134486309196e+04
1.1938052083641199e-02	0.0000000000000000e+00	9.3606347186360254e+03
1.1955505376161199e-02	0.0000000000000000e+00	7.2646115633931822e+03
1.1972958668681101e-02	0.0000000000000000e+00	5.1376474173296729e+03
1.1990411961201000e-02	0.0000000000000000e+00	6.6311993629839826e+03
1.2007865253721000e-02	0.0000000000000000e+00	9.1860085680535449e+03
1.2025318546240900e-02	0.0000000000000000e+00	1.1522770763593038e+04
1.2042771838760900e-02	0.0000000000000000e+00	1.3591896328551156e+04
1.2060225131280800e-02	0.0000000000000000e+00	1.5334210735555176e+04
1.2077678423800800e-02	0.0000000000000000e+00	1.6717245613488620e+04
1.2095131716320699e-02	0.0000000000000000e+00	1.7727849250593801e+04
1.2112585008840600e-02	0.0000000000000000e+00	1.8383376174776771e+04
1.2130038301360601e-02	0.0000000000000000e+00	1.8736639340630583e+04
1.2147491593880500e-02	0.0000000000000000e+00	1.8835028128142832e+04
1.2164944886400500e-02	0.0000000000000000e+00	1.8662695064088748e+04
1.2182398178920400e-02	0.0000000000000000e+00	1.8183894830972560e+04
1.2199851471440400e-02	0.0000000000000000e+00	1.7382290030116383e+04
1.2217304763960300e-02	0.0000000000000000e+00	1.6262072152723922e+04
1.2234758056480201e-02	0.0000000000000000e+00	1.4843286000885253e+04
1.2252211349000199e-02	0.0000000000000000e+00	1.3161051807796146e+04
1.2269664641520101e-02	0.0000000000000000e+00	1.1262956353130548e+04
1.2287117934040101e-02	0.0000000000000000e+00	9.2075042337313080e+03
1.2304571226560000e-02	0.0000000000000000e+00	7.0677905662673629e+03
1.2322024519080000e-02	0.0000000000000000e+00	4.9339874937587847e+03
1.2339477811599900e-02	0.0000000000000000e+00	5.7922846271759445e+03
1.2356931104119900e-02	0.0000000000000000e+00	8.3172898126246182e+03
1.2374384396639800e-02	0.0000000000000000e+00	1.0638022917392214e+04
1.2391837689159701e-02	0.0000000000000000e+00	1.2691112670366139e+04
1.2409290981679699e-02	0.0000000000000000e+00	1.4435161052090858e+04
1.2426744274199601e-02	0.0000000000000000e+00	1.5834451633037048e+04
1.2444197566719601e-02	0.0000000000000000e+00	1.6879244908812649e+04
1.2461650859239500e-02	0.0000000000000000e+00	1.7588593089334463e+04
1.2479104151759500e-02	0.0000000000000000e+00	1.8013273923003155e+04
1.2496557444279400e-02	0.0000000000000000e+00	1.8198253218804279e+04
1.2514010736799299e-02	0.0000000000000000e+00	1.8122575168234642e+04
1.2531464029319300e-02	0.0000000000000000e+00	1.7753226754214851e+04
1.2548917321839201e-02	0.0000000000000000e+00	1.7072118732197479e+04
1.2566370614359199e-02	0.0000000000000000e+00	1.6078998368808754e+04
1.2583823906879101e-02	0.0000000000000000e+00	1.4787044642766396e+04
1.2601277199399101e-02	0.0000000000000000e+00	1.3222152834741551e+04
1.2618730491919000e-02	0.0000000000000000e+00	1.1423227519099188e+04
1.2636183784438900e-02	0.0000000000000000e+00	9.4412156814738046e+03
1.2653637076958900e-02	0.0000000000000000e+00	7.3417592733654201e+03
1.2671090369478799e-02	0.0000000000000000e+00	5.2101565634611907e+03
1.2688543661998800e-02	0.0000000000000000e+00	6.5445159059327534e+03
1.2705996954518701e-02	0.0000000000000000e+00	9.0996813610206264e+03
1.2723450247038699e-02	0.0000000000000000e+00	1.1436799506242216e+04
1.2740903539558601e-02	0.0000000000000000e+00	1.3506151227586324e+04
1.2758356832078500e-02	0.0000000000000000e+00	1.5248828500132860e+04
1.2775810124598500e-02	0.0000000000000000e+00	1.6632106787735051e+04
1.2793263417118400e-02	0.0000000000000000e+00	1.7642867633616610e+04
1.2810716709638400e-02	0.0000000000000000e+00	1.8298516886382251e+04
1.2828170002158299e-02	0.0000000000000000e+00	1.8651892131157070e+04
1.2845623294678300e-02	0.0000000000000000e+00	1.8750754807321096e+04
1.2863076587198201e-02	0.0000000000000000e+00	1.8579302248784425e+04
1.2880529879718199e-02	0.0000000000000000e+00	1.8101662608610644e+04
1.2897983172238101e-02	0.0000000000000000e+00	1.7301568825932492e+04
1.2915436464758000e-02	0.0000000000000000e+00	1.6182926689275533e+04
1.2932889757278000e-02	0.0000000000000000e+00	1.4765972417614608e+04
1.2950343049797900e-02	0.0000000000000000e+00	1.3085835083615357e+04
1.2967796342317900e-02	0.0000000000000000e+00	1.1190108855682200e+04
1.2985249634837799e-02	0.0000000000000000e+00	9.1373045723781215e+03
1.3002702927357800e-02	0.0000000000000000e+00	7.0018107098351084e+03
1.3020156219877701e-02	0.0000000000000000e+00	4.8728553895259693e+03
1.3037609512397600e-02	0.0000000000000000e+00	5.8716712474368596e+03
1.3055062804917601e-02	0.0000000000000000e+00	8.3963683325433612e+03
1.3072516097437500e-02	0.0000000000000000e+00	1.0716722048302416e+04
1.3089969389957500e-02	0.0000000000000000e+00	1.2769431499713635e+04
1.3107422682477400e-02	0.0000000000000000e+00	1.4513149284800304e+04
1.3124875974997400e-02	0.0000000000000000e+00	1.5912093522865049e+04
1.3142329267517299e-02	0.0000000000000000e+00	1.6956547208516291e+04
1.3159782560037201e-02	0.0000000000000000e+00	1.7665505970130471e+04
1.3177235852557199e-02	0.0000000000000000e+00	1.8089561790853004e+04
1.3194689145077100e-02	0.0000000000000000e+00	1.8273557853108421e+04
1.3212142437597101e-02	0.0000000000000000e+00	1.8196496628530091e+04
1.3229595730117000e-02	0.0000000000000000e+00	1.7825580372097866e+04
1.3247049022637000e-02	0.0000000000000000e+00	1.7142878850543337e+04
1.3264502315156900e-02	0.0000000000000000e+00	1.6147575942278039e+04
1.3281955607676799e-02	0.0000000000000000e+00	1.4853507664623745e+04
1.3299408900196799e-02	0.0000000000000000e+00	1.3286387226511632e+04
1.3316862192716701e-02	0.0000000000000000e+00	1.1484721109104643e+04
1.3334315485236699e-02	0.0000000000000000e+00	9.4998460546355345e+03
1.3351768777756600e-02	0.0000000000000000e+00	7.3965941906917342e+03
1.3369222070276601e-02	0.0000000000000000e+00	5.2600306332483387e+03
1.3386675362796500e-02	0.0000000000000000e+00	6.4727699831321879e+03
1.3404128655316400e-02	0.0000000000000000e+00	9.0283260901058293e+03
1.3421581947836400e-02	0.0000000000000000e+00	1.1365835723702112e+04
1.3439035240356299e-02	0.0000000000000000e+00	1.3435594437709220e+04
1.3456488532876299e-02	0.0000000000000000e+00	1.5178666953405525e+04
1.3473941825396201e-02	0.0000000000000000e+00	1.6562369654070117e+04
1.3491395117916199e-02	0.0000000000000000e+00	1.7573613121107810e+04
1.3508848410436100e-02	0.0000000000000000e+00	1.8229858064347085e+04
1.3526301702956101e-02	0.0000000000000000e+00	1.8584244426760411e+04
1.3543754995476000e-02	0.0000000000000000e+00	1.8684454046906310e+04
1.3561208287995900e-02	0.0000000000000000e+00	1.8514721753207148e+04
1.3578661580515900e-02	0.0000000000000000e+00	1.8038904138909264e+04
1.3596114873035799e-02	0.0000000000000000e+00	1.7240933159033844e+04
1.3613568165555799e-02	0.0000000000000000e+00	1.6124324259197207e+04
1.3631021458075701e-02	0.0000000000000000e+00	1.4709618556645699e+04
1.3648474750595699e-02	0.0000000000000000e+00	1.3031947969545698e+04
1.3665928043115600e-02	0.0000000000000000e+00	1.1138912650652403e+04
1.3683381335635500e-02	0.0000000000000000e+00	9.0895332861578281e+03
1.3700834628155500e-02	0.0000000000000000e+00	6.9580371551781964e+03
1.3718287920675400e-02	0.0000000000000000e+00	4.8340818439520199e+03
1.3735741213195400e-02	0.0000000000000000e+00	5.9354509438260893e+03
1.3753194505715299e-02	0.0000000000000000e+00	8.4596606475698536e+03
1.3770647798235299e-02	0.0000000000000000e+00	1.0779603859152894e+04
1.3788101090755201e-02	0.0000000000000000e+00	1.2831902052718442e+04
1.3805554383275100e-02	0.0000000000000000e+00	1.4575110426294430e+04
1.3823007675795100e-02	0.0000000000000000e+00	1.5973531668658057e+04
1.3840460968315000e-02	0.0000000000000000e+00	1.7017324850750192e+04
1.3857914260835000e-02	0.0000000000000000e+00	1.7725437156984557e+04
1.3875367553354900e-02	0.0000000000000000e+00	1.8148005187760271e+04
1.3892820845874900e-02	0.0000000000000000e+00	1.8330192915528802e+04
1.3910274138394799e-02	0.0000000000000000e+00	1.8250975185740714e+04
1.3927727430914701e-02	0.0000000000000000e+00	1.7877890539149903e+04
1.3945180723434701e-02	0.0000000000000000e+00	1.7193148935815101e+04
1.3962634015954600e-02	0.0000000000000000e+00	1.6195615973327831e+04
1.3980087308474600e-02	0.0000000000000000e+00	1.4899124781136878e+04
1.3997540600994500e-02	0.0000000000000000e+00	1.3329399347240986e+04
1.4014993893514500e-02	0.0000000000000000e+00	1.1524385729588441e+04
1.4032447186034400e-02	0.0000000000000000e+00	9.5364152574380641e+03
1.4049900478554400e-02	0.0000000000000000e+00	7.4292290800061437e+03
1.4067353771074299e-02	0.0000000000000000e+00	5.2876812757985399e+03
1.4084807063594201e-02	0.0000000000000000e+00	6.4172672559622797e+03
1.4102260356114201e-02	0.0000000000000000e+00	8.9732446812979670e+03
1.4119713648634100e-02	0.0000000000000000e+00	1.1311177235171293e+04
1.4137166941154100e-02	0.0000000000000000e+00	1.3381521928792017e+04
1.4154620233674000e-02	0.0000000000000000e+00	1.5125022849600999e+04
1.4172073526194000e-02	0.0000000000000000e+00	1.6509328716984259e+04
1.4189526818713900e-02	0.0000000000000000e+00	1.7521378094506210e+04
1.4206980111233799e-02	0.0000000000000000e+00	1.8178676874632987e+04
1.4224433403753799e-02	0.0000000000000000e+00	1.8534936034881746e+04
1.4241886696273701e-02	0.0000000000000000e+00	1.8637310160309720e+04
1.4259339988793701e-02	0.0000000000000000e+00	1.8470052175207966e+04
1.4276793281313600e-02	0.0000000000000000e+00	1.7996636319833440e+04
1.4294246573833600e-02	0.0000000000000000e+00	1.7201310889992827e+04
1.4311699866353500e-02	0.0000000000000000e+00	1.6087105522734733e+04
1.4329153158873400e-02	0.0000000000000000e+00	1.4674965185719811e+04
1.4346606451393400e-02	0.0000000000000000e+00	1.3000023866315176e+04
1.4364059743913299e-02	0.0000000000000000e+00	1.1109877280797526e+04
1.4381513036433299e-02	0.0000000000000000e+00	9.0641904518911724e+03
1.4398966328953201e-02	0.0000000000000000e+00	6.9366244358277536e+03
1.4416419621473201e-02	0.0000000000000000e+00	4.8175683536806391e+03
1.4433872913993100e-02	0.0000000000000000e+00	5.9823871294747869e+03
1.4451326206513000e-02	0.0000000000000000e+00	8.5059328646424838e+03
1.4468779499033000e-02	0.0000000000000000e+00	1.0825436558422160e+04
1.4486232791552900e-02	0.0000000000000000e+00	1.2877294583960253e+04
1.4503686084072900e-02	0.0000000000000000e+00	1.4619819859805510e+04
1.4521139376592799e-02	0.0000000000000000e+00	1.6017544207231393e+04
1.4538592669112799e-02	0.0000000000000000e+00	1.7060361664489817e+04
1.4556045961632701e-02	0.0000000000000000e+00	1.7767173973533147e+04
1.4573499254152701e-02	0.0000000000000000e+00	1.8187408141270214e+04
1.4590952546672600e-02	0.0000000000000000e+00	1.8366999095063627e+04
1.4608405839192500e-02	0.0000000000000000e+00	1.8284906436566722e+04
1.4625859131712500e-02	0.0000000000000000e+00	1.7909123276828741e+04
1.4643312424232400e-02	0.0000000000000000e+00	1.7221969363997661e+04
1.4660765716752400e-02	0.0000000000000000e+00	1.6221893956372865e+04
1.4678219009272299e-02	0.0000000000000000e+00	1.4922729291953665e+04
1.4695672301792299e-02	0.0000000000000000e+00	1.3350202347925097e+04
1.4713125594312201e-02	0.0000000000000000e+00	1.1542264805252178e+04
1.4730578886832100e-02	0.0000000000000000e+00	9.5506114549812137e+03
1.4748032179352100e-02	0.0000000000000000e+00	7.4395727822193285e+03
1.4765485471872000e-02	0.0000000000000000e+00	5.2933013344036872e+03
1.4782938764392000e-02	0.0000000000000000e+00	6.3791435804099765e+03
1.4800392056911900e-02	0.0000000000000000e+00	8.9355674619583224e+03
1.4817845349431900e-02	0.0000000000000000e+00	1.1273946340697930e+04
1.4835298641951799e-02	0.0000000000000000e+00	1.3345042611985920e+04
1.4852751934471701e-02	0.0000000000000000e+00	1.5088993335209365e+04
1.4870205226991701e-02	0.0000000000000000e+00	1.6474065578112582e+04
1.4887658519511600e-02	0.0000000000000000e+00	1.7487221957255653e+04
1.4905111812031600e-02	0.0000000000000000e+00	1.8146010276556324e+04
1.4922565104551500e-02	0.0000000000000000e+00	1.8504952677049492e+04
1.4940018397071500e-02	0.0000000000000000e+00	1.8610232140555934e+04
1.4957471689591400e-02	0.0000000000000000e+00	1.8446105381944832e+04
1.4974924982111301e-02	0.0000000000000000e+00	1.7975556904378864e+04
1.4992378274631299e-02	0.0000000000000000e+00	1.7183253495862969e+04
1.5009831567151201e-02	0.0000000000000000e+00	1.6071683225377486e+04
1.5027284859671201e-02	0.0000000000000000e+00	1.4662273111259401e+04
1.5044738152191100e-02	0.0000000000000000e+00	1.2990149966468540e+04
1.5062191444711100e-02	0.0000000000000000e+00	1.1102905593876258e+04
1.5079644737231000e-02	0.0000000000000000e+00	9.0608168146607877e+03
1.5097098029750899e-02	0.0000000000000000e+00	6.9369527057845271e+03
1.5114551322270900e-02	0.0000000000000000e+00	4.8225251866621356e+03
1.5132004614790801e-02	0.0000000000000000e+00	6.0115157595204173e+03
1.5149457907310799e-02	0.0000000000000000e+00	8.5342427988408253e+03
1.5166911199830701e-02	0.0000000000000000e+00	1.0853289140639861e+04
1.5184364492350701e-02	0.0000000000000000e+00	1.2904689472527456e+04
1.5201817784870600e-02	0.0000000000000000e+00	1.4646378851031672e+04
1.5219271077390600e-02	0.0000000000000000e+00	1.6043256972668774e+04
1.5236724369910500e-02	0.0000000000000000e+00	1.7084820028596616e+04
1.5254177662430399e-02	0.0000000000000000e+00	1.7789937398918650e+04
1.5271630954950400e-02	0.0000000000000000e+00	1.8207349853042877e+04
1.5289084247470301e-02	0.0000000000000000e+00	1.8383473991454110e+04
1.5306537539990299e-02	0.0000000000000000e+00	1.8297983279589258e+04
1.5323990832510201e-02	0.0000000000000000e+00	1.7919158036330802e+04
1.5341444125030201e-02	0.0000000000000000e+00	1.7229387318657788e+04
1.5358897417550100e-02	0.0000000000000000e+00	1.6226630718937744e+04
1.5376350710070000e-02	0.0000000000000000e+00	1.4924729595829551e+04
1.5393804002590000e-02	0.0000000000000000e+00	1.3349418615553508e+04
1.5411257295109899e-02	0.0000000000000000e+00	1.1538656088499494e+04
1.5428710587629900e-02	0.0000000000000000e+00	9.5435576882856712e+03
1.5446163880149801e-02	0.0000000000000000e+00	7.4290350495384237e+03
1.5463617172669799e-02	0.0000000000000000e+00	5.2786569251955980e+03
1.5481070465189701e-02	0.0000000000000000e+00	6.3591401906208603e+03
1.5498523757709600e-02	0.0000000000000000e+00	8.9160223018912948e+03
1.5515977050229600e-02	0.0000000000000000e+00	1.1254860323388535e+04
1.5533430342749500e-02	0.0000000000000000e+00	1.3326849886625736e+04
1.5550883635269500e-02	0.0000000000000000e+00	1.5071263945863004e+04
1.5568336927789399e-02	0.0000000000000000e+00	1.6457240143050505e+04
1.5585790220309400e-02	0.0000000000000000e+00	1.7471760474228086e+04
1.5603243512829299e-02	0.0000000000000000e+00	1.8132491552551288e+04
1.5620696805349200e-02	0.0000000000000000e+00	1.8494672169651538e+04
1.5638150097869199e-02	0.0000000000000000e+00	1.8603411661123246e+04
1.5655603390389100e-02	0.0000000000000000e+00	1.8442854343997620e+04
1.5673056682909099e-02	0.0000000000000000e+00	1.7975594951804433e+04
1.5690509975429000e-02	0.0000000000000000e+00	1.7186324523527677e+04
1.5707963267949002e-02	0.0000000000000000e+00	1.6077437291937216e+04
1.5725416560468899e-02	0.0000000000000000e+00	1.4670725547657503e+04
1.5742869852988801e-02	0.0000000000000000e+00	1.3001308543084579e+04
1.5760323145508799e-02	0.0000000000000000e+00	1.1116765772227056e+04
1.5777776438028700e-02	0.0000000000000000e+00	9.0779125403162470e+03
1.5795229730548699e-02	0.0000000000000000e+00	6.9572514899937323e+03
1.5812683023068600e-02	0.0000000000000000e+00	4.8470351566527715e+03
1.5830136315588599e-02	0.0000000000000000e+00	6.0223108561132785e+03
1.5847589608108500e-02	0.0000000000000000e+00	8.5440922237895720e+03
1.5865042900628502e-02	0.0000000000000000e+00	1.0862674576990528e+04
1.5882496193148399e-02	0.0000000000000000e+00	1.2913610969543777e+04
1.5899949485668301e-02	0.0000000000000000e+00	1.4654343739480191e+04
1.5917402778188299e-02	0.0000000000000000e+00	1.6050257354277928e+04
1.5934856070708200e-02	0.0000000000000000e+00	1.7090344919252835e+04
1.5952309363228199e-02	0.0000000000000000e+00	1.7793454988578302e+04
1.5969762655748100e-02	0.0000000000000000e+00	1.8207785975916471e+04
1.5987215948268099e-02	0.0000000000000000e+00	1.8379708930009365e+04
1.6004669240788000e-02	0.0000000000000000e+00	1.8290639713031305e+04
1.6022122533307901e-02	0.0000000000000000e+00	1.7908472885137755e+04
1.6039575825827899e-02	0.0000000000000000e+00	1.7216045319043365e+04
1.6057029118347801e-02	0.0000000000000000e+00	1.6210647959865872e+04
1.6074482410867799e-02	0.0000000000000000e+00	1.4906129530048653e+04
1.6091935703387700e-02	0.0000000000000000e+00	1.3328236985945672e+04
1.6109388995907699e-02	0.0000000000000000e+00	1.1514941145584304e+04
1.6126842288427600e-02	0.0000000000000000e+00	9.5168758694628996e+03
1.6144295580947501e-02	0.0000000000000000e+00	7.3994944144603169e+03
1.6161748873467500e-02	0.0000000000000000e+00	5.2460975514997117e+03
1.6179202165987401e-02	0.0000000000000000e+00	6.3575751379633411e+03
1.6196655458507399e-02	0.0000000000000000e+00	8.9149192846367005e+03
1.6214108751027301e-02	0.0000000000000000e+00	1.1254218157824067e+04
1.6231562043547299e-02	0.0000000000000000e+00	1.3327205359977637e+04
1.6249015336067200e-02	0.0000000000000000e+00	1.5072081067147345e+04
1.6266468628587199e-02	0.0000000000000000e+00	1.6459062164408824e+04
1.6283921921107100e-02	0.0000000000000000e+00	1.7475140018285463e+04
1.6301375213627001e-02	0.0000000000000000e+00	1.8138547181939972e+04
1.6318828506147000e-02	0.0000000000000000e+00	1.8503983001015287e+04
1.6336281798666901e-02	0.0000000000000000e+00	1.8616928839270186e+04
1.6353735091186899e-02	0.0000000000000000e+00	1.8459795210498232e+04
1.6371188383706801e-02	0.0000000000000000e+00	1.7996270253839652e+04
1.6388641676226799e-02	0.0000000000000000e+00	1.7209606283006637e+04
1.6406094968746700e-02	0.0000000000000000e+00	1.6103270358417009e+04
1.6423548261266602e-02	0.0000000000000000e+00	1.4699041625305767e+04
1.6441001553786600e-02	0.0000000000000000e+00	1.3032026191119212e+04
1.6458454846306501e-02	0.0000000000000000e+00	1.1149791590345605e+04
1.6475908138826500e-02	0.0000000000000000e+00	9.1135678023309993e+03
1.6493361431346401e-02	0.0000000000000000e+00	6.9953616838209655e+03
1.6510814723866400e-02	0.0000000000000000e+00	4.8881048754045223e+03
1.6528268016386301e-02	0.0000000000000000e+00	6.0147032966390134e+03
1.6545721308906199e-02	0.0000000000000000e+00	8.5354531225619539e+03
1.6563174601426200e-02	0.0000000000000000e+00	1.0853577781653474e+04
1.6580627893946102e-02	0.0000000000000000e+00	1.2904056965614833e+04
1.6598081186466100e-02	0.0000000000000000e+00	1.4643752104227840e+04
1.6615534478986001e-02	0.0000000000000000e+00	1.6038625110569610e+04
1.6632987771506000e-02	0.0000000000000000e+00	1.7077084635128002e+04
1.6650441064025901e-02	0.0000000000000000e+00	1.7777978552539094e+04
1.6667894356545799e-02	0.0000000000000000e+00	1.8188934175902916e+04
1.6685347649065801e-02	0.0000000000000000e+00	1.8356384554227345e+04
1.6702800941585699e-02	0.0000000000000000e+00	1.8264066285695160e+04
1.6720254234105700e-02	0.0000000000000000e+00	1.7878581574446653e+04
1.6737707526625598e-02	0.0000000000000000e+00	1.7183291185023438e+04
1.6755160819145600e-02	0.0000000000000000e+00	1.6175486584455177e+04
1.6772614111665501e-02	0.0000000000000000e+00	1.4868676411625265e+04
1.6790067404185399e-02	0.0000000000000000e+00	1.3288617949415044e+04
1.6807520696705401e-02	0.0000000000000000e+00	1.1473293420264208e+04
1.6824973989225299e-02	0.0000000000000000e+00	9.4730018837888801e+03
1.6842427281745301e-02	0.0000000000000000e+00	7.3536359118973860e+03
1.6859880574265199e-02	0.0000000000000000e+00	5.1985127237729730e+03
1.6877333866785200e-02	0.0000000000000000e+00	6.3742259348731723e+03
1.6894787159305098e-02	0.0000000000000000e+00	8.9320188818484676e+03
1.6912240451825100e-02	0.0000000000000000e+00	1.1271765510749763e+04
1.6929693744345001e-02	0.0000000000000000e+00	1.3345811165374391e+04
1.6947147036864899e-02	0.0000000000000000e+00	1.5091134520553633e+04
1.6964600329384901e-02	0.0000000000000000e+00	1.6479175211765756e+04
1.6982053621904799e-02	0.0000000000000000e+00	1.7496922467511038e+04
1.6999506914424801e-02	0.0000000000000000e+00	1.8163212613656935e+04
1.7016960206944699e-02	0.0000000000000000e+00	1.8532089587040773e+04
1.7034413499464700e-02	0.0000000000000000e+00	1.8649524006261512e+04
1.7051866791984598e-02	0.0000000000000000e+00	1.8496114355270329e+04
1.7069320084504500e-02	0.0000000000000000e+00	1.8035594325106169e+04
1.7086773377024501e-02	0.0000000000000000e+00	1.7251283645162042e+04
1.7104226669544399e-02	0.0000000000000000e+00	1.6147157645491699e+04
1.7121679962064401e-02	0.0000000000000000e+00	1.4744985810736640e+04
1.7139133254584299e-02	0.0000000000000000e+00	1.3079859162197949e+04
1.7156586547104301e-02	0.0000000000000000e+00	1.1199330732420862e+04
1.7174039839624199e-02	0.0000000000000000e+00	9.1648795201990852e+03
1.7191493132144100e-02	0.0000000000000000e+00	7.0481368433167045e+03
1.7208946424664098e-02	0.0000000000000000e+00	4.9422733337861018e+03
1.7226399717184000e-02	0.0000000000000000e+00	5.9892090836309944e+03
1.7243853009704001e-02	0.0000000000000000e+00	8.5088911838735512e+03
1.7261306302223899e-02	0.0000000000000000e+00	1.0826580794140369e+04
1.7278759594743901e-02	0.0000000000000000e+00	1.2876625436884868e+04
1.7296212887263799e-02	0.0000000000000000e+00	1.4615253921820589e+04
1.7313666179783700e-02	0.0000000000000000e+00	1.6009061937209144e+04
1.7331119472303699e-02	0.0000000000000000e+00	1.7045832269180792e+04
1.7348572764823600e-02	0.0000000000000000e+00	1.7744434151199508e+04
1.7366026057343598e-02	0.0000000000000000e+00	1.8151941276408346e+04
1.7383479349863500e-02	0.0000000000000000e+00	1.8314982919254595e+04
1.7400932642383501e-02	0.0000000000000000e+00	1.8219572710065193e+04
1.7418385934903399e-02	0.0000000000000000e+00	1.7831228241516699e+04
1.7435839227423401e-02	0.0000000000000000e+00	1.7133321357457276e+04
1.7453292519943299e-02	0.0000000000000000e+00	1.6123545691176436e+04
1.7470745812463200e-02	0.0000000000000000e+00	1.4814955939749447e+04
1.7488199104983199e-02	0.0000000000000000e+00	1.3233326878390881e+04
1.7505652397503100e-02	0.0000000000000000e+00	1.1416655728591842e+04
1.7523105690023098e-02	0.0000000000000000e+00	9.4150887433611388e+03
1.7540558982543000e-02	0.0000000000000000e+00	7.2948175580347170e+03
1.7558012275063001e-02	0.0000000000000000e+00	5.1391729699940179e+03
1.7575465567582899e-02	0.0000000000000000e+00	6.4082840705546114e+03
1.7592918860102801e-02	0.0000000000000000e+00	8.9664960193778697e+03
1.7610372152622799e-02	0.0000000000000000e+00	1.1307172214601131e+04
1.7627825445142700e-02	0.0000000000000000e+00	1.3381770708587017e+04
1.7645278737662699e-02	0.0000000000000000e+00	1.5127511636476380e+04
1.7662732030182600e-02	0.0000000000000000e+00	1.6516612579740031e+04
1.7680185322702598e-02	0.0000000000000000e+00	1.7536055522208611e+04
1.7697638615222500e-02	0.0000000000000000e+00	1.8205259060473836e+04
1.7715091907742401e-02	0.0000000000000000e+00	1.8577539363620166e+04
1.7732545200262399e-02	0.0000000000000000e+00	1.8699260695518598e+04
1.7749998492782301e-02	0.0000000000000000e+00	1.8549223163751289e+04
1.7767451785302299e-02	0.0000000000000000e+00	1.8091278417302401e+04
1.7784905077822200e-02	0.0000000000000000e+00	1.7308876832724276e+04
1.7802358370342199e-02	0.0000000000000000e+00	1.6206441706501004e+04
1.7819811662862100e-02	0.0000000000000000e+00	1.4805725198018934e+04
1.7837264955382001e-02	0.0000000000000000e+00	1.3141803085915626e+04
1.7854718247902000e-02	0.0000000000000000e+00	1.1262218917704540e+04
1.7872171540421901e-02	0.0000000000000000e+00	9.2284984212258878e+03
1.7889624832941899e-02	0.0000000000000000e+00	7.1120614430595178e+03
1.7907078125461801e-02	0.0000000000000000e+00	5.0058215827478707e+03
1.7924531417981799e-02	0.0000000000000000e+00	5.9469412881766511e+03
1.7941984710501700e-02	0.0000000000000000e+00	8.4655717298796462e+03
1.7959438003021699e-02	0.0000000000000000e+00	1.0782862169257516e+04
1.7976891295541600e-02	0.0000000000000000e+00	1.2832508731051494e+04
1.7994344588061501e-02	0.0000000000000000e+00	1.4570093479334757e+04
1.8011797880581500e-02	0.0000000000000000e+00	1.5962864868834264e+04
1.8029251173101401e-02	0.0000000000000000e+00	1.6998038184533259e+04
1.8046704465621399e-02	0.0000000000000000e+00	1.7694343309620082e+04
1.8064157758141301e-02	0.0000000000000000e+00	1.8098545379787236e+04
1.8081611050661299e-02	0.0000000000000000e+00	1.8258012254149977e+04
1.8099064343181200e-02	0.0000000000000000e+00	1.8159433470098724e+04
1.8116517635701102e-02	0.0000000000000000e+00	1.7768744427834517e+04
1.8133970928221100e-02	0.0000000000000000e+00	1.7068854542974037e+04
1.8151424220741001e-02	0.0000000000000000e+00	1.6057710261551036e+04
1.8168877513261000e-02	0.0000000000000000e+00	1.4748028638809716e+04
1.8186330805780901e-02	0.0000000000000000e+00	1.3165595631574970e+04
1.8203784098300899e-02	0.0000000000000000e+00	1.1348417173135434e+04
1.8221237390820801e-02	0.0000000000000000e+00	9.3467016021696691e+03
1.8238690683340698e-02	0.0000000000000000e+00	7.2267533917989176e+03
1.8256143975860700e-02	0.0000000000000000e+00	5.0719120161703286e+03
1.8273597268380602e-02	0.0000000000000000e+00	6.4583357344820397e+03
1.8291050560900600e-02	0.0000000000000000e+00	9.0169224423816067e+03
1.8308503853420501e-02	0.0000000000000000e+00	1.1358619952798541e+04
1.8325957145940500e-02	0.0000000000000000e+00	1.3433592786353644e+04
1.8343410438460401e-02	0.0000000000000000e+00	1.5179706417362459e+04
1.8360863730980299e-02	0.0000000000000000e+00	1.6569817252993918e+04
1.8378317023500301e-02	0.0000000000000000e+00	1.7590882045685412e+04
1.8395770316020198e-02	0.0000000000000000e+00	1.8262851531252287e+04
1.8413223608540200e-02	0.0000000000000000e+00	1.8638276993823514e+04
1.8430676901060102e-02	0.0000000000000000e+00	1.8763775446534692e+04
1.8448130193580100e-02	0.0000000000000000e+00	1.8616497520066048e+04
1.8465583486100001e-02	0.0000000000000000e+00	1.8160481090747562e+04
1.8483036778619899e-02	0.0000000000000000e+00	1.7379378559760728e+04
1.8500490071139901e-02	0.0000000000000000e+00	1.6277948867951745e+04
1.8517943363659799e-02	0.0000000000000000e+00	1.4877927038226991e+04
1.8535396656179801e-02	0.0000000000000000e+00	1.3214380291045733e+04
1.8552849948699698e-02	0.0000000000000000e+00	1.1334843535728231e+04
1.8570303241219700e-02	0.0000000000000000e+00	9.3006634339008469e+03
1.8587756533739602e-02	0.0000000000000000e+00	7.1832468147021527e+03
1.8605209826259600e-02	0.0000000000000000e+00	5.0747254559475514e+03
1.8622663118779501e-02	0.0000000000000000e+00	5.8895968938472561e+03
1.8640116411299399e-02	0.0000000000000000e+00	8.4078143624293025e+03
1.8657569703819401e-02	0.0000000000000000e+00	1.0724190104562957e+04
1.8675022996339299e-02	0.0000000000000000e+00	1.2773490193608999e+04
1.8692476288859301e-02	0.0000000000000000e+00	1.4510110542972176e+04
1.8709929581379198e-02	0.0000000000000000e+00	1.5901930242284208e+04
1.8727382873899200e-02	0.0000000000000000e+00	1.6936165473546673e+04
1.8744836166419102e-02	0.0000000000000000e+00	1.7629844609486787e+04
1.8762289458938999e-02	0.0000000000000000e+00	1.8031114344148802e+04
1.8779742751459001e-02	0.0000000000000000e+00	1.8187570788483750e+04
1.8797196043978899e-02	0.0000000000000000e+00	1.8086533655567677e+04
1.8814649336498901e-02	0.0000000000000000e+00	1.7694221855799493e+04
1.8832102629018799e-02	0.0000000000000000e+00	1.6993179474909815e+04
1.8849555921538801e-02	0.0000000000000000e+00	1.5981425940491697e+04
1.8867009214058698e-02	0.0000000000000000e+00	1.4671474447080922e+04
1.8884462506578600e-02	0.0000000000000000e+00	1.3089121419852469e+04
1.8901915799098602e-02	0.0000000000000000e+00	1.1272381830845849e+04
1.8919369091618499e-02	0.0000000000000000e+00	9.2717544383255608e+03
1.8936822384138501e-02	0.0000000000000000e+00	7.1534536869338444e+03
1.8954275676658399e-02	0.0000000000000000e+00	5.0011570602946858e+03
1.8971728969178401e-02	0.0000000000000000e+00	6.5224094702166285e+03
1.8989182261698299e-02	0.0000000000000000e+00	9.0813176719168005e+03
1.9006635554218200e-02	0.0000000000000000e+00	1.1423935024512204e+04
1.9024088846738198e-02	0.0000000000000000e+00	1.3499224508445395e+04
1.9041542139258100e-02	0.0000000000000000e+00	1.5245652799137057e+04
1.9058995431778102e-02	0.0000000000000000e+00	1.6636665609029253e+04
1.9076448724297999e-02	0.0000000000000000e+00	1.7659182192795488e+04
1.9093902016818001e-02	0.0000000000000000e+00	1.8333594187841099e+04
1.9111355309337899e-02	0.0000000000000000e+00	1.8711688430183633e+04
1.9128808601857800e-02	0.0000000000000000e+00	1.8840163707521555e+04
1.9146261894377799e-02	0.0000000000000000e+00	1.8694797125357294e+04
1.9163715186897700e-02	0.0000000000000000e+00	1.8239883693672742e+04
1.9181168479417698e-02	0.0000000000000000e+00	1.7459329558350109e+04
1.9198621771937600e-02	0.0000000000000000e+00	1.6358090823998191e+04
1.9216075064457602e-02	0.0000000000000000e+00	1.4957894097834209e+04
1.9233528356977499e-02	0.0000000000000000e+00	1.3293796699713706e+04
1.9250981649497501e-02	0.0000000000000000e+00	1.1413323656990357e+04
1.9268434942017399e-02	0.0000000000000000e+00	9.3774159930039204e+03
1.9285888234537300e-02	0.0000000000000000e+00	7.2576836366047173e+03
1.9303341527057299e-02	0.0000000000000000e+00	5.1449764351738067e+03
1.9320794819577200e-02	0.0000000000000000e+00	5.8194125609295279e+03
1.9338248112097198e-02	0.0000000000000000e+00	8.3373411519763395e+03
1.9355701404617100e-02	0.0000000000000000e+00	1.0652864911210521e+04
1.9373154697137102e-02	0.0000000000000000e+00	1.2701881808398708e+04
1.9390607989656999e-02	0.0000000000000000e+00	1.4437668756148381e+04
1.9408061282176901e-02	0.0000000000000000e+00	1.5828672865225793e+04
1.9425514574696899e-02	0.0000000000000000e+00	1.6862111754958030e+04
1.9442967867216800e-02	0.0000000000000000e+00	1.7553569002273292e+04
1.9460421159736799e-02	0.0000000000000000e+00	1.7952478084947801e+04
1.9477874452256700e-02	0.0000000000000000e+00	1.8106716618871174e+04
1.9495327744776698e-02	0.0000000000000000e+00	1.8004144368682246e+04
1.9512781037296600e-02	0.0000000000000000e+00	1.7611091473111017e+04
1.9530234329816501e-02	0.0000000000000000e+00	1.6909863726412201e+04
1.9547687622336499e-02	0.0000000000000000e+00	1.5898355216963368e+04
1.9565140914856401e-02	0.0000000000000000e+00	1.4589038690167525e+04
1.9582594207376399e-02	0.0000000000000000e+00	1.3007718743183643e+04
1.9600047499896300e-02	0.0000000000000000e+00	1.1192415252738861e+04
1.9617500792416299e-02	0.0000000000000000e+00	9.1941568215795269e+03
1.9634954084936200e-02	0.0000000000000000e+00	7.0788393765124019e+03
1.9652407377456101e-02	0.0000000000000000e+00	4.9309103462264893e+03
1.9669860669976100e-02	0.0000000000000000e+00	6.5980395954383966e+03
1.9687313962496001e-02	0.0000000000000000e+00	9.1572016229222409e+03
1.9704767255015999e-02	0.0000000000000000e+00	1.1500591186951355e+04
1.9722220547535901e-02	0.0000000000000000e+00	1.3576128643164189e+04
1.9739673840055899e-02	0.0000000000000000e+00	1.5322801623324400e+04
1.9757127132575800e-02	0.0000000000000000e+00	1.6714559425886968e+04
1.9774580425095799e-02	0.0000000000000000e+00	1.7738273405330718e+04
1.9792033717615700e-02	0.0000000000000000e+00	1.8414650796793216e+04
1.9809487010135601e-02	0.0000000000000000e+00	1.8794756098873837e+04
1.9826940302655600e-02	0.0000000000000000e+00	1.8925175848404640e+04
1.9844393595175501e-02	0.0000000000000000e+00	1.8780699887185106e+04
1.9861846887695499e-02	0.0000000000000000e+00	1.8325932583994854e+04
1.9879300180215401e-02	0.0000000000000000e+00	1.7545083345501134e+04
1.9896753472735399e-02	0.0000000000000000e+00	1.6443150079698386e+04
1.9914206765255300e-02	0.0000000000000000e+00	1.5041849434038948e+04
1.9931660057775202e-02	0.0000000000000000e+00	1.3376230136252416e+04
1.9949113350295200e-02	0.0000000000000000e+00	1.1493818072214666e+04
1.9966566642815101e-02	0.0000000000000000e+00	9.4549040561865804e+03
1.9984019935335100e-02	0.0000000000000000e+00	7.3315326628089388e+03
2.0001473227855001e-02	0.0000000000000000e+00	5.2136618884965446e+03
2.0018926520374999e-02	0.0000000000000000e+00	5.7390500548830987e+03
2.0036379812894901e-02	0.0000000000000000e+00	8.2567619896090328e+03
2.0053833105414798e-02	0.0000000000000000e+00	1.0571604177252400e+04
2.0071286397934800e-02	0.0000000000000000e+00	1.2620410623575492e+04
2.0088739690454702e-02	0.0000000000000000e+00	1.4355539041590611e+04
2.0106192982974700e-02	0.0000000000000000e+00	1.5745907331518149e+04
2.0123646275494601e-02	0.0000000000000000e+00	1.6778733077290752e+04
2.0141099568014600e-02	0.0000000000000000e+00	1.7468515692986875e+04
2.0158552860534501e-02	0.0000000000000000e+00	1.7865799977382660e+04
2.0176006153054399e-02	0.0000000000000000e+00	1.8018793573518935e+04
2.0193459445574401e-02	0.0000000000000000e+00	1.7915765787692475e+04
2.0210912738094299e-02	0.0000000000000000e+00	1.7522964590084895e+04
2.0228366030614300e-02	0.0000000000000000e+00	1.6822608490063962e+04
2.0245819323134202e-02	0.0000000000000000e+00	1.5812252210901192e+04
2.0263272615654200e-02	0.0000000000000000e+00	1.4504513640858753e+04
2.0280725908174101e-02	0.0000000000000000e+00	1.2925201711065767e+04
2.0298179200694100e-02	0.0000000000000000e+00	1.1112335910921629e+04
2.0315632493214001e-02	0.0000000000000000e+00	9.1177091533475432e+03
2.0333085785733899e-02	0.0000000000000000e+00	7.0066650896813280e+03
2.0350539078253901e-02	0.0000000000000000e+00	4.8646655732145746e+03
2.0367992370773799e-02	0.0000000000000000e+00	6.6823845128164176e+03
2.0385445663293800e-02	0.0000000000000000e+00	9.2417247405096205e+03
2.0402898955813702e-02	0.0000000000000000e+00	1.1585698074514718e+04
2.0420352248333700e-02	0.0000000000000000e+00	1.3661406708137736e+04
2.0437805540853601e-02	0.0000000000000000e+00	1.5408250480441035e+04
2.0455258833373499e-02	0.0000000000000000e+00	1.6800913178034032e+04
2.0472712125893501e-02	0.0000000000000000e+00	1.7825153768328266e+04
2.0490165418413399e-02	0.0000000000000000e+00	1.8502890553577254e+04
2.0507618710933401e-02	0.0000000000000000e+00	1.8884204179430293e+04
2.0525072003453299e-02	0.0000000000000000e+00	1.9015359132538510e+04
2.0542525295973300e-02	0.0000000000000000e+00	1.8870618532811081e+04
2.0559978588493202e-02	0.0000000000000000e+00	1.8414955299914556e+04
2.0577431881013099e-02	0.0000000000000000e+00	1.7632926536924446e+04
2.0594885173533101e-02	0.0000000000000000e+00	1.6529382232059183e+04
2.0612338466052999e-02	0.0000000000000000e+00	1.5126031738596037e+04
2.0629791758573001e-02	0.0000000000000000e+00	1.3457925621820015e+04
2.0647245051092899e-02	0.0000000000000000e+00	1.1572588459643099e+04
2.0664698343612901e-02	0.0000000000000000e+00	9.5294389129503052e+03
2.0682151636132799e-02	0.0000000000000000e+00	7.4011834357745929e+03
2.0699604928652700e-02	0.0000000000000000e+00	5.2766532818657997e+03
2.0717058221172702e-02	0.0000000000000000e+00	5.6514909739535815e+03
2.0734511513692599e-02	0.0000000000000000e+00	8.1690621451089582e+03
2.0751964806212601e-02	0.0000000000000000e+00	1.0483426258524325e+04
2.0769418098732499e-02	0.0000000000000000e+00	1.2532099828943035e+04
2.0786871391252501e-02	0.0000000000000000e+00	1.4266776781265657e+04
2.0804324683772399e-02	0.0000000000000000e+00	1.5656720488944369e+04
2.0821777976292300e-02	0.0000000000000000e+00	1.6689148765197944e+04
2.0839231268812299e-02	0.0000000000000000e+00	1.7377907899450507e+04
2.0856684561332200e-02	0.0000000000000000e+00	1.7774423635587122e+04
2.0874137853852202e-02	0.0000000000000000e+00	1.7927262325060219e+04
2.0891591146372099e-02	0.0000000000000000e+00	1.7824951941836654e+04
2.0909044438892101e-02	0.0000000000000000e+00	1.7433446185651035e+04
2.0926497731411999e-02	0.0000000000000000e+00	1.6735050841851025e+04
2.0943951023932001e-02	0.0000000000000000e+00	1.5726761533771441e+04
