0.0000000000000000e+00	0.0000000000000000e+00	3.2233687608176530e+02
1.7453292519943300e-05	0.0000000000000000e+00	3.2085235639554770e+02
3.4906585039886600e-05	0.0000000000000000e+00	3.1997334402509455e+02
5.2359877559829903e-05	0.0000000000000000e+00	3.2027768337199211e+02
6.9813170079773199e-05	0.0000000000000000e+00	3.2227014826104897e+02
8.7266462599716496e-05	0.0000000000000000e+00	3.2633265847542958e+02
1.0471975511966000e-04	0.0000000000000000e+00	3.3268179484840419e+02
1.2217304763960301e-04	0.0000000000000000e+00	3.4133527657059989e+02
1.3962634015954599e-04	0.0000000000000000e+00	3.5208902482065196e+02
1.5707963267949001e-04	0.0000000000000000e+00	3.6450625726697854e+02
1.7453292519943299e-04	0.0000000000000000e+00	3.7791959344177650e+02
1.9198621771937600e-04	0.0000000000000000e+00	3.9144659690465880e+02
2.0943951023931999e-04	0.0000000000000000e+00	4.0401863967834714e+02
2.2689280275926300e-04	0.0000000000000000e+00	4.1442230891218333e+02
2.4434609527920601e-04	0.0000000000000000e+00	4.2135198662037004e+02
2.6179938779914903e-04	0.0000000000000000e+00	4.2347173554663527e+02
2.7925268031909301e-04	0.0000000000000000e+00	4.1948406320060906e+02
2.9670597283903603e-04	0.0000000000000000e+00	4.0820275436453682e+02
3.1415926535897898e-04	0.0000000000000000e+00	3.8862664390492688e+02
3.3161255787892303e-04	0.0000000000000000e+00	3.6001105572533237e+02
3.4906585039886598e-04	0.0000000000000000e+00	3.2193356152762072e+02
3.6651914291880900e-04	0.0000000000000000e+00	2.7435077033400762e+02
3.8397243543875201e-04	0.0000000000000000e+00	2.1764299172780889e+02
4.0142572795869599e-04	0.0000000000000000e+00	1.7692541270462198e+02
4.1887902047863901e-04	0.0000000000000000e+00	1.4391101530161501e+02
4.3633231299858202e-04	0.0000000000000000e+00	1.0925544916395178e+02
4.5378560551852601e-04	0.0000000000000000e+00	8.1323438713219844e+01
4.7123889803846902e-04	0.0000000000000000e+00	1.6210876320483720e+02
4.8869219055841203e-04	0.0000000000000000e+00	2.4086631143861609e+02
5.0614548307835602e-04	0.0000000000000000e+00	3.1447934266787229e+02
5.2359877559829903e-04	0.0000000000000000e+00	3.8021313174720427e+02
5.4105206811824204e-04	0.0000000000000000e+00	4.3563287420384006e+02
5.5850536063818505e-04	0.0000000000000000e+00	4.7987930713779389e+02
5.7595865315812904e-04	0.0000000000000000e+00	5.1424206075701466e+02
5.9341194567807205e-04	0.0000000000000000e+00	5.4018530355541463e+02
6.1086523819801496e-04	0.0000000000000000e+00	5.5802770987862846e+02
6.2831853071795905e-04	0.0000000000000000e+00	5.6806734504266524e+02
6.4577182323790196e-04	0.0000000000000000e+00	5.7125779880869175e+02
6.6322511575784497e-04	0.0000000000000000e+00	5.6974212029759269e+02
6.8067840827778798e-04	0.0000000000000000e+00	5.6794732537958578e+02
6.9813170079773197e-04	0.0000000000000000e+00	5.7385302437493101e+02
7.1558499331767498e-04	0.0000000000000000e+00	6.2000227118928672e+02
7.3303828583761799e-04	0.0000000000000000e+00	6.9634979246339662e+02
7.5049157835756198e-04	0.0000000000000000e+00	7.6774929776944680e+02
7.6794487087750499e-04	0.0000000000000000e+00	8.4524983319985722e+02
7.8539816339744800e-04	0.0000000000000000e+00	1.0579385620933731e+03
8.0285145591739199e-04	0.0000000000000000e+00	1.2662880498308598e+03
8.2030474843733500e-04	0.0000000000000000e+00	1.4636615197984434e+03
8.3775804095727801e-04	0.0000000000000000e+00	1.6432710110957696e+03
8.5521133347722102e-04	0.0000000000000000e+00	1.7983835181492432e+03
8.7266462599716501e-04	0.0000000000000000e+00	1.9225374820136713e+03
8.9011791851710802e-04	0.0000000000000000e+00	2.0097624284503618e+03
9.0757121103705104e-04	0.0000000000000000e+00	2.0547956968874846e+03
9.2502450355699502e-04	0.0000000000000000e+00	2.0532893582242073e+03
9.4247779607693804e-04	0.0000000000000000e+00	2.0019979289396770e+03
9.5993108859688105e-04	0.0000000000000000e+00	1.9319888921762604e+03
9.7738438111682406e-04	0.0000000000000000e+00	1.8540479905502195e+03
9.9483767363676805e-04	0.0000000000000000e+00	1.7689655107691701e+03
1.0122909661567101e-03	0.0000000000000000e+00	1.6744183449161187e+03
1.0297442586766500e-03	0.0000000000000000e+00	1.5704978711323206e+03
1.0471975511966000e-03	0.0000000000000000e+00	1.4603681888358490e+03
1.0646508437165401e-03	0.0000000000000000e+00	1.3518317782224885e+03
1.0821041362364800e-03	0.0000000000000000e+00	1.2611834295747130e+03
1.0995574287564300e-03	0.0000000000000000e+00	1.3354629822816921e+03
1.1170107212763701e-03	0.0000000000000000e+00	1.5176361096477358e+03
1.1344640137963100e-03	0.0000000000000000e+00	1.6737099817563144e+03
1.1519173063162600e-03	0.0000000000000000e+00	1.7977629158663376e+03
1.1693705988361999e-03	0.0000000000000000e+00	2.0988875721020272e+03
1.1868238913561400e-03	0.0000000000000000e+00	2.4122627908523527e+03
1.2042771838760900e-03	0.0000000000000000e+00	2.6723426467315076e+03
1.2217304763960299e-03	0.0000000000000000e+00	2.8694982650080960e+03
1.2391837689159700e-03	0.0000000000000000e+00	2.9971110611607401e+03
1.2566370614359201e-03	0.0000000000000000e+00	3.0571734892410923e+03
1.2740903539558599e-03	0.0000000000000000e+00	3.0589469691098047e+03
1.2915436464758000e-03	0.0000000000000000e+00	3.0160174034258785e+03
1.3089969389957501e-03	0.0000000000000000e+00	2.9368524101817106e+03
1.3264502315156899e-03	0.0000000000000000e+00	2.8230910497812197e+03
1.3439035240356300e-03	0.0000000000000000e+00	2.6766178626039505e+03
1.3613568165555801e-03	0.0000000000000000e+00	2.5020604196746790e+03
1.3788101090755199e-03	0.0000000000000000e+00	2.3085347185711030e+03
1.3962634015954600e-03	0.0000000000000000e+00	2.1120620195338497e+03
1.4137166941154101e-03	0.0000000000000000e+00	1.9409646657375533e+03
1.4311699866353500e-03	0.0000000000000000e+00	1.8742416024929989e+03
1.4486232791552900e-03	0.0000000000000000e+00	2.2487764767551635e+03
1.4660765716752401e-03	0.0000000000000000e+00	2.5873825939816279e+03
1.4835298641951800e-03	0.0000000000000000e+00	2.8797797037326654e+03
1.5009831567151201e-03	0.0000000000000000e+00	3.4050640744797392e+03
1.5184364492350699e-03	0.0000000000000000e+00	3.9368244261945129e+03
1.5358897417550100e-03	0.0000000000000000e+00	4.3931293039961556e+03
1.5533430342749501e-03	0.0000000000000000e+00	4.7590272314577596e+03
1.5707963267948999e-03	0.0000000000000000e+00	5.0214579915052800e+03
1.5882496193148400e-03	0.0000000000000000e+00	5.1696653174338226e+03
1.6057029118347801e-03	0.0000000000000000e+00	5.1955577586880499e+03
1.6231562043547299e-03	0.0000000000000000e+00	5.1267620195803956e+03
1.6406094968746700e-03	0.0000000000000000e+00	4.9953686812963952e+03
1.6580627893946101e-03	0.0000000000000000e+00	4.8119200884649172e+03
1.6755160819145599e-03	0.0000000000000000e+00	4.5793473939170262e+03
1.6929693744345000e-03	0.0000000000000000e+00	4.2983791526287296e+03
1.7104226669544401e-03	0.0000000000000000e+00	3.9740530168868440e+03
1.7278759594743899e-03	0.0000000000000000e+00	3.6177789037142220e+03
1.7453292519943300e-03	0.0000000000000000e+00	3.2484151642699335e+03
1.7627825445142699e-03	0.0000000000000000e+00	2.8967731196941736e+03
1.7802358370342200e-03	0.0000000000000000e+00	2.6203784017916396e+03
1.7976891295541600e-03	0.0000000000000000e+00	2.8812753616283244e+03
1.8151424220740999e-03	0.0000000000000000e+00	3.3970624544276347e+03
1.8325957145940500e-03	0.0000000000000000e+00	3.8437190051667831e+03
1.8500490071139900e-03	0.0000000000000000e+00	4.3745049865871024e+03
1.8675022996339299e-03	0.0000000000000000e+00	5.1072639647269862e+03
1.8849555921538800e-03	0.0000000000000000e+00	5.7282624612706777e+03
1.9024088846738201e-03	0.0000000000000000e+00	6.2179646297301697e+03
1.9198621771937599e-03	0.0000000000000000e+00	6.5596741610423387e+03
1.9373154697137100e-03	0.0000000000000000e+00	6.7446886929130324e+03
1.9547687622336499e-03	0.0000000000000000e+00	6.7965613790123107e+03
1.9722220547535902e-03	0.0000000000000000e+00	6.7359524440134091e+03
1.9896753472735400e-03	0.0000000000000000e+00	6.5837662579086000e+03
2.0071286397934799e-03	0.0000000000000000e+00	6.3489217846033425e+03
2.0245819323134202e-03	0.0000000000000000e+00	6.0335637074951519e+03
2.0420352248333700e-03	0.0000000000000000e+00	5.6432686632562409e+03
2.0594885173533099e-03	0.0000000000000000e+00	5.1906360038351895e+03
2.0769418098732502e-03	0.0000000000000000e+00	4.6953172363835865e+03
2.0943951023932000e-03	0.0000000000000000e+00	4.1900190793084203e+03
2.1118483949131399e-03	0.0000000000000000e+00	3.7294466640183800e+03
2.1293016874330802e-03	0.0000000000000000e+00	3.4245036588491080e+03
2.1467549799530201e-03	0.0000000000000000e+00	4.0703650933475064e+03
2.1642082724729699e-03	0.0000000000000000e+00	4.7742793347983024e+03
2.1816615649929102e-03	0.0000000000000000e+00	5.3817050502137072e+03
2.1991148575128501e-03	0.0000000000000000e+00	6.0861279124835610e+03
2.2165681500327999e-03	0.0000000000000000e+00	7.0018239837934507e+03
2.2340214425527402e-03	0.0000000000000000e+00	7.7646059153197375e+03
2.2514747350726801e-03	0.0000000000000000e+00	8.3519423524644953e+03
2.2689280275926299e-03	0.0000000000000000e+00	8.7453910159807238e+03
2.2863813201125698e-03	0.0000000000000000e+00	8.9311224675314425e+03
2.3038346126325101e-03	0.0000000000000000e+00	8.9324788949241010e+03
2.3212879051524599e-03	0.0000000000000000e+00	8.8053891478498936e+03
2.3387411976723998e-03	0.0000000000000000e+00	8.5644828804336703e+03
2.3561944901923401e-03	0.0000000000000000e+00	8.2192369697888917e+03
2.3736477827122899e-03	0.0000000000000000e+00	7.7715183156084422e+03
2.3911010752322298e-03	0.0000000000000000e+00	7.2282824609075033e+03
2.4085543677521701e-03	0.0000000000000000e+00	6.6047437003130190e+03
2.4260076602721200e-03	0.0000000000000000e+00	5.9270009787660447e+03
2.4434609527920598e-03	0.0000000000000000e+00	5.2324992959954279e+03
2.4609142453120001e-03	0.0000000000000000e+00	4.5816552363074579e+03
2.4783675378319500e-03	0.0000000000000000e+00	4.0858574473633571e+03
2.4958208303518898e-03	0.0000000000000000e+00	4.6413208771020772e+03
2.5132741228718301e-03	0.0000000000000000e+00	5.5545407793316990e+03
2.5307274153917800e-03	0.0000000000000000e+00	6.3484933664850732e+03
2.5481807079117198e-03	0.0000000000000000e+00	7.1274758519354264e+03
2.5656340004316601e-03	0.0000000000000000e+00	8.2360531160573828e+03
2.5830872929516100e-03	0.0000000000000000e+00	9.1556911499021207e+03
2.6005405854715499e-03	0.0000000000000000e+00	9.8593126656025652e+03
2.6179938779914902e-03	0.0000000000000000e+00	1.0324805192591006e+04
2.6354471705114400e-03	0.0000000000000000e+00	1.0547584812108664e+04
2.6529004630313799e-03	0.0000000000000000e+00	1.0577689088740388e+04
2.6703537555513202e-03	0.0000000000000000e+00	1.0439512206907988e+04
2.6878070480712700e-03	0.0000000000000000e+00	1.0158415222087149e+04
2.7052603405912099e-03	0.0000000000000000e+00	9.7428308190316711e+03
2.7227136331111502e-03	0.0000000000000000e+00	9.1968998785616986e+03
2.7401669256311000e-03	0.0000000000000000e+00	8.5322159446711266e+03
2.7576202181510399e-03	0.0000000000000000e+00	7.7683660861050103e+03
2.7750735106709802e-03	0.0000000000000000e+00	6.9386056243073344e+03
2.7925268031909300e-03	0.0000000000000000e+00	6.0913335136934429e+03
2.8099800957108699e-03	0.0000000000000000e+00	5.3062765003433706e+03
2.8274333882308102e-03	0.0000000000000000e+00	4.7390241855578106e+03
2.8448866807507600e-03	0.0000000000000000e+00	5.5484793354351677e+03
2.8623399732706999e-03	0.0000000000000000e+00	6.6292081197757398e+03
2.8797932657906402e-03	0.0000000000000000e+00	7.5624244642184422e+03
2.8972465583105901e-03	0.0000000000000000e+00	8.6486107187943344e+03
2.9146998508305299e-03	0.0000000000000000e+00	9.9011397876054543e+03
2.9321531433504698e-03	0.0000000000000000e+00	1.0924493431291557e+04
2.9496064358704201e-03	0.0000000000000000e+00	1.1690721540102088e+04
2.9670597283903599e-03	0.0000000000000000e+00	1.2178115846120065e+04
2.9845130209102998e-03	0.0000000000000000e+00	1.2375745612015775e+04
3.0019663134302501e-03	0.0000000000000000e+00	1.2368500779339822e+04
3.0194196059501899e-03	0.0000000000000000e+00	1.2175976094149944e+04
3.0368728984701298e-03	0.0000000000000000e+00	1.1819614290574551e+04
3.0543261909900801e-03	0.0000000000000000e+00	1.1304648325964477e+04
3.0717794835100200e-03	0.0000000000000000e+00	1.0636462776118457e+04
3.0892327760299598e-03	0.0000000000000000e+00	9.8285342804843385e+03
3.1066860685499101e-03	0.0000000000000000e+00	8.9068200625783957e+03
3.1241393610698500e-03	0.0000000000000000e+00	7.9108870313834823e+03
3.1415926535897898e-03	0.0000000000000000e+00	6.8962314786655652e+03
3.1590459461097401e-03	0.0000000000000000e+00	5.9509436828010585e+03
3.1764992386296800e-03	0.0000000000000000e+00	5.2346286012276460e+03
3.1939525311496198e-03	0.0000000000000000e+00	6.0381169115822795e+03
3.2114058236695701e-03	0.0000000000000000e+00	7.2999248662855334e+03
3.2288591161895100e-03	0.0000000000000000e+00	8.3984834902077473e+03
3.2463124087094499e-03	0.0000000000000000e+00	9.4661285222975712e+03
3.2637657012294001e-03	0.0000000000000000e+00	1.0878751108607908e+04
3.2812189937493400e-03	0.0000000000000000e+00	1.2035128160610211e+04
3.2986722862692799e-03	0.0000000000000000e+00	1.2902813375613094e+04
3.3161255787892301e-03	0.0000000000000000e+00	1.3456170128061567e+04
3.3335788713091700e-03	0.0000000000000000e+00	1.3703715963084127e+04
3.3510321638291099e-03	0.0000000000000000e+00	1.3712036350743378e+04
3.3684854563490602e-03	0.0000000000000000e+00	1.3507563549763361e+04
3.3859387488690000e-03	0.0000000000000000e+00	1.3116168978273774e+04
3.4033920413889399e-03	0.0000000000000000e+00	1.2545805943872401e+04
3.4208453339088902e-03	0.0000000000000000e+00	1.1803596845981983e+04
3.4382986264288300e-03	0.0000000000000000e+00	1.0904328982358396e+04
3.4557519189487699e-03	0.0000000000000000e+00	9.8773065142604646e+03
3.4732052114687202e-03	0.0000000000000000e+00	8.7652716970453002e+03
3.4906585039886600e-03	0.0000000000000000e+00	7.6303738225229408e+03
3.5081117965085999e-03	0.0000000000000000e+00	6.5746420488239473e+03
3.5255650890285502e-03	0.0000000000000000e+00	5.7916860150358189e+03
3.5430183815484901e-03	0.0000000000000000e+00	6.7444885781119137e+03
3.5604716740684299e-03	0.0000000000000000e+00	8.1289899452897134e+03
3.5779249665883698e-03	0.0000000000000000e+00	9.3235317734648524e+03
3.5953782591083201e-03	0.0000000000000000e+00	1.0601113660531733e+04
3.6128315516282599e-03	0.0000000000000000e+00	1.2099184563361490e+04
3.6302848441482102e-03	0.0000000000000000e+00	1.3307639806141289e+04
3.6477381366681501e-03	0.0000000000000000e+00	1.4195429286373243e+04
3.6651914291880900e-03	0.0000000000000000e+00	1.4739427825264809e+04
3.6826447217080398e-03	0.0000000000000000e+00	1.4954527430115979e+04
3.7000980142279801e-03	0.0000000000000000e+00	1.4929719835776621e+04
3.7175513067479200e-03	0.0000000000000000e+00	1.4681363757748042e+04
3.7350045992678598e-03	0.0000000000000000e+00	1.4228387673866257e+04
3.7524578917878101e-03	0.0000000000000000e+00	1.3573086034160377e+04
3.7699111843077500e-03	0.0000000000000000e+00	1.2725053707901779e+04
3.7873644768276998e-03	0.0000000000000000e+00	1.1704874527121434e+04
3.8048177693476401e-03	0.0000000000000000e+00	1.0545932808334703e+04
3.8222710618675800e-03	0.0000000000000000e+00	9.2991921991648596e+03
3.8397243543875199e-03	0.0000000000000000e+00	8.0341709586229044e+03
3.8571776469074701e-03	0.0000000000000000e+00	6.8575395950724105e+03
3.8746309394274100e-03	0.0000000000000000e+00	5.9676962490442438e+03
3.8920842319473499e-03	0.0000000000000000e+00	6.9544012291402214e+03
3.9095375244672997e-03	0.0000000000000000e+00	8.4800155819414031e+03
3.9269908169872400e-03	0.0000000000000000e+00	9.8103662680612470e+03
3.9444441095071803e-03	0.0000000000000000e+00	1.1112505036060527e+04
3.9618974020271302e-03	0.0000000000000000e+00	1.2728401258629152e+04
3.9793506945470696e-03	0.0000000000000000e+00	1.4039597775320604e+04
3.9968039870670099e-03	0.0000000000000000e+00	1.5010497029892100e+04
4.0142572795869597e-03	0.0000000000000000e+00	1.5613630332995344e+04
4.0317105721069000e-03	0.0000000000000000e+00	1.5873822929769718e+04
4.0491638646268403e-03	0.0000000000000000e+00	1.5860595474856575e+04
4.0666171571467902e-03	0.0000000000000000e+00	1.5605054582981469e+04
4.0840704496667296e-03	0.0000000000000000e+00	1.5130614856250520e+04
4.1015237421866699e-03	0.0000000000000000e+00	1.4445096158241038e+04
4.1189770347066198e-03	0.0000000000000000e+00	1.3557486147187297e+04
4.1364303272265601e-03	0.0000000000000000e+00	1.2487154627023081e+04
4.1538836197465004e-03	0.0000000000000000e+00	1.1268291861583220e+04
4.1713369122664502e-03	0.0000000000000000e+00	9.9511594159056895e+03
4.1887902047863896e-03	0.0000000000000000e+00	8.6078510705704648e+03
4.2062434973063299e-03	0.0000000000000000e+00	7.3538746708198760e+03
4.2236967898262798e-03	0.0000000000000000e+00	6.4070391821012327e+03
4.2411500823462201e-03	0.0000000000000000e+00	7.4174113841981716e+03
4.2586033748661604e-03	0.0000000000000000e+00	9.0056418615618441e+03
4.2760566673861102e-03	0.0000000000000000e+00	1.0375049711977408e+04
4.2935099599060497e-03	0.0000000000000000e+00	1.1887361348324712e+04
4.3109632524259900e-03	0.0000000000000000e+00	1.3537091660701017e+04
4.3284165449459398e-03	0.0000000000000000e+00	1.4856994271641492e+04
4.3458698374658801e-03	0.0000000000000000e+00	1.5814607730825102e+04
4.3633231299858204e-03	0.0000000000000000e+00	1.6386498745344434e+04
4.3807764225057702e-03	0.0000000000000000e+00	1.6616446606597034e+04
4.3982297150257097e-03	0.0000000000000000e+00	1.6580252727644904e+04
4.4156830075456500e-03	0.0000000000000000e+00	1.6296131606566327e+04
4.4331363000655998e-03	0.0000000000000000e+00	1.5778034347474841e+04
4.4505895925855401e-03	0.0000000000000000e+00	1.5029533114735050e+04
4.4680428851054804e-03	0.0000000000000000e+00	1.4061384338987145e+04
4.4854961776254303e-03	0.0000000000000000e+00	1.2899563107418526e+04
4.5029494701453697e-03	0.0000000000000000e+00	1.1584159280171865e+04
4.5204027626653100e-03	0.0000000000000000e+00	1.0172464596797809e+04
4.5378560551852598e-03	0.0000000000000000e+00	8.7435943814454185e+03
4.5553093477052001e-03	0.0000000000000000e+00	7.4170558870567829e+03
4.5727626402251396e-03	0.0000000000000000e+00	6.4157611403132023e+03
4.5902159327450903e-03	0.0000000000000000e+00	7.5383817800773359e+03
4.6076692252650297e-03	0.0000000000000000e+00	9.2256294977340622e+03
4.6251225177849700e-03	0.0000000000000000e+00	1.0697557801076329e+04
4.6425758103049199e-03	0.0000000000000000e+00	1.2083815322512139e+04
4.6600291028248602e-03	0.0000000000000000e+00	1.3816840515197138e+04
4.6774823953447996e-03	0.0000000000000000e+00	1.5215611715204539e+04
4.6949356878647503e-03	0.0000000000000000e+00	1.6242996847204820e+04
4.7123889803846897e-03	0.0000000000000000e+00	1.6870788641711297e+04
4.7298422729046300e-03	0.0000000000000000e+00	1.7135575713491788e+04
4.7472955654245799e-03	0.0000000000000000e+00	1.7110055227012395e+04
4.7647488579445202e-03	0.0000000000000000e+00	1.6822159755177083e+04
4.7822021504644596e-03	0.0000000000000000e+00	1.6296241841617391e+04
4.7996554429844103e-03	0.0000000000000000e+00	1.5540474247312799e+04
4.8171087355043498e-03	0.0000000000000000e+00	1.4564308521597964e+04
4.8345620280242901e-03	0.0000000000000000e+00	1.3391046818096509e+04
4.8520153205442399e-03	0.0000000000000000e+00	1.2057094609146689e+04
4.8694686130641802e-03	0.0000000000000000e+00	1.0617726763496101e+04
4.8869219055841196e-03	0.0000000000000000e+00	9.1510563758191929e+03
4.9043751981040704e-03	0.0000000000000000e+00	7.7799073652969464e+03
4.9218284906240098e-03	0.0000000000000000e+00	6.7377730240611027e+03
4.9392817831439501e-03	0.0000000000000000e+00	7.7846902505144108e+03
4.9567350756638999e-03	0.0000000000000000e+00	9.4936199374169937e+03
4.9741883681838402e-03	0.0000000000000000e+00	1.0966692139620553e+04
4.9916416607037797e-03	0.0000000000000000e+00	1.2602923067462389e+04
5.0090949532237304e-03	0.0000000000000000e+00	1.4332351324327485e+04
5.0265482457436698e-03	0.0000000000000000e+00	1.5709219950747432e+04
5.0440015382636101e-03	0.0000000000000000e+00	1.6700585105503182e+04
5.0614548307835600e-03	0.0000000000000000e+00	1.7283138359481836e+04
5.0789081233035003e-03	0.0000000000000000e+00	1.7522005746120118e+04
5.0963614158234397e-03	0.0000000000000000e+00	1.7478312430936825e+04
5.1138147083433904e-03	0.0000000000000000e+00	1.7172541668422786e+04
5.1312680008633298e-03	0.0000000000000000e+00	1.6615515180978658e+04
5.1487212933832701e-03	0.0000000000000000e+00	1.5810755110362506e+04
5.1661745859032200e-03	0.0000000000000000e+00	1.4771909741489821e+04
5.1836278784231603e-03	0.0000000000000000e+00	1.3527548150188493e+04
5.2010811709430997e-03	0.0000000000000000e+00	1.2121080397486996e+04
5.2185344634630504e-03	0.0000000000000000e+00	1.0613691661525701e+04
5.2359877559829899e-03	0.0000000000000000e+00	9.0895776688521728e+03
5.2534410485029302e-03	0.0000000000000000e+00	7.6749359804918013e+03
5.2708943410228696e-03	0.0000000000000000e+00	6.6051021336691410e+03
5.2883476335428203e-03	0.0000000000000000e+00	7.7862060530164845e+03
5.3058009260627597e-03	0.0000000000000000e+00	9.5600347679782535e+03
5.3232542185827000e-03	0.0000000000000000e+00	1.1108030619898964e+04
5.3407075111026499e-03	0.0000000000000000e+00	1.2586682106397353e+04
5.3581608036225902e-03	0.0000000000000000e+00	1.4377229128198067e+04
5.3756140961425296e-03	0.0000000000000000e+00	1.5817991665328464e+04
5.3930673886624803e-03	0.0000000000000000e+00	1.6871229316895882e+04
5.4105206811824198e-03	0.0000000000000000e+00	1.7508538294232552e+04
5.4279739737023601e-03	0.0000000000000000e+00	1.7775555335636200e+04
5.4454272662223099e-03	0.0000000000000000e+00	1.7741615479578777e+04
5.4628805587422502e-03	0.0000000000000000e+00	1.7436305333717242e+04
5.4803338512621896e-03	0.0000000000000000e+00	1.6884179949459318e+04
5.4977871437821403e-03	0.0000000000000000e+00	1.6090890113132149e+04
5.5152404363020798e-03	0.0000000000000000e+00	1.5068315975314024e+04
5.5326937288220201e-03	0.0000000000000000e+00	1.3841611746723725e+04
5.5501470213419699e-03	0.0000000000000000e+00	1.2447712544511520e+04
5.5676003138619102e-03	0.0000000000000000e+00	1.0945364563960775e+04
5.5850536063818497e-03	0.0000000000000000e+00	9.4151365645425049e+03
5.6025068989018004e-03	0.0000000000000000e+00	7.9840727610914155e+03
5.6199601914217398e-03	0.0000000000000000e+00	6.8930824526309534e+03
5.6374134839416801e-03	0.0000000000000000e+00	7.9576717126792819e+03
5.6548667764616299e-03	0.0000000000000000e+00	9.7242478158772155e+03
5.6723200689815702e-03	0.0000000000000000e+00	1.1246431713484857e+04
5.6897733615015097e-03	0.0000000000000000e+00	1.2953372431484197e+04
5.7072266540214604e-03	0.0000000000000000e+00	1.4719764944715225e+04
5.7246799465413998e-03	0.0000000000000000e+00	1.6122510998078789e+04
5.7421332390613401e-03	0.0000000000000000e+00	1.7128562979499209e+04
5.7595865315812900e-03	0.0000000000000000e+00	1.7714803058491303e+04
5.7770398241012303e-03	0.0000000000000000e+00	1.7960695775197026e+04
5.7944931166211697e-03	0.0000000000000000e+00	1.7913938331369827e+04
5.8119464091411204e-03	0.0000000000000000e+00	1.7598304979761804e+04
5.8293997016610598e-03	0.0000000000000000e+00	1.7022255717571516e+04
5.8468529941810002e-03	0.0000000000000000e+00	1.6190512031482116e+04
5.8643062867009500e-03	0.0000000000000000e+00	1.5117536945685548e+04
5.8817595792208903e-03	0.0000000000000000e+00	1.3833257115676382e+04
5.8992128717408297e-03	0.0000000000000000e+00	1.2382775764401569e+04
5.9166661642607796e-03	0.0000000000000000e+00	1.0829228197500528e+04
5.9341194567807199e-03	0.0000000000000000e+00	9.2593602915206775e+03
5.9515727493006602e-03	0.0000000000000000e+00	7.8027778804211184e+03
5.9690260418206100e-03	0.0000000000000000e+00	6.7016798401850110e+03
5.9864793343405503e-03	0.0000000000000000e+00	7.9222580319800390e+03
6.0039326268604898e-03	0.0000000000000000e+00	9.7370288185706431e+03
6.0213859193804396e-03	0.0000000000000000e+00	1.1320958721348454e+04
6.0388392119003799e-03	0.0000000000000000e+00	1.2797282282409498e+04
6.0562925044203202e-03	0.0000000000000000e+00	1.4612292184140306e+04
6.0737457969402700e-03	0.0000000000000000e+00	1.6070501133905882e+04
6.0911990894602103e-03	0.0000000000000000e+00	1.7133976511765737e+04
6.1086523819801498e-03	0.0000000000000000e+00	1.7774306073323540e+04
6.1261056745000996e-03	0.0000000000000000e+00	1.8040821648839734e+04
6.1435589670200399e-03	0.0000000000000000e+00	1.8001901735226926e+04
6.1610122595399802e-03	0.0000000000000000e+00	1.7687775807934209e+04
6.1784655520599301e-03	0.0000000000000000e+00	1.7123024320792392e+04
6.1959188445798704e-03	0.0000000000000000e+00	1.6312205379849172e+04
6.2133721370998098e-03	0.0000000000000000e+00	1.5268314699994025e+04
6.2308254296197596e-03	0.0000000000000000e+00	1.4017369956939314e+04
6.2482787221396999e-03	0.0000000000000000e+00	1.2596534664093726e+04
6.2657320146596402e-03	0.0000000000000000e+00	1.1066106577048859e+04
6.2831853071795901e-03	0.0000000000000000e+00	9.5076694171997788e+03
6.3006385996995304e-03	0.0000000000000000e+00	8.0500531098068432e+03
6.3180918922194698e-03	0.0000000000000000e+00	6.9360900538442520e+03
6.3355451847394197e-03	0.0000000000000000e+00	8.0014339743897199e+03
6.3529984772593600e-03	0.0000000000000000e+00	9.7942226534511956e+03
6.3704517697793003e-03	0.0000000000000000e+00	1.1338934726730809e+04
6.3879050622992501e-03	0.0000000000000000e+00	1.3111251929880766e+04
6.4053583548191904e-03	0.0000000000000000e+00	1.4892036030600502e+04
6.4228116473391298e-03	0.0000000000000000e+00	1.6304473787057546e+04
6.4402649398590797e-03	0.0000000000000000e+00	1.7315533609520156e+04
6.4577182323790200e-03	0.0000000000000000e+00	1.7902226706668855e+04
6.4751715248989603e-03	0.0000000000000000e+00	1.8151794685297864e+04
6.4926248174188997e-03	0.0000000000000000e+00	1.8104260740436934e+04
6.5100781099388504e-03	0.0000000000000000e+00	1.7783979196511118e+04
6.5275314024587899e-03	0.0000000000000000e+00	1.7199417581754664e+04
6.5449846949787302e-03	0.0000000000000000e+00	1.6355486502995633e+04
6.5624379874986800e-03	0.0000000000000000e+00	1.5267041719137424e+04
6.5798912800186203e-03	0.0000000000000000e+00	1.3964647879744090e+04
6.5973445725385597e-03	0.0000000000000000e+00	1.2494052719984524e+04
6.6147978650585096e-03	0.0000000000000000e+00	1.0919383689102693e+04
6.6322511575784499e-03	0.0000000000000000e+00	9.3284065866371820e+03
6.6497044500983902e-03	0.0000000000000000e+00	7.8521670275060496e+03
6.6671577426183400e-03	0.0000000000000000e+00	6.7359016327968675e+03
6.6846110351382803e-03	0.0000000000000000e+00	7.9693633417681476e+03
6.7020643276582198e-03	0.0000000000000000e+00	9.7992074289834836e+03
6.7195176201781696e-03	0.0000000000000000e+00	1.1396228310431798e+04
6.7369709126981099e-03	0.0000000000000000e+00	1.2874045809006666e+04
6.7544242052180502e-03	0.0000000000000000e+00	1.4698430117975558e+04
6.7718774977380001e-03	0.0000000000000000e+00	1.6163232694228425e+04
6.7893307902579404e-03	0.0000000000000000e+00	1.7230476441535189e+04
6.8067840827778798e-03	0.0000000000000000e+00	1.7871775252447467e+04
6.8242373752978296e-03	0.0000000000000000e+00	1.8137748337403886e+04
6.8416906678177699e-03	0.0000000000000000e+00	1.8096950200179246e+04
6.8591439603377102e-03	0.0000000000000000e+00	1.7780085901651484e+04
6.8765972528576601e-03	0.0000000000000000e+00	1.7210728237020856e+04
6.8940505453776004e-03	0.0000000000000000e+00	1.6393827206679798e+04
6.9115038378975398e-03	0.0000000000000000e+00	1.5342721188761067e+04
6.9289571304174897e-03	0.0000000000000000e+00	1.4083460771044885e+04
6.9464104229374300e-03	0.0000000000000000e+00	1.2653529178685007e+04
6.9638637154573703e-03	0.0000000000000000e+00	1.1113663074455864e+04
6.9813170079773201e-03	0.0000000000000000e+00	9.5458946490685012e+03
6.9987703004972604e-03	0.0000000000000000e+00	8.0797731555296568e+03
7.0162235930171998e-03	0.0000000000000000e+00	6.9589408453777824e+03
7.0336768855371497e-03	0.0000000000000000e+00	8.0308459789508570e+03
7.0511301780570900e-03	0.0000000000000000e+00	9.8331906205594296e+03
7.0685834705770303e-03	0.0000000000000000e+00	1.1386003095411097e+04
7.0860367630969801e-03	0.0000000000000000e+00	1.3171400947221722e+04
7.1034900556169204e-03	0.0000000000000000e+00	1.4957171237942441e+04
7.1209433481368599e-03	0.0000000000000000e+00	1.6372878416281372e+04
7.1383966406568097e-03	0.0000000000000000e+00	1.7385512689990923e+04
7.1558499331767500e-03	0.0000000000000000e+00	1.7972148367656016e+04
7.1733032256966903e-03	0.0000000000000000e+00	1.8223662092307011e+04
7.1907565182166401e-03	0.0000000000000000e+00	1.8175955499015618e+04
7.2082098107365796e-03	0.0000000000000000e+00	1.7853857094911342e+04
7.2256631032565199e-03	0.0000000000000000e+00	1.7265856145818623e+04
7.2431163957764697e-03	0.0000000000000000e+00	1.6416965572156940e+04
7.2605696882964100e-03	0.0000000000000000e+00	1.5322236874661157e+04
7.2780229808163503e-03	0.0000000000000000e+00	1.4012531512666272e+04
7.2954762733363002e-03	0.0000000000000000e+00	1.2533723676052436e+04
7.3129295658562396e-03	0.0000000000000000e+00	1.0950561161610542e+04
7.3303828583761799e-03	0.0000000000000000e+00	9.3511551228947719e+03
7.3478361508961297e-03	0.0000000000000000e+00	7.8672159326337996e+03
7.3652894434160700e-03	0.0000000000000000e+00	6.7455476637843258e+03
7.3827427359360103e-03	0.0000000000000000e+00	7.9827755298926850e+03
7.4001960284559602e-03	0.0000000000000000e+00	9.8187929867601506e+03
7.4176493209758996e-03	0.0000000000000000e+00	1.1421288613674113e+04
7.4351026134958399e-03	0.0000000000000000e+00	1.2895833791259354e+04
7.4525559060157898e-03	0.0000000000000000e+00	1.4723180116614549e+04
7.4700091985357301e-03	0.0000000000000000e+00	1.6189992460938860e+04
7.4874624910556704e-03	0.0000000000000000e+00	1.7258289749511416e+04
7.5049157835756202e-03	0.0000000000000000e+00	1.7899706369594853e+04
7.5223690760955596e-03	0.0000000000000000e+00	1.8164583474798419e+04
7.5398223686154999e-03	0.0000000000000000e+00	1.8122657081182286e+04
7.5572756611354498e-03	0.0000000000000000e+00	1.7804459793206785e+04
7.5747289536553901e-03	0.0000000000000000e+00	1.7233329621196590e+04
7.5921822461753304e-03	0.0000000000000000e+00	1.6414303158148585e+04
7.6096355386952802e-03	0.0000000000000000e+00	1.5360918531517236e+04
7.6270888312152197e-03	0.0000000000000000e+00	1.4098892357374956e+04
7.6445421237351600e-03	0.0000000000000000e+00	1.2666088026767506e+04
7.6619954162551098e-03	0.0000000000000000e+00	1.1123103994617355e+04
7.6794487087750501e-03	0.0000000000000000e+00	9.5521169546902929e+03
7.6969020012949904e-03	0.0000000000000000e+00	8.0826160839248550e+03
7.7143552938149403e-03	0.0000000000000000e+00	6.9576709480758300e+03
7.7318085863348797e-03	0.0000000000000000e+00	8.0286486537699247e+03
7.7492618788548200e-03	0.0000000000000000e+00	9.8339658274190188e+03
7.7667151713747698e-03	0.0000000000000000e+00	1.1389316787549467e+04
7.7841684638947101e-03	0.0000000000000000e+00	1.3195084814003170e+04
7.8016217564146496e-03	0.0000000000000000e+00	1.4982251968453078e+04
7.8190750489345994e-03	0.0000000000000000e+00	1.6398794708249196e+04
7.8365283414545406e-03	0.0000000000000000e+00	1.7411712247532843e+04
7.8539816339744800e-03	0.0000000000000000e+00	1.7998106621551018e+04
7.8714349264944194e-03	0.0000000000000000e+00	1.8251236638649734e+04
7.8888882190143693e-03	0.0000000000000000e+00	1.8203935189691165e+04
7.9063415115343105e-03	0.0000000000000000e+00	1.7881489045336948e+04
7.9237948040542603e-03	0.0000000000000000e+00	1.7292406611298709e+04
7.9412480965741997e-03	0.0000000000000000e+00	1.6441770321832646e+04
7.9587013890941392e-03	0.0000000000000000e+00	1.5344738114927133e+04
7.9761546816140907e-03	0.0000000000000000e+00	1.4032318592342008e+04
7.9936079741340302e-03	0.0000000000000000e+00	1.2550472505661586e+04
8.0110612666539696e-03	0.0000000000000000e+00	1.0964253528124320e+04
8.0285145591739195e-03	0.0000000000000000e+00	9.3619995149937567e+03
8.0459678516938606e-03	0.0000000000000000e+00	7.8759179139227699e+03
8.0634211442138001e-03	0.0000000000000000e+00	6.7541149346069733e+03
8.0808744367337395e-03	0.0000000000000000e+00	7.9934253023899628e+03
8.0983277292536893e-03	0.0000000000000000e+00	9.8307388563725763e+03
8.1157810217736305e-03	0.0000000000000000e+00	1.1434284551699360e+04
8.1332343142935803e-03	0.0000000000000000e+00	1.2901859974441004e+04
8.1506876068135198e-03	0.0000000000000000e+00	1.4730344968132611e+04
8.1681408993334592e-03	0.0000000000000000e+00	1.6198014721627413e+04
8.1855941918534108e-03	0.0000000000000000e+00	1.7266887825709600e+04
8.2030474843733502e-03	0.0000000000000000e+00	1.7908608251408907e+04
8.2205007768932897e-03	0.0000000000000000e+00	1.8172576285820749e+04
8.2379540694132308e-03	0.0000000000000000e+00	1.8130199650006147e+04
8.2554073619331807e-03	0.0000000000000000e+00	1.7811555238282301e+04
8.2728606544531201e-03	0.0000000000000000e+00	1.7240129513986136e+04
8.2903139469730595e-03	0.0000000000000000e+00	1.6420867309464917e+04
8.3077672394930094e-03	0.0000000000000000e+00	1.5367372055215119e+04
8.3252205320129506e-03	0.0000000000000000e+00	1.4105119023001796e+04
8.3426738245328900e-03	0.0000000000000000e+00	1.2672108132432080e+04
8.3601271170528398e-03	0.0000000000000000e+00	1.1128758605722865e+04
8.3775804095727793e-03	0.0000000000000000e+00	9.5572072726724473e+03
8.3950337020927204e-03	0.0000000000000000e+00	8.0866957382781284e+03
8.4124869946126703e-03	0.0000000000000000e+00	6.9595920857753308e+03
8.4299402871326097e-03	0.0000000000000000e+00	8.0346326770083269e+03
8.4473935796525491e-03	0.0000000000000000e+00	9.8413477841218828e+03
8.4648468721725007e-03	0.0000000000000000e+00	1.1397942837864250e+04
8.4823001646924402e-03	0.0000000000000000e+00	1.3196156705607167e+04
8.4997534572123796e-03	0.0000000000000000e+00	1.4983409225266807e+04
8.5172067497323294e-03	0.0000000000000000e+00	1.6399884397128382e+04
8.5346600422522706e-03	0.0000000000000000e+00	1.7412585467104062e+04
8.5521133347722100e-03	0.0000000000000000e+00	1.7998623241512323e+04
8.5695666272921599e-03	0.0000000000000000e+00	1.8252835430974494e+04
8.5870199198120993e-03	0.0000000000000000e+00	1.8205726773298986e+04
8.6044732123320405e-03	0.0000000000000000e+00	1.7883062281438568e+04
8.6219265048519903e-03	0.0000000000000000e+00	1.7293390474796761e+04
8.6393797973719298e-03	0.0000000000000000e+00	1.6441859473233329e+04
8.6568330898918692e-03	0.0000000000000000e+00	1.5343712126329634e+04
8.6742863824118208e-03	0.0000000000000000e+00	1.4030058223733251e+04
8.6917396749317602e-03	0.0000000000000000e+00	1.2546901295082334e+04
8.7091929674516996e-03	0.0000000000000000e+00	1.0959520952342458e+04
8.7266462599716495e-03	0.0000000000000000e+00	9.3564120863572589e+03
8.7440995524915906e-03	0.0000000000000000e+00	7.8701543317705382e+03
8.7615528450115301e-03	0.0000000000000000e+00	6.7496815370578888e+03
8.7790061375314799e-03	0.0000000000000000e+00	7.9835911225188675e+03
8.7964594300514194e-03	0.0000000000000000e+00	9.8212423394212383e+03
8.8139127225713605e-03	0.0000000000000000e+00	1.1425093134482559e+04
8.8313660150913104e-03	0.0000000000000000e+00	1.2913512754685718e+04
8.8488193076112498e-03	0.0000000000000000e+00	1.4742458676433575e+04
8.8662726001311892e-03	0.0000000000000000e+00	1.6210509631543058e+04
8.8837258926511408e-03	0.0000000000000000e+00	1.7279686702915584e+04
8.9011791851710802e-03	0.0000000000000000e+00	1.7921635844379514e+04
8.9186324776910197e-03	0.0000000000000000e+00	1.8184601088106931e+04
8.9360857702109695e-03	0.0000000000000000e+00	1.8141824139779859e+04
8.9535390627309107e-03	0.0000000000000000e+00	1.7822784466108977e+04
8.9709923552508501e-03	0.0000000000000000e+00	1.7251208507837491e+04
8.9884456477708000e-03	0.0000000000000000e+00	1.6431895034973113e+04
9.0058989402907394e-03	0.0000000000000000e+00	1.5378400993720919e+04
9.0233522328106806e-03	0.0000000000000000e+00	1.4116083620326639e+04
9.0408055253306304e-03	0.0000000000000000e+00	1.2682879942079366e+04
9.0582588178505698e-03	0.0000000000000000e+00	1.1139088565226331e+04
9.0757121103705093e-03	0.0000000000000000e+00	9.5666741703830921e+03
9.0931654028904609e-03	0.0000000000000000e+00	8.0945040301174586e+03
9.1106186954104003e-03	0.0000000000000000e+00	6.9641282387195297e+03
9.1280719879303397e-03	0.0000000000000000e+00	8.0443133420428967e+03
9.1455252804502896e-03	0.0000000000000000e+00	9.8510822505749329e+03
9.1629785729702307e-03	0.0000000000000000e+00	1.1407699124112532e+04
9.1804318654901702e-03	0.0000000000000000e+00	1.3183312225923351e+04
9.1978851580101200e-03	0.0000000000000000e+00	1.4970430322639533e+04
9.2153384505300594e-03	0.0000000000000000e+00	1.6386730853932000e+04
9.2327917430500006e-03	0.0000000000000000e+00	1.7399219163447993e+04
9.2502450355699505e-03	0.0000000000000000e+00	1.7985008320603651e+04
9.2676983280898899e-03	0.0000000000000000e+00	1.8240687221877692e+04
9.2851516206098293e-03	0.0000000000000000e+00	1.8194240656931430e+04
9.3026049131297792e-03	0.0000000000000000e+00	1.7871996918104735e+04
9.3200582056497203e-03	0.0000000000000000e+00	1.7282556751499935e+04
9.3375114981696598e-03	0.0000000000000000e+00	1.6431132567005134e+04
9.3549647906896096e-03	0.0000000000000000e+00	1.5333041376928009e+04
9.3724180832095508e-03	0.0000000000000000e+00	1.4019471665327255e+04
9.3898713757294902e-03	0.0000000000000000e+00	1.2536615574764679e+04
9.4073246682494296e-03	0.0000000000000000e+00	1.0949786676902488e+04
9.4247779607693795e-03	0.0000000000000000e+00	9.3477633765808641e+03
9.4422312532893207e-03	0.0000000000000000e+00	7.8635872260342940e+03
9.4596845458092705e-03	0.0000000000000000e+00	6.7471661682458935e+03
9.4771378383292099e-03	0.0000000000000000e+00	7.9768215242307424e+03
9.4945911308491494e-03	0.0000000000000000e+00	9.8145931001839599e+03
9.5120444233690905e-03	0.0000000000000000e+00	1.1418533763780661e+04
9.5294977158890404e-03	0.0000000000000000e+00	1.2933062403120308e+04
9.5469510084089798e-03	0.0000000000000000e+00	1.4762342091105240e+04
9.5644043009289192e-03	0.0000000000000000e+00	1.6230713325787787e+04
9.5818575934488708e-03	0.0000000000000000e+00	1.7300197821965197e+04
9.5993108859688103e-03	0.0000000000000000e+00	1.7942441881753908e+04
9.6167641784887497e-03	0.0000000000000000e+00	1.8204022356332491e+04
9.6342174710086995e-03	0.0000000000000000e+00	1.8160579282758667e+04
9.6516707635286407e-03	0.0000000000000000e+00	1.7840632881608581e+04
9.6691240560485905e-03	0.0000000000000000e+00	1.7268495439740505e+04
9.6865773485685300e-03	0.0000000000000000e+00	1.6448693982259872e+04
9.7040306410884694e-03	0.0000000000000000e+00	1.5394580402580665e+04
9.7214839336084106e-03	0.0000000000000000e+00	1.4131706627823163e+04
9.7389372261283604e-03	0.0000000000000000e+00	1.2697625488522712e+04
9.7563905186482999e-03	0.0000000000000000e+00	1.1152696563216650e+04
9.7738438111682393e-03	0.0000000000000000e+00	9.5785580780177843e+03
9.7912971036881909e-03	0.0000000000000000e+00	8.1036184662594933e+03
9.8087503962081303e-03	0.0000000000000000e+00	6.9685301412582030e+03
9.8262036887280697e-03	0.0000000000000000e+00	8.0545069435084597e+03
9.8436569812480196e-03	0.0000000000000000e+00	9.8616228864943860e+03
9.8611102737679607e-03	0.0000000000000000e+00	1.1418583269224948e+04
9.8785635662879106e-03	0.0000000000000000e+00	1.3158113437379825e+04
9.8960168588078500e-03	0.0000000000000000e+00	1.4944904507439318e+04
9.9134701513277895e-03	0.0000000000000000e+00	1.6360866037941909e+04
9.9309234438477306e-03	0.0000000000000000e+00	1.7373008028566652e+04
9.9483767363676805e-03	0.0000000000000000e+00	1.7958523335163671e+04
9.9658300288876199e-03	0.0000000000000000e+00	1.8215898464972692e+04
9.9832833214075593e-03	0.0000000000000000e+00	1.8170372638497964e+04
1.0000736613927501e-02	0.0000000000000000e+00	1.7848879969986250e+04
1.0018189906447501e-02	0.0000000000000000e+00	1.7260076652112566e+04
1.0035643198967400e-02	0.0000000000000000e+00	1.6409236380173596e+04
1.0053096491487300e-02	0.0000000000000000e+00	1.5311745465058319e+04
1.0070549784007300e-02	0.0000000000000000e+00	1.3998860002312565e+04
1.0088003076527199e-02	0.0000000000000000e+00	1.2517071059929271e+04
1.0105456369047200e-02	0.0000000000000000e+00	1.0931568762814330e+04
1.0122909661567101e-02	0.0000000000000000e+00	9.3314965143832032e+03
1.0140362954087099e-02	0.0000000000000000e+00	7.8503520474485958e+03
1.0157816246607001e-02	0.0000000000000000e+00	6.7391362359257773e+03
1.0175269539126900e-02	0.0000000000000000e+00	7.9605747219089308e+03
1.0192722831646900e-02	0.0000000000000000e+00	9.7980811051267810e+03
1.0210176124166800e-02	0.0000000000000000e+00	1.1401755976522169e+04
1.0227629416686800e-02	0.0000000000000000e+00	1.2965593290549998e+04
1.0245082709206699e-02	0.0000000000000000e+00	1.4795219932149605e+04
1.0262536001726700e-02	0.0000000000000000e+00	1.6263932118125889e+04
1.0279989294246601e-02	0.0000000000000000e+00	1.7333751855433780e+04
1.0297442586766500e-02	0.0000000000000000e+00	1.7976325677340988e+04
1.0314895879286501e-02	0.0000000000000000e+00	1.8236218414867606e+04
1.0332349171806400e-02	0.0000000000000000e+00	1.8191912876983431e+04
1.0349802464326400e-02	0.0000000000000000e+00	1.7870691709147919e+04
1.0367255756846300e-02	0.0000000000000000e+00	1.7297636306560165e+04
1.0384709049366300e-02	0.0000000000000000e+00	1.6476934388707021e+04
1.0402162341886199e-02	0.0000000000000000e+00	1.5421630402009963e+04
1.0419615634406101e-02	0.0000000000000000e+00	1.4157680481516174e+04
1.0437068926926101e-02	0.0000000000000000e+00	1.2722083982819246e+04
1.0454522219446000e-02	0.0000000000000000e+00	1.1175297825599859e+04
1.0471975511966001e-02	0.0000000000000000e+00	9.5497748718012735e+03
1.0489428804485900e-02	0.0000000000000000e+00	8.0773830477023521e+03
1.0506882097005900e-02	0.0000000000000000e+00	6.9515826069277355e+03
1.0524335389525800e-02	0.0000000000000000e+00	8.1198299598682761e+03
1.0541788682045699e-02	0.0000000000000000e+00	9.9276091668671525e+03
1.0559241974565699e-02	0.0000000000000000e+00	1.1485207300248740e+04
1.0576695267085601e-02	0.0000000000000000e+00	1.3173205048821046e+04
1.0594148559605601e-02	0.0000000000000000e+00	1.4960832304030841e+04
1.0611601852125500e-02	0.0000000000000000e+00	1.6377642030906716e+04
1.0629055144645501e-02	0.0000000000000000e+00	1.7390640174030606e+04
1.0646508437165400e-02	0.0000000000000000e+00	1.7980429653357201e+04
1.0663961729685400e-02	0.0000000000000000e+00	1.8241841435508355e+04
1.0681415022205300e-02	0.0000000000000000e+00	1.8199253703638238e+04
1.0698868314725199e-02	0.0000000000000000e+00	1.7878953450647732e+04
1.0716321607245199e-02	0.0000000000000000e+00	1.7289998689853466e+04
1.0733774899765101e-02	0.0000000000000000e+00	1.6438038938546157e+04
1.0751228192285101e-02	0.0000000000000000e+00	1.5338780810604332e+04
1.0768681484805000e-02	0.0000000000000000e+00	1.4023729966186786e+04
1.0786134777325001e-02	0.0000000000000000e+00	1.2539110832685170e+04
1.0803588069844900e-02	0.0000000000000000e+00	1.0950612891250556e+04
1.0821041362364800e-02	0.0000000000000000e+00	9.3468336721045107e+03
1.0838494654884800e-02	0.0000000000000000e+00	7.8601526435190062e+03
1.0855947947404699e-02	0.0000000000000000e+00	6.7362123357699966e+03
1.0873401239924699e-02	0.0000000000000000e+00	7.8863305752059578e+03
1.0890854532444601e-02	0.0000000000000000e+00	9.7235975647435371e+03
1.0908307824964599e-02	0.0000000000000000e+00	1.1327053677282818e+04
1.0925761117484500e-02	0.0000000000000000e+00	1.2931877084561049e+04
1.0943214410004400e-02	0.0000000000000000e+00	1.4760468174533018e+04
1.0960667702524400e-02	0.0000000000000000e+00	1.6228135652600902e+04
1.0978120995044300e-02	0.0000000000000000e+00	1.7296901328498192e+04
1.0995574287564300e-02	0.0000000000000000e+00	1.7938411941854294e+04
1.1013027580084199e-02	0.0000000000000000e+00	1.8195609269921177e+04
1.1030480872604199e-02	0.0000000000000000e+00	1.8150861782830445e+04
1.1047934165124101e-02	0.0000000000000000e+00	1.7831343931664185e+04
1.1065387457644000e-02	0.0000000000000000e+00	1.7260975917133313e+04
1.1082840750164000e-02	0.0000000000000000e+00	1.6443834818868159e+04
1.1100294042683900e-02	0.0000000000000000e+00	1.5393540349720066e+04
1.1117747335203900e-02	0.0000000000000000e+00	1.4134019042700838e+04
1.1135200627723800e-02	0.0000000000000000e+00	1.2703812174196566e+04
1.1152653920243800e-02	0.0000000000000000e+00	1.1162467542803044e+04
1.1170107212763699e-02	0.0000000000000000e+00	9.5921327583690290e+03
1.1187560505283699e-02	0.0000000000000000e+00	8.1219932398663032e+03
1.1205013797803601e-02	0.0000000000000000e+00	6.9968565248484283e+03
1.1222467090323500e-02	0.0000000000000000e+00	8.1512659619434971e+03
1.1239920382843500e-02	0.0000000000000000e+00	9.9584883426925935e+03
1.1257373675363400e-02	0.0000000000000000e+00	1.1515537557252541e+04
1.1274826967883400e-02	0.0000000000000000e+00	1.3175484625684769e+04
1.1292280260403300e-02	0.0000000000000000e+00	1.4963186555823184e+04
1.1309733552923300e-02	0.0000000000000000e+00	1.6380068556298316e+04
1.1327186845443199e-02	0.0000000000000000e+00	1.7393137163556232e+04
1.1344640137963101e-02	0.0000000000000000e+00	1.7979870687061768e+04
1.1362093430483101e-02	0.0000000000000000e+00	1.8237311915302907e+04
1.1379546723003000e-02	0.0000000000000000e+00	1.8189956489129097e+04
1.1397000015523000e-02	0.0000000000000000e+00	1.7865154101914075e+04
1.1414453308042900e-02	0.0000000000000000e+00	1.7272002821160720e+04
1.1431906600562900e-02	0.0000000000000000e+00	1.6416187281469793e+04
1.1449359893082800e-02	0.0000000000000000e+00	1.5313443527669146e+04
1.1466813185602699e-02	0.0000000000000000e+00	1.3995308958717515e+04
1.1484266478122699e-02	0.0000000000000000e+00	1.2507671171134056e+04
1.1501719770642601e-02	0.0000000000000000e+00	1.0916580948474220e+04
1.1519173063162601e-02	0.0000000000000000e+00	9.3105422124553388e+03
1.1536626355682500e-02	0.0000000000000000e+00	7.8223409896466983e+03
1.1554079648202500e-02	0.0000000000000000e+00	6.6987436981212468e+03
1.1571532940722400e-02	0.0000000000000000e+00	7.8647156252124296e+03
1.1588986233242300e-02	0.0000000000000000e+00	9.7024045089935971e+03
1.1606439525762300e-02	0.0000000000000000e+00	1.1306276108312924e+04
1.1623892818282199e-02	0.0000000000000000e+00	1.2928398336796959e+04
1.1641346110802199e-02	0.0000000000000000e+00	1.4756940093163013e+04
1.1658799403322101e-02	0.0000000000000000e+00	1.6224558629979039e+04
1.1676252695842101e-02	0.0000000000000000e+00	1.7293276058891792e+04
1.1693705988362000e-02	0.0000000000000000e+00	1.7934738539644426e+04
1.1711159280882000e-02	0.0000000000000000e+00	1.8197657832308185e+04
1.1728612573401900e-02	0.0000000000000000e+00	1.8156510923554695e+04
1.1746065865921800e-02	0.0000000000000000e+00	1.7842103188793379e+04
1.1763519158441800e-02	0.0000000000000000e+00	1.7275637700033687e+04
1.1780972450961699e-02	0.0000000000000000e+00	1.6462388300069146e+04
1.1798425743481699e-02	0.0000000000000000e+00	1.5415558066067993e+04
1.1815879036001601e-02	0.0000000000000000e+00	1.4158731480742297e+04
1.1833332328521601e-02	0.0000000000000000e+00	1.2731230054085834e+04
1.1850785621041500e-02	0.0000000000000000e+00	1.1191951238575353e+04
1.1868238913561400e-02	0.0000000000000000e+00	9.6232416453940714e+03
1.1885692206081400e-02	0.0000000000000000e+00	8.1539680762905973e+03
1.1903145498601300e-02	0.0000000000000000e+00	7.0275630798547227e+03
1.1920598791121300e-02	0.0000000000000000e+00	8.1650314071717039e+03
1.1938052083641199e-02	0.0000000000000000e+00	9.9718570620533937e+03
1.1955505376161199e-02	0.0000000000000000e+00	1.1528506708579775e+04
1.1972958668681101e-02	0.0000000000000000e+00	1.3179961545616468e+04
1.1990411961201000e-02	0.0000000000000000e+00	1.4967718631194992e+04
1.2007865253721000e-02	0.0000000000000000e+00	1.6384655754749176e+04
1.2025318546240900e-02	0.0000000000000000e+00	1.7397782887935398e+04
1.2042771838760900e-02	0.0000000000000000e+00	1.7984209394418966e+04
1.2060225131280800e-02	0.0000000000000000e+00	1.8235839126751060e+04
1.2077678423800800e-02	0.0000000000000000e+00	1.8184398793093424e+04
1.2095131716320699e-02	0.0000000000000000e+00	1.7855818425336653e+04
1.2112585008840600e-02	0.0000000000000000e+00	1.7259226616880045e+04
1.2130038301360601e-02	0.0000000000000000e+00	1.6400337154759323e+04
1.2147491593880500e-02	0.0000000000000000e+00	1.5294916557018285e+04
1.2164944886400500e-02	0.0000000000000000e+00	1.3974524387086110e+04
1.2182398178920400e-02	0.0000000000000000e+00	1.2485061218144401e+04
1.2199851471440400e-02	0.0000000000000000e+00	1.0892319598237375e+04
1.2217304763960300e-02	0.0000000000000000e+00	9.2849869971841545e+03
1.2234758056480201e-02	0.0000000000000000e+00	7.7966241190299352e+03
1.2252211349000199e-02	0.0000000000000000e+00	6.6751804992799125e+03
1.2269664641520101e-02	0.0000000000000000e+00	7.8593341936734068e+03
1.2287117934040101e-02	0.0000000000000000e+00	9.6974709750181628e+03
1.2304571226560000e-02	0.0000000000000000e+00	1.1301791613479048e+04
1.2322024519080000e-02	0.0000000000000000e+00	1.2922629082021673e+04
1.2339477811599900e-02	0.0000000000000000e+00	1.4751095710912730e+04
1.2356931104119900e-02	0.0000000000000000e+00	1.6218637949618247e+04
1.2374384396639800e-02	0.0000000000000000e+00	1.7287278183877028e+04
1.2391837689159701e-02	0.0000000000000000e+00	1.7928662866962324e+04
1.2409290981679699e-02	0.0000000000000000e+00	1.8196432595475922e+04
1.2426744274199601e-02	0.0000000000000000e+00	1.8158268663881616e+04
1.2444197566719601e-02	0.0000000000000000e+00	1.7848017205132721e+04
1.2461650859239500e-02	0.0000000000000000e+00	1.7284617720464681e+04
1.2479104151759500e-02	0.0000000000000000e+00	1.6474589215418513e+04
1.2496557444279400e-02	0.0000000000000000e+00	1.5429972003662850e+04
1.2514010736799299e-02	0.0000000000000000e+00	1.4174938085106432e+04
1.2531464029319300e-02	0.0000000000000000e+00	1.2749062671149219e+04
1.2548917321839201e-02	0.0000000000000000e+00	1.1210783940807500e+04
1.2566370614359199e-02	0.0000000000000000e+00	9.6424981009331823e+03
1.2583823906879101e-02	0.0000000000000000e+00	8.1726622440558631e+03
1.2601277199399101e-02	0.0000000000000000e+00	7.0431581745101694e+03
1.2618730491919000e-02	0.0000000000000000e+00	8.1611527876231994e+03
1.2636183784438900e-02	0.0000000000000000e+00	9.9675231878002578e+03
1.2653637076958900e-02	0.0000000000000000e+00	1.1523721430958309e+04
1.2671090369478799e-02	0.0000000000000000e+00	1.3187340644469978e+04
1.2688543661998800e-02	0.0000000000000000e+00	1.4975178687361968e+04
1.2705996954518701e-02	0.0000000000000000e+00	1.6392198206711724e+04
1.2723450247038699e-02	0.0000000000000000e+00	1.7405405827578557e+04
1.2740903539558601e-02	0.0000000000000000e+00	1.7991913388434430e+04
1.2758356832078500e-02	0.0000000000000000e+00	1.8238446829411063e+04
1.2775810124598500e-02	0.0000000000000000e+00	1.8183748209028927e+04
1.2793263417118400e-02	0.0000000000000000e+00	1.7852244908112531e+04
1.2810716709638400e-02	0.0000000000000000e+00	1.7253090272171332e+04
1.2828170002158299e-02	0.0000000000000000e+00	1.6392022472191351e+04
1.2845623294678300e-02	0.0000000000000000e+00	1.5284826400021098e+04
1.2863076587198201e-02	0.0000000000000000e+00	1.3963074111309241e+04
1.2880529879718199e-02	0.0000000000000000e+00	1.2472676738970795e+04
1.2897983172238101e-02	0.0000000000000000e+00	1.0879324853265525e+04
1.2915436464758000e-02	0.0000000000000000e+00	9.2720101909058849e+03
1.2932889757278000e-02	0.0000000000000000e+00	7.7848230509977102e+03
1.2950343049797900e-02	0.0000000000000000e+00	6.6672356848734662e+03
1.2967796342317900e-02	0.0000000000000000e+00	7.8715638446522626e+03
1.2985249634837799e-02	0.0000000000000000e+00	9.7100683989180470e+03
1.3002702927357800e-02	0.0000000000000000e+00	1.1314752907395985e+04
1.3020156219877701e-02	0.0000000000000000e+00	1.2913699208803524e+04
1.3037609512397600e-02	0.0000000000000000e+00	1.4742094772886136e+04
1.3055062804917601e-02	0.0000000000000000e+00	1.6209566941718520e+04
1.3072516097437500e-02	0.0000000000000000e+00	1.7278137408843468e+04
1.3089969389957500e-02	0.0000000000000000e+00	1.7919453056426781e+04
1.3107422682477400e-02	0.0000000000000000e+00	1.8191171078753367e+04
1.3124875974997400e-02	0.0000000000000000e+00	1.8155732940336984e+04
1.3142329267517299e-02	0.0000000000000000e+00	1.7848295887723969e+04
1.3159782560037201e-02	0.0000000000000000e+00	1.7287138728821516e+04
1.3177235852557199e-02	0.0000000000000000e+00	1.6479334333896059e+04
1.3194689145077100e-02	0.0000000000000000e+00	1.5436111756951519e+04
1.3212142437597101e-02	0.0000000000000000e+00	1.4182066621542010e+04
1.3229595730117000e-02	0.0000000000000000e+00	1.2756884239220079e+04
1.3247049022637000e-02	0.0000000000000000e+00	1.1218722852487437e+04
1.3264502315156900e-02	0.0000000000000000e+00	9.6499132911505440e+03
1.3281955607676799e-02	0.0000000000000000e+00	8.1784476667879262e+03
1.3299408900196799e-02	0.0000000000000000e+00	7.0446026515671074e+03
1.3316862192716701e-02	0.0000000000000000e+00	8.1426585739202874e+03
1.3334315485236699e-02	0.0000000000000000e+00	9.9487645242063918e+03
1.3351768777756600e-02	0.0000000000000000e+00	1.1504702659942403e+04
1.3369222070276601e-02	0.0000000000000000e+00	1.3197582319176909e+04
1.3386675362796500e-02	0.0000000000000000e+00	1.4985483172824845e+04
1.3404128655316400e-02	0.0000000000000000e+00	1.6402563670461903e+04
1.3421581947836400e-02	0.0000000000000000e+00	1.7415833618494107e+04
1.3439035240356299e-02	0.0000000000000000e+00	1.8002403874068048e+04
1.3456488532876299e-02	0.0000000000000000e+00	1.8244854611022147e+04
1.3473941825396201e-02	0.0000000000000000e+00	1.8187640306403795e+04
1.3491395117916199e-02	0.0000000000000000e+00	1.7853965009251067e+04
1.3508848410436100e-02	0.0000000000000000e+00	1.7253003265301533e+04
1.3526301702956101e-02	0.0000000000000000e+00	1.6390504979571328e+04
1.3543754995476000e-02	0.0000000000000000e+00	1.5282265604035094e+04
1.3561208287995900e-02	0.0000000000000000e+00	1.3959863155562816e+04
1.3578661580515900e-02	0.0000000000000000e+00	1.2469204355018599e+04
1.3596114873035799e-02	0.0000000000000000e+00	1.0875996402686884e+04
1.3613568165555799e-02	0.0000000000000000e+00	9.2695982181531763e+03
1.3631021458075701e-02	0.0000000000000000e+00	7.7844000561670173e+03
1.3648474750595699e-02	0.0000000000000000e+00	6.6717514401455783e+03
1.3665928043115600e-02	0.0000000000000000e+00	7.8949150706221517e+03
1.3683381335635500e-02	0.0000000000000000e+00	9.7336486706571395e+03
1.3700834628155500e-02	0.0000000000000000e+00	1.1338557667467188e+04
1.3718287920675400e-02	0.0000000000000000e+00	1.2902193795377039e+04
1.3735741213195400e-02	0.0000000000000000e+00	1.4730522620940830e+04
1.3753194505715299e-02	0.0000000000000000e+00	1.6197927330727278e+04
1.3770647798235299e-02	0.0000000000000000e+00	1.7266430069397429e+04
1.3788101090755201e-02	0.0000000000000000e+00	1.7907677435505640e+04
1.3805554383275100e-02	0.0000000000000000e+00	1.8182483223080530e+04
1.3823007675795100e-02	0.0000000000000000e+00	1.8149257673509968e+04
1.3840460968315000e-02	0.0000000000000000e+00	1.7843688372599441e+04
1.3857914260835000e-02	0.0000000000000000e+00	1.7284040872536290e+04
1.3875367553354900e-02	0.0000000000000000e+00	1.6477591235250966e+04
1.3892820845874900e-02	0.0000000000000000e+00	1.5435059748877331e+04
1.3910274138394799e-02	0.0000000000000000e+00	1.4181330587315775e+04
1.3927727430914701e-02	0.0000000000000000e+00	1.2756084773365585e+04
1.3945180723434701e-02	0.0000000000000000e+00	1.1217355896647405e+04
1.3962634015954600e-02	0.0000000000000000e+00	9.6473332418379614e+03
1.3980087308474600e-02	0.0000000000000000e+00	8.1735587211719912e+03
1.3997540600994500e-02	0.0000000000000000e+00	7.0348343100744687e+03
1.4014993893514500e-02	0.0000000000000000e+00	8.1147616733495688e+03
1.4032447186034400e-02	0.0000000000000000e+00	9.9206415614183952e+03
1.4049900478554400e-02	0.0000000000000000e+00	1.1476352648514030e+04
1.4067353771074299e-02	0.0000000000000000e+00	1.3210528153720361e+04
1.4084807063594201e-02	0.0000000000000000e+00	1.4998505181954029e+04
1.4102260356114201e-02	0.0000000000000000e+00	1.6415663386680877e+04
1.4119713648634100e-02	0.0000000000000000e+00	1.7429011217689407e+04
1.4137166941154100e-02	0.0000000000000000e+00	1.8015658495692991e+04
1.4154620233674000e-02	0.0000000000000000e+00	1.8255047685694877e+04
1.4172073526194000e-02	0.0000000000000000e+00	1.8196059175925755e+04
1.4189526818713900e-02	0.0000000000000000e+00	1.7860956285290533e+04
1.4206980111233799e-02	0.0000000000000000e+00	1.7258922097490784e+04
1.4224433403753799e-02	0.0000000000000000e+00	1.6395713203987216e+04
1.4241886696273701e-02	0.0000000000000000e+00	1.5287123900168153e+04
1.4259339988793701e-02	0.0000000000000000e+00	1.3964724935097289e+04
1.4276793281313600e-02	0.0000000000000000e+00	1.2474413154148824e+04
1.4294246573833600e-02	0.0000000000000000e+00	1.0882003968899229e+04
1.4311699866353500e-02	0.0000000000000000e+00	9.2772414730273777e+03
1.4329153158873400e-02	0.0000000000000000e+00	7.7946049331819813e+03
1.4346606451393400e-02	0.0000000000000000e+00	6.6873343037563945e+03
1.4364059743913299e-02	0.0000000000000000e+00	7.9270395100820506e+03
1.4381513036433299e-02	0.0000000000000000e+00	9.7659600632014772e+03
1.4398966328953201e-02	0.0000000000000000e+00	1.1371056667938754e+04
1.4416419621473201e-02	0.0000000000000000e+00	1.2887666887858688e+04
1.4433872913993100e-02	0.0000000000000000e+00	1.4715916173579884e+04
1.4451326206513000e-02	0.0000000000000000e+00	1.6183241661620388e+04
1.4468779499033000e-02	0.0000000000000000e+00	1.7251665167894807e+04
1.4486232791552900e-02	0.0000000000000000e+00	1.7892833330222798e+04
1.4503686084072900e-02	0.0000000000000000e+00	1.8169860107446257e+04
1.4521139376592799e-02	0.0000000000000000e+00	1.8138114998573252e+04
1.4538592669112799e-02	0.0000000000000000e+00	1.7833689600345468e+04
1.4556045961632701e-02	0.0000000000000000e+00	1.7274842545306321e+04
1.4573499254152701e-02	0.0000000000000000e+00	1.6468933415243042e+04
1.4590952546672600e-02	0.0000000000000000e+00	1.5426455627563011e+04
1.4608405839192500e-02	0.0000000000000000e+00	1.4172449175151283e+04
1.4625859131712500e-02	0.0000000000000000e+00	1.2746508189900956e+04
1.4643312424232400e-02	0.0000000000000000e+00	1.1206682006223135e+04
1.4660765716752400e-02	0.0000000000000000e+00	9.6349682161190158e+03
1.4678219009272299e-02	0.0000000000000000e+00	8.1585044235653913e+03
1.4695672301792299e-02	0.0000000000000000e+00	7.0148529142530679e+03
1.4713125594312201e-02	0.0000000000000000e+00	8.0795497733534876e+03
1.4730578886832100e-02	0.0000000000000000e+00	9.8853185879350749e+03
1.4748032179352100e-02	0.0000000000000000e+00	1.1440924577730082e+04
1.4765485471872000e-02	0.0000000000000000e+00	1.3226594692518249e+04
1.4782938764392000e-02	0.0000000000000000e+00	1.5014646537504903e+04
1.4800392056911900e-02	0.0000000000000000e+00	1.6431877586279334e+04
1.4817845349431900e-02	0.0000000000000000e+00	1.7445299060290828e+04
1.4835298641951799e-02	0.0000000000000000e+00	1.8032019171424781e+04
1.4852751934471701e-02	0.0000000000000000e+00	1.8269306362200550e+04
1.4870205226991701e-02	0.0000000000000000e+00	1.8209222012657348e+04
1.4887658519511600e-02	0.0000000000000000e+00	1.7873348877208493e+04
1.4905111812031600e-02	0.0000000000000000e+00	1.7270871642665326e+04
1.4922565104551500e-02	0.0000000000000000e+00	1.6407540072590371e+04
1.4940018397071500e-02	0.0000000000000000e+00	1.5299137386800496e+04
1.4957471689591400e-02	0.0000000000000000e+00	1.3977219420818587e+04
1.4974924982111301e-02	0.0000000000000000e+00	1.2487660100119585e+04
1.4992378274631299e-02	0.0000000000000000e+00	1.0896439197629652e+04
1.5009831567151201e-02	0.0000000000000000e+00	9.2936586957553136e+03
1.5027284859671201e-02	0.0000000000000000e+00	7.8137036813227960e+03
1.5044738152191100e-02	0.0000000000000000e+00	6.7114008112405227e+03
1.5062191444711100e-02	0.0000000000000000e+00	7.9637578608842623e+03
1.5079644737231000e-02	0.0000000000000000e+00	9.8027191840876767e+03
1.5097098029750899e-02	0.0000000000000000e+00	1.1407850019476109e+04
1.5114551322270900e-02	0.0000000000000000e+00	1.2870175582142319e+04
1.5132004614790801e-02	0.0000000000000000e+00	1.4698355687326153e+04
1.5149457907310799e-02	0.0000000000000000e+00	1.6165611848877506e+04
1.5166911199830701e-02	0.0000000000000000e+00	1.7233966401985093e+04
1.5184364492350701e-02	0.0000000000000000e+00	1.7875065513380214e+04
1.5201817784870600e-02	0.0000000000000000e+00	1.8153551176974412e+04
1.5219271077390600e-02	0.0000000000000000e+00	1.8122672633057642e+04
1.5236724369910500e-02	0.0000000000000000e+00	1.7818801556338098e+04
1.5254177662430399e-02	0.0000000000000000e+00	1.7260202622579607e+04
1.5271630954950400e-02	0.0000000000000000e+00	1.6454227437724188e+04
1.5289084247470301e-02	0.0000000000000000e+00	1.5411366155081651e+04
1.5306537539990299e-02	0.0000000000000000e+00	1.4156722293269033e+04
1.5323990832510201e-02	0.0000000000000000e+00	1.2729741895810716e+04
1.5341444125030201e-02	0.0000000000000000e+00	1.1188591510884702e+04
1.5358897417550100e-02	0.0000000000000000e+00	9.6150776851893515e+03
1.5376350710070000e-02	0.0000000000000000e+00	8.1360431205156528e+03
1.5393804002590000e-02	0.0000000000000000e+00	6.9882077300252395e+03
1.5411257295109899e-02	0.0000000000000000e+00	8.0425414478703933e+03
1.5428710587629900e-02	0.0000000000000000e+00	9.8483163078892212e+03
1.5446163880149801e-02	0.0000000000000000e+00	1.1403927900851850e+04
1.5463617172669799e-02	0.0000000000000000e+00	1.3245475908078433e+04
1.5481070465189701e-02	0.0000000000000000e+00	1.5033597138352536e+04
1.5498523757709600e-02	0.0000000000000000e+00	1.6450899253879794e+04
1.5515977050229600e-02	0.0000000000000000e+00	1.7464390931692011e+04
1.5533430342749500e-02	0.0000000000000000e+00	1.8051181862196780e+04
1.5550883635269500e-02	0.0000000000000000e+00	1.8287194134608260e+04
1.5568336927789399e-02	0.0000000000000000e+00	1.8226571385202697e+04
1.5585790220309400e-02	0.0000000000000000e+00	1.7890452627294282e+04
1.5603243512829299e-02	0.0000000000000000e+00	1.7288010411423998e+04
1.5620696805349200e-02	0.0000000000000000e+00	1.6424980019925337e+04
1.5638150097869199e-02	0.0000000000000000e+00	1.5317123897778847e+04
1.5655603390389100e-02	0.0000000000000000e+00	1.3995971264693235e+04
1.5673056682909099e-02	0.0000000000000000e+00	1.2507368469812121e+04
1.5690509975429000e-02	0.0000000000000000e+00	1.0917611382548173e+04
1.5707963267949002e-02	0.0000000000000000e+00	9.3166576107186611e+03
1.5725416560468899e-02	0.0000000000000000e+00	7.8390832298806599e+03
1.5742869852988801e-02	0.0000000000000000e+00	6.7406373567165529e+03
1.5760323145508799e-02	0.0000000000000000e+00	8.0003404294984093e+03
1.5777776438028700e-02	0.0000000000000000e+00	9.8392604872743486e+03
1.5795229730548699e-02	0.0000000000000000e+00	1.1444351627046621e+04
1.5812683023068600e-02	0.0000000000000000e+00	1.2849866072002755e+04
1.5830136315588599e-02	0.0000000000000000e+00	1.4677973960060637e+04
1.5847589608108500e-02	0.0000000000000000e+00	1.6145158133288964e+04
1.5865042900628502e-02	0.0000000000000000e+00	1.7213440347434571e+04
1.5882496193148399e-02	0.0000000000000000e+00	1.7854467383204385e+04
1.5899949485668301e-02	0.0000000000000000e+00	1.8133748757076868e+04
1.5917402778188299e-02	0.0000000000000000e+00	1.8103216401459158e+04
1.5934856070708200e-02	0.0000000000000000e+00	1.7799422349035878e+04
1.5952309363228199e-02	0.0000000000000000e+00	1.7240642763602133e+04
1.5969762655748100e-02	0.0000000000000000e+00	1.6434167026309977e+04
1.5987215948268099e-02	0.0000000000000000e+00	1.5390638357640370e+04
1.6004669240788000e-02	0.0000000000000000e+00	1.4135147652231399e+04
1.6022122533307901e-02	0.0000000000000000e+00	1.2706988947211756e+04
1.6039575825827899e-02	0.0000000000000000e+00	1.1164510972024196e+04
1.6057029118347801e-02	0.0000000000000000e+00	9.5893615594017901e+03
1.6074482410867799e-02	0.0000000000000000e+00	8.1082234527922919e+03
1.6091935703387700e-02	0.0000000000000000e+00	6.9574551189257600e+03
1.6109388995907699e-02	0.0000000000000000e+00	8.0071254526175062e+03
1.6126842288427600e-02	0.0000000000000000e+00	9.8129843263525545e+03
1.6144295580947501e-02	0.0000000000000000e+00	1.1368685671981792e+04
1.6161748873467500e-02	0.0000000000000000e+00	1.3267207229211615e+04
1.6179202165987401e-02	0.0000000000000000e+00	1.5055398552206339e+04
1.6196655458507399e-02	0.0000000000000000e+00	1.6472769348839509e+04
1.6214108751027301e-02	0.0000000000000000e+00	1.7486329776296821e+04
1.6231562043547299e-02	0.0000000000000000e+00	1.8073188154338724e+04
1.6249015336067200e-02	0.0000000000000000e+00	1.8308621179387159e+04
1.6266468628587199e-02	0.0000000000000000e+00	1.8247910629061727e+04
1.6283921921107100e-02	0.0000000000000000e+00	1.7911943593952841e+04
1.6301375213627001e-02	0.0000000000000000e+00	1.7309873679090357e+04
1.6318828506147000e-02	0.0000000000000000e+00	1.6447410496689547e+04
1.6336281798666901e-02	0.0000000000000000e+00	1.5340287243517529e+04
1.6353735091186899e-02	0.0000000000000000e+00	1.4020001562384108e+04
1.6371188383706801e-02	0.0000000000000000e+00	1.2532363349603469e+04
1.6388641676226799e-02	0.0000000000000000e+00	1.0944011098489298e+04
1.6406094968746700e-02	0.0000000000000000e+00	9.3444906555831985e+03
1.6423548261266602e-02	0.0000000000000000e+00	7.8686346174264936e+03
1.6441001553786600e-02	0.0000000000000000e+00	6.7724015579750185e+03
1.6458454846306501e-02	0.0000000000000000e+00	8.0334884254203644e+03
1.6475908138826500e-02	0.0000000000000000e+00	9.8722650541188541e+03
1.6493361431346401e-02	0.0000000000000000e+00	1.1477207969073479e+04
1.6510814723866400e-02	0.0000000000000000e+00	1.2826820103119562e+04
1.6528268016386301e-02	0.0000000000000000e+00	1.4654866302370219e+04
1.6545721308906199e-02	0.0000000000000000e+00	1.6121988996782882e+04
1.6563174601426200e-02	0.0000000000000000e+00	1.7190210362200243e+04
1.6580627893946102e-02	0.0000000000000000e+00	1.7831177002269629e+04
1.6598081186466100e-02	0.0000000000000000e+00	1.8110740429183752e+04
1.6615534478986001e-02	0.0000000000000000e+00	1.8080180488717295e+04
1.6632987771506000e-02	0.0000000000000000e+00	1.7776145465144658e+04
1.6650441064025901e-02	0.0000000000000000e+00	1.7216936515737507e+04
1.6667894356545799e-02	0.0000000000000000e+00	1.6409754402922721e+04
1.6685347649065801e-02	0.0000000000000000e+00	1.5365484814237729e+04
1.6702800941585699e-02	0.0000000000000000e+00	1.4109166466589186e+04
1.6720254234105700e-02	0.0000000000000000e+00	1.2679966561363071e+04
1.6737707526625598e-02	0.0000000000000000e+00	1.1136440745029839e+04
1.6755160819145600e-02	0.0000000000000000e+00	9.5601446317708414e+03
1.6772614111665501e-02	0.0000000000000000e+00	8.0777771339667715e+03
1.6790067404185399e-02	0.0000000000000000e+00	6.9258854432478647e+03
1.6807520696705401e-02	0.0000000000000000e+00	7.9774442590312801e+03
1.6824973989225299e-02	0.0000000000000000e+00	9.7835071473125990e+03
1.6842427281745301e-02	0.0000000000000000e+00	1.1339414336142177e+04
1.6859880574265199e-02	0.0000000000000000e+00	1.3291413845805188e+04
1.6877333866785200e-02	0.0000000000000000e+00	1.5079659122974059e+04
1.6894787159305098e-02	0.0000000000000000e+00	1.6497084089295320e+04
1.6912240451825100e-02	0.0000000000000000e+00	1.7510697787439160e+04
1.6929693744345001e-02	0.0000000000000000e+00	1.8097609588866755e+04
1.6947147036864899e-02	0.0000000000000000e+00	1.8332949555580417e+04
1.6964600329384901e-02	0.0000000000000000e+00	1.8272425726403286e+04
1.6982053621904799e-02	0.0000000000000000e+00	1.7936816652943613e+04
1.6999506914424801e-02	0.0000000000000000e+00	1.7335253214182816e+04
1.7016960206944699e-02	0.0000000000000000e+00	1.6473408016900568e+04
1.7034413499464700e-02	0.0000000000000000e+00	1.5366978674478647e+04
1.7051866791984598e-02	0.0000000000000000e+00	1.4047427903538230e+04
1.7069320084504500e-02	0.0000000000000000e+00	1.2560525962845179e+04
1.7086773377024501e-02	0.0000000000000000e+00	1.0973117612974082e+04
1.7104226669544399e-02	0.0000000000000000e+00	9.3743861779356976e+03
1.7121679962064401e-02	0.0000000000000000e+00	7.8991931613354191e+03
1.7139133254584299e-02	0.0000000000000000e+00	6.8029680048859409e+03
1.7156586547104301e-02	0.0000000000000000e+00	8.0587131266111692e+03
1.7174039839624199e-02	0.0000000000000000e+00	9.8972516027309630e+03
1.7191493132144100e-02	0.0000000000000000e+00	1.1501949583453292e+04
1.7208946424664098e-02	0.0000000000000000e+00	1.2831534741636466e+04
1.7226399717184000e-02	0.0000000000000000e+00	1.4629589295750395e+04
1.7243853009704001e-02	0.0000000000000000e+00	1.6096664172877581e+04
1.7261306302223899e-02	0.0000000000000000e+00	1.7164838229124704e+04
1.7278759594743901e-02	0.0000000000000000e+00	1.7805757211985510e+04
1.7296212887263799e-02	0.0000000000000000e+00	1.8085274904401162e+04
1.7313666179783700e-02	0.0000000000000000e+00	1.8054484621437336e+04
1.7331119472303699e-02	0.0000000000000000e+00	1.7750075026048384e+04
1.7348572764823600e-02	0.0000000000000000e+00	1.7190382344316058e+04
1.7366026057343598e-02	0.0000000000000000e+00	1.6382532069117666e+04
1.7383479349863500e-02	0.0000000000000000e+00	1.5337658113834665e+04
1.7400932642383501e-02	0.0000000000000000e+00	1.4080740869863317e+04
1.7418385934903399e-02	0.0000000000000000e+00	1.2650895039426268e+04
1.7435839227423401e-02	0.0000000000000000e+00	1.1106844319998258e+04
1.7453292519943299e-02	0.0000000000000000e+00	9.5301682137294338e+03
1.7470745812463200e-02	0.0000000000000000e+00	8.0477612731410072e+03
1.7488199104983199e-02	0.0000000000000000e+00	6.8969579392301966e+03
1.7505652397503100e-02	0.0000000000000000e+00	7.9573719577022985e+03
1.7523105690023098e-02	0.0000000000000000e+00	9.7637082403861423e+03
1.7540558982543000e-02	0.0000000000000000e+00	1.1319891342637355e+04
1.7558012275063001e-02	0.0000000000000000e+00	1.3317542997991115e+04
1.7575465567582899e-02	0.0000000000000000e+00	1.5105828328814117e+04
1.7592918860102801e-02	0.0000000000000000e+00	1.6523293913649504e+04
1.7610372152622799e-02	0.0000000000000000e+00	1.7536946637144887e+04
1.7627825445142700e-02	0.0000000000000000e+00	1.8123897925923924e+04
1.7645278737662699e-02	0.0000000000000000e+00	1.8359415222942222e+04
1.7662732030182600e-02	0.0000000000000000e+00	1.8299184724991290e+04
1.7680185322702598e-02	0.0000000000000000e+00	1.7963969300102286e+04
1.7697638615222500e-02	0.0000000000000000e+00	1.7362859837089884e+04
1.7715091907742401e-02	0.0000000000000000e+00	1.6501492971925785e+04
1.7732545200262399e-02	0.0000000000000000e+00	1.5395528539629042e+04
1.7749998492782301e-02	0.0000000000000000e+00	1.4076388103532505e+04
1.7767451785302299e-02	0.0000000000000000e+00	1.2589808109219528e+04
1.7784905077822200e-02	0.0000000000000000e+00	1.1002628713476806e+04
1.7802358370342199e-02	0.0000000000000000e+00	9.4038134610733341e+03
1.7819811662862100e-02	0.0000000000000000e+00	7.9279703245960300e+03
1.7837264955382001e-02	0.0000000000000000e+00	6.8292373029883311e+03
1.7854718247902000e-02	0.0000000000000000e+00	8.0729074346829593e+03
1.7872171540421901e-02	0.0000000000000000e+00	9.9111278836487782e+03
1.7889624832941899e-02	0.0000000000000000e+00	1.1515507123221054e+04
1.7907078125461801e-02	0.0000000000000000e+00	1.2844771319032996e+04
1.7924531417981799e-02	0.0000000000000000e+00	1.4602712663088487e+04
1.7941984710501700e-02	0.0000000000000000e+00	1.6069758350410031e+04
1.7959438003021699e-02	0.0000000000000000e+00	1.7137903957405342e+04
1.7976891295541600e-02	0.0000000000000000e+00	1.7778795247982544e+04
1.7994344588061501e-02	0.0000000000000000e+00	1.8058128527585097e+04
1.8011797880581500e-02	0.0000000000000000e+00	1.8027072477310783e+04
1.8029251173101401e-02	0.0000000000000000e+00	1.7722335785032985e+04
1.8046704465621399e-02	0.0000000000000000e+00	1.7162289682924555e+04
1.8064157758141301e-02	0.0000000000000000e+00	1.6354037965065649e+04
1.8081611050661299e-02	0.0000000000000000e+00	1.5308892664511583e+04
1.8099064343181200e-02	0.0000000000000000e+00	1.4051806829917832e+04
1.8116517635701102e-02	0.0000000000000000e+00	1.2621932319898073e+04
1.8133970928221100e-02	0.0000000000000000e+00	1.1078096771807983e+04
1.8151424220741001e-02	0.0000000000000000e+00	9.5020276483489288e+03
1.8168877513261000e-02	0.0000000000000000e+00	8.0210229790410240e+03
1.8186330805780901e-02	0.0000000000000000e+00	6.8737848900484078e+03
1.8203784098300899e-02	0.0000000000000000e+00	7.9499322888563975e+03
1.8221237390820801e-02	0.0000000000000000e+00	9.7566298511339701e+03
1.8238690683340698e-02	0.0000000000000000e+00	1.1313173311803155e+04
1.8256143975860700e-02	0.0000000000000000e+00	1.3344858272437887e+04
1.8273597268380602e-02	0.0000000000000000e+00	1.5133159829015236e+04
1.8291050560900600e-02	0.0000000000000000e+00	1.6550640640810943e+04
1.8308503853420501e-02	0.0000000000000000e+00	1.7564308968038618e+04
1.8325957145940500e-02	0.0000000000000000e+00	1.8151274879387525e+04
1.8343410438460401e-02	0.0000000000000000e+00	1.8386999859264954e+04
1.8360863730980299e-02	0.0000000000000000e+00	1.8326987712737853e+04
1.8378317023500301e-02	0.0000000000000000e+00	1.7992004265447136e+04
1.8395770316020198e-02	0.0000000000000000e+00	1.7391098519923769e+04
1.8413223608540200e-02	0.0000000000000000e+00	1.6529870720567698e+04
1.8430676901060102e-02	0.0000000000000000e+00	1.5423939794568461e+04
1.8448130193580100e-02	0.0000000000000000e+00	1.4104687830129566e+04
1.8465583486100001e-02	0.0000000000000000e+00	1.2617814358627980e+04
1.8483036778619899e-02	0.0000000000000000e+00	1.1029912316264386e+04
1.8500490071139901e-02	0.0000000000000000e+00	9.4299176319356920e+03
1.8517943363659799e-02	0.0000000000000000e+00	7.9518756637863225e+03
1.8535396656179801e-02	0.0000000000000000e+00	6.8478693936593145e+03
1.8552849948699698e-02	0.0000000000000000e+00	8.0728038126779338e+03
1.8570303241219700e-02	0.0000000000000000e+00	9.9106254127263710e+03
1.8587756533739602e-02	0.0000000000000000e+00	1.1514607627781214e+04
1.8605209826259600e-02	0.0000000000000000e+00	1.2843472177704858e+04
1.8622663118779501e-02	0.0000000000000000e+00	1.4575197212844470e+04
1.8640116411299399e-02	0.0000000000000000e+00	1.6042241602468417e+04
1.8657569703819401e-02	0.0000000000000000e+00	1.7110385755988686e+04
1.8675022996339299e-02	0.0000000000000000e+00	1.7751277209527812e+04
1.8692476288859301e-02	0.0000000000000000e+00	1.8030500837285992e+04
1.8709929581379198e-02	0.0000000000000000e+00	1.7999333808465890e+04
1.8727382873899200e-02	0.0000000000000000e+00	1.7694508783014393e+04
1.8744836166419102e-02	0.0000000000000000e+00	1.7134436107869751e+04
1.8762289458938999e-02	0.0000000000000000e+00	1.6326282824797900e+04
1.8779742751459001e-02	0.0000000000000000e+00	1.5281384474815479e+04
1.8797196043978899e-02	0.0000000000000000e+00	1.4024731825129356e+04
1.8814649336498901e-02	0.0000000000000000e+00	1.2595647391015353e+04
1.8832102629018799e-02	0.0000000000000000e+00	1.1052952714003592e+04
1.8849555921538801e-02	0.0000000000000000e+00	9.4786703955447501e+03
1.8867009214058698e-02	0.0000000000000000e+00	8.0006929482177102e+03
1.8884462506578600e-02	0.0000000000000000e+00	6.8596601441417661e+03
1.8901915799098602e-02	0.0000000000000000e+00	7.9582241924890977e+03
1.8919369091618499e-02	0.0000000000000000e+00	9.7653444739650986e+03
1.8936822384138501e-02	0.0000000000000000e+00	1.1322312363188643e+04
1.8954275676658399e-02	0.0000000000000000e+00	1.3372285699293203e+04
1.8971728969178401e-02	0.0000000000000000e+00	1.5160575962682058e+04
1.8989182261698299e-02	0.0000000000000000e+00	1.6578045284000251e+04
1.9006635554218200e-02	0.0000000000000000e+00	1.7591699299391079e+04
1.9024088846738198e-02	0.0000000000000000e+00	1.8178651929070678e+04
1.9041542139258100e-02	0.0000000000000000e+00	1.8414376627873702e+04
1.9058995431778102e-02	0.0000000000000000e+00	1.8354327497204646e+04
1.9076448724297999e-02	0.0000000000000000e+00	1.8019235086377012e+04
1.9093902016818001e-02	0.0000000000000000e+00	1.7418107673254850e+04
1.9111355309337899e-02	0.0000000000000000e+00	1.6556506183696078e+04
1.9128808601857800e-02	0.0000000000000000e+00	1.5450012200416542e+04
1.9146261894377799e-02	0.0000000000000000e+00	1.4129972908224643e+04
1.9163715186897700e-02	0.0000000000000000e+00	1.2642061035380279e+04
1.9181168479417698e-02	0.0000000000000000e+00	1.1052299851782285e+04
1.9198621771937600e-02	0.0000000000000000e+00	9.4498899719719248e+03
1.9216075064457602e-02	0.0000000000000000e+00	7.9679761282957024e+03
1.9233528356977499e-02	0.0000000000000000e+00	6.8558589649378864e+03
1.9250981649497501e-02	0.0000000000000000e+00	8.0558283033090966e+03
1.9268434942017399e-02	0.0000000000000000e+00	9.8932012247391540e+03
1.9285888234537300e-02	0.0000000000000000e+00	1.1496736355946059e+04
1.9303341527057299e-02	0.0000000000000000e+00	1.2825151552839472e+04
1.9320794819577200e-02	0.0000000000000000e+00	1.4548175354779491e+04
1.9338248112097198e-02	0.0000000000000000e+00	1.6015247735435909e+04
1.9355701404617100e-02	0.0000000000000000e+00	1.7083420983812990e+04
1.9373154697137102e-02	0.0000000000000000e+00	1.7724342112999981e+04
1.9390607989656999e-02	0.0000000000000000e+00	1.8003726789889755e+04
1.9408061282176901e-02	0.0000000000000000e+00	1.7972768368517027e+04
1.9425514574696899e-02	0.0000000000000000e+00	1.7668258356234506e+04
1.9442967867216800e-02	0.0000000000000000e+00	1.7108645578655851e+04
1.9460421159736799e-02	0.0000000000000000e+00	1.6301273797890595e+04
1.9477874452256700e-02	0.0000000000000000e+00	1.5257286138788515e+04
1.9495327744776698e-02	0.0000000000000000e+00	1.4001802520290277e+04
1.9512781037296600e-02	0.0000000000000000e+00	1.2574465454928988e+04
1.9530234329816501e-02	0.0000000000000000e+00	1.1033946538763841e+04
1.9547687622336499e-02	0.0000000000000000e+00	9.4627287336644058e+03
1.9565140914856401e-02	0.0000000000000000e+00	7.9894789308091722e+03
1.9582594207376399e-02	0.0000000000000000e+00	6.8572897836335715e+03
1.9600047499896300e-02	0.0000000000000000e+00	7.9843622984006424e+03
1.9617500792416299e-02	0.0000000000000000e+00	9.7919534997969386e+03
1.9634954084936200e-02	0.0000000000000000e+00	1.1349394104526364e+04
1.9652407377456101e-02	0.0000000000000000e+00	1.3398623447227852e+04
1.9669860669976100e-02	0.0000000000000000e+00	1.5186869253056711e+04
1.9687313962496001e-02	0.0000000000000000e+00	1.6604291942434153e+04
1.9704767255015999e-02	0.0000000000000000e+00	1.7617899194108588e+04
1.9722220547535901e-02	0.0000000000000000e+00	1.8204804693239766e+04
1.9739673840055899e-02	0.0000000000000000e+00	1.8440099500729324e+04
1.9757127132575800e-02	0.0000000000000000e+00	1.8379599304528852e+04
1.9774580425095799e-02	0.0000000000000000e+00	1.8043902600487276e+04
1.9792033717615700e-02	0.0000000000000000e+00	1.7441979679673794e+04
1.9809487010135601e-02	0.0000000000000000e+00	1.6579351765243275e+04
1.9826940302655600e-02	0.0000000000000000e+00	1.5471569494788582e+04
1.9844393595175501e-02	0.0000000000000000e+00	1.4149954538156697e+04
1.9861846887695499e-02	0.0000000000000000e+00	1.2660154804647580e+04
1.9879300180215401e-02	0.0000000000000000e+00	1.1067664719818058e+04
1.9896753472735399e-02	0.0000000000000000e+00	9.4611503092308412e+03
1.9914206765255300e-02	0.0000000000000000e+00	7.9736476244812247e+03
1.9931660057775202e-02	0.0000000000000000e+00	6.8512735946135599e+03
1.9949113350295200e-02	0.0000000000000000e+00	8.0200398489563204e+03
1.9966566642815101e-02	0.0000000000000000e+00	9.8569225495539649e+03
1.9984019935335100e-02	0.0000000000000000e+00	1.1459961268479690e+04
2.0001473227855001e-02	0.0000000000000000e+00	1.2787880768643792e+04
2.0018926520374999e-02	0.0000000000000000e+00	1.4522980408810856e+04
2.0036379812894901e-02	0.0000000000000000e+00	1.5990117428386106e+04
2.0053833105414798e-02	0.0000000000000000e+00	1.7058356884660163e+04
2.0071286397934800e-02	0.0000000000000000e+00	1.7699344499806339e+04
2.0088739690454702e-02	0.0000000000000000e+00	1.7979343237001875e+04
2.0106192982974700e-02	0.0000000000000000e+00	1.7949063862765965e+04
2.0123646275494601e-02	0.0000000000000000e+00	1.7645416932225042e+04
2.0141099568014600e-02	0.0000000000000000e+00	1.7086892012423261e+04
2.0158552860534501e-02	0.0000000000000000e+00	1.6281137172308367e+04
2.0176006153054399e-02	0.0000000000000000e+00	1.5238840202938847e+04
2.0193459445574401e-02	0.0000000000000000e+00	1.3985362194020390e+04
2.0210912738094299e-02	0.0000000000000000e+00	1.2560830004111629e+04
2.0228366030614300e-02	0.0000000000000000e+00	1.1023596991223741e+04
2.0245819323134202e-02	0.0000000000000000e+00	9.4567730988626208e+03
2.0263272615654200e-02	0.0000000000000000e+00	7.9900957477190705e+03
2.0280725908174101e-02	0.0000000000000000e+00	6.8695640819001110e+03
2.0298179200694100e-02	0.0000000000000000e+00	8.0302276496096565e+03
2.0315632493214001e-02	0.0000000000000000e+00	9.8383326988578847e+03
2.0333085785733899e-02	0.0000000000000000e+00	1.1396286967027720e+04
2.0350539078253901e-02	0.0000000000000000e+00	1.3422420265209950e+04
2.0367992370773799e-02	0.0000000000000000e+00	1.5210581911451569e+04
2.0385445663293800e-02	0.0000000000000000e+00	1.6627919807505816e+04
2.0402898955813702e-02	0.0000000000000000e+00	1.7641442994389461e+04
2.0420352248333700e-02	0.0000000000000000e+00	1.8228260873214887e+04
2.0437805540853601e-02	0.0000000000000000e+00	1.8462500822479684e+04
2.0455258833373499e-02	0.0000000000000000e+00	1.8401001828472814e+04
2.0472712125893501e-02	0.0000000000000000e+00	1.8064077102372277e+04
2.0490165418413399e-02	0.0000000000000000e+00	1.7460660980220677e+04
2.0507618710933401e-02	0.0000000000000000e+00	1.6596245782533111e+04
2.0525072003453299e-02	0.0000000000000000e+00	1.5486355274571253e+04
2.0542525295973300e-02	0.0000000000000000e+00	1.4162291687028017e+04
2.0559978588493202e-02	0.0000000000000000e+00	1.2669691722697973e+04
2.0577431881013099e-02	0.0000000000000000e+00	1.1073427830294442e+04
2.0594885173533101e-02	0.0000000000000000e+00	9.4614388838159939e+03
2.0612338466052999e-02	0.0000000000000000e+00	7.9664362645988385e+03
2.0629791758573001e-02	0.0000000000000000e+00	6.8314401081067081e+03
2.0647245051092899e-02	0.0000000000000000e+00	7.9637649429632347e+03
2.0664698343612901e-02	0.0000000000000000e+00	9.8001176521555153e+03
2.0682151636132799e-02	0.0000000000000000e+00	1.1402628856433917e+04
2.0699604928652700e-02	0.0000000000000000e+00	1.2730019119171768e+04
2.0717058221172702e-02	0.0000000000000000e+00	1.4501140579992260e+04
2.0734511513692599e-02	0.0000000000000000e+00	1.5968381609443917e+04
2.0751964806212601e-02	0.0000000000000000e+00	1.7036725887892218e+04
2.0769418098732499e-02	0.0000000000000000e+00	1.7677819865059493e+04
2.0786871391252501e-02	0.0000000000000000e+00	1.7959036295639980e+04
2.0804324683772399e-02	0.0000000000000000e+00	1.7930025919920903e+04
2.0821777976292300e-02	0.0000000000000000e+00	1.7627903250108273e+04
2.0839231268812299e-02	0.0000000000000000e+00	1.7071195507446140e+04
2.0856684561332200e-02	0.0000000000000000e+00	1.6267994690570275e+04
2.0874137853852202e-02	0.0000000000000000e+00	1.5228234878432291e+04
2.0891591146372099e-02	0.0000000000000000e+00	1.3977653997805668e+04
2.0909044438892101e-02	0.0000000000000000e+00	1.2557023720333622e+04
2.0926497731411999e-02	0.0000000000000000e+00	1.1024205361801130e+04
2.0943951023932001e-02	0.0000000000000000e+00	9.4630945526283012e+03
