0.0000000000000000e+00	0.0000000000000000e+00	1.6940658945086007e-21
1.7453292519943300e-05	0.0000000000000000e+00	3.8611894748413842e-13
3.4906585039886600e-05	0.0000000000000000e+00	1.3017046733451677e-12
5.2359877559829903e-05	0.0000000000000000e+00	2.3702842607840392e-12
6.9813170079773199e-05	0.0000000000000000e+00	3.2411755198421145e-12
8.7266462599716496e-05	0.0000000000000000e+00	3.6303285495077131e-12
1.0471975511966000e-04	0.0000000000000000e+00	3.3371211135700858e-12
1.2217304763960301e-04	0.0000000000000000e+00	2.2313849681562022e-12
1.3962634015954599e-04	0.0000000000000000e+00	2.1288943406804015e-13
1.5707963267949001e-04	0.0000000000000000e+00	2.8481079096230881e-12
1.7453292519943299e-04	0.0000000000000000e+00	7.1771565131480662e-12
1.9198621771937600e-04	0.0000000000000000e+00	1.3155902413200093e-11
2.0943951023931999e-04	0.0000000000000000e+00	2.1365462174525833e-11
2.2689280275926300e-04	0.0000000000000000e+00	3.2604879204215333e-11
2.4434609527920601e-04	0.0000000000000000e+00	4.7880185420636997e-11
2.6179938779914903e-04	0.0000000000000000e+00	6.8362792730102353e-11
2.7925268031909301e-04	0.0000000000000000e+00	9.5318022556028115e-11
2.9670597283903603e-04	0.0000000000000000e+00	1.3000709949790380e-10
3.1415926535897898e-04	0.0000000000000000e+00	1.7356720219857306e-10
3.3161255787892303e-04	0.0000000000000000e+00	2.2687496202390234e-10
3.4906585039886598e-04	0.0000000000000000e+00	2.9040028620875994e-10
3.6651914291880900e-04	0.0000000000000000e+00	3.6405863829257082e-10
3.8397243543875201e-04	0.0000000000000000e+00	4.4707010866489705e-10
4.0142572795869599e-04	0.0000000000000000e+00	5.3783505536753772e-10
4.1887902047863901e-04	0.0000000000000000e+00	6.3383496827910707e-10
4.3633231299858202e-04	0.0000000000000000e+00	7.3156845380891703e-10
4.5378560551852601e-04	0.0000000000000000e+00	8.2653034999353780e-10
4.7123889803846902e-04	0.0000000000000000e+00	9.1324110972499577e-10
4.8869219055841203e-04	0.0000000000000000e+00	9.8533161377014684e-10
5.0614548307835602e-04	0.0000000000000000e+00	1.0356861727868160e-09
5.2359877559829903e-04	0.0000000000000000e+00	1.0566444053744438e-09
5.4105206811824204e-04	0.0000000000000000e+00	1.0402591872850210e-09
5.5850536063818505e-04	0.0000000000000000e+00	9.7860557621774183e-10
5.7595865315812904e-04	0.0000000000000000e+00	8.6413230691664719e-10
5.9341194567807205e-04	0.0000000000000000e+00	6.9004566237303416e-10
6.1086523819801496e-04	0.0000000000000000e+00	4.5071182120677279e-10
6.2831853071795905e-04	0.0000000000000000e+00	1.4206277484087390e-10
6.4577182323790196e-04	0.0000000000000000e+00	2.3801017131923130e-10
6.6322511575784497e-04	0.0000000000000000e+00	6.8929371642032568e-10
6.8067840827778798e-04	0.0000000000000000e+00	1.2089389580206350e-09
6.9813170079773197e-04	0.0000000000000000e+00	1.7912122337112338e-09
7.1558499331767498e-04	0.0000000000000000e+00	2.4273297092246057e-09
7.3303828583761799e-04	0.0000000000000000e+00	3.1053855794039613e-09
7.5049157835756198e-04	0.0000000000000000e+00	3.8103986626852196e-09
7.6794487087750499e-04	0.0000000000000000e+00	4.5244635734743727e-09
7.8539816339744800e-04	0.0000000000000000e+00	5.2270327243192423e-09
8.0285145591739199e-04	0.0000000000000000e+00	5.8953246967529953e-09
8.2030474843733500e-04	0.0000000000000000e+00	6.5048490637264965e-09
8.3775804095727801e-04	0.0000000000000000e+00	7.0300470188773361e-09
8.5521133347722102e-04	0.0000000000000000e+00	7.4450313375236819e-09
8.7266462599716501e-04	0.0000000000000000e+00	7.7244113415004758e-09
8.9011791851710802e-04	0.0000000000000000e+00	7.8441727567281070e-09
9.0757121103705104e-04	0.0000000000000000e+00	7.7825906642507606e-09
9.2502450355699502e-04	0.0000000000000000e+00	7.5211648556426576e-09
9.4247779607693804e-04	0.0000000000000000e+00	7.0454957180362518e-09
9.5993108859688105e-04	0.0000000000000000e+00	6.3461317568798374e-09
9.7738438111682406e-04	0.0000000000000000e+00	5.4193080362870331e-09
9.9483767363676805e-04	0.0000000000000000e+00	4.2675576559703227e-09
1.0122909661567101e-03	0.0000000000000000e+00	2.9001818403593080e-09
1.0297442586766500e-03	0.0000000000000000e+00	1.3335105703344942e-09
1.0471975511966000e-03	0.0000000000000000e+00	4.0901963558962471e-10
1.0646508437165401e-03	0.0000000000000000e+00	2.2970058384592820e-09
1.0821041362364800e-03	0.0000000000000000e+00	4.2934530196401261e-09
1.0995574287564300e-03	0.0000000000000000e+00	6.3553823190432072e-09
1.1170107212763701e-03	0.0000000000000000e+00	8.4346454948595095e-09
1.1344640137963100e-03	0.0000000000000000e+00	1.0478961018006612e-08
1.1519173063162600e-03	0.0000000000000000e+00	1.2433134601600280e-08
1.1693705988361999e-03	0.0000000000000000e+00	1.4240439723587694e-08
1.1868238913561400e-03	0.0000000000000000e+00	1.5844126886867319e-08
1.2042771838760900e-03	0.0000000000000000e+00	1.7189021081456941e-08
1.2217304763960299e-03	0.0000000000000000e+00	1.8223167174820785e-08
1.2391837689159700e-03	0.0000000000000000e+00	1.8899477893583813e-08
1.2566370614359201e-03	0.0000000000000000e+00	1.9177338515985706e-08
1.2740903539558599e-03	0.0000000000000000e+00	1.9024121708419275e-08
1.2915436464758000e-03	0.0000000000000000e+00	1.8416566542056894e-08
1.3089969389957501e-03	0.0000000000000000e+00	1.7341977503246778e-08
1.3264502315156899e-03	0.0000000000000000e+00	1.5799201638862619e-08
1.3439035240356300e-03	0.0000000000000000e+00	1.3799340384417769e-08
1.3613568165555801e-03	0.0000000000000000e+00	1.1366185513809398e-08
1.3788101090755199e-03	0.0000000000000000e+00	8.5363197867124855e-09
1.3962634015954600e-03	0.0000000000000000e+00	5.3588667711807817e-09
1.4137166941154101e-03	0.0000000000000000e+00	1.8948974982759738e-09
1.4311699866353500e-03	0.0000000000000000e+00	1.7835495352952458e-09
1.4486232791552900e-03	0.0000000000000000e+00	5.5947768136303084e-09
1.4660765716752401e-03	0.0000000000000000e+00	9.4491118000482677e-09
1.4835298641951800e-03	0.0000000000000000e+00	1.3250898298757750e-08
1.5009831567151201e-03	0.0000000000000000e+00	1.6900784703916657e-08
1.5184364492350699e-03	0.0000000000000000e+00	2.0298245405570310e-08
1.5358897417550100e-03	0.0000000000000000e+00	2.3344282621954870e-08
1.5533430342749501e-03	0.0000000000000000e+00	2.5944235885942772e-08
1.5707963267948999e-03	0.0000000000000000e+00	2.8010619993990695e-08
1.5882496193148400e-03	0.0000000000000000e+00	2.9465905118269285e-08
1.6057029118347801e-03	0.0000000000000000e+00	3.0245148358185694e-08
1.6231562043547299e-03	0.0000000000000000e+00	3.0298385543254657e-08
1.6406094968746700e-03	0.0000000000000000e+00	2.9592694428867678e-08
1.6580627893946101e-03	0.0000000000000000e+00	2.8113850927629662e-08
1.6755160819145599e-03	0.0000000000000000e+00	2.5867508912471661e-08
1.6929693744345000e-03	0.0000000000000000e+00	2.2879839268088100e-08
1.7104226669544401e-03	0.0000000000000000e+00	1.9197595663154400e-08
1.7278759594743899e-03	0.0000000000000000e+00	1.4887598513106902e-08
1.7453292519943300e-03	0.0000000000000000e+00	1.0035640646167146e-08
1.7627825445142699e-03	0.0000000000000000e+00	4.7447963512031616e-09
1.7802358370342200e-03	0.0000000000000000e+00	8.6681543658351294e-10
1.7976891295541600e-03	0.0000000000000000e+00	6.6686785552406467e-09
1.8151424220740999e-03	0.0000000000000000e+00	1.2520945465033313e-08
1.8325957145940500e-03	0.0000000000000000e+00	1.8277841963033983e-08
1.8500490071139900e-03	0.0000000000000000e+00	2.3791271602501187e-08
1.8675022996339299e-03	0.0000000000000000e+00	2.8914556138728454e-08
1.8849555921538800e-03	0.0000000000000000e+00	3.3506211555406657e-08
1.9024088846738201e-03	0.0000000000000000e+00	3.7433662373261355e-08
1.9198621771937599e-03	0.0000000000000000e+00	4.0576810465904999e-08
1.9373154697137100e-03	0.0000000000000000e+00	4.2831373271239456e-08
1.9547687622336499e-03	0.0000000000000000e+00	4.4111916304432698e-08
1.9722220547535902e-03	0.0000000000000000e+00	4.4354511234014665e-08
1.9896753472735400e-03	0.0000000000000000e+00	4.3518958632667583e-08
2.0071286397934799e-03	0.0000000000000000e+00	4.1590516109487118e-08
2.0245819323134202e-03	0.0000000000000000e+00	3.8581093771038699e-08
2.0420352248333700e-03	0.0000000000000000e+00	3.4529864375985394e-08
2.0594885173533099e-03	0.0000000000000000e+00	2.9503241710169043e-08
2.0769418098732502e-03	0.0000000000000000e+00	2.3594231127049023e-08
2.0943951023932000e-03	0.0000000000000000e+00	1.6921108631644874e-08
2.1118483949131399e-03	0.0000000000000000e+00	9.6254332635459545e-09
2.1293016874330802e-03	0.0000000000000000e+00	1.8693341339547358e-09
2.1467549799530201e-03	0.0000000000000000e+00	6.1677785323642785e-09
2.1642082724729699e-03	0.0000000000000000e+00	1.4293143411491382e-08
2.1816615649929102e-03	0.0000000000000000e+00	2.2305142379307282e-08
2.1991148575128501e-03	0.0000000000000000e+00	2.9998236339457438e-08
2.2165681500327999e-03	0.0000000000000000e+00	3.7168263225062590e-08
2.2340214425527402e-03	0.0000000000000000e+00	4.3617952718402311e-08
2.2514747350726801e-03	0.0000000000000000e+00	4.9162499628048577e-08
2.2689280275926299e-03	0.0000000000000000e+00	5.3635028208159418e-08
2.2863813201125698e-03	0.0000000000000000e+00	5.6891760711756710e-08
2.3038346126325101e-03	0.0000000000000000e+00	5.8816705396105751e-08
2.3212879051524599e-03	0.0000000000000000e+00	5.9325685827406671e-08
2.3387411976723998e-03	0.0000000000000000e+00	5.8369547613742190e-08
2.3561944901923401e-03	0.0000000000000000e+00	5.5936407432657864e-08
2.3736477827122899e-03	0.0000000000000000e+00	5.2052851152958121e-08
2.3911010752322298e-03	0.0000000000000000e+00	4.6784001728333993e-08
2.4085543677521701e-03	0.0000000000000000e+00	4.0232451422494245e-08
2.4260076602721200e-03	0.0000000000000000e+00	3.2536075219692184e-08
2.4434609527920598e-03	0.0000000000000000e+00	2.3864876105187049e-08
2.4609142453120001e-03	0.0000000000000000e+00	1.4416842319786409e-08
2.4783675378319500e-03	0.0000000000000000e+00	4.4129413394363294e-09
2.4958208303518898e-03	0.0000000000000000e+00	5.9083428955969449e-09
2.5132741228718301e-03	0.0000000000000000e+00	1.6296984226331675e-08
2.5307274153917800e-03	0.0000000000000000e+00	2.6497702938251627e-08
2.5481807079117198e-03	0.0000000000000000e+00	3.6256288631373928e-08
2.5656340004316601e-03	0.0000000000000000e+00	4.5325868850711230e-08
2.5830872929516100e-03	0.0000000000000000e+00	5.3472957433839735e-08
2.6005405854715499e-03	0.0000000000000000e+00	6.0483145345898447e-08
2.6179938779914902e-03	0.0000000000000000e+00	6.6166333991267466e-08
2.6354471705114400e-03	0.0000000000000000e+00	7.0361419825217735e-08
2.6529004630313799e-03	0.0000000000000000e+00	7.2940355627438525e-08
2.6703537555513202e-03	0.0000000000000000e+00	7.3811536574768987e-08
2.6878070480712700e-03	0.0000000000000000e+00	7.2922449442980639e-08
2.7052603405912099e-03	0.0000000000000000e+00	7.0261550683092744e-08
2.7227136331111502e-03	0.0000000000000000e+00	6.5859369894129643e-08
2.7401669256311000e-03	0.0000000000000000e+00	5.9788716911580228e-08
2.7576202181510399e-03	0.0000000000000000e+00	5.2164047411499433e-08
2.7750735106709802e-03	0.0000000000000000e+00	4.3139894456896071e-08
2.7925268031909300e-03	0.0000000000000000e+00	3.2908397315158093e-08
2.8099800957108699e-03	0.0000000000000000e+00	2.1695841909453972e-08
2.8274333882308102e-03	0.0000000000000000e+00	9.7582401018375247e-09
2.8448866807507600e-03	0.0000000000000000e+00	2.6239695278961362e-09
2.8623399732706999e-03	0.0000000000000000e+00	1.5152140504969604e-08
2.8797932657906402e-03	0.0000000000000000e+00	2.7516424513739481e-08
2.8972465583105901e-03	0.0000000000000000e+00	3.9403419053575479e-08
2.9146998508305299e-03	0.0000000000000000e+00	5.0504308554675865e-08
2.9321531433504698e-03	0.0000000000000000e+00	6.0523267256511548e-08
2.9496064358704201e-03	0.0000000000000000e+00	6.9185867082278017e-08
2.9670597283903599e-03	0.0000000000000000e+00	7.6247211951287938e-08
2.9845130209102998e-03	0.0000000000000000e+00	8.1499497306078913e-08
3.0019663134302501e-03	0.0000000000000000e+00	8.4778691708861874e-08
3.0194196059501899e-03	0.0000000000000000e+00	8.5970063751670628e-08
3.0368728984701298e-03	0.0000000000000000e+00	8.5012313801161154e-08
3.0543261909900801e-03	0.0000000000000000e+00	8.1900117926971165e-08
3.0717794835100200e-03	0.0000000000000000e+00	7.6684980578113309e-08
3.0892327760299598e-03	0.0000000000000000e+00	6.9474352824842441e-08
3.1066860685499101e-03	0.0000000000000000e+00	6.0428962086954827e-08
3.1241393610698500e-03	0.0000000000000000e+00	4.9758634067346331e-08
3.1415926535897898e-03	0.0000000000000000e+00	3.7716600573999233e-08
3.1590459461097401e-03	0.0000000000000000e+00	2.4592751440253220e-08
3.1764992386296800e-03	0.0000000000000000e+00	1.0705770152898052e-08
3.1939525311496198e-03	0.0000000000000000e+00	3.6053154730697698e-09
3.2114058236695701e-03	0.0000000000000000e+00	1.7989814204495966e-08
3.2288591161895100e-03	0.0000000000000000e+00	3.2094280812715069e-08
3.2463124087094499e-03	0.0000000000000000e+00	4.5571238167330612e-08
3.2637657012294001e-03	0.0000000000000000e+00	5.8087483570307218e-08
3.2812189937493400e-03	0.0000000000000000e+00	6.9331880163607739e-08
3.2986722862692799e-03	0.0000000000000000e+00	7.9022451991067326e-08
3.3161255787892301e-03	0.0000000000000000e+00	8.6912699816856947e-08
3.3335788713091700e-03	0.0000000000000000e+00	9.2797062038755907e-08
3.3510321638291099e-03	0.0000000000000000e+00	9.6515485403431628e-08
3.3684854563490602e-03	0.0000000000000000e+00	9.7957088851001227e-08
3.3859387488690000e-03	0.0000000000000000e+00	9.7062866643825578e-08
3.4033920413889399e-03	0.0000000000000000e+00	9.3827452221653179e-08
3.4208453339088902e-03	0.0000000000000000e+00	8.8299934855602845e-08
3.4382986264288300e-03	0.0000000000000000e+00	8.0583660380526309e-08
3.4557519189487699e-03	0.0000000000000000e+00	7.0834934688490519e-08
3.4732052114687202e-03	0.0000000000000000e+00	5.9260754706019059e-08
3.4906585039886600e-03	0.0000000000000000e+00	4.6115342714303132e-08
3.5081117965085999e-03	0.0000000000000000e+00	3.1695569382626348e-08
3.5255650890285502e-03	0.0000000000000000e+00	1.6335112512513011e-08
3.5430183815484901e-03	0.0000000000000000e+00	3.9760552122312481e-10
3.5604716740684299e-03	0.0000000000000000e+00	1.5731432461668746e-08
3.5779249665883698e-03	0.0000000000000000e+00	3.1653658153497911e-08
3.5953782591083201e-03	0.0000000000000000e+00	4.6967768362052910e-08
3.6128315516282599e-03	0.0000000000000000e+00	6.1280006728080986e-08
3.6302848441482102e-03	0.0000000000000000e+00	7.4214973328631910e-08
3.6477381366681501e-03	0.0000000000000000e+00	8.5426385977536538e-08
3.6651914291880900e-03	0.0000000000000000e+00	9.4607425302543282e-08
3.6826447217080398e-03	0.0000000000000000e+00	1.0150024526319658e-07
3.7000980142279801e-03	0.0000000000000000e+00	1.0590423911804414e-07
3.7175513067479200e-03	0.0000000000000000e+00	1.0768268634868018e-07
3.7350045992678598e-03	0.0000000000000000e+00	1.0676750732551853e-07
3.7524578917878101e-03	0.0000000000000000e+00	1.0316182156167646e-07
3.7699111843077500e-03	0.0000000000000000e+00	9.6940306861814696e-08
3.7873644768276998e-03	0.0000000000000000e+00	8.8247193917807468e-08
3.8048177693476401e-03	0.0000000000000000e+00	7.7292164295264715e-08
3.8222710618675800e-03	0.0000000000000000e+00	6.4344170538414261e-08
3.8397243543875199e-03	0.0000000000000000e+00	4.9723657846136233e-08
3.8571776469074701e-03	0.0000000000000000e+00	3.3793405587638534e-08
3.8746309394274100e-03	0.0000000000000000e+00	1.6948323179925740e-08
3.8920842319473499e-03	0.0000000000000000e+00	3.9527689231643359e-10
3.9095375244672997e-03	0.0000000000000000e+00	1.7810661176826268e-08
3.9269908169872400e-03	0.0000000000000000e+00	3.4871391271866617e-08
3.9444441095071803e-03	0.0000000000000000e+00	5.1161734486982038e-08
3.9618974020271302e-03	0.0000000000000000e+00	6.6286397137874305e-08
3.9793506945470696e-03	0.0000000000000000e+00	7.9879369839587407e-08
3.9968039870670099e-03	0.0000000000000000e+00	9.1611842741174657e-08
4.0142572795869597e-03	0.0000000000000000e+00	1.0119904475240699e-07
4.0317105721069000e-03	0.0000000000000000e+00	1.0840605442928798e-07
4.0491638646268403e-03	0.0000000000000000e+00	1.1305250233033660e-07
4.0666171571467902e-03	0.0000000000000000e+00	1.1501621162812596e-07
4.0840704496667296e-03	0.0000000000000000e+00	1.1423579456352481e-07
4.1015237421866699e-03	0.0000000000000000e+00	1.1071217332721270e-07
4.1189770347066198e-03	0.0000000000000000e+00	1.0450906242023217e-07
4.1364303272265601e-03	0.0000000000000000e+00	9.5752393728191252e-08
4.1538836197465004e-03	0.0000000000000000e+00	8.4628621456531659e-08
4.1713369122664502e-03	0.0000000000000000e+00	7.1381852412276865e-08
4.1887902047863896e-03	0.0000000000000000e+00	5.6309723604833624e-08
4.2062434973063299e-03	0.0000000000000000e+00	3.9758056634872710e-08
4.2236967898262798e-03	0.0000000000000000e+00	2.2114096814962228e-08
4.2411500823462201e-03	0.0000000000000000e+00	3.7985784735003090e-09
4.2586033748661604e-03	0.0000000000000000e+00	1.4743581904795993e-08
4.2760566673861102e-03	0.0000000000000000e+00	3.3053747201280209e-08
4.2935099599060497e-03	0.0000000000000000e+00	5.0670945197932280e-08
4.3109632524259900e-03	0.0000000000000000e+00	6.7143998463467102e-08
4.3284165449459398e-03	0.0000000000000000e+00	8.2043989269786376e-08
4.3458698374658801e-03	0.0000000000000000e+00	9.4976633884869257e-08
4.3633231299858204e-03	0.0000000000000000e+00	1.0559412717068801e-07
4.3807764225057702e-03	0.0000000000000000e+00	1.1360595992303571e-07
4.3982297150257097e-03	0.0000000000000000e+00	1.1878822811636591e-07
4.4156830075456500e-03	0.0000000000000000e+00	1.2099097298661980e-07
4.4331363000655998e-03	0.0000000000000000e+00	1.2014317167585175e-07
4.4505895925855401e-03	0.0000000000000000e+00	1.1625528502961773e-07
4.4680428851054804e-03	0.0000000000000000e+00	1.0941908035321860e-07
4.4854961776254303e-03	0.0000000000000000e+00	9.9804743375411176e-08
4.5029494701453697e-03	0.0000000000000000e+00	8.7655690751651123e-08
4.5204027626653100e-03	0.0000000000000000e+00	7.3281013699964576e-08
4.5378560551852598e-03	0.0000000000000000e+00	5.7045994816548468e-08
4.5553093477052001e-03	0.0000000000000000e+00	3.9361321140105791e-08
4.5727626402251396e-03	0.0000000000000000e+00	2.0671395607362610e-08
4.5902159327450903e-03	0.0000000000000000e+00	1.4420196364298087e-09
4.6076692252650297e-03	0.0000000000000000e+00	1.7851951067000466e-08
4.6251225177849700e-03	0.0000000000000000e+00	3.6738529425268463e-08
4.6425758103049199e-03	0.0000000000000000e+00	5.4760002252164517e-08
4.6600291028248602e-03	0.0000000000000000e+00	7.1483438404397596e-08
4.6774823953447996e-03	0.0000000000000000e+00	8.6510107015756788e-08
4.6949356878647503e-03	0.0000000000000000e+00	9.9483768137185507e-08
4.7123889803846897e-03	0.0000000000000000e+00	1.1009775196439022e-07
4.7298422729046300e-03	0.0000000000000000e+00	1.1810083150858561e-07
4.7472955654245799e-03	0.0000000000000000e+00	1.2330189913442535e-07
4.7647488579445202e-03	0.0000000000000000e+00	1.2557350312774383e-07
4.7822021504644596e-03	0.0000000000000000e+00	1.2485426399394156e-07
4.7996554429844103e-03	0.0000000000000000e+00	1.2115018043519358e-07
4.8171087355043498e-03	0.0000000000000000e+00	1.1453491266579324e-07
4.8345620280242901e-03	0.0000000000000000e+00	1.0514892912537188e-07
4.8520153205442399e-03	0.0000000000000000e+00	9.3197436263934438e-08
4.8694686130641802e-03	0.0000000000000000e+00	7.8947211035694441e-08
4.8869219055841196e-03	0.0000000000000000e+00	6.2722142004637833e-08
4.9043751981040704e-03	0.0000000000000000e+00	4.4897299882937649e-08
4.9218284906240098e-03	0.0000000000000000e+00	2.5891743387076533e-08
4.9392817831439501e-03	0.0000000000000000e+00	6.1599271854435140e-09
4.9567350756638999e-03	0.0000000000000000e+00	1.3818365812953634e-08
4.9741883681838402e-03	0.0000000000000000e+00	3.3549265133097741e-08
4.9916416607037797e-03	0.0000000000000000e+00	5.2537106494925219e-08
5.0090949532237304e-03	0.0000000000000000e+00	7.0297501704762886e-08
5.0265482457436698e-03	0.0000000000000000e+00	8.6370754289970858e-08
5.0440015382636101e-03	0.0000000000000000e+00	1.0033515164428274e-07
5.0614548307835600e-03	0.0000000000000000e+00	1.1181969766030381e-07
5.0789081233035003e-03	0.0000000000000000e+00	1.2051565547444654e-07
5.0963614158234397e-03	0.0000000000000000e+00	1.2618637636257444e-07
5.1138147083433904e-03	0.0000000000000000e+00	1.2867505385043565e-07
5.1312680008633298e-03	0.0000000000000000e+00	1.2790975658207204e-07
5.1487212933832701e-03	0.0000000000000000e+00	1.2390592383241166e-07
5.1661745859032200e-03	0.0000000000000000e+00	1.1676580717235897e-07
5.1836278784231603e-03	0.0000000000000000e+00	1.0667501996082789e-07
5.2010811709430997e-03	0.0000000000000000e+00	9.3896644070374213e-08
5.2185344634630504e-03	0.0000000000000000e+00	7.8762783352999481e-08
5.2359877559829899e-03	0.0000000000000000e+00	6.1664151005217571e-08
5.2534410485029302e-03	0.0000000000000000e+00	4.3038404185028657e-08
5.2708943410228696e-03	0.0000000000000000e+00	2.3357456668379618e-08
5.2883476335428203e-03	0.0000000000000000e+00	3.1143761835389881e-09
5.3058009260627597e-03	0.0000000000000000e+00	1.7189743324495124e-08
5.3232542185827000e-03	0.0000000000000000e+00	3.7058371419422667e-08
5.3407075111026499e-03	0.0000000000000000e+00	5.6011405149307078e-08
5.3581608036225902e-03	0.0000000000000000e+00	7.3596069405968973e-08
5.3756140961425296e-03	0.0000000000000000e+00	8.9396608270193264e-08
5.3930673886624803e-03	0.0000000000000000e+00	1.0304272811177161e-07
5.4105206811824198e-03	0.0000000000000000e+00	1.1421674380478968e-07
5.4279739737023601e-03	0.0000000000000000e+00	1.2265943981934137e-07
5.4454272662223099e-03	0.0000000000000000e+00	1.2817469130501793e-07
5.4628805587422502e-03	0.0000000000000000e+00	1.3063288995542971e-07
5.4803338512621896e-03	0.0000000000000000e+00	1.2997324083369466e-07
5.4977871437821403e-03	0.0000000000000000e+00	1.2620495081040736e-07
5.5152404363020798e-03	0.0000000000000000e+00	1.1940730320341919e-07
5.5326937288220201e-03	0.0000000000000000e+00	1.0972863713830904e-07
5.5501470213419699e-03	0.0000000000000000e+00	9.7384145648661739e-08
5.5676003138619102e-03	0.0000000000000000e+00	8.2652531253959045e-08
5.5850536063818497e-03	0.0000000000000000e+00	6.5871247048022603e-08
5.6025068989018004e-03	0.0000000000000000e+00	4.7430443998325063e-08
5.6199601914217398e-03	0.0000000000000000e+00	2.7765388402537362e-08
5.6374134839416801e-03	0.0000000000000000e+00	7.3475751462362290e-09
5.6548667764616299e-03	0.0000000000000000e+00	1.3325684037965646e-08
5.6723200689815702e-03	0.0000000000000000e+00	3.3742937017872815e-08
5.6897733615015097e-03	0.0000000000000000e+00	5.3391314331260006e-08
5.7072266540214604e-03	0.0000000000000000e+00	7.1770073661310876e-08
5.7246799465413998e-03	0.0000000000000000e+00	8.8404499746593672e-08
5.7421332390613401e-03	0.0000000000000000e+00	1.0285964576517435e-07
5.7595865315812900e-03	0.0000000000000000e+00	1.1475346415258188e-07
5.7770398241012303e-03	0.0000000000000000e+00	1.2376867431222742e-07
5.7944931166211697e-03	0.0000000000000000e+00	1.2966288966835236e-07
5.8119464091411204e-03	0.0000000000000000e+00	1.3227645916547788e-07
5.8293997016610598e-03	0.0000000000000000e+00	1.3153757465980527e-07
5.8468529941810002e-03	0.0000000000000000e+00	1.2746464750142934e-07
5.8643062867009500e-03	0.0000000000000000e+00	1.2016554626878588e-07
5.8817595792208903e-03	0.0000000000000000e+00	1.0983385487666679e-07
5.8992128717408297e-03	0.0000000000000000e+00	9.6742590645463646e-08
5.9166661642607796e-03	0.0000000000000000e+00	8.1235274813543819e-08
5.9341194567807199e-03	0.0000000000000000e+00	6.3715128925639881e-08
5.9515727493006602e-03	0.0000000000000000e+00	4.4632893718023221e-08
5.9690260418206100e-03	0.0000000000000000e+00	2.4473711568457756e-08
5.9864793343405503e-03	0.0000000000000000e+00	3.7435976329378831e-09
6.0039326268604898e-03	0.0000000000000000e+00	1.7043971854996279e-08
6.0213859193804396e-03	0.0000000000000000e+00	3.7381026893017781e-08
6.0388392119003799e-03	0.0000000000000000e+00	5.6777142902455496e-08
6.0562925044203202e-03	0.0000000000000000e+00	7.4770496155481606e-08
6.0737457969402700e-03	0.0000000000000000e+00	9.0937688898784725e-08
6.0911990894602103e-03	0.0000000000000000e+00	1.0490221494933868e-07
6.1086523819801498e-03	0.0000000000000000e+00	1.1634162404222656e-07
6.1261056745000996e-03	0.0000000000000000e+00	1.2499336374615580e-07
6.1435589670200399e-03	0.0000000000000000e+00	1.3065933729877272e-07
6.1610122595399802e-03	0.0000000000000000e+00	1.3320928923230977e-07
6.1784655520599301e-03	0.0000000000000000e+00	1.3258299592521456e-07
6.1959188445798704e-03	0.0000000000000000e+00	1.2879139068837673e-07
6.2133721370998098e-03	0.0000000000000000e+00	1.2191655367782103e-07
6.2308254296197596e-03	0.0000000000000000e+00	1.1211059798860726e-07
6.2482787221396999e-03	0.0000000000000000e+00	9.9593412846562946e-08
6.2657320146596402e-03	0.0000000000000000e+00	8.4649145288891468e-08
6.2831853071795901e-03	0.0000000000000000e+00	6.7621444379849665e-08
6.3006385996995304e-03	0.0000000000000000e+00	4.8907223299658357e-08
6.3180918922194698e-03	0.0000000000000000e+00	2.8948982971674551e-08
6.3355451847394197e-03	0.0000000000000000e+00	8.2257493243597261e-09
6.3529984772593600e-03	0.0000000000000000e+00	1.2757466498166105e-08
6.3704517697793003e-03	0.0000000000000000e+00	3.3481543310474254e-08
6.3879050622992501e-03	0.0000000000000000e+00	5.3426161851644744e-08
6.4053583548191904e-03	0.0000000000000000e+00	7.2083535405711635e-08
6.4228116473391298e-03	0.0000000000000000e+00	8.8972511728725564e-08
6.4402649398590797e-03	0.0000000000000000e+00	1.0365253214478221e-07
6.4577182323790200e-03	0.0000000000000000e+00	1.1573689535464180e-07
6.4751715248989603e-03	0.0000000000000000e+00	1.2490475544639129e-07
6.4926248174188997e-03	0.0000000000000000e+00	1.3091140330340197e-07
6.5100781099388504e-03	0.0000000000000000e+00	1.3359607242465999e-07
6.5275314024587899e-03	0.0000000000000000e+00	1.3288711158704335e-07
6.5449846949787302e-03	0.0000000000000000e+00	1.2880428340012895e-07
6.5624379874986800e-03	0.0000000000000000e+00	1.2145790524966603e-07
6.5798912800186203e-03	0.0000000000000000e+00	1.1104497256650617e-07
6.5973445725385597e-03	0.0000000000000000e+00	9.7842703473815559e-08
6.6147978650585096e-03	0.0000000000000000e+00	8.2199414626068759e-08
6.6322511575784499e-03	0.0000000000000000e+00	6.4523527275537575e-08
6.6497044500983902e-03	0.0000000000000000e+00	4.5271185335518424e-08
6.6671577426183400e-03	0.0000000000000000e+00	2.4932953535874511e-08
6.6846110351382803e-03	0.0000000000000000e+00	4.0201218457877239e-09
6.7020643276582198e-03	0.0000000000000000e+00	1.6948846922436825e-08
6.7195176201781696e-03	0.0000000000000000e+00	3.7461397032335170e-08
6.7369709126981099e-03	0.0000000000000000e+00	5.7023006735097824e-08
6.7544242052180502e-03	0.0000000000000000e+00	7.5168303015291951e-08
6.7718774977380001e-03	0.0000000000000000e+00	9.1470920306555901e-08
6.7893307902579404e-03	0.0000000000000000e+00	1.0555198104904625e-07
6.8067840827778798e-03	0.0000000000000000e+00	1.1708725496042254e-07
6.8242373752978296e-03	0.0000000000000000e+00	1.2581298733613859e-07
6.8416906678177699e-03	0.0000000000000000e+00	1.3153042876942459e-07
6.8591439603377102e-03	0.0000000000000000e+00	1.3410918964729442e-07
6.8765972528576601e-03	0.0000000000000000e+00	1.3348939731033937e-07
6.8940505453776004e-03	0.0000000000000000e+00	1.2968278032002472e-07
6.9115038378975398e-03	0.0000000000000000e+00	1.2277262685664373e-07
6.9289571304174897e-03	0.0000000000000000e+00	1.1291262658463577e-07
6.9464104229374300e-03	0.0000000000000000e+00	1.0032458112434002e-07
6.9638637154573703e-03	0.0000000000000000e+00	8.5294844273400411e-08
6.9813170079773201e-03	0.0000000000000000e+00	6.8169524179172484e-08
6.9987703004972604e-03	0.0000000000000000e+00	4.9348196749460280e-08
7.0162235930171998e-03	0.0000000000000000e+00	2.9276180725342551e-08
7.0336768855371497e-03	0.0000000000000000e+00	8.4354192598083450e-09
7.0511301780570900e-03	0.0000000000000000e+00	1.2666125750308289e-08
7.0685834705770303e-03	0.0000000000000000e+00	3.3506417227847270e-08
7.0860367630969801e-03	0.0000000000000000e+00	5.3562323398061036e-08
7.1034900556169204e-03	0.0000000000000000e+00	7.2323428773098825e-08
7.1209433481368599e-03	0.0000000000000000e+00	8.9306207577598863e-08
7.1383966406568097e-03	0.0000000000000000e+00	1.0406804985508740e-07
7.1558499331767500e-03	0.0000000000000000e+00	1.1622057919680731e-07
7.1733032256966903e-03	0.0000000000000000e+00	1.2544171509167641e-07
7.1907565182166401e-03	0.0000000000000000e+00	1.3148594505343981e-07
7.2082098107365796e-03	0.0000000000000000e+00	1.3419222852017023e-07
7.2256631032565199e-03	0.0000000000000000e+00	1.3348908758185783e-07
7.2431163957764697e-03	0.0000000000000000e+00	1.2939686829778296e-07
7.2605696882964100e-03	0.0000000000000000e+00	1.2202691259251824e-07
7.2780229808163503e-03	0.0000000000000000e+00	1.1157759615624069e-07
7.2954762733363002e-03	0.0000000000000000e+00	9.8327703467707652e-08
7.3129295658562396e-03	0.0000000000000000e+00	8.2627414051491539e-08
7.3303828583761799e-03	0.0000000000000000e+00	6.4887154367711184e-08
7.3478361508961297e-03	0.0000000000000000e+00	4.5565086901198817e-08
7.3652894434160700e-03	0.0000000000000000e+00	2.5153784363080936e-08
7.3827427359360103e-03	0.0000000000000000e+00	4.1665106643903657e-09
7.4001960284559602e-03	0.0000000000000000e+00	1.6876456359195265e-08
7.4176493209758996e-03	0.0000000000000000e+00	3.7460882979506613e-08
7.4351026134958399e-03	0.0000000000000000e+00	5.7090758104960498e-08
7.4525559060157898e-03	0.0000000000000000e+00	7.5299443193214711e-08
7.4700091985357301e-03	0.0000000000000000e+00	9.1659512554069653e-08
7.4874624910556704e-03	0.0000000000000000e+00	1.0579125643579967e-07
7.5049157835756202e-03	0.0000000000000000e+00	1.1736983042353084e-07
7.5223690760955596e-03	0.0000000000000000e+00	1.2613106238509820e-07
7.5398223686154999e-03	0.0000000000000000e+00	1.3187600291766315e-07
7.5572756611354498e-03	0.0000000000000000e+00	1.3447422094260137e-07
7.5747289536553901e-03	0.0000000000000000e+00	1.3386599080321612e-07
7.5921822461753304e-03	0.0000000000000000e+00	1.3006332797322337e-07
7.6096355386952802e-03	0.0000000000000000e+00	1.2314994725874629e-07
7.6270888312152197e-03	0.0000000000000000e+00	1.1328010108661416e-07
7.6445421237351600e-03	0.0000000000000000e+00	1.0067623857950028e-07
7.6619954162551098e-03	0.0000000000000000e+00	8.5625484404150954e-08
7.6794487087750501e-03	0.0000000000000000e+00	6.8474755351250449e-08
7.6969020012949904e-03	0.0000000000000000e+00	4.9624524165429707e-08
7.7143552938149403e-03	0.0000000000000000e+00	2.9521035065338068e-08
7.7318085863348797e-03	0.0000000000000000e+00	8.6472005932037706e-09
7.7492618788548200e-03	0.0000000000000000e+00	1.2488064746210820e-08
7.7667151713747698e-03	0.0000000000000000e+00	3.3361775916784743e-08
7.7841684638947101e-03	0.0000000000000000e+00	5.3449898018985125e-08
7.8016217564146496e-03	0.0000000000000000e+00	7.2241185468228512e-08
7.8190750489345994e-03	0.0000000000000000e+00	8.9251376244114840e-08
7.8365283414545406e-03	0.0000000000000000e+00	1.0403721274981651e-07
7.8539816339744800e-03	0.0000000000000000e+00	1.1620981411936057e-07
7.8714349264944194e-03	0.0000000000000000e+00	1.2544673325876148e-07
7.8888882190143693e-03	0.0000000000000000e+00	1.3150224322607322e-07
7.9063415115343105e-03	0.0000000000000000e+00	1.3421521566265690e-07
7.9237948040542603e-03	0.0000000000000000e+00	1.3351423318289383e-07
7.9412480965741997e-03	0.0000000000000000e+00	1.2941987466739237e-07
7.9587013890941392e-03	0.0000000000000000e+00	1.2204380989423709e-07
7.9761546816140907e-03	0.0000000000000000e+00	1.1158482054853209e-07
7.9936079741340302e-03	0.0000000000000000e+00	9.8322271521279722e-08
8.0110612666539696e-03	0.0000000000000000e+00	8.2606911825588655e-08
8.0285145591739195e-03	0.0000000000000000e+00	6.4849733179619781e-08
8.0459678516938606e-03	0.0000000000000000e+00	4.5509533738921462e-08
8.0634211442138001e-03	0.0000000000000000e+00	2.5079507880312311e-08
8.0808744367337395e-03	0.0000000000000000e+00	4.0734911880372583e-09
8.0983277292536893e-03	0.0000000000000000e+00	1.6987713690779731e-08
8.1157810217736305e-03	0.0000000000000000e+00	3.7589380926631474e-08
8.1332343142935803e-03	0.0000000000000000e+00	5.7235079480360793e-08
8.1506876068135198e-03	0.0000000000000000e+00	7.5457814261667986e-08
8.1681408993334592e-03	0.0000000000000000e+00	9.1829881983906683e-08
8.1855941918534108e-03	0.0000000000000000e+00	1.0597134855837106e-07
8.2030474843733502e-03	0.0000000000000000e+00	1.1755722544686885e-07
8.2205007768932897e-03	0.0000000000000000e+00	1.2632325055055301e-07
8.2379540694132308e-03	0.0000000000000000e+00	1.3207044712033461e-07
8.2554073619331807e-03	0.0000000000000000e+00	1.3466840699158898e-07
8.2728606544531201e-03	0.0000000000000000e+00	1.3405748247031573e-07
8.2903139469730595e-03	0.0000000000000000e+00	1.3024978666107704e-07
8.3077672394930094e-03	0.0000000000000000e+00	1.2332921343577234e-07
8.3252205320129506e-03	0.0000000000000000e+00	1.1345019604610741e-07
8.3426738245328900e-03	0.0000000000000000e+00	1.0083542609890753e-07
8.3601271170528398e-03	0.0000000000000000e+00	8.5772271160001968e-08
8.3775804095727793e-03	0.0000000000000000e+00	6.8607920353656163e-08
8.3950337020927204e-03	0.0000000000000000e+00	4.9743129114904032e-08
8.4124869946126703e-03	0.0000000000000000e+00	2.9624431320494294e-08
8.4299402871326097e-03	0.0000000000000000e+00	8.7350448490930167e-09
8.4473935796525491e-03	0.0000000000000000e+00	1.2415814533983186e-08
8.4648468721725007e-03	0.0000000000000000e+00	3.3304867395955861e-08
8.4823001646924402e-03	0.0000000000000000e+00	5.3407796281628395e-08
8.4997534572123796e-03	0.0000000000000000e+00	7.2213091599431742e-08
8.5172067497323294e-03	0.0000000000000000e+00	8.9236260222345046e-08
8.5346600422522706e-03	0.0000000000000000e+00	1.0403384144207541e-07
8.5521133347722100e-03	0.0000000000000000e+00	1.1621679000487888e-07
8.5695666272921599e-03	0.0000000000000000e+00	1.2546255196088530e-07
8.5870199198120993e-03	0.0000000000000000e+00	1.3152530077399267e-07
8.6044732123320405e-03	0.0000000000000000e+00	1.3424390393624504e-07
8.6219265048519903e-03	0.0000000000000000e+00	1.3354694164791794e-07
8.6393797973719298e-03	0.0000000000000000e+00	1.2945505055852885e-07
8.6568330898918692e-03	0.0000000000000000e+00	1.2207998878116078e-07
8.6742863824118208e-03	0.0000000000000000e+00	1.1162065933720593e-07
8.6917396749317602e-03	0.0000000000000000e+00	9.8356558564997178e-08
8.7091929674516996e-03	0.0000000000000000e+00	8.2638608863493481e-08
8.7266462599716495e-03	0.0000000000000000e+00	6.4877976536884792e-08
8.7440995524915906e-03	0.0000000000000000e+00	4.5533634044272359e-08
8.7615528450115301e-03	0.0000000000000000e+00	2.5098952809724100e-08
8.7790061375314799e-03	0.0000000000000000e+00	4.0879332841090897e-09
8.7964594300514194e-03	0.0000000000000000e+00	1.6978437765354015e-08
8.8139127225713605e-03	0.0000000000000000e+00	3.7585303598594812e-08
8.8313660150913104e-03	0.0000000000000000e+00	5.7236114746722634e-08
8.8488193076112498e-03	0.0000000000000000e+00	7.5463762111925243e-08
8.8662726001311892e-03	0.0000000000000000e+00	9.1840449100393092e-08
8.8837258926511408e-03	0.0000000000000000e+00	1.0598617491288336e-07
8.9011791851710802e-03	0.0000000000000000e+00	1.1757589462825488e-07
8.9186324776910197e-03	0.0000000000000000e+00	1.2634531471441365e-07
8.9360857702109695e-03	0.0000000000000000e+00	1.3209543395080362e-07
8.9535390627309107e-03	0.0000000000000000e+00	1.3469585038988137e-07
8.9709923552508501e-03	0.0000000000000000e+00	1.3408691133809296e-07
8.9884456477708000e-03	0.0000000000000000e+00	1.3028078451385255e-07
9.0058989402907394e-03	0.0000000000000000e+00	1.2336136779464025e-07
9.0233522328106806e-03	0.0000000000000000e+00	1.1348315095037173e-07
9.0408055253306304e-03	0.0000000000000000e+00	1.0086885530324156e-07
9.0582588178505698e-03	0.0000000000000000e+00	8.5805906402764296e-08
9.0757121103705093e-03	0.0000000000000000e+00	6.8641562703560243e-08
9.0931654028904609e-03	0.0000000000000000e+00	4.9776639300946145e-08
9.1106186954104003e-03	0.0000000000000000e+00	2.9657745284955689e-08
9.1280719879303397e-03	0.0000000000000000e+00	8.7681640174920266e-09
9.1455252804502896e-03	0.0000000000000000e+00	1.2382823554278170e-08
9.1629785729702307e-03	0.0000000000000000e+00	3.3271875553203046e-08
9.1804318654901702e-03	0.0000000000000000e+00	5.3374619940440916e-08
9.1978851580101200e-03	0.0000000000000000e+00	7.2179500536895739e-08
9.2153384505300594e-03	0.0000000000000000e+00	8.9201981791834580e-08
9.2327917430500006e-03	0.0000000000000000e+00	1.0399857316584650e-07
9.2502450355699505e-03	0.0000000000000000e+00	1.1618021089202887e-07
9.2676983280898899e-03	0.0000000000000000e+00	1.2542432304245322e-07
9.2851516206098293e-03	0.0000000000000000e+00	1.3148510076905010e-07
9.3026049131297792e-03	0.0000000000000000e+00	1.3420140488688662e-07
9.3200582056497203e-03	0.0000000000000000e+00	1.3350185049841220e-07
9.3375114981696598e-03	0.0000000000000000e+00	1.2940710301694576e-07
9.3549647906896096e-03	0.0000000000000000e+00	1.2202896185852229e-07
9.3724180832095508e-03	0.0000000000000000e+00	1.1156637741719192e-07
9.3898713757294902e-03	0.0000000000000000e+00	9.8298911976988494e-08
9.4073246682494296e-03	0.0000000000000000e+00	8.2577527824784110e-08
9.4247779607693795e-03	0.0000000000000000e+00	6.4813447886698620e-08
9.4422312532893207e-03	0.0000000000000000e+00	4.5465700622582255e-08
9.4596845458092705e-03	0.0000000000000000e+00	2.5027707032494302e-08
9.4771378383292099e-03	0.0000000000000000e+00	4.0135076622402794e-09
9.4945911308491494e-03	0.0000000000000000e+00	1.7055867241622406e-08
9.5120444233690905e-03	0.0000000000000000e+00	3.7665527567356716e-08
9.5294977158890404e-03	0.0000000000000000e+00	5.7318893286104960e-08
9.5469510084089798e-03	0.0000000000000000e+00	7.5548830948231205e-08
9.5644043009289192e-03	0.0000000000000000e+00	9.1927528341983447e-08
9.5818575934488708e-03	0.0000000000000000e+00	1.0607497252256849e-07
9.5993108859688103e-03	0.0000000000000000e+00	1.1766610918545399e-07
9.6167641784887497e-03	0.0000000000000000e+00	1.2643664660770582e-07
9.6342174710086995e-03	0.0000000000000000e+00	1.3218757836299070e-07
9.6516707635286407e-03	0.0000000000000000e+00	1.3478851268955831e-07
9.6691240560485905e-03	0.0000000000000000e+00	1.3417980389876636e-07
9.6865773485685300e-03	0.0000000000000000e+00	1.3037362830110931e-07
9.7040306410884694e-03	0.0000000000000000e+00	1.2345389867939413e-07
9.7214839336084106e-03	0.0000000000000000e+00	1.1357511473007654e-07
9.7389372261283604e-03	0.0000000000000000e+00	1.0096001823505586e-07
9.7563905186482999e-03	0.0000000000000000e+00	8.5896045831210631e-08
9.7738438111682393e-03	0.0000000000000000e+00	6.8730469380138396e-08
9.7912971036881909e-03	0.0000000000000000e+00	4.9864131581251532e-08
9.8087503962081303e-03	0.0000000000000000e+00	2.9743668013704482e-08
9.8262036887280697e-03	0.0000000000000000e+00	8.8523651337659107e-09
9.8436569812480196e-03	0.0000000000000000e+00	1.2300468116186108e-08
9.8611102737679607e-03	0.0000000000000000e+00	3.3191476562853343e-08
9.8785635662879106e-03	0.0000000000000000e+00	5.3296275214422282e-08
9.8960168588078500e-03	0.0000000000000000e+00	7.2103287010043563e-08
9.9134701513277895e-03	0.0000000000000000e+00	8.9127948437033292e-08
9.9309234438477306e-03	0.0000000000000000e+00	1.0392676507469769e-07
9.9483767363676805e-03	0.0000000000000000e+00	1.1611065438997433e-07
9.9658300288876199e-03	0.0000000000000000e+00	1.2535702122995457e-07
9.9832833214075593e-03	0.0000000000000000e+00	1.3142004486476346e-07
1.0000736613927501e-02	0.0000000000000000e+00	1.3413858268384242e-07
1.0018189906447501e-02	0.0000000000000000e+00	1.3344125969035824e-07
1.0035643198967400e-02	0.0000000000000000e+00	1.2934871233389474e-07
1.0053096491487300e-02	0.0000000000000000e+00	1.2197274065660518e-07
1.0070549784007300e-02	0.0000000000000000e+00	1.1151231908926628e-07
1.0088003076527199e-02	0.0000000000000000e+00	9.8246944328781981e-08
1.0105456369047200e-02	0.0000000000000000e+00	8.2527581414069143e-08
1.0122909661567101e-02	0.0000000000000000e+00	6.4765492311184204e-08
1.0140362954087099e-02	0.0000000000000000e+00	4.5419689035909303e-08
1.0157816246607001e-02	0.0000000000000000e+00	2.4983577158271291e-08
1.0175269539126900e-02	0.0000000000000000e+00	3.9712160783794185e-09
1.0192722831646900e-02	0.0000000000000000e+00	1.7096379432415304e-08
1.0210176124166800e-02	0.0000000000000000e+00	3.7704313845250315e-08
1.0227629416686800e-02	0.0000000000000000e+00	5.7355998911437435e-08
1.0245082709206699e-02	0.0000000000000000e+00	7.5584310071837509e-08
1.0262536001726700e-02	0.0000000000000000e+00	9.1961429264706140e-08
1.0279989294246601e-02	0.0000000000000000e+00	1.0610734798916783e-07
1.0297442586766500e-02	0.0000000000000000e+00	1.1769701270058213e-07
1.0314895879286501e-02	0.0000000000000000e+00	1.2646612787682905e-07
1.0332349171806400e-02	0.0000000000000000e+00	1.3221570007546891e-07
1.0349802464326400e-02	0.0000000000000000e+00	1.3481532700600396e-07
1.0367255756846300e-02	0.0000000000000000e+00	1.3420537767013334e-07
1.0384709049366300e-02	0.0000000000000000e+00	1.3039802151617592e-07
1.0402162341886199e-02	0.0000000000000000e+00	1.2347718055168397e-07
1.0419615634406101e-02	0.0000000000000000e+00	1.1359735965494738e-07
1.0437068926926101e-02	0.0000000000000000e+00	1.0098130068393834e-07
1.0454522219446000e-02	0.0000000000000000e+00	8.5916454718327210e-08
1.0471975511966001e-02	0.0000000000000000e+00	6.8750091407649418e-08
1.0489428804485900e-02	0.0000000000000000e+00	4.9883057818700535e-08
1.0506882097005900e-02	0.0000000000000000e+00	2.9761986060806035e-08
1.0524335389525800e-02	0.0000000000000000e+00	8.8701815446838692e-09
1.0541788682045699e-02	0.0000000000000000e+00	1.2283049727506114e-08
1.0559241974565699e-02	0.0000000000000000e+00	3.3174342819049784e-08
1.0576695267085601e-02	0.0000000000000000e+00	5.3279303119167342e-08
1.0594148559605601e-02	0.0000000000000000e+00	7.2086352671037455e-08
1.0611601852125500e-02	0.0000000000000000e+00	8.9110936309697681e-08
1.0629055144645501e-02	0.0000000000000000e+00	1.0390954619532969e-07
1.0646508437165400e-02	0.0000000000000000e+00	1.1609310324849629e-07
1.0663961729685400e-02	0.0000000000000000e+00	1.2533902317017579e-07
1.0681415022205300e-02	0.0000000000000000e+00	1.3140148853576827e-07
1.0698868314725199e-02	0.0000000000000000e+00	1.3411935357916843e-07
1.0716321607245199e-02	0.0000000000000000e+00	1.3342123029379804e-07
1.0733774899765101e-02	0.0000000000000000e+00	1.2932778342946800e-07
1.0751228192285101e-02	0.0000000000000000e+00	1.2195081484935841e-07
1.0768681484805000e-02	0.0000000000000000e+00	1.1148927878249071e-07
1.0786134777325001e-02	0.0000000000000000e+00	9.8222743039809053e-08
1.0803588069844900e-02	0.0000000000000000e+00	8.2502178349383849e-08
1.0821041362364800e-02	0.0000000000000000e+00	6.4738815196523792e-08
1.0838494654884800e-02	0.0000000000000000e+00	4.5391691297420430e-08
1.0855947947404699e-02	0.0000000000000000e+00	2.4954236883613106e-08
1.0873401239924699e-02	0.0000000000000000e+00	3.9405020555228397e-09
1.0890854532444601e-02	0.0000000000000000e+00	1.7128474546228643e-08
1.0908307824964599e-02	0.0000000000000000e+00	3.7737794234773138e-08
1.0925761117484500e-02	0.0000000000000000e+00	5.7390869736291319e-08
1.0943214410004400e-02	0.0000000000000000e+00	7.5620560804743773e-08
1.0960667702524400e-02	0.0000000000000000e+00	9.1999049729111953e-08
1.0978120995044300e-02	0.0000000000000000e+00	1.0614631849045094e-07
1.0995574287564300e-02	0.0000000000000000e+00	1.1773730998058916e-07
1.1013027580084199e-02	0.0000000000000000e+00	1.2650772808978174e-07
1.1030480872604199e-02	0.0000000000000000e+00	1.3225856716594279e-07
1.1047934165124101e-02	0.0000000000000000e+00	1.3485943255986377e-07
1.1065387457644000e-02	0.0000000000000000e+00	1.3425067942480063e-07
1.1082840750164000e-02	0.0000000000000000e+00	1.3044448491322652e-07
1.1100294042683900e-02	0.0000000000000000e+00	1.2352476153774490e-07
1.1117747335203900e-02	0.0000000000000000e+00	1.1364601229529570e-07
1.1135200627723800e-02	0.0000000000000000e+00	1.0103097947742102e-07
1.1152653920243800e-02	0.0000000000000000e+00	8.5967103408710650e-08
1.1170107212763699e-02	0.0000000000000000e+00	6.8801657651220592e-08
1.1187560505283699e-02	0.0000000000000000e+00	4.9935488175291060e-08
1.1205013797803601e-02	0.0000000000000000e+00	2.9815234502483775e-08
1.1222467090323500e-02	0.0000000000000000e+00	8.9241849358651969e-09
1.1239920382843500e-02	0.0000000000000000e+00	1.2228349284497923e-08
1.1257373675363400e-02	0.0000000000000000e+00	3.3119010037207487e-08
1.1274826967883400e-02	0.0000000000000000e+00	5.3223412788084098e-08
1.1292280260403300e-02	0.0000000000000000e+00	7.2029975287611208e-08
1.1309733552923300e-02	0.0000000000000000e+00	8.9054137355661186e-08
1.1327186845443199e-02	0.0000000000000000e+00	1.0385239826546890e-07
1.1344640137963101e-02	0.0000000000000000e+00	1.1603568283244268e-07
1.1362093430483101e-02	0.0000000000000000e+00	1.2528141540541910e-07
1.1379546723003000e-02	0.0000000000000000e+00	1.3134380023675712e-07
1.1397000015523000e-02	0.0000000000000000e+00	1.3406164116222819e-07
1.1414453308042900e-02	0.0000000000000000e+00	1.3336357284423505e-07
1.1431906600562900e-02	0.0000000000000000e+00	1.2927026868580267e-07
1.1449359893082800e-02	0.0000000000000000e+00	1.2189349539857671e-07
1.1466813185602699e-02	0.0000000000000000e+00	1.1143223705706742e-07
1.1484266478122699e-02	0.0000000000000000e+00	9.8166065205027082e-08
1.1501719770642601e-02	0.0000000000000000e+00	8.2445946807397588e-08
1.1519173063162601e-02	0.0000000000000000e+00	6.4683111998435669e-08
1.1536626355682500e-02	0.0000000000000000e+00	4.5336577979022947e-08
1.1554079648202500e-02	0.0000000000000000e+00	2.4899771639782283e-08
1.1571532940722400e-02	0.0000000000000000e+00	3.8867529019006585e-09
1.1588986233242300e-02	0.0000000000000000e+00	1.7181464500583041e-08
1.1606439525762300e-02	0.0000000000000000e+00	3.7789985055045569e-08
1.1623892818282199e-02	0.0000000000000000e+00	5.7442224207362491e-08
1.1641346110802199e-02	0.0000000000000000e+00	7.5671056084422935e-08
1.1658799403322101e-02	0.0000000000000000e+00	9.2048658954179475e-08
1.1676252695842101e-02	0.0000000000000000e+00	1.0619502098426676e-07
1.1693705988362000e-02	0.0000000000000000e+00	1.1778508525264617e-07
1.1711159280882000e-02	0.0000000000000000e+00	1.2655455900071807e-07
1.1728612573401900e-02	0.0000000000000000e+00	1.3230444361794157e-07
1.1746065865921800e-02	0.0000000000000000e+00	1.3490434106637916e-07
1.1763519158441800e-02	0.0000000000000000e+00	1.3429460823635656e-07
1.1780972450961699e-02	0.0000000000000000e+00	1.3048742170138549e-07
1.1798425743481699e-02	0.0000000000000000e+00	1.2356671075554208e-07
1.1815879036001601e-02	0.0000000000000000e+00	1.1368696744387080e-07
1.1833332328521601e-02	0.0000000000000000e+00	1.0107094552065731e-07
1.1850785621041500e-02	0.0000000000000000e+00	8.6006082413985172e-08
1.1868238913561400e-02	0.0000000000000000e+00	6.8839666458026057e-08
1.1885692206081400e-02	0.0000000000000000e+00	4.9972531029557995e-08
1.1903145498601300e-02	0.0000000000000000e+00	2.9851320814323013e-08
1.1920598791121300e-02	0.0000000000000000e+00	8.9593343438321816e-09
1.1938052083641199e-02	0.0000000000000000e+00	1.2194116499447796e-08
1.1955505376161199e-02	0.0000000000000000e+00	3.3085671805219120e-08
1.1972958668681101e-02	0.0000000000000000e+00	5.3190938435068868e-08
1.1990411961201000e-02	0.0000000000000000e+00	7.1998337231650500e-08
1.2007865253721000e-02	0.0000000000000000e+00	8.9023305423594887e-08
1.2025318546240900e-02	0.0000000000000000e+00	1.0382234790505262e-07
1.2042771838760900e-02	0.0000000000000000e+00	1.1600636440765836e-07
1.2060225131280800e-02	0.0000000000000000e+00	1.2525277997111333e-07
1.2077678423800800e-02	0.0000000000000000e+00	1.3131576966360695e-07
1.2095131716320699e-02	0.0000000000000000e+00	1.3403418351471812e-07
1.2112585008840600e-02	0.0000000000000000e+00	1.3333664634935049e-07
1.2130038301360601e-02	0.0000000000000000e+00	1.2924381298928839e-07
1.2147491593880500e-02	0.0000000000000000e+00	1.2186747889708712e-07
1.2164944886400500e-02	0.0000000000000000e+00	1.1140661883334445e-07
1.2182398178920400e-02	0.0000000000000000e+00	9.8140745578758826e-08
1.2199851471440400e-02	0.0000000000000000e+00	8.2420844817247097e-08
1.2217304763960300e-02	0.0000000000000000e+00	6.4658173407027483e-08
1.2234758056480201e-02	0.0000000000000000e+00	4.5311736422861318e-08
1.2252211349000199e-02	0.0000000000000000e+00	2.4874966221948465e-08
1.2269664641520101e-02	0.0000000000000000e+00	3.8619176985344150e-09
1.2287117934040101e-02	0.0000000000000000e+00	1.7206377670046438e-08
1.2304571226560000e-02	0.0000000000000000e+00	3.7815018731393399e-08
1.2322024519080000e-02	0.0000000000000000e+00	5.7467422875436149e-08
1.2339477811599900e-02	0.0000000000000000e+00	7.5696456321906221e-08
1.2356931104119900e-02	0.0000000000000000e+00	9.2074295281802745e-08
1.2374384396639800e-02	0.0000000000000000e+00	1.0622093036341212e-07
1.2391837689159701e-02	0.0000000000000000e+00	1.1781130332574429e-07
1.2409290981679699e-02	0.0000000000000000e+00	1.2658111544502940e-07
1.2426744274199601e-02	0.0000000000000000e+00	1.3233137145766457e-07
1.2444197566719601e-02	0.0000000000000000e+00	1.3493166671055864e-07
1.2461650859239500e-02	0.0000000000000000e+00	1.3432237024570411e-07
1.2479104151759500e-02	0.0000000000000000e+00	1.3051565024943477e-07
1.2496557444279400e-02	0.0000000000000000e+00	1.2359542300957400e-07
1.2514010736799299e-02	0.0000000000000000e+00	1.1371619358561745e-07
1.2531464029319300e-02	0.0000000000000000e+00	1.0110069178742876e-07
1.2548917321839201e-02	0.0000000000000000e+00	8.6036381544394265e-08
1.2566370614359199e-02	0.0000000000000000e+00	6.8870532153543070e-08
1.2583823906879101e-02	0.0000000000000000e+00	5.0003988583029730e-08
1.2601277199399101e-02	0.0000000000000000e+00	2.9883380340981351e-08
1.2618730491919000e-02	0.0000000000000000e+00	8.9920090054196989e-09
1.2636183784438900e-02	0.0000000000000000e+00	1.2160816630954650e-08
1.2653637076958900e-02	0.0000000000000000e+00	3.3051738227840639e-08
1.2671090369478799e-02	0.0000000000000000e+00	5.3156361431458429e-08
1.2688543661998800e-02	0.0000000000000000e+00	7.1963110620265838e-08
1.2705996954518701e-02	0.0000000000000000e+00	8.8987431477582749e-08
1.2723450247038699e-02	0.0000000000000000e+00	1.0378582184457643e-07
1.2740903539558601e-02	0.0000000000000000e+00	1.1596919534875098e-07
1.2758356832078500e-02	0.0000000000000000e+00	1.2521498463717314e-07
1.2775810124598500e-02	0.0000000000000000e+00	1.3127734978041784e-07
1.2793263417118400e-02	0.0000000000000000e+00	1.3399516780013003e-07
1.2810716709638400e-02	0.0000000000000000e+00	1.3329704379473081e-07
1.2828170002158299e-02	0.0000000000000000e+00	1.2920364731272685e-07
1.2845623294678300e-02	0.0000000000000000e+00	1.2182677767977981e-07
1.2863076587198201e-02	0.0000000000000000e+00	1.1136538982354983e-07
1.2880529879718199e-02	0.0000000000000000e+00	9.8099033911842136e-08
1.2897983172238101e-02	0.0000000000000000e+00	8.2378692929769902e-08
1.2915436464758000e-02	0.0000000000000000e+00	6.4615597423380017e-08
1.2932889757278000e-02	0.0000000000000000e+00	4.5268775823599924e-08
1.2950343049797900e-02	0.0000000000000000e+00	2.4831656895351746e-08
1.2967796342317900e-02	0.0000000000000000e+00	3.8182939932342673e-09
1.2985249634837799e-02	0.0000000000000000e+00	1.7250279327321885e-08
1.3002702927357800e-02	0.0000000000000000e+00	3.7859165912202906e-08
1.3020156219877701e-02	0.0000000000000000e+00	5.7511782348754430e-08
1.3037609512397600e-02	0.0000000000000000e+00	7.5740992043620940e-08
1.3055062804917601e-02	0.0000000000000000e+00	9.2118977810178598e-08
1.3072516097437500e-02	0.0000000000000000e+00	1.0626572463545080e-07
1.3089969389957500e-02	0.0000000000000000e+00	1.1785617854780610e-07
1.3107422682477400e-02	0.0000000000000000e+00	1.2662604413567076e-07
1.3124875974997400e-02	0.0000000000000000e+00	1.3237631973255895e-07
1.3142329267517299e-02	0.0000000000000000e+00	1.3497661022538281e-07
1.3159782560037201e-02	0.0000000000000000e+00	1.3436727394196344e-07
1.3177235852557199e-02	0.0000000000000000e+00	1.3056049025188950e-07
1.3194689145077100e-02	0.0000000000000000e+00	1.2364017314790795e-07
1.3212142437597101e-02	0.0000000000000000e+00	1.1376082359175622e-07
1.3229595730117000e-02	0.0000000000000000e+00	1.0114518002669145e-07
1.3247049022637000e-02	0.0000000000000000e+00	8.6080702215901491e-08
1.3264502315156900e-02	0.0000000000000000e+00	6.8914668016464354e-08
1.3281955607676799e-02	0.0000000000000000e+00	5.0047911356024247e-08
1.3299408900196799e-02	0.0000000000000000e+00	2.9927065703573252e-08
1.3316862192716701e-02	0.0000000000000000e+00	9.0354369643440933e-09
1.3334315485236699e-02	0.0000000000000000e+00	1.2117669479499310e-08
1.3351768777756600e-02	0.0000000000000000e+00	3.3008889348137207e-08
1.3369222070276601e-02	0.0000000000000000e+00	5.3113832671659601e-08
1.3386675362796500e-02	0.0000000000000000e+00	7.1920928488263463e-08
1.3404128655316400e-02	0.0000000000000000e+00	8.8945616268759734e-08
1.3421581947836400e-02	0.0000000000000000e+00	1.0374439155454500e-07
1.3439035240356299e-02	0.0000000000000000e+00	1.1592816584195204e-07
1.3456488532876299e-02	0.0000000000000000e+00	1.2517434940258724e-07
1.3473941825396201e-02	0.0000000000000000e+00	1.3123712508079551e-07
1.3491395117916199e-02	0.0000000000000000e+00	1.3395534896018906e-07
1.3508848410436100e-02	0.0000000000000000e+00	1.3325765037804305e-07
1.3526301702956101e-02	0.0000000000000000e+00	1.2916467284178826e-07
1.3543754995476000e-02	0.0000000000000000e+00	1.2178821901539311e-07
1.3561208287995900e-02	0.0000000000000000e+00	1.1132727119556088e-07
1.3578661580515900e-02	0.0000000000000000e+00	9.8061327158879626e-08
1.3596114873035799e-02	0.0000000000000000e+00	8.2341367540577979e-08
1.3613568165555799e-02	0.0000000000000000e+00	6.4578657055417301e-08
1.3631021458075701e-02	0.0000000000000000e+00	4.5232211421340514e-08
1.3648474750595699e-02	0.0000000000000000e+00	2.4795445463351220e-08
1.3665928043115600e-02	0.0000000000000000e+00	3.7824238449553338e-09
1.3683381335635500e-02	0.0000000000000000e+00	1.7285834455923842e-08
1.3700834628155500e-02	0.0000000000000000e+00	3.7894428498016197e-08
1.3718287920675400e-02	0.0000000000000000e+00	5.7546765643333382e-08
1.3735741213195400e-02	0.0000000000000000e+00	7.5775717757516899e-08
1.3753194505715299e-02	0.0000000000000000e+00	9.2153463545673028e-08
1.3770647798235299e-02	0.0000000000000000e+00	1.0629999213660705e-07
1.3788101090755201e-02	0.0000000000000000e+00	1.1789024747199561e-07
1.3805554383275100e-02	0.0000000000000000e+00	1.2665993258859125e-07
1.3823007675795100e-02	0.0000000000000000e+00	1.3241005269858982e-07
1.3840460968315000e-02	0.0000000000000000e+00	1.3501020311585657e-07
1.3857914260835000e-02	0.0000000000000000e+00	1.3440075498325185e-07
1.3875367553354900e-02	0.0000000000000000e+00	1.3059387509571470e-07
1.3892820845874900e-02	0.0000000000000000e+00	1.2367348648100962e-07
1.3910274138394799e-02	0.0000000000000000e+00	1.1379409053983954e-07
1.3927727430914701e-02	0.0000000000000000e+00	1.0117842235103232e-07
1.3945180723434701e-02	0.0000000000000000e+00	8.6113938814735858e-08
1.3962634015954600e-02	0.0000000000000000e+00	6.8947918972636773e-08
1.3980087308474600e-02	0.0000000000000000e+00	5.0081201692037404e-08
1.3997540600994500e-02	0.0000000000000000e+00	2.9960420657034696e-08
1.4014993893514500e-02	0.0000000000000000e+00	9.0688772150287540e-09
1.4032447186034400e-02	0.0000000000000000e+00	1.2084118436166536e-08
1.4049900478554400e-02	0.0000000000000000e+00	3.2975208319711106e-08
1.4067353771074299e-02	0.0000000000000000e+00	5.3079996781189935e-08
1.4084807063594201e-02	0.0000000000000000e+00	7.1886905634603371e-08
1.4102260356114201e-02	0.0000000000000000e+00	8.8911376619646829e-08
1.4119713648634100e-02	0.0000000000000000e+00	1.0370991372454205e-07
1.4137166941154100e-02	0.0000000000000000e+00	1.1589342134230950e-07
1.4154620233674000e-02	0.0000000000000000e+00	1.2513932828652098e-07
1.4172073526194000e-02	0.0000000000000000e+00	1.3120180940265724e-07
1.4189526818713900e-02	0.0000000000000000e+00	1.3391972710062814e-07
1.4206980111233799e-02	0.0000000000000000e+00	1.3322169756589264e-07
1.4224433403753799e-02	0.0000000000000000e+00	1.2912838036726607e-07
1.4241886696273701e-02	0.0000000000000000e+00	1.2175157497776839e-07
1.4259339988793701e-02	0.0000000000000000e+00	1.1129024604865239e-07
1.4276793281313600e-02	0.0000000000000000e+00	9.8023923406609924e-08
1.4294246573833600e-02	0.0000000000000000e+00	8.2303591802689124e-08
1.4311699866353500e-02	0.0000000000000000e+00	6.4540498012123716e-08
1.4329153158873400e-02	0.0000000000000000e+00	4.5193655551915201e-08
1.4346606451393400e-02	0.0000000000000000e+00	2.4756497013269846e-08
1.4364059743913299e-02	0.0000000000000000e+00	3.7430768666727232e-09
1.4381513036433299e-02	0.0000000000000000e+00	1.7325574626982730e-08
1.4398966328953201e-02	0.0000000000000000e+00	3.7934556596266811e-08
1.4416419621473201e-02	0.0000000000000000e+00	5.7587285129752345e-08
1.4433872913993100e-02	0.0000000000000000e+00	7.5816624269482191e-08
1.4451326206513000e-02	0.0000000000000000e+00	9.2194755524129877e-08
1.4468779499033000e-02	0.0000000000000000e+00	1.0634166376473881e-07
1.4486232791552900e-02	0.0000000000000000e+00	1.1793229329606290e-07
1.4503686084072900e-02	0.0000000000000000e+00	1.2670235082079636e-07
1.4521139376592799e-02	0.0000000000000000e+00	1.3245282970958225e-07
1.4538592669112799e-02	0.0000000000000000e+00	1.3505333775846572e-07
1.4556045961632701e-02	0.0000000000000000e+00	1.3444423580082771e-07
1.4573499254152701e-02	0.0000000000000000e+00	1.3063769451787066e-07
1.4590952546672600e-02	0.0000000000000000e+00	1.2371763524247239e-07
1.4608405839192500e-02	0.0000000000000000e+00	1.1383853282470441e-07
1.4625859131712500e-02	0.0000000000000000e+00	1.0122315859648772e-07
1.4643312424232400e-02	0.0000000000000000e+00	8.6158964098790219e-08
1.4660765716752400e-02	0.0000000000000000e+00	6.8993230227729786e-08
1.4678219009272299e-02	0.0000000000000000e+00	5.0126784162603558e-08
1.4695672301792299e-02	0.0000000000000000e+00	3.0006259440427987e-08
1.4713125594312201e-02	0.0000000000000000e+00	9.1149624607650721e-09
1.4730578886832100e-02	0.0000000000000000e+00	1.2037802655692190e-08
1.4748032179352100e-02	0.0000000000000000e+00	3.2928672007120971e-08
1.4765485471872000e-02	0.0000000000000000e+00	5.3033256215547543e-08
1.4782938764392000e-02	0.0000000000000000e+00	7.1839986685251232e-08
1.4800392056911900e-02	0.0000000000000000e+00	8.8864303270635399e-08
1.4817845349431900e-02	0.0000000000000000e+00	1.0366270372077705e-07
1.4835298641951799e-02	0.0000000000000000e+00	1.1584608950262387e-07
1.4852751934471701e-02	0.0000000000000000e+00	1.2509188567308623e-07
1.4870205226991701e-02	0.0000000000000000e+00	1.3115427429601054e-07
1.4887658519511600e-02	0.0000000000000000e+00	1.3387210296169105e-07
1.4905111812031600e-02	0.0000000000000000e+00	1.3317400518171429e-07
1.4922565104551500e-02	0.0000000000000000e+00	1.2908063145704786e-07
1.4940018397071500e-02	0.0000000000000000e+00	1.2170377880105089e-07
1.4957471689591400e-02	0.0000000000000000e+00	1.1124243277823149e-07
1.4974924982111301e-02	0.0000000000000000e+00	9.7976093230257592e-08
1.4992378274631299e-02	0.0000000000000000e+00	8.2255746220103441e-08
1.5009831567151201e-02	0.0000000000000000e+00	6.4492653449537649e-08
1.5027284859671201e-02	0.0000000000000000e+00	4.5145827855498308e-08
1.5044738152191100e-02	0.0000000000000000e+00	2.4708689170643704e-08
1.5062191444711100e-02	0.0000000000000000e+00	3.6953015704795100e-09
1.5079644737231000e-02	0.0000000000000000e+00	1.7373316776941197e-08
1.5097098029750899e-02	0.0000000000000000e+00	3.7982264383522470e-08
1.5114551322270900e-02	0.0000000000000000e+00	5.7634948359144745e-08
1.5132004614790801e-02	0.0000000000000000e+00	7.5864240665798675e-08
1.5149457907310799e-02	0.0000000000000000e+00	9.2242319429679094e-08
1.5166911199830701e-02	0.0000000000000000e+00	1.0638917519881448e-07
1.5184364492350701e-02	0.0000000000000000e+00	1.1797974942424714e-07
1.5201817784870600e-02	0.0000000000000000e+00	1.2674974935397923e-07
1.5219271077390600e-02	0.0000000000000000e+00	1.3250017703362309e-07
1.5236724369910500e-02	0.0000000000000000e+00	1.3510062828215423e-07
1.5254177662430399e-02	0.0000000000000000e+00	1.3449147708445389e-07
1.5271630954950400e-02	0.0000000000000000e+00	1.3068488609700379e-07
1.5289084247470301e-02	0.0000000000000000e+00	1.2376478288746683e-07
1.5306537539990299e-02	0.0000000000000000e+00	1.1388566297141525e-07
1.5323990832510201e-02	0.0000000000000000e+00	1.0127027046539900e-07
1.5341444125030201e-02	0.0000000000000000e+00	8.6206049979831981e-08
1.5358897417550100e-02	0.0000000000000000e+00	6.9040289320484687e-08
1.5376350710070000e-02	0.0000000000000000e+00	5.0173826132427342e-08
1.5393804002590000e-02	0.0000000000000000e+00	3.0053294640189320e-08
1.5411257295109899e-02	0.0000000000000000e+00	9.1619946157910908e-09
1.5428710587629900e-02	0.0000000000000000e+00	1.1990763389677195e-08
1.5446163880149801e-02	0.0000000000000000e+00	3.2881621663464249e-08
1.5463617172669799e-02	0.0000000000000000e+00	5.2986185844997876e-08
1.5481070465189701e-02	0.0000000000000000e+00	7.1792877280445188e-08
1.5498523757709600e-02	0.0000000000000000e+00	8.8817136761965651e-08
1.5515977050229600e-02	0.0000000000000000e+00	1.0361546877969123e-07
1.5533430342749500e-02	0.0000000000000000e+00	1.1579877677580894e-07
1.5550883635269500e-02	0.0000000000000000e+00	1.2504448888785325e-07
1.5568336927789399e-02	0.0000000000000000e+00	1.3110677881035232e-07
1.5585790220309400e-02	0.0000000000000000e+00	1.3382450552116047e-07
1.5603243512829299e-02	0.0000000000000000e+00	1.3312628614467270e-07
1.5620696805349200e-02	0.0000000000000000e+00	1.2903278082124827e-07
1.5638150097869199e-02	0.0000000000000000e+00	1.2165578757294649e-07
1.5655603390389100e-02	0.0000000000000000e+00	1.1119427007194069e-07
1.5673056682909099e-02	0.0000000000000000e+00	9.7927758031292412e-08
1.5690509975429000e-02	0.0000000000000000e+00	8.2207235679287305e-08
1.5707963267949002e-02	0.0000000000000000e+00	6.4443949715032013e-08
1.5725416560468899e-02	0.0000000000000000e+00	4.5096912415270206e-08
1.5742869852988801e-02	0.0000000000000000e+00	2.4659556003753403e-08
1.5760323145508799e-02	0.0000000000000000e+00	3.6459344722160279e-09
1.5777776438028700e-02	0.0000000000000000e+00	1.7422922932864455e-08
1.5795229730548699e-02	0.0000000000000000e+00	3.8032115455402208e-08
1.5812683023068600e-02	0.0000000000000000e+00	5.7685059691650264e-08
1.5830136315588599e-02	0.0000000000000000e+00	7.5914620489070550e-08
1.5847589608108500e-02	0.0000000000000000e+00	9.2292979256225767e-08
1.5865042900628502e-02	0.0000000000000000e+00	1.0644012106608859e-07
1.5882496193148399e-02	0.0000000000000000e+00	1.1803099125583259e-07
1.5899949485668301e-02	0.0000000000000000e+00	1.2680129562705800e-07
1.5917402778188299e-02	0.0000000000000000e+00	1.3255202905034823e-07
1.5934856070708200e-02	0.0000000000000000e+00	1.3515279816154112e-07
1.5952309363228199e-02	0.0000000000000000e+00	1.3454396192371299e-07
1.5969762655748100e-02	0.0000000000000000e+00	1.3073769639523301e-07
1.5987215948268099e-02	0.0000000000000000e+00	1.2381792043477034e-07
1.6004669240788000e-02	0.0000000000000000e+00	1.1393912497171273e-07
1.6022122533307901e-02	0.0000000000000000e+00	1.0132405948477000e-07
1.6039575825827899e-02	0.0000000000000000e+00	8.6260172937994407e-08
1.6057029118347801e-02	0.0000000000000000e+00	6.9094756088490312e-08
1.6074482410867799e-02	0.0000000000000000e+00	5.0228630227168996e-08
1.6091935703387700e-02	0.0000000000000000e+00	3.0108435171465022e-08
1.6109388995907699e-02	0.0000000000000000e+00	9.2174766888894892e-09
1.6126842288427600e-02	0.0000000000000000e+00	1.1934940141731430e-08
1.6144295580947501e-02	0.0000000000000000e+00	3.2825450746684658e-08
1.6161748873467500e-02	0.0000000000000000e+00	5.2929668687328695e-08
1.6179202165987401e-02	0.0000000000000000e+00	7.1736026278204282e-08
1.6196655458507399e-02	0.0000000000000000e+00	8.8759962998211523e-08
1.6214108751027301e-02	0.0000000000000000e+00	1.0355797408273179e-07
1.6231562043547299e-02	0.0000000000000000e+00	1.1574095635316481e-07
1.6249015336067200e-02	0.0000000000000000e+00	1.2498634164388392e-07
1.6266468628587199e-02	0.0000000000000000e+00	1.3104830859661147e-07
1.6283921921107100e-02	0.0000000000000000e+00	1.3376570835605878e-07
1.6301375213627001e-02	0.0000000000000000e+00	1.3306716875479102e-07
1.6318828506147000e-02	0.0000000000000000e+00	1.2897334503781593e-07
1.6336281798666901e-02	0.0000000000000000e+00	1.2159603420381777e-07
1.6353735091186899e-02	0.0000000000000000e+00	1.1113421688522324e-07
1.6371188383706801e-02	0.0000000000000000e+00	9.7867400920353662e-08
1.6388641676226799e-02	0.0000000000000000e+00	8.2146573271077530e-08
1.6406094968746700e-02	0.0000000000000000e+00	6.4382993939387705e-08
1.6423548261266602e-02	0.0000000000000000e+00	4.5035670892968816e-08
1.6441001553786600e-02	0.0000000000000000e+00	2.4598031919016242e-08
1.6458454846306501e-02	0.0000000000000000e+00	3.5841335388207330e-09
1.6475908138826500e-02	0.0000000000000000e+00	1.7484992210751986e-08
1.6493361431346401e-02	0.0000000000000000e+00	3.8094445658960051e-08
1.6510814723866400e-02	0.0000000000000000e+00	5.7747645334442732e-08
1.6528268016386301e-02	0.0000000000000000e+00	7.5977457559569933e-08
1.6545721308906199e-02	0.0000000000000000e+00	9.2356060139669396e-08
1.6563174601426200e-02	0.0000000000000000e+00	1.0650344282619948e-07
1.6580627893946102e-02	0.0000000000000000e+00	1.1809454924334601e-07
1.6598081186466100e-02	0.0000000000000000e+00	1.2686508211068833e-07
1.6615534478986001e-02	0.0000000000000000e+00	1.3261604449034269e-07
1.6632987771506000e-02	0.0000000000000000e+00	1.3521703567402992e-07
1.6650441064025901e-02	0.0000000000000000e+00	1.3460841941964352e-07
1.6667894356545799e-02	0.0000000000000000e+00	1.3080237165558477e-07
1.6685347649065801e-02	0.0000000000000000e+00	1.2388280570323807e-07
1.6702800941585699e-02	0.0000000000000000e+00	1.1400421570453049e-07
1.6720254234105700e-02	0.0000000000000000e+00	1.0138934519642206e-07
1.6737707526625598e-02	0.0000000000000000e+00	8.6325668065644062e-08
1.6755160819145600e-02	0.0000000000000000e+00	6.9160452314616217e-08
1.6772614111665501e-02	0.0000000000000000e+00	5.0294538077906338e-08
1.6790067404185399e-02	0.0000000000000000e+00	3.0174553210056187e-08
1.6807520696705401e-02	0.0000000000000000e+00	9.2837954279191819e-09
1.6824973989225299e-02	0.0000000000000000e+00	1.1868427809627732e-08
1.6842427281745301e-02	0.0000000000000000e+00	3.2758754381167384e-08
1.6859880574265199e-02	0.0000000000000000e+00	5.2862798862259102e-08
1.6877333866785200e-02	0.0000000000000000e+00	7.1668991109498012e-08
1.6894787159305098e-02	0.0000000000000000e+00	8.8692768908329880e-08
1.6912240451825100e-02	0.0000000000000000e+00	1.0349062333222445e-07
1.6929693744345001e-02	0.0000000000000000e+00	1.1567344744082764e-07
1.6947147036864899e-02	0.0000000000000000e+00	1.2491867290047504e-07
1.6964600329384901e-02	0.0000000000000000e+00	1.3098047286503620e-07
1.6982053621904799e-02	0.0000000000000000e+00	1.3369767245222000e-07
1.6999506914424801e-02	0.0000000000000000e+00	1.3299896107406475e-07
1.7016960206944699e-02	0.0000000000000000e+00	1.2890496083368110e-07
1.7034413499464700e-02	0.0000000000000000e+00	1.2152746298957452e-07
1.7051866791984598e-02	0.0000000000000000e+00	1.1106547318358263e-07
1.7069320084504500e-02	0.0000000000000000e+00	9.7798478678246307e-08
1.7086773377024501e-02	0.0000000000000000e+00	8.2077447761645734e-08
1.7104226669544399e-02	0.0000000000000000e+00	6.4313635412017130e-08
1.7121679962064401e-02	0.0000000000000000e+00	4.4966087483049236e-08
1.7139133254584299e-02	0.0000000000000000e+00	2.4528219426480579e-08
1.7156586547104301e-02	0.0000000000000000e+00	3.5140777019592608e-09
1.7174039839624199e-02	0.0000000000000000e+00	1.7555298924185681e-08
1.7191493132144100e-02	0.0000000000000000e+00	3.8165012236874076e-08
1.7208946424664098e-02	0.0000000000000000e+00	5.7818476776155985e-08
1.7226399717184000e-02	0.0000000000000000e+00	7.6048557124959862e-08
1.7243853009704001e-02	0.0000000000000000e+00	9.2427434362689711e-08
1.7261306302223899e-02	0.0000000000000000e+00	1.0657509732675878e-07
1.7278759594743901e-02	0.0000000000000000e+00	1.1816648484533037e-07
1.7296212887263799e-02	0.0000000000000000e+00	1.2693730771679943e-07
1.7313666179783700e-02	0.0000000000000000e+00	1.3268856306218633e-07
1.7331119472303699e-02	0.0000000000000000e+00	1.3528984863623929e-07
1.7348572764823600e-02	0.0000000000000000e+00	1.3468153679925319e-07
1.7366026057343598e-02	0.0000000000000000e+00	1.3087579342799606e-07
1.7383479349863500e-02	0.0000000000000000e+00	1.2395653382577388e-07
1.7400932642383501e-02	0.0000000000000000e+00	1.1407824484092135e-07
1.7418385934903399e-02	0.0000000000000000e+00	1.0146369458684181e-07
1.7435839227423401e-02	0.0000000000000000e+00	8.6400332819149965e-08
1.7453292519943299e-02	0.0000000000000000e+00	6.9235451555658767e-08
1.7470745812463200e-02	0.0000000000000000e+00	5.0369859674614744e-08
1.7488199104983199e-02	0.0000000000000000e+00	3.0250200493528121e-08
1.7505652397503100e-02	0.0000000000000000e+00	9.3597837235005830e-09
1.7523105690023098e-02	0.0000000000000000e+00	1.1792086998157096e-08
1.7540558982543000e-02	0.0000000000000000e+00	3.2682047307616439e-08
1.7558012275063001e-02	0.0000000000000000e+00	5.2785712800192443e-08
1.7575465567582899e-02	0.0000000000000000e+00	7.1591517332909272e-08
1.7592918860102801e-02	0.0000000000000000e+00	8.8614903223037164e-08
1.7610372152622799e-02	0.0000000000000000e+00	1.0341234859853470e-07
1.7627825445142700e-02	0.0000000000000000e+00	1.1559477036299818e-07
1.7645278737662699e-02	0.0000000000000000e+00	1.2483959380483801e-07
1.7662732030182600e-02	0.0000000000000000e+00	1.3090097664477507e-07
1.7680185322702598e-02	0.0000000000000000e+00	1.3361778891074128e-07
1.7697638615222500e-02	0.0000000000000000e+00	1.3291867327653456e-07
1.7715091907742401e-02	0.0000000000000000e+00	1.2882426483963271e-07
1.7732545200262399e-02	0.0000000000000000e+00	1.2144636779602078e-07
1.7749998492782301e-02	0.0000000000000000e+00	1.1098396549067140e-07
1.7767451785302299e-02	0.0000000000000000e+00	9.7716572283524278e-08
1.7784905077822200e-02	0.0000000000000000e+00	8.1995131532858725e-08
1.7802358370342199e-02	0.0000000000000000e+00	6.4230927962116152e-08
1.7819811662862100e-02	0.0000000000000000e+00	4.4882989881305812e-08
1.7837264955382001e-02	0.0000000000000000e+00	2.4444725593841736e-08
1.7854718247902000e-02	0.0000000000000000e+00	3.4301945818886463e-09
1.7872171540421901e-02	0.0000000000000000e+00	1.7639572683594155e-08
1.7889624832941899e-02	0.0000000000000000e+00	3.8249676834889993e-08
1.7907078125461801e-02	0.0000000000000000e+00	5.7903528100342906e-08
1.7924531417981799e-02	0.0000000000000000e+00	7.6133995264419725e-08
1.7941984710501700e-02	0.0000000000000000e+00	9.2513255495448921e-08
1.7959438003021699e-02	0.0000000000000000e+00	1.0666130069944930e-07
1.7976891295541600e-02	0.0000000000000000e+00	1.1825306935986291e-07
1.7994344588061501e-02	0.0000000000000000e+00	1.2702427131295016e-07
1.8011797880581500e-02	0.0000000000000000e+00	1.3277590546107304e-07
1.8029251173101401e-02	0.0000000000000000e+00	1.3537756821059394e-07
1.8046704465621399e-02	0.0000000000000000e+00	1.3476963135959219e-07
1.8064157758141301e-02	0.0000000000000000e+00	1.3096425926724159e-07
1.8081611050661299e-02	0.0000000000000000e+00	1.2404537919971467e-07
1.8099064343181200e-02	0.0000000000000000e+00	1.1416748672659811e-07
1.8116517635701102e-02	0.0000000000000000e+00	1.0155332420168923e-07
1.8133970928221100e-02	0.0000000000000000e+00	8.6490338105699796e-08
1.8151424220741001e-02	0.0000000000000000e+00	6.9325815215651689e-08
1.8168877513261000e-02	0.0000000000000000e+00	5.0460593300188765e-08
1.8186330805780901e-02	0.0000000000000000e+00	3.0341305490079461e-08
1.8203784098300899e-02	0.0000000000000000e+00	9.4512518647968762e-09
1.8221237390820801e-02	0.0000000000000000e+00	1.1700257549070273e-08
1.8238690683340698e-02	0.0000000000000000e+00	3.2589865169634748e-08
1.8256143975860700e-02	0.0000000000000000e+00	5.2693176566100240e-08
1.8273597268380602e-02	0.0000000000000000e+00	7.1498613786505690e-08
1.8291050560900600e-02	0.0000000000000000e+00	8.8521618692977501e-08
1.8308503853420501e-02	0.0000000000000000e+00	1.0331869444763804e-07
1.8325957145940500e-02	0.0000000000000000e+00	1.1550074642032904e-07
1.8343410438460401e-02	0.0000000000000000e+00	1.2474520388860153e-07
1.8360863730980299e-02	0.0000000000000000e+00	1.3080623722466802e-07
1.8378317023500301e-02	0.0000000000000000e+00	1.3352270750599797e-07
1.8395770316020198e-02	0.0000000000000000e+00	1.3282322984375843e-07
1.8413223608540200e-02	0.0000000000000000e+00	1.2872846789762724e-07
1.8430676901060102e-02	0.0000000000000000e+00	1.2135021834710379e-07
1.8448130193580100e-02	0.0000000000000000e+00	1.1088744683468454e-07
1.8465583486100001e-02	0.0000000000000000e+00	9.7619680946414424e-08
1.8483036778619899e-02	0.0000000000000000e+00	8.1897905167556176e-08
1.8500490071139901e-02	0.0000000000000000e+00	6.4133368632574231e-08
1.8517943363659799e-02	0.0000000000000000e+00	4.4785081029954860e-08
1.8535396656179801e-02	0.0000000000000000e+00	2.4346474735772361e-08
1.8552849948699698e-02	0.0000000000000000e+00	3.3316107556911718e-09
1.8570303241219700e-02	0.0000000000000000e+00	1.7738499305281533e-08
1.8587756533739602e-02	0.0000000000000000e+00	3.8348949152625724e-08
1.8605209826259600e-02	0.0000000000000000e+00	5.8003145245438798e-08
1.8622663118779501e-02	0.0000000000000000e+00	7.6233958563914672e-08
1.8640116411299399e-02	0.0000000000000000e+00	9.2613570894661252e-08
1.8657569703819401e-02	0.0000000000000000e+00	1.0676196544157730e-07
1.8675022996339299e-02	0.0000000000000000e+00	1.1835409092497238e-07
1.8692476288859301e-02	0.0000000000000000e+00	1.2712564827547872e-07
1.8709929581379198e-02	0.0000000000000000e+00	1.3287764252387128e-07
1.8727382873899200e-02	0.0000000000000000e+00	1.3547967025773091e-07
1.8744836166419102e-02	0.0000000000000000e+00	1.3487210099678941e-07
1.8762289458938999e-02	0.0000000000000000e+00	1.3106710289760737e-07
1.8779742751459001e-02	0.0000000000000000e+00	1.2414859597178099e-07
1.8797196043978899e-02	0.0000000000000000e+00	1.1427108473529876e-07
1.8814649336498901e-02	0.0000000000000000e+00	1.0165731057775245e-07
1.8832102629018799e-02	0.0000000000000000e+00	8.6594723775934447e-08
1.8849555921538801e-02	0.0000000000000000e+00	6.9430592863118669e-08
1.8867009214058698e-02	0.0000000000000000e+00	5.0565764529853726e-08
1.8884462506578600e-02	0.0000000000000000e+00	3.0446870138561606e-08
1.8901915799098602e-02	0.0000000000000000e+00	9.5572138782829466e-09
1.8919369091618499e-02	0.0000000000000000e+00	1.1593898773389909e-08
1.8936822384138501e-02	0.0000000000000000e+00	3.2483103979180586e-08
1.8954275676658399e-02	0.0000000000000000e+00	5.2586008321716025e-08
1.8971728969178401e-02	0.0000000000000000e+00	7.1391033944785467e-08
1.8989182261698299e-02	0.0000000000000000e+00	8.8413626927922006e-08
1.9006635554218200e-02	0.0000000000000000e+00	1.0321027926595971e-07
1.9024088846738198e-02	0.0000000000000000e+00	1.1539191187744034e-07
1.9041542139258100e-02	0.0000000000000000e+00	1.2463594333998726e-07
1.9058995431778102e-02	0.0000000000000000e+00	1.3069655077012813e-07
1.9076448724297999e-02	0.0000000000000000e+00	1.3341259198781904e-07
1.9093902016818001e-02	0.0000000000000000e+00	1.3271267682305455e-07
1.9111355309337899e-02	0.0000000000000000e+00	1.2861746784485000e-07
1.9128808601857800e-02	0.0000000000000000e+00	1.2123876691067140e-07
1.9146261894377799e-02	0.0000000000000000e+00	1.1077552513853130e-07
1.9163715186897700e-02	0.0000000000000000e+00	9.7507305780659494e-08
1.9181168479417698e-02	0.0000000000000000e+00	8.1785080346461767e-08
1.9198621771937600e-02	0.0000000000000000e+00	6.4020074420767339e-08
1.9216075064457602e-02	0.0000000000000000e+00	4.4671323372446340e-08
1.9233528356977499e-02	0.0000000000000000e+00	2.4232254165655950e-08
1.9250981649497501e-02	0.0000000000000000e+00	3.2169149441431313e-09
1.9268434942017399e-02	0.0000000000000000e+00	1.7853659331824313e-08
1.9285888234537300e-02	0.0000000000000000e+00	3.8464572221564711e-08
1.9303341527057299e-02	0.0000000000000000e+00	5.8119239673717657e-08
1.9320794819577200e-02	0.0000000000000000e+00	7.6350524575333908e-08
1.9338248112097198e-02	0.0000000000000000e+00	9.2730611304272185e-08
1.9355701404617100e-02	0.0000000000000000e+00	1.0687948395272995e-07
1.9373154697137102e-02	0.0000000000000000e+00	1.1847208929816966e-07
1.9390607989656999e-02	0.0000000000000000e+00	1.2724413032202331e-07
1.9408061282176901e-02	0.0000000000000000e+00	1.3299660808405258e-07
1.9425514574696899e-02	0.0000000000000000e+00	1.3559912546381843e-07
1.9442967867216800e-02	0.0000000000000000e+00	1.3499204076291358e-07
1.9460421159736799e-02	0.0000000000000000e+00	1.3118753326754224e-07
1.9477874452256700e-02	0.0000000000000000e+00	1.2426951501459043e-07
1.9495327744776698e-02	0.0000000000000000e+00	1.1439249518680433e-07
1.9512781037296600e-02	0.0000000000000000e+00	1.0177921360408050e-07
1.9530234329816501e-02	0.0000000000000000e+00	8.6717119714864788e-08
1.9547687622336499e-02	0.0000000000000000e+00	6.9553486596079297e-08
1.9565140914856401e-02	0.0000000000000000e+00	5.0689153661332128e-08
1.9582594207376399e-02	0.0000000000000000e+00	3.0570755318740272e-08
1.9600047499896300e-02	0.0000000000000000e+00	9.6815967590014852e-09
1.9617500792416299e-02	0.0000000000000000e+00	1.1469017227592211e-08
1.9634954084936200e-02	0.0000000000000000e+00	3.2357722196530757e-08
1.9652407377456101e-02	0.0000000000000000e+00	5.2460126376417539e-08
1.9669860669976100e-02	0.0000000000000000e+00	7.1264656951218178e-08
1.9687313962496001e-02	0.0000000000000000e+00	8.8286755850495604e-08
1.9704767255015999e-02	0.0000000000000000e+00	1.0308291780963611e-07
1.9722220547535901e-02	0.0000000000000000e+00	1.1526406099358410e-07
1.9739673840055899e-02	0.0000000000000000e+00	1.2450759044879791e-07
1.9757127132575800e-02	0.0000000000000000e+00	1.3056768807430572e-07
1.9774580425095799e-02	0.0000000000000000e+00	1.3328322007975638e-07
1.9792033717615700e-02	0.0000000000000000e+00	1.3258281660100009e-07
1.9809487010135601e-02	0.0000000000000000e+00	1.2848711507442590e-07
1.9826940302655600e-02	0.0000000000000000e+00	1.2110792547183657e-07
1.9844393595175501e-02	0.0000000000000000e+00	1.1064422679995186e-07
1.9861846887695499e-02	0.0000000000000000e+00	9.7375528616094781e-08
1.9879300180215401e-02	0.0000000000000000e+00	8.1652792075498862e-08
1.9896753472735399e-02	0.0000000000000000e+00	6.3887292182547030e-08
1.9914206765255300e-02	0.0000000000000000e+00	4.4538051841646901e-08
1.9931660057775202e-02	0.0000000000000000e+00	2.4098479700142610e-08
1.9949113350295200e-02	0.0000000000000000e+00	3.0826417915209985e-09
1.9966566642815101e-02	0.0000000000000000e+00	1.7988438215891191e-08
1.9984019935335100e-02	0.0000000000000000e+00	3.8599859233746742e-08
2.0001473227855001e-02	0.0000000000000000e+00	5.8255029609059213e-08
2.0018926520374999e-02	0.0000000000000000e+00	7.6486820017807251e-08
2.0036379812894901e-02	0.0000000000000000e+00	9.2867407264709258e-08
2.0053833105414798e-02	0.0000000000000000e+00	1.0701678346553565e-07
2.0071286397934800e-02	0.0000000000000000e+00	1.1860988696662604e-07
2.0088739690454702e-02	0.0000000000000000e+00	1.2738242840346894e-07
2.0106192982974700e-02	0.0000000000000000e+00	1.3313540532582398e-07
2.0123646275494601e-02	0.0000000000000000e+00	1.3573841717991334e-07
2.0141099568014600e-02	0.0000000000000000e+00	1.3513183482125758e-07
2.0158552860534501e-02	0.0000000000000000e+00	1.3132782101433088e-07
2.0176006153054399e-02	0.0000000000000000e+00	1.2441030484008403e-07
2.0193459445574401e-02	0.0000000000000000e+00	1.1453377910992556e-07
2.0210912738094299e-02	0.0000000000000000e+00	1.0192099385990875e-07
2.0228366030614300e-02	0.0000000000000000e+00	8.6859388370898392e-08
2.0245819323134202e-02	0.0000000000000000e+00	6.9696249401759368e-08
2.0263272615654200e-02	0.0000000000000000e+00	5.0832412154009913e-08
2.0280725908174101e-02	0.0000000000000000e+00	3.0714514459361536e-08
2.0298179200694100e-02	0.0000000000000000e+00	9.8258553657570603e-09
2.0315632493214001e-02	0.0000000000000000e+00	1.1324255160869134e-08
2.0333085785733899e-02	0.0000000000000000e+00	3.2212459331022879e-08
2.0350539078253901e-02	0.0000000000000000e+00	5.2314362971235629e-08
2.0367992370773799e-02	0.0000000000000000e+00	7.1118387439633753e-08
2.0385445663293800e-02	0.0000000000000000e+00	8.8139973195093818e-08
2.0402898955813702e-02	0.0000000000000000e+00	1.0293562619312919e-07
2.0420352248333700e-02	0.0000000000000000e+00	1.1511624905544163e-07
2.0437805540853601e-02	0.0000000000000000e+00	1.2435926944723126e-07
2.0455258833373499e-02	0.0000000000000000e+00	1.3041886390947704e-07
2.0472712125893501e-02	0.0000000000000000e+00	1.3313388865552277e-07
2.0490165418413399e-02	0.0000000000000000e+00	1.3243296669369811e-07
2.0507618710933401e-02	0.0000000000000000e+00	1.2833675373630618e-07
2.0525072003453299e-02	0.0000000000000000e+00	1.2095704737306288e-07
2.0542525295973300e-02	0.0000000000000000e+00	1.1049282186289803e-07
2.0559978588493202e-02	0.0000000000000000e+00	9.7223592448657814e-08
2.0577431881013099e-02	0.0000000000000000e+00	8.1500344902482648e-08
2.0594885173533101e-02	0.0000000000000000e+00	6.3734334550059120e-08
2.0612338466052999e-02	0.0000000000000000e+00	4.4384567659269858e-08
2.0629791758573001e-02	0.0000000000000000e+00	2.3944476537868329e-08
2.0647245051092899e-02	0.0000000000000000e+00	2.9281156522069306e-09
2.0664698343612901e-02	0.0000000000000000e+00	1.8143484425234747e-08
2.0682151636132799e-02	0.0000000000000000e+00	3.8755422416863692e-08
2.0699604928652700e-02	0.0000000000000000e+00	5.8411116027018051e-08
2.0717058221172702e-02	0.0000000000000000e+00	7.6643432370982047e-08
2.0734511513692599e-02	0.0000000000000000e+00	9.3024548466023448e-08
2.0751964806212601e-02	0.0000000000000000e+00	1.0717445568971753e-07
2.0769418098732499e-02	0.0000000000000000e+00	1.1876809660376924e-07
2.0786871391252501e-02	0.0000000000000000e+00	1.2754117343566569e-07
2.0804324683772399e-02	0.0000000000000000e+00	1.3329469168769204e-07
2.0821777976292300e-02	0.0000000000000000e+00	1.3589824671108547e-07
2.0839231268812299e-02	0.0000000000000000e+00	1.3529220901190696e-07
2.0856684561332200e-02	0.0000000000000000e+00	1.3148874585122118e-07
2.0874137853852202e-02	0.0000000000000000e+00	1.2457177794204807e-07
2.0891591146372099e-02	0.0000000000000000e+00	1.1469580838277755e-07
2.0909044438892101e-02	0.0000000000000000e+00	1.0208356905141432e-07
2.0926497731411999e-02	0.0000000000000000e+00	8.7022520551051396e-08
2.0943951023932001e-02	0.0000000000000000e+00	6.9859945036578936e-08
