0.0000000000000000e+00	0.0000000000000000e+00	0.0000000000000000e+00
1.7453292519943300e-05	0.0000000000000000e+00	1.3076068920781836e-02
3.4906585039886600e-05	0.0000000000000000e+00	4.4082748325308785e-02
5.2359877559829903e-05	0.0000000000000000e+00	8.0270647697034292e-02
6.9813170079773199e-05	0.0000000000000000e+00	1.0976376454345882e-01
8.7266462599716496e-05	0.0000000000000000e+00	1.2294260808266699e-01
1.0471975511966000e-04	0.0000000000000000e+00	1.1301300744526088e-01
1.2217304763960301e-04	0.0000000000000000e+00	7.5566768675344065e-02
1.3962634015954599e-04	0.0000000000000000e+00	7.2095857321983203e-03
1.5707963267949001e-04	0.0000000000000000e+00	9.6452261277590878e-02
1.7453292519943299e-04	0.0000000000000000e+00	2.4305704838479869e-01
1.9198621771937600e-04	0.0000000000000000e+00	4.4552942372683901e-01
2.0943951023931999e-04	0.0000000000000000e+00	7.2354942896345165e-01
2.2689280275926300e-04	0.0000000000000000e+00	1.1041778240905842e+00
2.4434609527920601e-04	0.0000000000000000e+00	1.6214861809421564e+00
2.6179938779914903e-04	0.0000000000000000e+00	2.3151486285059946e+00
2.7925268031909301e-04	0.0000000000000000e+00	3.2280226429575123e+00
2.9670597283903603e-04	0.0000000000000000e+00	4.4028314326278633e+00
3.1415926535897898e-04	0.0000000000000000e+00	5.8781032164552016e+00
3.3161255787892303e-04	0.0000000000000000e+00	7.6835494869010290e+00
3.4906585039886598e-04	0.0000000000000000e+00	9.8351145032356726e+00
3.6651914291880900e-04	0.0000000000000000e+00	1.2329970706152380e+01
3.8397243543875201e-04	0.0000000000000000e+00	1.5141741595507483e+01
4.0142572795869599e-04	0.0000000000000000e+00	1.8216282906912966e+01
4.1887902047863901e-04	0.0000000000000000e+00	2.1468315361242276e+01
4.3633231299858202e-04	0.0000000000000000e+00	2.4779245169382193e+01
4.5378560551852601e-04	0.0000000000000000e+00	2.7996445567725459e+01
4.7123889803846902e-04	0.0000000000000000e+00	3.0934244063886581e+01
4.8869219055841203e-04	0.0000000000000000e+00	3.3376793881587218e+01
5.0614548307835602e-04	0.0000000000000000e+00	3.5082926941235201e+01
5.2359877559829903e-04	0.0000000000000000e+00	3.5793015038536396e+01
5.4105206811824204e-04	0.0000000000000000e+00	3.5237746162543772e+01
5.5850536063818505e-04	0.0000000000000000e+00	3.3148642970307264e+01
5.7595865315812904e-04	0.0000000000000000e+00	2.9270035123656271e+01
5.9341194567807205e-04	0.0000000000000000e+00	2.3372132964403136e+01
6.1086523819801496e-04	0.0000000000000000e+00	1.5264720862804097e+01
6.2831853071795905e-04	0.0000000000000000e+00	4.8109516270196764e+00
6.4577182323790196e-04	0.0000000000000000e+00	8.0593146385945147e+00
6.6322511575784497e-04	0.0000000000000000e+00	2.3337265036345343e+01
6.8067840827778798e-04	0.0000000000000000e+00	4.0924611148569966e+01
6.9813170079773197e-04	0.0000000000000000e+00	6.0625314770484692e+01
7.1558499331767498e-04	0.0000000000000000e+00	8.2140211981124594e+01
7.3303828583761799e-04	0.0000000000000000e+00	1.0506485565834737e+02
7.5049157835756198e-04	0.0000000000000000e+00	1.2889138958358672e+02
7.6794487087750499e-04	0.0000000000000000e+00	1.5301395170822798e+02
7.8539816339744800e-04	0.0000000000000000e+00	1.7673845138773322e+02
8.0285145591739199e-04	0.0000000000000000e+00	1.9929652296093991e+02
8.2030474843733500e-04	0.0000000000000000e+00	2.1986327674456697e+02
8.3775804095727801e-04	0.0000000000000000e+00	2.3757879084564047e+02
8.5521133347722102e-04	0.0000000000000000e+00	2.5157276854735392e+02
8.7266462599716501e-04	0.0000000000000000e+00	2.6099188070574019e+02
8.9011791851710802e-04	0.0000000000000000e+00	2.6502880654533510e+02
9.0757121103705104e-04	0.0000000000000000e+00	2.6295229428642779e+02
9.2502450355699502e-04	0.0000000000000000e+00	2.5413796276078210e+02
9.4247779607693804e-04	0.0000000000000000e+00	2.3809718504901684e+02
9.5993108859688105e-04	0.0000000000000000e+00	2.1450521358192782e+02
9.7738438111682406e-04	0.0000000000000000e+00	1.8322593309650256e+02
9.9483767363676805e-04	0.0000000000000000e+00	1.4433272775873775e+02
1.0122909661567101e-03	0.0000000000000000e+00	9.8125033238844480e+01
1.0297442586766500e-03	0.0000000000000000e+00	4.5138285778011777e+01
1.0471975511966000e-03	0.0000000000000000e+00	1.3851880203335895e+01
1.0646508437165401e-03	0.0000000000000000e+00	7.7832475253802841e+01
1.0821041362364800e-03	0.0000000000000000e+00	1.4556375624182692e+02
1.0995574287564300e-03	0.0000000000000000e+00	2.1559778909479792e+02
1.1170107212763701e-03	0.0000000000000000e+00	2.8630427653882361e+02
1.1344640137963100e-03	0.0000000000000000e+00	3.5590442200526013e+02
1.1519173063162600e-03	0.0000000000000000e+00	4.2251179375313222e+02
1.1693705988361999e-03	0.0000000000000000e+00	4.8417953126240172e+02
1.1868238913561400e-03	0.0000000000000000e+00	5.3895292341704771e+02
1.2042771838760900e-03	0.0000000000000000e+00	5.8492596818886523e+02
1.2217304763960299e-03	0.0000000000000000e+00	6.2030041592371708e+02
1.2391837689159700e-03	0.0000000000000000e+00	6.4344550880823226e+02
1.2566370614359201e-03	0.0000000000000000e+00	6.5295650700508850e+02
1.2740903539558599e-03	0.0000000000000000e+00	6.4770999257080257e+02
1.2915436464758000e-03	0.0000000000000000e+00	6.2691392688786436e+02
1.3089969389957501e-03	0.0000000000000000e+00	5.9015051131176006e+02
1.3264502315156899e-03	0.0000000000000000e+00	5.3741004706782405e+02
1.3439035240356300e-03	0.0000000000000000e+00	4.6911405512953934e+02
1.3613568165555801e-03	0.0000000000000000e+00	3.8612720331393939e+02
1.3788101090755199e-03	0.0000000000000000e+00	2.8975611014140304e+02
1.3962634015954600e-03	0.0000000000000000e+00	1.8173480360914255e+02
1.4137166941154101e-03	0.0000000000000000e+00	6.4197593179225805e+01
1.4311699866353500e-03	0.0000000000000000e+00	6.0361467263239319e+01
1.4486232791552900e-03	0.0000000000000000e+00	1.8913978946524730e+02
1.4660765716752401e-03	0.0000000000000000e+00	3.1908894303365378e+02
1.4835298641951800e-03	0.0000000000000000e+00	4.4698578019555134e+02
1.5009831567151201e-03	0.0000000000000000e+00	5.6951104020392813e+02
1.5184364492350699e-03	0.0000000000000000e+00	6.8333289866284758e+02
1.5358897417550100e-03	0.0000000000000000e+00	7.8519358050743176e+02
1.5533430342749501e-03	0.0000000000000000e+00	8.7199679773168464e+02
1.5707963267948999e-03	0.0000000000000000e+00	9.4089388085780956e+02
1.5882496193148400e-03	0.0000000000000000e+00	9.8936652835895075e+02
1.6057029118347801e-03	0.0000000000000000e+00	1.0153041797861079e+03
1.6231562043547299e-03	0.0000000000000000e+00	1.0170741380965774e+03
1.6406094968746700e-03	0.0000000000000000e+00	9.9358266248342989e+02
1.6580627893946101e-03	0.0000000000000000e+00	9.4432549183571246e+02
1.6755160819145599e-03	0.0000000000000000e+00	8.6942631687373796e+02
1.6929693744345000e-03	0.0000000000000000e+00	7.6966153862958890e+02
1.7104226669544401e-03	0.0000000000000000e+00	6.4647027294526924e+02
1.7278759594743899e-03	0.0000000000000000e+00	5.0194888342310151e+02
1.7453292519943300e-03	0.0000000000000000e+00	3.3882925683696521e+02
1.7627825445142699e-03	0.0000000000000000e+00	1.6043887560805888e+02
1.7802358370342200e-03	0.0000000000000000e+00	2.9357272117616958e+01
1.7976891295541600e-03	0.0000000000000000e+00	2.2623020072106738e+02
1.8151424220740999e-03	0.0000000000000000e+00	4.2547790923614230e+02
1.8325957145940500e-03	0.0000000000000000e+00	6.2213276933705492e+02
1.8500490071139900e-03	0.0000000000000000e+00	8.1108181839589088e+02
1.8675022996339299e-03	0.0000000000000000e+00	9.8719845768167579e+02
1.8849555921538800e-03	0.0000000000000000e+00	1.1454821430546290e+03
1.9024088846738201e-03	0.0000000000000000e+00	1.2812020373129344e+03
1.9198621771937599e-03	0.0000000000000000e+00	1.3900403590668138e+03
1.9373154697137100e-03	0.0000000000000000e+00	1.4682305195767112e+03
1.9547687622336499e-03	0.0000000000000000e+00	1.5126850585189386e+03
1.9722220547535902e-03	0.0000000000000000e+00	1.5211084160398896e+03
1.9896753472735400e-03	0.0000000000000000e+00	1.4920899261550512e+03
2.0071286397934799e-03	0.0000000000000000e+00	1.4251728268351144e+03
2.0245819323134202e-03	0.0000000000000000e+00	1.3208964339765807e+03
2.0420352248333700e-03	0.0000000000000000e+00	1.1808089418442396e+03
2.0594885173533099e-03	0.0000000000000000e+00	1.0074494847999449e+03
2.0769418098732502e-03	0.0000000000000000e+00	8.0430082912952639e+02
2.0943951023932000e-03	0.0000000000000000e+00	5.7571333163089002e+02
2.1118483949131399e-03	0.0000000000000000e+00	3.2680321850016480e+02
2.1293016874330802e-03	0.0000000000000000e+00	6.3326564136543311e+01
2.1467549799530201e-03	0.0000000000000000e+00	2.0846239134584903e+02
2.1642082724729699e-03	0.0000000000000000e+00	4.8196749993742560e+02
2.1816615649929102e-03	0.0000000000000000e+00	7.5041613462704117e+02
2.1991148575128501e-03	0.0000000000000000e+00	1.0070277337029111e+03
2.2165681500327999e-03	0.0000000000000000e+00	1.2451819881904230e+03
2.2340214425527402e-03	0.0000000000000000e+00	1.4585822163863340e+03
2.2514747350726801e-03	0.0000000000000000e+00	1.6414103164582484e+03
2.2689280275926299e-03	0.0000000000000000e+00	1.7884705089117924e+03
2.2863813201125698e-03	0.0000000000000000e+00	1.8953193571248121e+03
2.3038346126325101e-03	0.0000000000000000e+00	1.9583801869304007e+03
2.3212879051524599e-03	0.0000000000000000e+00	1.9750404013383813e+03
2.3387411976723998e-03	0.0000000000000000e+00	1.9437303696623567e+03
2.3561944901923401e-03	0.0000000000000000e+00	1.8639827926448779e+03
2.3736477827122899e-03	0.0000000000000000e+00	1.7364717199321894e+03
2.3911010752322298e-03	0.0000000000000000e+00	1.5630294670285657e+03
2.4085543677521701e-03	0.0000000000000000e+00	1.3466405549049668e+03
2.4260076602721200e-03	0.0000000000000000e+00	1.0914109719704866e+03
2.4434609527920598e-03	0.0000000000000000e+00	8.0251408773550065e+02
2.4609142453120001e-03	0.0000000000000000e+00	4.8610780042046099e+02
2.4783675378319500e-03	0.0000000000000000e+00	1.4922151101572672e+02
2.4958208303518898e-03	0.0000000000000000e+00	2.0037914178697974e+02
2.5132741228718301e-03	0.0000000000000000e+00	5.5435683245863765e+02
2.5307274153917800e-03	0.0000000000000000e+00	9.0399417789188738e+02
2.5481807079117198e-03	0.0000000000000000e+00	1.2404058891450841e+03
2.5656340004316601e-03	0.0000000000000000e+00	1.5547695520420821e+03
2.5830872929516100e-03	0.0000000000000000e+00	1.8385684983678511e+03
2.6005405854715499e-03	0.0000000000000000e+00	2.0838391449565534e+03
2.6179938779914902e-03	0.0000000000000000e+00	2.2834146095165779e+03
2.6354471705114400e-03	0.0000000000000000e+00	2.4311552721935004e+03
2.6529004630313799e-03	0.0000000000000000e+00	2.5221566542911314e+03
2.6703537555513202e-03	0.0000000000000000e+00	2.5529256164474646e+03
2.6878070480712700e-03	0.0000000000000000e+00	2.5215161192107335e+03
2.7052603405912099e-03	0.0000000000000000e+00	2.4276180734854133e+03
2.7227136331111502e-03	0.0000000000000000e+00	2.2725958303601947e+03
2.7401669256311000e-03	0.0000000000000000e+00	2.0594710510850564e+03
2.7576202181510399e-03	0.0000000000000000e+00	1.7928535028101178e+03
2.7750735106709802e-03	0.0000000000000000e+00	1.4788206098178052e+03
2.7925268031909300e-03	0.0000000000000000e+00	1.1247530789537996e+03
2.8099800957108699e-03	0.0000000000000000e+00	7.3913138316493132e+02
2.8274333882308102e-03	0.0000000000000000e+00	3.3130264930849080e+02
2.8448866807507600e-03	0.0000000000000000e+00	8.8770718051193398e+01
2.8623399732706999e-03	0.0000000000000000e+00	5.1077453339729982e+02
2.8797932657906402e-03	0.0000000000000000e+00	9.2430804377394088e+02
2.8972465583105901e-03	0.0000000000000000e+00	1.3191424196752923e+03
2.9146998508305299e-03	0.0000000000000000e+00	1.6854667518818023e+03
2.9321531433504698e-03	0.0000000000000000e+00	2.0141158611660940e+03
2.9496064358704201e-03	0.0000000000000000e+00	2.2967761481611960e+03
2.9670597283903599e-03	0.0000000000000000e+00	2.5261673010585218e+03
2.9845130209102998e-03	0.0000000000000000e+00	2.6961985876090912e+03
3.0019663134302501e-03	0.0000000000000000e+00	2.8020992259743362e+03
3.0194196059501899e-03	0.0000000000000000e+00	2.8405230903990450e+03
3.0368728984701298e-03	0.0000000000000000e+00	2.8096281546031241e+03
3.0543261909900801e-03	0.0000000000000000e+00	2.7091307518812828e+03
3.0717794835100200e-03	0.0000000000000000e+00	2.5403350644348393e+03
3.0892327760299598e-03	0.0000000000000000e+00	2.3061372209735273e+03
3.1066860685499101e-03	0.0000000000000000e+00	2.0109998616616213e+03
3.1241393610698500e-03	0.0000000000000000e+00	1.6609008766471234e+03
3.1415926535897898e-03	0.0000000000000000e+00	1.2632481551099336e+03
3.1590459461097401e-03	0.0000000000000000e+00	8.2676550240814686e+02
3.1764992386296800e-03	0.0000000000000000e+00	3.6133688300760696e+02
3.1939525311496198e-03	0.0000000000000000e+00	1.2218437819427345e+02
3.2114058236695701e-03	0.0000000000000000e+00	6.1219924884830834e+02
3.2288591161895100e-03	0.0000000000000000e+00	1.0966270472079341e+03
3.2463124087094499e-03	0.0000000000000000e+00	1.5632006969628565e+03
3.2637657012294001e-03	0.0000000000000000e+00	1.9997865491792618e+03
3.2812189937493400e-03	0.0000000000000000e+00	2.3947227866943576e+03
3.2986722862692799e-03	0.0000000000000000e+00	2.7371638871541218e+03
3.3161255787892301e-03	0.0000000000000000e+00	3.0174187678037124e+03
3.3335788713091700e-03	0.0000000000000000e+00	3.2272681057188311e+03
3.3510321638291099e-03	0.0000000000000000e+00	3.3602465018063085e+03
3.3684854563490602e-03	0.0000000000000000e+00	3.4118759064647747e+03
3.3859387488690000e-03	0.0000000000000000e+00	3.3798368437078170e+03
3.4033920413889399e-03	0.0000000000000000e+00	3.2640693916267483e+03
3.4208453339088902e-03	0.0000000000000000e+00	3.0667985712531809e+03
3.4382986264288300e-03	0.0000000000000000e+00	2.7924809834801708e+03
3.4557519189487699e-03	0.0000000000000000e+00	2.4476736768342525e+03
3.4732052114687202e-03	0.0000000000000000e+00	2.0408377905133093e+03
3.4906585039886600e-03	0.0000000000000000e+00	1.5820805500136194e+03
3.5081117965085999e-03	0.0000000000000000e+00	1.0828525114720833e+03
3.5255650890285502e-03	0.0000000000000000e+00	5.5560948381283379e+02
3.5430183815484901e-03	0.0000000000000000e+00	1.3462088353495346e+01
3.5604716740684299e-03	0.0000000000000000e+00	5.3018218285853800e+02
3.5779249665883698e-03	0.0000000000000000e+00	1.0619676710249623e+03
3.5953782591083201e-03	0.0000000000000000e+00	1.5689189231185446e+03
3.6128315516282599e-03	0.0000000000000000e+00	2.0387432234603184e+03
3.6302848441482102e-03	0.0000000000000000e+00	2.4601004155167757e+03
3.6477381366681501e-03	0.0000000000000000e+00	2.8228370785469306e+03
3.6651914291880900e-03	0.0000000000000000e+00	3.1181849638222193e+03
3.6826447217080398e-03	0.0000000000000000e+00	3.3389241825487261e+03
3.7000980142279801e-03	0.0000000000000000e+00	3.4795127893145400e+03
3.7175513067479200e-03	0.0000000000000000e+00	3.5361849551021296e+03
3.7350045992678598e-03	0.0000000000000000e+00	3.5070211557109724e+03
3.7524578917878101e-03	0.0000000000000000e+00	3.3919896078445308e+03
3.7699111843077500e-03	0.0000000000000000e+00	3.1929636758337729e+03
3.7873644768276998e-03	0.0000000000000000e+00	2.9137101450796326e+03
3.8048177693476401e-03	0.0000000000000000e+00	2.5598523809658072e+03
3.8222710618675800e-03	0.0000000000000000e+00	2.1388000838761509e+03
3.8397243543875199e-03	0.0000000000000000e+00	1.6596486013187096e+03
3.8571776469074701e-03	0.0000000000000000e+00	1.1330400014347251e+03
3.8746309394274100e-03	0.0000000000000000e+00	5.7098070234985789e+02
3.8920842319473499e-03	0.0000000000000000e+00	1.3382845368978451e+01
3.9095375244672997e-03	0.0000000000000000e+00	6.0603528844316315e+02
3.9269908169872400e-03	0.0000000000000000e+00	1.1924032699634263e+03
3.9444441095071803e-03	0.0000000000000000e+00	1.7577108160873468e+03
3.9618974020271302e-03	0.0000000000000000e+00	2.2873675965259026e+03
3.9793506945470696e-03	0.0000000000000000e+00	2.7673782402277720e+03
3.9968039870670099e-03	0.0000000000000000e+00	3.1847615384159581e+03
4.0142572795869597e-03	0.0000000000000000e+00	3.5279603237363772e+03
4.0317105721069000e-03	0.0000000000000000e+00	3.7872264855193935e+03
4.0491638646268403e-03	0.0000000000000000e+00	3.9549595886749012e+03
4.0666171571467902e-03	0.0000000000000000e+00	4.0259824991495407e+03
4.0840704496667296e-03	0.0000000000000000e+00	3.9977387716085650e+03
4.1015237421866699e-03	0.0000000000000000e+00	3.8703988817466307e+03
4.1189770347066198e-03	0.0000000000000000e+00	3.6468703174152906e+03
4.1364303272265601e-03	0.0000000000000000e+00	3.3327107390685414e+03
4.1538836197465004e-03	0.0000000000000000e+00	2.9359481333730218e+03
4.1713369122664502e-03	0.0000000000000000e+00	2.4668179276602314e+03
4.1887902047863896e-03	0.0000000000000000e+00	1.9374307367709262e+03
4.2062434973063299e-03	0.0000000000000000e+00	1.3613910215489159e+03
4.2236967898262798e-03	0.0000000000000000e+00	7.5337997525035462e+02
4.2411500823462201e-03	0.0000000000000000e+00	1.2872990395230590e+02
4.2586033748661604e-03	0.0000000000000000e+00	4.9700114056972961e+02
4.2760566673861102e-03	0.0000000000000000e+00	1.1084358098114317e+03
4.2935099599060497e-03	0.0000000000000000e+00	1.6907518371458573e+03
4.3109632524259900e-03	0.0000000000000000e+00	2.2300191065895197e+03
4.3284165449459398e-03	0.0000000000000000e+00	2.7134925449529837e+03
4.3458698374658801e-03	0.0000000000000000e+00	3.1298589298218285e+03
4.3633231299858204e-03	0.0000000000000000e+00	3.4694394188228034e+03
4.3807764225057702e-03	0.0000000000000000e+00	3.7243502573898004e+03
4.3982297150257097e-03	0.0000000000000000e+00	3.8886254309789074e+03
4.4156830075456500e-03	0.0000000000000000e+00	3.9583045552872063e+03
4.4331363000655998e-03	0.0000000000000000e+00	3.9314889998873114e+03
4.4505895925855401e-03	0.0000000000000000e+00	3.8083739532543404e+03
4.4680428851054804e-03	0.0000000000000000e+00	3.5912528131967119e+03
4.4854961776254303e-03	0.0000000000000000e+00	3.2844937583847641e+03
4.5029494701453697e-03	0.0000000000000000e+00	2.8944951298309461e+03
4.5204027626653100e-03	0.0000000000000000e+00	2.4296057582136273e+03
4.5378560551852598e-03	0.0000000000000000e+00	1.9000082795090420e+03
4.5553093477052001e-03	0.0000000000000000e+00	1.3175667347019335e+03
4.5727626402251396e-03	0.0000000000000000e+00	6.9563185962030548e+02
4.5902159327450903e-03	0.0000000000000000e+00	4.8793905045022257e+01
4.6076692252650297e-03	0.0000000000000000e+00	6.0741372352177859e+02
4.6251225177849700e-03	0.0000000000000000e+00	1.2568571629031067e+03
4.6425758103049199e-03	0.0000000000000000e+00	1.8831946570965374e+03
4.6600291028248602e-03	0.0000000000000000e+00	2.4703066663765931e+03
4.6774823953447996e-03	0.0000000000000000e+00	3.0027506965974899e+03
4.6949356878647503e-03	0.0000000000000000e+00	3.4662272060563409e+03
4.7123889803846897e-03	0.0000000000000000e+00	3.8480361674839514e+03
4.7298422729046300e-03	0.0000000000000000e+00	4.1375033549321524e+03
4.7472955654245799e-03	0.0000000000000000e+00	4.3263540867092670e+03
4.7647488579445202e-03	0.0000000000000000e+00	4.4090145759929437e+03
4.7822021504644596e-03	0.0000000000000000e+00	4.3828228127940674e+03
4.7996554429844103e-03	0.0000000000000000e+00	4.2481356741838681e+03
4.8171087355043498e-03	0.0000000000000000e+00	4.0083284669681161e+03
4.8345620280242901e-03	0.0000000000000000e+00	3.6696832481466263e+03
4.8520153205442399e-03	0.0000000000000000e+00	3.2411710645049025e+03
4.8694686130641802e-03	0.0000000000000000e+00	2.7341471717734239e+03
4.8869219055841196e-03	0.0000000000000000e+00	2.1619720305275259e+03
4.9043751981040704e-03	0.0000000000000000e+00	1.5395747125844209e+03
4.9218284906240098e-03	0.0000000000000000e+00	8.8298966159224801e+02
4.9392817831439501e-03	0.0000000000000000e+00	2.0888381020877569e+02
4.9567350756638999e-03	0.0000000000000000e+00	4.6591059227498772e+02
4.9741883681838402e-03	0.0000000000000000e+00	1.1248346288712928e+03
4.9916416607037797e-03	0.0000000000000000e+00	1.7520032936291536e+03
5.0090949532237304e-03	0.0000000000000000e+00	2.3325602454097680e+03
5.0265482457436698e-03	0.0000000000000000e+00	2.8529808978931105e+03
5.0440015382636101e-03	0.0000000000000000e+00	3.3013228905910801e+03
5.0614548307835600e-03	0.0000000000000000e+00	3.6674285925045551e+03
5.0789081233035003e-03	0.0000000000000000e+00	3.9430807119193050e+03
5.0963614158234397e-03	0.0000000000000000e+00	4.1221162122514215e+03
5.1138147083433904e-03	0.0000000000000000e+00	4.2005073196784215e+03
5.1312680008633298e-03	0.0000000000000000e+00	4.1764059241588257e+03
5.1487212933832701e-03	0.0000000000000000e+00	4.0501687938249088e+03
5.1661745859032200e-03	0.0000000000000000e+00	3.8243527898248576e+03
5.1836278784231603e-03	0.0000000000000000e+00	3.5036839734793466e+03
5.2010811709430997e-03	0.0000000000000000e+00	3.0950071124910464e+03
5.2185344634630504e-03	0.0000000000000000e+00	2.6071986214327626e+03
5.2359877559829899e-03	0.0000000000000000e+00	2.0510433689024940e+03
5.2534410485029302e-03	0.0000000000000000e+00	1.4390772885999031e+03
5.2708943410228696e-03	0.0000000000000000e+00	7.8538138784050534e+02
5.2883476335428203e-03	0.0000000000000000e+00	1.0532590677223925e+02
5.3058009260627597e-03	0.0000000000000000e+00	5.8474052815030154e+02
5.3232542185827000e-03	0.0000000000000000e+00	1.2678511698201473e+03
5.3407075111026499e-03	0.0000000000000000e+00	1.9268314894072682e+03
5.3581608036225902e-03	0.0000000000000000e+00	2.5447516918086767e+03
5.3756140961425296e-03	0.0000000000000000e+00	3.1054058471123863e+03
5.3930673886624803e-03	0.0000000000000000e+00	3.5938023566515039e+03
5.4105206811824198e-03	0.0000000000000000e+00	3.9966445751441788e+03
5.4279739737023601e-03	0.0000000000000000e+00	4.3027786986055726e+03
5.4454272662223099e-03	0.0000000000000000e+00	4.5035856827619573e+03
5.4628805587422502e-03	0.0000000000000000e+00	4.5932949406356056e+03
5.4803338512621896e-03	0.0000000000000000e+00	4.5692018639328016e+03
5.4977871437821403e-03	0.0000000000000000e+00	4.4317752846431249e+03
5.5152404363020798e-03	0.0000000000000000e+00	4.1846474033401319e+03
5.5326937288220201e-03	0.0000000000000000e+00	3.8344878078892361e+03
5.5501470213419699e-03	0.0000000000000000e+00	3.3907675657393411e+03
5.5676003138619102e-03	0.0000000000000000e+00	2.8654310736221378e+03
5.5850536063818497e-03	0.0000000000000000e+00	2.2724876330935513e+03
5.6025068989018004e-03	0.0000000000000000e+00	1.6275520675577136e+03
5.6199601914217398e-03	0.0000000000000000e+00	9.4735150099666498e+02
5.6374134839416801e-03	0.0000000000000000e+00	2.4922965928461053e+02
5.6548667764616299e-03	0.0000000000000000e+00	4.4933999621895782e+02
5.6723200689815702e-03	0.0000000000000000e+00	1.1312102928825043e+03
5.6897733615015097e-03	0.0000000000000000e+00	1.7799726002585667e+03
5.7072266540214604e-03	0.0000000000000000e+00	2.3803198472403601e+03
5.7246799465413998e-03	0.0000000000000000e+00	2.9183542068170063e+03
5.7421332390613401e-03	0.0000000000000000e+00	3.3818383374394616e+03
5.7595865315812900e-03	0.0000000000000000e+00	3.7603958231161523e+03
5.7770398241012303e-03	0.0000000000000000e+00	4.0456626958759880e+03
5.7944931166211697e-03	0.0000000000000000e+00	4.2313980849803484e+03
5.8119464091411204e-03	0.0000000000000000e+00	4.3135581063999853e+03
5.8293997016610598e-03	0.0000000000000000e+00	4.2903363968238118e+03
5.8468529941810002e-03	0.0000000000000000e+00	4.1621834030494938e+03
5.8643062867009500e-03	0.0000000000000000e+00	3.9317970688748028e+03
5.8817595792208903e-03	0.0000000000000000e+00	3.6040883434654970e+03
5.8992128717408297e-03	0.0000000000000000e+00	3.1861269816937856e+03
5.9166661642607796e-03	0.0000000000000000e+00	2.6870497896887246e+03
5.9341194567807199e-03	0.0000000000000000e+00	2.1179365813759941e+03
5.9515727493006602e-03	0.0000000000000000e+00	1.4916477022493782e+03
5.9690260418206100e-03	0.0000000000000000e+00	8.2261435471822915e+02
5.9864793343405503e-03	0.0000000000000000e+00	1.2657691249642812e+02
6.0039326268604898e-03	0.0000000000000000e+00	5.7973002148473461e+02
6.0213859193804396e-03	0.0000000000000000e+00	1.2789485602687637e+03
6.0388392119003799e-03	0.0000000000000000e+00	1.9535153113013221e+03
6.0562925044203202e-03	0.0000000000000000e+00	2.5861239198305848e+03
6.0737457969402700e-03	0.0000000000000000e+00	3.1602163534456631e+03
6.0911990894602103e-03	0.0000000000000000e+00	3.6604836907700374e+03
6.1086523819801498e-03	0.0000000000000000e+00	4.0733579899616743e+03
6.1261056745000996e-03	0.0000000000000000e+00	4.3874701504516997e+03
6.1435589670200399e-03	0.0000000000000000e+00	4.5940492130473576e+03
6.1610122595399802e-03	0.0000000000000000e+00	4.6872423499574070e+03
6.1784655520599301e-03	0.0000000000000000e+00	4.6643336354878411e+03
6.1959188445798704e-03	0.0000000000000000e+00	4.5258512608260498e+03
6.2133721370998098e-03	0.0000000000000000e+00	4.2755532841396052e+03
6.2308254296197596e-03	0.0000000000000000e+00	3.9202942499105993e+03
6.2482787221396999e-03	0.0000000000000000e+00	3.4697808919291274e+03
6.2657320146596402e-03	0.0000000000000000e+00	2.9362296980459359e+03
6.2831853071795901e-03	0.0000000000000000e+00	2.3339498635799391e+03
6.3006385996995304e-03	0.0000000000000000e+00	1.6788687338895543e+03
6.3180918922194698e-03	0.0000000000000000e+00	9.8802777117333608e+02
6.3355451847394197e-03	0.0000000000000000e+00	2.7907494782334834e+02
6.3529984772593600e-03	0.0000000000000000e+00	4.3023009137490590e+02
6.3704517697793003e-03	0.0000000000000000e+00	1.1224799673558009e+03
6.3879050622992501e-03	0.0000000000000000e+00	1.7810369021000079e+03
6.4053583548191904e-03	0.0000000000000000e+00	2.3903985340482322e+03
6.4228116473391298e-03	0.0000000000000000e+00	2.9365071866669750e+03
6.4402649398590797e-03	0.0000000000000000e+00	3.4070020210191578e+03
6.4577182323790200e-03	0.0000000000000000e+00	3.7914171533657209e+03
6.4751715248989603e-03	0.0000000000000000e+00	4.0813309788018087e+03
6.4926248174188997e-03	0.0000000000000000e+00	4.2704761319424870e+03
6.5100781099388504e-03	0.0000000000000000e+00	4.3548079405303288e+03
6.5275314024587899e-03	0.0000000000000000e+00	4.3325443132266810e+03
6.5449846949787302e-03	0.0000000000000000e+00	4.2041816106860206e+03
6.5624379874986800e-03	0.0000000000000000e+00	3.9724830635940161e+03
6.5798912800186203e-03	0.0000000000000000e+00	3.6424423641890753e+03
6.5973445725385597e-03	0.0000000000000000e+00	3.2212275581542490e+03
6.6147978650585096e-03	0.0000000000000000e+00	2.7180875221575989e+03
6.6322511575784499e-03	0.0000000000000000e+00	2.1442266294252768e+03
6.6497044500983902e-03	0.0000000000000000e+00	1.5126405072615744e+03
6.6671577426183400e-03	0.0000000000000000e+00	8.3790454032314301e+02
6.6846110351382803e-03	0.0000000000000000e+00	1.3590997142603737e+02
6.7020643276582198e-03	0.0000000000000000e+00	5.7645363910219749e+02
6.7195176201781696e-03	0.0000000000000000e+00	1.2816724168940127e+03
6.7369709126981099e-03	0.0000000000000000e+00	1.9620295964782854e+03
6.7544242052180502e-03	0.0000000000000000e+00	2.6000720618304040e+03
6.7718774977380001e-03	0.0000000000000000e+00	3.1791058347562648e+03
6.7893307902579404e-03	0.0000000000000000e+00	3.6837011894162424e+03
6.8067840827778798e-03	0.0000000000000000e+00	4.1001885204823775e+03
6.8242373752978296e-03	0.0000000000000000e+00	4.4171198622569791e+03
6.8416906678177699e-03	0.0000000000000000e+00	4.6256708773960854e+03
6.8591439603377102e-03	0.0000000000000000e+00	4.7199626246891276e+03
6.8765972528576601e-03	0.0000000000000000e+00	4.6972809615651931e+03
6.8940505453776004e-03	0.0000000000000000e+00	4.5581829109488172e+03
6.9115038378975398e-03	0.0000000000000000e+00	4.3064806805941625e+03
6.9289571304174897e-03	0.0000000000000000e+00	3.9491049807939708e+03
6.9464104229374300e-03	0.0000000000000000e+00	3.4958569678714266e+03
6.9638637154573703e-03	0.0000000000000000e+00	2.9590611620832642e+03
6.9813170079773201e-03	0.0000000000000000e+00	2.3531435233849188e+03
6.9987703004972604e-03	0.0000000000000000e+00	1.6941519284913957e+03
7.0162235930171998e-03	0.0000000000000000e+00	9.9924765215411026e+02
7.0336768855371497e-03	0.0000000000000000e+00	2.8619375384430168e+02
7.0511301780570900e-03	0.0000000000000000e+00	4.2714321771528921e+02
7.0685834705770303e-03	0.0000000000000000e+00	1.1232597306734970e+03
7.0860367630969801e-03	0.0000000000000000e+00	1.7854342401994218e+03
7.1034900556169204e-03	0.0000000000000000e+00	2.3980942114493373e+03
7.1209433481368599e-03	0.0000000000000000e+00	2.9471256632816367e+03
7.1383966406568097e-03	0.0000000000000000e+00	3.4201250564506481e+03
7.1558499331767500e-03	0.0000000000000000e+00	3.8065965895159316e+03
7.1733032256966903e-03	0.0000000000000000e+00	4.0981011409956845e+03
7.1907565182166401e-03	0.0000000000000000e+00	4.2883638478319481e+03
7.2082098107365796e-03	0.0000000000000000e+00	4.3733440757289063e+03
7.2256631032565199e-03	0.0000000000000000e+00	4.3512717772075266e+03
7.2431163957764697e-03	0.0000000000000000e+00	4.2226619301984902e+03
7.2605696882964100e-03	0.0000000000000000e+00	3.9903043097547925e+03
7.2780229808163503e-03	0.0000000000000000e+00	3.6592253710400109e+03
7.2954762733363002e-03	0.0000000000000000e+00	3.2366281780115241e+03
7.3129295658562396e-03	0.0000000000000000e+00	2.7318040875749866e+03
7.3303828583761799e-03	0.0000000000000000e+00	2.1560043973129359e+03
7.3478361508961297e-03	0.0000000000000000e+00	1.5222737304299953e+03
7.3652894434160700e-03	0.0000000000000000e+00	8.4523930538988498e+02
7.3827427359360103e-03	0.0000000000000000e+00	1.4084753182179702e+02
7.4001960284559602e-03	0.0000000000000000e+00	5.7395688762169448e+02
7.4176493209758996e-03	0.0000000000000000e+00	1.2816039567281259e+03
7.4351026134958399e-03	0.0000000000000000e+00	1.9643217667424469e+03
7.4525559060157898e-03	0.0000000000000000e+00	2.6046049660106364e+03
7.4700091985357301e-03	0.0000000000000000e+00	3.1857107132741512e+03
7.4874624910556704e-03	0.0000000000000000e+00	3.6921659648794302e+03
7.5049157835756202e-03	0.0000000000000000e+00	4.1102645303044992e+03
7.5223690760955596e-03	0.0000000000000000e+00	4.4285293459060049e+03
7.5398223686154999e-03	0.0000000000000000e+00	4.6381165956635959e+03
7.5572756611354498e-03	0.0000000000000000e+00	4.7331364429464738e+03
7.5747289536553901e-03	0.0000000000000000e+00	4.7108742591385817e+03
7.5921822461753304e-03	0.0000000000000000e+00	4.5718955315908097e+03
7.6096355386952802e-03	0.0000000000000000e+00	4.3200297622055950e+03
7.6270888312152197e-03	0.0000000000000000e+00	3.9622331454983214e+03
7.6445421237351600e-03	0.0000000000000000e+00	3.5083378234150587e+03
7.6619954162551098e-03	0.0000000000000000e+00	2.9707051673075475e+03
7.6794487087750501e-03	0.0000000000000000e+00	2.3637996591385745e+03
7.6969020012949904e-03	0.0000000000000000e+00	1.7037100906714768e+03
7.7143552938149403e-03	0.0000000000000000e+00	1.0076379798655253e+03
7.7318085863348797e-03	0.0000000000000000e+00	2.9338576532964362e+02
7.7492618788548200e-03	0.0000000000000000e+00	4.2114402883725415e+02
7.7667151713747698e-03	0.0000000000000000e+00	1.1184150103526190e+03
7.7841684638947101e-03	0.0000000000000000e+00	1.7816770945402532e+03
7.8016217564146496e-03	0.0000000000000000e+00	2.3953340366466582e+03
7.8190750489345994e-03	0.0000000000000000e+00	2.9452530335485935e+03
7.8365283414545406e-03	0.0000000000000000e+00	3.4190157155322813e+03
7.8539816339744800e-03	0.0000000000000000e+00	3.8061164327728184e+03
7.8714349264944194e-03	0.0000000000000000e+00	4.0981102810705343e+03
7.8888882190143693e-03	0.0000000000000000e+00	4.2887205071622157e+03
7.9063415115343105e-03	0.0000000000000000e+00	4.3739072146274993e+03
7.9237948040542603e-03	0.0000000000000000e+00	4.3519041320083634e+03
7.9412480965741997e-03	0.0000000000000000e+00	4.2232337302457599e+03
7.9587013890941392e-03	0.0000000000000000e+00	3.9906947010458098e+03
7.9761546816140907e-03	0.0000000000000000e+00	3.6593235969727684e+03
7.9936079741340302e-03	0.0000000000000000e+00	3.2363382489305659e+03
8.0110612666539696e-03	0.0000000000000000e+00	2.7310441043312021e+03
8.0285145591739195e-03	0.0000000000000000e+00	2.1547065583149233e+03
8.0459678516938606e-03	0.0000000000000000e+00	1.5203872481872677e+03
8.0634211442138001e-03	0.0000000000000000e+00	8.4273104924953077e+02
8.0808744367337395e-03	0.0000000000000000e+00	1.3770177452672215e+02
8.0983277292536893e-03	0.0000000000000000e+00	5.7773848410336359e+02
8.1157810217736305e-03	0.0000000000000000e+00	1.2860018584297504e+03
8.1332343142935803e-03	0.0000000000000000e+00	1.9692995611418155e+03
8.1506876068135198e-03	0.0000000000000000e+00	2.6101103459584265e+03
8.1681408993334592e-03	0.0000000000000000e+00	3.1916773995059339e+03
8.1855941918534108e-03	0.0000000000000000e+00	3.6985151790930104e+03
8.2030474843733502e-03	0.0000000000000000e+00	4.1169079049007123e+03
8.2205007768932897e-03	0.0000000000000000e+00	4.4353713597515452e+03
8.2379540694132308e-03	0.0000000000000000e+00	4.6450576995197043e+03
8.2554073619331807e-03	0.0000000000000000e+00	4.7400760198763746e+03
8.2728606544531201e-03	0.0000000000000000e+00	4.7177139148276037e+03
8.2903139469730595e-03	0.0000000000000000e+00	4.5785411073584401e+03
8.3077672394930094e-03	0.0000000000000000e+00	4.3263954889279557e+03
8.3252205320129506e-03	0.0000000000000000e+00	3.9682426473260712e+03
8.3426738245328900e-03	0.0000000000000000e+00	3.5139269742347678e+03
8.3601271170528398e-03	0.0000000000000000e+00	2.9758223456868727e+03
8.3775804095727793e-03	0.0000000000000000e+00	2.3684066695123038e+03
8.3950337020927204e-03	0.0000000000000000e+00	1.7077820414418238e+03
8.4124869946126703e-03	0.0000000000000000e+00	1.0111627510222461e+03
8.4299402871326097e-03	0.0000000000000000e+00	2.9636356113234069e+02
8.4473935796525491e-03	0.0000000000000000e+00	4.1870193295397621e+02
8.4648468721725007e-03	0.0000000000000000e+00	1.1164876240941521e+03
8.4823001646924402e-03	0.0000000000000000e+00	1.7802351528502477e+03
8.4997534572123796e-03	0.0000000000000000e+00	2.3943414979598892e+03
8.5172067497323294e-03	0.0000000000000000e+00	2.9446688168826950e+03
8.5346600422522706e-03	0.0000000000000000e+00	3.4187950088681973e+03
8.5521133347722100e-03	0.0000000000000000e+00	3.8062120734939963e+03
8.5695666272921599e-03	0.0000000000000000e+00	4.0984744664143509e+03
8.5870199198120993e-03	0.0000000000000000e+00	4.2893046890821133e+03
8.6044732123320405e-03	0.0000000000000000e+00	4.3746646029799012e+03
8.6219265048519903e-03	0.0000000000000000e+00	4.3527891322454234e+03
8.6393797973719298e-03	0.0000000000000000e+00	4.2242031732493488e+03
8.6568330898918692e-03	0.0000000000000000e+00	3.9917081575450284e+03
8.6742863824118208e-03	0.0000000000000000e+00	3.6603438394737022e+03
8.6917396749317602e-03	0.0000000000000000e+00	3.2373311003583076e+03
8.7091929674516996e-03	0.0000000000000000e+00	2.7319794433458446e+03
8.7266462599716495e-03	0.0000000000000000e+00	2.1555581937352545e+03
8.7440995524915906e-03	0.0000000000000000e+00	1.5211328957314108e+03
8.7615528450115301e-03	0.0000000000000000e+00	8.4335255118126224e+02
8.7790061375314799e-03	0.0000000000000000e+00	1.3818494874864700e+02
8.7964594300514194e-03	0.0000000000000000e+00	5.7740283970670134e+02
8.8139127225713605e-03	0.0000000000000000e+00	1.2858193520992645e+03
8.8313660150913104e-03	0.0000000000000000e+00	1.9692722341413319e+03
8.8488193076112498e-03	0.0000000000000000e+00	2.6102364284934156e+03
8.8662726001311892e-03	0.0000000000000000e+00	3.1919516760262050e+03
8.8837258926511408e-03	0.0000000000000000e+00	3.6989296476961899e+03
8.9011791851710802e-03	0.0000000000000000e+00	4.1174519494241977e+03
8.9186324776910197e-03	0.0000000000000000e+00	4.4360325391180668e+03
8.9360857702109695e-03	0.0000000000000000e+00	4.6458219748786505e+03
8.9535390627309107e-03	0.0000000000000000e+00	4.7409289190710115e+03
8.9709923552508501e-03	0.0000000000000000e+00	4.7186402197841962e+03
8.9884456477708000e-03	0.0000000000000000e+00	4.5795271602145367e+03
9.0058989402907394e-03	0.0000000000000000e+00	4.3274274705791613e+03
9.0233522328106806e-03	0.0000000000000000e+00	3.9693086111285957e+03
9.0408055253306304e-03	0.0000000000000000e+00	3.5150159597992752e+03
9.0582588178505698e-03	0.0000000000000000e+00	2.9769254540280090e+03
9.0757121103705093e-03	0.0000000000000000e+00	2.3695174639563775e+03
9.0931654028904609e-03	0.0000000000000000e+00	1.7088961574223940e+03
9.1106186954104003e-03	0.0000000000000000e+00	1.0122783617959067e+03
9.1280719879303397e-03	0.0000000000000000e+00	2.9748093287809752e+02
9.1455252804502896e-03	0.0000000000000000e+00	4.1758055603770481e+02
9.1629785729702307e-03	0.0000000000000000e+00	1.1153582080772030e+03
9.1804318654901702e-03	0.0000000000000000e+00	1.7790922066900966e+03
9.1978851580101200e-03	0.0000000000000000e+00	2.3931783688045834e+03
9.2153384505300594e-03	0.0000000000000000e+00	2.9434778169808269e+03
9.2327917430500006e-03	0.0000000000000000e+00	3.4175677724464331e+03
9.2502450355699505e-03	0.0000000000000000e+00	3.8049398269290687e+03
9.2676983280898899e-03	0.0000000000000000e+00	4.0971479241359484e+03
9.2851516206098293e-03	0.0000000000000000e+00	4.2879150376186735e+03
9.3026049131297792e-03	0.0000000000000000e+00	4.3732025824807788e+03
9.3200582056497203e-03	0.0000000000000000e+00	4.3512462022995751e+03
9.3375114981696598e-03	0.0000000000000000e+00	4.2225711994340672e+03
9.3549647906896096e-03	0.0000000000000000e+00	3.9899797207089869e+03
9.3724180832095508e-03	0.0000000000000000e+00	3.6585123880670435e+03
9.3898713757294902e-03	0.0000000000000000e+00	3.2353915564819326e+03
9.4073246682494296e-03	0.0000000000000000e+00	2.7299274434312829e+03
9.4247779607693795e-03	0.0000000000000000e+00	2.1533907377472060e+03
9.4422312532893207e-03	0.0000000000000000e+00	1.5188484931957937e+03
9.4596845458092705e-03	0.0000000000000000e+00	8.4095120991482690e+02
9.4771378383292099e-03	0.0000000000000000e+00	1.3566807362150575e+02
9.4945911308491494e-03	0.0000000000000000e+00	5.8003211604038370e+02
9.5120444233690905e-03	0.0000000000000000e+00	1.2885563011002523e+03
9.5294977158890404e-03	0.0000000000000000e+00	1.9721104458870250e+03
9.5469510084089798e-03	0.0000000000000000e+00	2.6131678827426949e+03
9.5644043009289192e-03	0.0000000000000000e+00	3.1949669574083964e+03
9.5818575934488708e-03	0.0000000000000000e+00	3.7020180361245439e+03
9.5993108859688103e-03	0.0000000000000000e+00	4.1206015431667329e+03
9.6167641784887497e-03	0.0000000000000000e+00	4.4392307416196563e+03
9.6342174710086995e-03	0.0000000000000000e+00	4.6490553732173576e+03
9.6516707635286407e-03	0.0000000000000000e+00	4.7441840168631170e+03
9.6691240560485905e-03	0.0000000000000000e+00	4.7219035204801912e+03
9.6865773485685300e-03	0.0000000000000000e+00	4.5827854340041813e+03
9.7040306410884694e-03	0.0000000000000000e+00	4.3306681892390770e+03
9.7214839336084106e-03	0.0000000000000000e+00	3.9725199517476722e+03
9.7389372261283604e-03	0.0000000000000000e+00	3.5181873408374086e+03
9.7563905186482999e-03	0.0000000000000000e+00	2.9800473106536811e+03
9.7738438111682393e-03	0.0000000000000000e+00	2.3725814059570694e+03
9.7912971036881909e-03	0.0000000000000000e+00	1.7118954931125772e+03
9.8087503962081303e-03	0.0000000000000000e+00	1.0152080236032780e+03
9.8262036887280697e-03	0.0000000000000000e+00	3.0033660779961792e+02
9.8436569812480196e-03	0.0000000000000000e+00	4.1480165582087648e+02
9.8611102737679607e-03	0.0000000000000000e+00	1.1126579625985032e+03
9.8785635662879106e-03	0.0000000000000000e+00	1.7764717191560921e+03
9.8960168588078500e-03	0.0000000000000000e+00	2.3906378340900847e+03
9.9134701513277895e-03	0.0000000000000000e+00	2.9410164298137097e+03
9.9309234438477306e-03	0.0000000000000000e+00	3.4151846300519101e+03
9.9483767363676805e-03	0.0000000000000000e+00	3.8026335523432499e+03
9.9658300288876199e-03	0.0000000000000000e+00	4.0949166199341707e+03
9.9832833214075593e-03	0.0000000000000000e+00	4.2857567179456237e+03
1.0000736613927501e-02	0.0000000000000000e+00	4.3711154867067671e+03
1.0018189906447501e-02	0.0000000000000000e+00	4.3492292427688662e+03
1.0035643198967400e-02	0.0000000000000000e+00	4.2206227578962717e+03
1.0053096491487300e-02	0.0000000000000000e+00	3.9880985758439492e+03
1.0070549784007300e-02	0.0000000000000000e+00	3.6566984460415406e+03
1.0088003076527199e-02	0.0000000000000000e+00	3.2336429804996733e+03
1.0105456369047200e-02	0.0000000000000000e+00	2.7282427584302059e+03
1.0122909661567101e-02	0.0000000000000000e+00	2.1517699624379457e+03
1.0140362954087099e-02	0.0000000000000000e+00	1.5172913055857498e+03
1.0157816246607001e-02	0.0000000000000000e+00	8.3945689632513677e+02
1.0175269539126900e-02	0.0000000000000000e+00	1.3423659379377204e+02
1.0192722831646900e-02	0.0000000000000000e+00	5.8140134262442007e+02
1.0210176124166800e-02	0.0000000000000000e+00	1.2898637688441522e+03
1.0227629416686800e-02	0.0000000000000000e+00	1.9733565244751808e+03
1.0245082709206699e-02	0.0000000000000000e+00	2.6143534721849865e+03
1.0262536001726700e-02	0.0000000000000000e+00	3.1960930291698751e+03
1.0279989294246601e-02	0.0000000000000000e+00	3.7030860383955587e+03
1.0297442586766500e-02	0.0000000000000000e+00	4.1216133006341552e+03
1.0314895879286501e-02	0.0000000000000000e+00	4.4401883010758902e+03
1.0332349171806400e-02	0.0000000000000000e+00	4.6499616081001732e+03
1.0349802464326400e-02	0.0000000000000000e+00	4.7450417461869656e+03
1.0367255756846300e-02	0.0000000000000000e+00	4.7227163866261981e+03
1.0384709049366300e-02	0.0000000000000000e+00	4.5835570550922712e+03
1.0402162341886199e-02	0.0000000000000000e+00	4.3314026747246535e+03
1.0419615634406101e-02	0.0000000000000000e+00	3.9732216704693419e+03
1.0437068926926101e-02	0.0000000000000000e+00	3.5188606481953320e+03
1.0454522219446000e-02	0.0000000000000000e+00	2.9806969760311476e+03
1.0471975511966001e-02	0.0000000000000000e+00	2.3732119292173593e+03
1.0489428804485900e-02	0.0000000000000000e+00	1.7125112685418571e+03
1.0506882097005900e-02	0.0000000000000000e+00	1.0158130095240194e+03
1.0524335389525800e-02	0.0000000000000000e+00	3.0093505745106086e+02
1.0541788682045699e-02	0.0000000000000000e+00	4.1420598132298619e+02
1.0559241974565699e-02	0.0000000000000000e+00	1.1120613700063841e+03
1.0576695267085601e-02	0.0000000000000000e+00	1.7758705879668269e+03
1.0594148559605601e-02	0.0000000000000000e+00	2.3900288819167035e+03
1.0611601852125500e-02	0.0000000000000000e+00	2.9403969640482974e+03
1.0629055144645501e-02	0.0000000000000000e+00	3.4145517860579130e+03
1.0646508437165400e-02	0.0000000000000000e+00	3.8019847753697541e+03
1.0663961729685400e-02	0.0000000000000000e+00	4.0942498221029091e+03
1.0681415022205300e-02	0.0000000000000000e+00	4.2850699601850501e+03
1.0698868314725199e-02	0.0000000000000000e+00	4.3704067022076197e+03
1.0716321607245199e-02	0.0000000000000000e+00	4.3484958571046445e+03
1.0733774899765101e-02	0.0000000000000000e+00	4.2198629168140469e+03
1.0751228192285101e-02	0.0000000000000000e+00	3.9873102562094282e+03
1.0768681484805000e-02	0.0000000000000000e+00	3.6558787071966653e+03
1.0786134777325001e-02	0.0000000000000000e+00	3.2327908271223423e+03
1.0803588069844900e-02	0.0000000000000000e+00	2.7273570719666022e+03
1.0821041362364800e-02	0.0000000000000000e+00	2.1508482905100536e+03
1.0838494654884800e-02	0.0000000000000000e+00	1.5163317083715810e+03
1.0855947947404699e-02	0.0000000000000000e+00	8.3845796308219724e+02
1.0873401239924699e-02	0.0000000000000000e+00	1.3319636409069062e+02
1.0890854532444601e-02	0.0000000000000000e+00	5.8248421939968830e+02
1.0908307824964599e-02	0.0000000000000000e+00	1.2909906603773707e+03
1.0925761117484500e-02	0.0000000000000000e+00	1.9745288977410091e+03
1.0943214410004400e-02	0.0000000000000000e+00	2.6155722444476996e+03
1.0960667702524400e-02	0.0000000000000000e+00	3.1973590556187555e+03
1.0978120995044300e-02	0.0000000000000000e+00	3.7043996988295985e+03
1.0995574287564300e-02	0.0000000000000000e+00	4.1229746525031369e+03
1.1013027580084199e-02	0.0000000000000000e+00	4.4415971433163795e+03
1.1030480872604199e-02	0.0000000000000000e+00	4.6514170268847229e+03
1.1047934165124101e-02	0.0000000000000000e+00	4.7465428231187398e+03
1.1065387457644000e-02	0.0000000000000000e+00	4.7242614157323405e+03
1.1082840750164000e-02	0.0000000000000000e+00	4.5851443491676473e+03
1.1100294042683900e-02	0.0000000000000000e+00	4.3330299692500703e+03
1.1117747335203900e-02	0.0000000000000000e+00	3.9748864488383842e+03
1.1135200627723800e-02	0.0000000000000000e+00	3.5205602806093812e+03
1.1152653920243800e-02	0.0000000000000000e+00	2.9824283802652499e+03
1.1170107212763699e-02	0.0000000000000000e+00	2.3749721627966210e+03
1.1187560505283699e-02	0.0000000000000000e+00	1.7142974087440380e+03
1.1205013797803601e-02	0.0000000000000000e+00	1.0176225022004364e+03
1.1222467090323500e-02	0.0000000000000000e+00	3.0276491726429958e+02
1.1239920382843500e-02	0.0000000000000000e+00	4.1235835495711945e+02
1.1257373675363400e-02	0.0000000000000000e+00	1.1101985753509653e+03
1.1274826967883400e-02	0.0000000000000000e+00	1.7739953025322029e+03
1.1292280260403300e-02	0.0000000000000000e+00	2.3881433784278634e+03
1.1309733552923300e-02	0.0000000000000000e+00	2.9385031019235903e+03
1.1327186845443199e-02	0.0000000000000000e+00	3.4126514219273377e+03
1.1344640137963101e-02	0.0000000000000000e+00	3.8000796798345982e+03
1.1362093430483101e-02	0.0000000000000000e+00	4.0923418607097119e+03
1.1379546723003000e-02	0.0000000000000000e+00	4.2831615394616383e+03
1.1397000015523000e-02	0.0000000000000000e+00	4.3684985514037253e+03
1.1414453308042900e-02	0.0000000000000000e+00	4.3465893767963862e+03
1.1431906600562900e-02	0.0000000000000000e+00	4.2179597852509178e+03
1.1449359893082800e-02	0.0000000000000000e+00	3.9854110987070308e+03
1.1466813185602699e-02	0.0000000000000000e+00	3.6539851853399741e+03
1.1484266478122699e-02	0.0000000000000000e+00	3.2309048670461925e+03
1.1501719770642601e-02	0.0000000000000000e+00	2.7254806677169108e+03
1.1519173063162601e-02	0.0000000000000000e+00	2.1489836466228880e+03
1.1536626355682500e-02	0.0000000000000000e+00	1.5144806020129181e+03
1.1554079648202500e-02	0.0000000000000000e+00	8.3662230372297927e+02
1.1571532940722400e-02	0.0000000000000000e+00	1.3137863791303243e+02
1.1588986233242300e-02	0.0000000000000000e+00	5.8428212505625561e+02
1.1606439525762300e-02	0.0000000000000000e+00	1.2927667617355182e+03
1.1623892818282199e-02	0.0000000000000000e+00	1.9762811293355335e+03
1.1641346110802199e-02	0.0000000000000000e+00	2.6172989094213699e+03
1.1658799403322101e-02	0.0000000000000000e+00	3.1990582303600968e+03
1.1676252695842101e-02	0.0000000000000000e+00	3.7060696396442363e+03
1.1693705988362000e-02	0.0000000000000000e+00	4.1246136325004627e+03
1.1711159280882000e-02	0.0000000000000000e+00	4.4432036148784973e+03
1.1728612573401900e-02	0.0000000000000000e+00	4.6529898032464698e+03
1.1746065865921800e-02	0.0000000000000000e+00	4.7480807374407595e+03
1.1763519158441800e-02	0.0000000000000000e+00	4.7257635383726738e+03
1.1780972450961699e-02	0.0000000000000000e+00	4.5866099248460232e+03
1.1798425743481699e-02	0.0000000000000000e+00	4.3344590603226243e+03
1.1815879036001601e-02	0.0000000000000000e+00	3.9762789201065752e+03
1.1833332328521601e-02	0.0000000000000000e+00	3.5219166007531167e+03
1.1850785621041500e-02	0.0000000000000000e+00	2.9837490769367432e+03
1.1868238913561400e-02	0.0000000000000000e+00	2.3762584185830783e+03
1.1885692206081400e-02	0.0000000000000000e+00	1.7155500506520621e+03
1.1903145498601300e-02	0.0000000000000000e+00	1.0188425935085397e+03
1.1920598791121300e-02	0.0000000000000000e+00	3.0395388240291504e+02
1.1938052083641199e-02	0.0000000000000000e+00	4.1119910739951592e+02
1.1955505376161199e-02	0.0000000000000000e+00	1.1090676502191491e+03
1.1972958668681101e-02	0.0000000000000000e+00	1.7728911267180956e+03
1.1990411961201000e-02	0.0000000000000000e+00	2.3870646164547361e+03
1.2007865253721000e-02	0.0000000000000000e+00	2.9374484849286237e+03
1.2025318546240900e-02	0.0000000000000000e+00	3.4116200222180050e+03
1.2042771838760900e-02	0.0000000000000000e+00	3.7990699357234698e+03
1.2060225131280800e-02	0.0000000000000000e+00	4.0913524041996425e+03
1.2077678423800800e-02	0.0000000000000000e+00	4.2821902421736013e+03
1.2095131716320699e-02	0.0000000000000000e+00	4.3675448751965741e+03
1.2112585008840600e-02	0.0000000000000000e+00	4.3456525825898134e+03
1.2130038301360601e-02	0.0000000000000000e+00	4.2170386334598588e+03
1.2147491593880500e-02	0.0000000000000000e+00	3.9845053069646674e+03
1.2164944886400500e-02	0.0000000000000000e+00	3.6530942043190298e+03
1.2182398178920400e-02	0.0000000000000000e+00	3.2300262611526996e+03
1.2199851471440400e-02	0.0000000000000000e+00	2.7246125194830965e+03
1.2217304763960300e-02	0.0000000000000000e+00	2.1481247968302196e+03
1.2234758056480201e-02	0.0000000000000000e+00	1.5136293708046433e+03
1.2252211349000199e-02	0.0000000000000000e+00	8.3577703274261148e+02
1.2269664641520101e-02	0.0000000000000000e+00	1.3053732251007750e+02
1.2287117934040101e-02	0.0000000000000000e+00	5.8512108045481727e+02
1.2304571226560000e-02	0.0000000000000000e+00	1.2936049394846050e+03
1.2322024519080000e-02	0.0000000000000000e+00	1.9771203528398619e+03
1.2339477811599900e-02	0.0000000000000000e+00	2.6181408880461822e+03
1.2356931104119900e-02	0.0000000000000000e+00	3.1999047393755318e+03
1.2374384396639800e-02	0.0000000000000000e+00	3.7069226557087386e+03
1.2391837689159701e-02	0.0000000000000000e+00	4.1254751702118083e+03
1.2409290981679699e-02	0.0000000000000000e+00	4.4440755211698706e+03
1.2426744274199601e-02	0.0000000000000000e+00	4.6538740564890904e+03
1.2444197566719601e-02	0.0000000000000000e+00	4.7489790463847166e+03
1.2461650859239500e-02	0.0000000000000000e+00	4.7266779916251398e+03
1.2479104151759500e-02	0.0000000000000000e+00	4.5875422052626964e+03
1.2496557444279400e-02	0.0000000000000000e+00	4.3354102503030153e+03
1.2514010736799299e-02	0.0000000000000000e+00	3.9772504314415710e+03
1.2531464029319300e-02	0.0000000000000000e+00	3.5229088249620836e+03
1.2548917321839201e-02	0.0000000000000000e+00	2.9847632035621791e+03
1.2566370614359199e-02	0.0000000000000000e+00	2.3772948021106567e+03
1.2583823906879101e-02	0.0000000000000000e+00	1.7166093153642578e+03
1.2601277199399101e-02	0.0000000000000000e+00	1.0199247117329651e+03
1.2618730491919000e-02	0.0000000000000000e+00	3.0505884142553259e+02
1.2636183784438900e-02	0.0000000000000000e+00	4.1007149045688857e+02
1.2653637076958900e-02	0.0000000000000000e+00	1.1079176454605768e+03
1.2671090369478799e-02	0.0000000000000000e+00	1.7717189701280877e+03
1.2688543661998800e-02	0.0000000000000000e+00	2.3858706396121415e+03
1.2705996954518701e-02	0.0000000000000000e+00	2.9362332442362385e+03
1.2723450247038699e-02	0.0000000000000000e+00	3.4103837738542061e+03
1.2740903539558601e-02	0.0000000000000000e+00	3.7978132900522032e+03
1.2758356832078500e-02	0.0000000000000000e+00	4.0900761043717939e+03
1.2775810124598500e-02	0.0000000000000000e+00	4.2808944448115362e+03
1.2793263417118400e-02	0.0000000000000000e+00	4.3662304715680802e+03
1.2810716709638400e-02	0.0000000000000000e+00	4.3443197328585666e+03
1.2828170002158299e-02	0.0000000000000000e+00	4.2156878574247967e+03
1.2845623294678300e-02	0.0000000000000000e+00	3.9831371572783828e+03
1.2863076587198201e-02	0.0000000000000000e+00	3.6517085332062416e+03
1.2880529879718199e-02	0.0000000000000000e+00	3.2286240536271944e+03
1.2897983172238101e-02	0.0000000000000000e+00	2.7231946577687631e+03
1.2915436464758000e-02	0.0000000000000000e+00	2.1466913147527375e+03
1.2932889757278000e-02	0.0000000000000000e+00	1.5121810809063172e+03
1.2950343049797900e-02	0.0000000000000000e+00	8.3431468470237451e+02
1.2967796342317900e-02	0.0000000000000000e+00	1.2906169052545738e+02
1.2985249634837799e-02	0.0000000000000000e+00	5.8660905595491931e+02
1.3002702927357800e-02	0.0000000000000000e+00	1.2951043417515320e+03
1.3020156219877701e-02	0.0000000000000000e+00	1.9786301151540538e+03
1.3037609512397600e-02	0.0000000000000000e+00	2.6196597145632259e+03
1.3055062804917601e-02	0.0000000000000000e+00	3.2014314366304752e+03
1.3072516097437500e-02	0.0000000000000000e+00	3.7084557069952862e+03
1.3089969389957500e-02	0.0000000000000000e+00	4.1270130996181688e+03
1.3107422682477400e-02	0.0000000000000000e+00	4.4456168809153751e+03
1.3124875974997400e-02	0.0000000000000000e+00	4.6554170962980570e+03
1.3142329267517299e-02	0.0000000000000000e+00	4.7505223211104167e+03
1.3159782560037201e-02	0.0000000000000000e+00	4.7282196503134037e+03
1.3177235852557199e-02	0.0000000000000000e+00	4.5890808217669255e+03
1.3194689145077100e-02	0.0000000000000000e+00	4.3369443577848870e+03
1.3212142437597101e-02	0.0000000000000000e+00	3.9787784835068014e+03
1.3229595730117000e-02	0.0000000000000000e+00	3.5244296783413447e+03
1.3247049022637000e-02	0.0000000000000000e+00	2.9862756698158046e+03
1.3264502315156900e-02	0.0000000000000000e+00	2.3787981114345457e+03
1.3281955607676799e-02	0.0000000000000000e+00	1.7181024257856625e+03
1.3299408900196799e-02	0.0000000000000000e+00	1.0214068413801579e+03
1.3316862192716701e-02	0.0000000000000000e+00	3.0652946843490645e+02
1.3334315485236699e-02	0.0000000000000000e+00	4.0861290626147820e+02
1.3351768777756600e-02	0.0000000000000000e+00	1.1064713615584624e+03
1.3369222070276601e-02	0.0000000000000000e+00	1.7702853271857457e+03
1.3386675362796500e-02	0.0000000000000000e+00	2.3844500834348582e+03
1.3404128655316400e-02	0.0000000000000000e+00	2.9348259910200286e+03
1.3421581947836400e-02	0.0000000000000000e+00	3.4089899640025978e+03
1.3439035240356299e-02	0.0000000000000000e+00	3.7964330159290112e+03
1.3456488532876299e-02	0.0000000000000000e+00	4.0887087920172635e+03
1.3473941825396201e-02	0.0000000000000000e+00	4.2795402984446409e+03
1.3491395117916199e-02	0.0000000000000000e+00	4.3648891041191091e+03
1.3508848410436100e-02	0.0000000000000000e+00	4.3429915949056158e+03
1.3526301702956101e-02	0.0000000000000000e+00	4.2143726643428090e+03
1.3543754995476000e-02	0.0000000000000000e+00	3.9818348117673886e+03
1.3561208287995900e-02	0.0000000000000000e+00	3.6504198875628063e+03
1.3578661580515900e-02	0.0000000000000000e+00	3.2273483774045017e+03
1.3596114873035799e-02	0.0000000000000000e+00	2.7219311945177033e+03
1.3613568165555799e-02	0.0000000000000000e+00	2.1454404533180641e+03
1.3631021458075701e-02	0.0000000000000000e+00	1.5109428404692153e+03
1.3648474750595699e-02	0.0000000000000000e+00	8.3308864170523884e+02
1.3665928043115600e-02	0.0000000000000000e+00	1.2784779251484724e+02
1.3683381335635500e-02	0.0000000000000000e+00	5.8781137409342045e+02
1.3700834628155500e-02	0.0000000000000000e+00	1.2962955631315126e+03
1.3718287920675400e-02	0.0000000000000000e+00	1.9798104594702454e+03
1.3735741213195400e-02	0.0000000000000000e+00	2.6208297618107608e+03
1.3753194505715299e-02	0.0000000000000000e+00	3.2025917008862889e+03
1.3770647798235299e-02	0.0000000000000000e+00	3.7096069340894755e+03
1.3788101090755201e-02	0.0000000000000000e+00	4.1281560481197375e+03
1.3805554383275100e-02	0.0000000000000000e+00	4.4467523369692644e+03
1.3823007675795100e-02	0.0000000000000000e+00	4.6565461741778126e+03
1.3840460968315000e-02	0.0000000000000000e+00	4.7516458523066685e+03
1.3857914260835000e-02	0.0000000000000000e+00	4.7293389866001089e+03
1.3875367553354900e-02	0.0000000000000000e+00	4.5901968886326940e+03
1.3892820845874900e-02	0.0000000000000000e+00	4.3380584253079287e+03
1.3910274138394799e-02	0.0000000000000000e+00	3.9798918300607038e+03
1.3927727430914701e-02	0.0000000000000000e+00	3.5255434329917043e+03
1.3945180723434701e-02	0.0000000000000000e+00	2.9873908155271347e+03
1.3962634015954600e-02	0.0000000000000000e+00	2.3799156165379391e+03
1.3980087308474600e-02	0.0000000000000000e+00	1.7192233616796002e+03
1.3997540600994500e-02	0.0000000000000000e+00	1.0225322040400497e+03
1.4014993893514500e-02	0.0000000000000000e+00	3.0766001136503473e+02
1.4032447186034400e-02	0.0000000000000000e+00	4.0747634968218335e+02
1.4049900478554400e-02	0.0000000000000000e+00	1.1053282513837912e+03
1.4067353771074299e-02	0.0000000000000000e+00	1.7691350065879087e+03
1.4084807063594201e-02	0.0000000000000000e+00	2.3832917274046195e+03
1.4102260356114201e-02	0.0000000000000000e+00	2.9336589083822182e+03
1.4119713648634100e-02	0.0000000000000000e+00	3.4078137761432008e+03
1.4137166941154100e-02	0.0000000000000000e+00	3.7952471398181660e+03
1.4154620233674000e-02	0.0000000000000000e+00	4.0875132385213074e+03
1.4172073526194000e-02	0.0000000000000000e+00	4.2783348132650135e+03
1.4189526818713900e-02	0.0000000000000000e+00	4.3636736084844742e+03
1.4206980111233799e-02	0.0000000000000000e+00	4.3417655623822502e+03
1.4224433403753799e-02	0.0000000000000000e+00	4.2131360274252511e+03
1.4241886696273701e-02	0.0000000000000000e+00	3.9805873501561437e+03
1.4259339988793701e-02	0.0000000000000000e+00	3.6491607618796697e+03
1.4276793281313600e-02	0.0000000000000000e+00	3.2260776992903266e+03
1.4294246573833600e-02	0.0000000000000000e+00	2.7206491539116687e+03
1.4311699866353500e-02	0.0000000000000000e+00	2.1441466085649299e+03
1.4329153158873400e-02	0.0000000000000000e+00	1.5096366180250916e+03
1.4346606451393400e-02	0.0000000000000000e+00	8.3177000352767936e+02
1.4364059743913299e-02	0.0000000000000000e+00	1.2651632751882426e+02
1.4381513036433299e-02	0.0000000000000000e+00	5.8915572249250545e+02
1.4398966328953201e-02	0.0000000000000000e+00	1.2976528599972225e+03
1.4416419621473201e-02	0.0000000000000000e+00	1.9811810694694868e+03
1.4433872913993100e-02	0.0000000000000000e+00	2.6222137655460247e+03
1.4451326206513000e-02	0.0000000000000000e+00	3.2039892508849152e+03
1.4468779499033000e-02	0.0000000000000000e+00	3.7110179937018111e+03
1.4486232791552900e-02	0.0000000000000000e+00	4.1295805452854547e+03
1.4503686084072900e-02	0.0000000000000000e+00	4.4481902787782601e+03
1.4521139376592799e-02	0.0000000000000000e+00	4.6579970784616744e+03
1.4538592669112799e-02	0.0000000000000000e+00	4.7531096332759043e+03
1.4556045961632701e-02	0.0000000000000000e+00	4.7308151260163140e+03
1.4573499254152701e-02	0.0000000000000000e+00	4.5916849609656347e+03
1.4590952546672600e-02	0.0000000000000000e+00	4.3395579027148342e+03
1.4608405839192500e-02	0.0000000000000000e+00	3.9814011959344498e+03
1.4625859131712500e-02	0.0000000000000000e+00	3.5270624763021624e+03
1.4643312424232400e-02	0.0000000000000000e+00	2.9889191258081119e+03
1.4660765716752400e-02	0.0000000000000000e+00	2.3814528550435934e+03
1.4678219009272299e-02	0.0000000000000000e+00	1.7207687973503489e+03
1.4695672301792299e-02	0.0000000000000000e+00	1.0240851388803858e+03
1.4713125594312201e-02	0.0000000000000000e+00	3.0921996618296544e+02
1.4730578886832100e-02	0.0000000000000000e+00	4.0591001152235549e+02
1.4748032179352100e-02	0.0000000000000000e+00	1.1037559121358936e+03
1.4765485471872000e-02	0.0000000000000000e+00	1.7675572029573377e+03
1.4782938764392000e-02	0.0000000000000000e+00	2.3817092503649765e+03
1.4800392056911900e-02	0.0000000000000000e+00	2.9320724262178555e+03
1.4817845349431900e-02	0.0000000000000000e+00	3.4062237061640335e+03
1.4835298641951799e-02	0.0000000000000000e+00	3.7936537689741235e+03
1.4852751934471701e-02	0.0000000000000000e+00	4.0859167088598333e+03
1.4870205226991701e-02	0.0000000000000000e+00	4.2767354779705202e+03
1.4887658519511600e-02	0.0000000000000000e+00	4.3620713477106910e+03
1.4905111812031600e-02	0.0000000000000000e+00	4.3401608028406044e+03
1.4922565104551500e-02	0.0000000000000000e+00	4.2115289229049231e+03
1.4940018397071500e-02	0.0000000000000000e+00	3.9789779972404503e+03
1.4957471689591400e-02	0.0000000000000000e+00	3.6475499486451736e+03
1.4974924982111301e-02	0.0000000000000000e+00	3.2244653021439735e+03
1.4992378274631299e-02	0.0000000000000000e+00	2.7190351255538408e+03
1.5009831567151201e-02	0.0000000000000000e+00	2.1425314252785902e+03
1.5027284859671201e-02	0.0000000000000000e+00	1.5080207906852447e+03
1.5044738152191100e-02	0.0000000000000000e+00	8.3015366938013176e+02
1.5062191444711100e-02	0.0000000000000000e+00	1.2489999113578233e+02
1.5079644737231000e-02	0.0000000000000000e+00	5.9077192157480749e+02
1.5097098029750899e-02	0.0000000000000000e+00	1.2992687324201252e+03
1.5114551322270900e-02	0.0000000000000000e+00	1.9827960889668175e+03
1.5132004614790801e-02	0.0000000000000000e+00	2.6238276603906124e+03
1.5149457907310799e-02	0.0000000000000000e+00	3.2056016213062248e+03
1.5166911199830701e-02	0.0000000000000000e+00	3.7126286432714405e+03
1.5184364492350701e-02	0.0000000000000000e+00	4.1311891879502509e+03
1.5201817784870600e-02	0.0000000000000000e+00	4.4497966690175526e+03
1.5219271077390600e-02	0.0000000000000000e+00	4.6596013172934036e+03
1.5236724369910500e-02	0.0000000000000000e+00	4.7547114213618333e+03
1.5254177662430399e-02	0.0000000000000000e+00	4.7324146855118015e+03
1.5271630954950400e-02	0.0000000000000000e+00	4.5932822627415153e+03
1.5289084247470301e-02	0.0000000000000000e+00	4.3411531867339509e+03
1.5306537539990299e-02	0.0000000000000000e+00	3.9829954858982383e+03
1.5323990832510201e-02	0.0000000000000000e+00	3.5286558336904272e+03
1.5341444125030201e-02	0.0000000000000000e+00	2.9905113925325859e+03
1.5358897417550100e-02	0.0000000000000000e+00	2.3830441448776692e+03
1.5376350710070000e-02	0.0000000000000000e+00	1.7223596037237439e+03
1.5393804002590000e-02	0.0000000000000000e+00	1.0256759738387482e+03
1.5411257295109899e-02	0.0000000000000000e+00	3.1081110210946645e+02
1.5428710587629900e-02	0.0000000000000000e+00	4.0431809942619293e+02
1.5446163880149801e-02	0.0000000000000000e+00	1.1021629812824540e+03
1.5463617172669799e-02	0.0000000000000000e+00	1.7659628716589359e+03
1.5481070465189701e-02	0.0000000000000000e+00	2.3801128437241132e+03
1.5498523757709600e-02	0.0000000000000000e+00	2.9304733439594711e+03
1.5515977050229600e-02	0.0000000000000000e+00	3.4046216043517197e+03
1.5533430342749500e-02	0.0000000000000000e+00	3.7920483991043875e+03
1.5550883635269500e-02	0.0000000000000000e+00	4.0843079480559099e+03
1.5568336927789399e-02	0.0000000000000000e+00	4.2751229642097605e+03
1.5585790220309400e-02	0.0000000000000000e+00	4.3604550979708729e+03
1.5603243512829299e-02	0.0000000000000000e+00	4.3385403349759872e+03
1.5620696805349200e-02	0.0000000000000000e+00	4.2099040664580534e+03
1.5638150097869199e-02	0.0000000000000000e+00	3.9773486164300266e+03
1.5655603390389100e-02	0.0000000000000000e+00	3.6459152093612793e+03
1.5673056682909099e-02	0.0000000000000000e+00	3.2228253024186852e+03
1.5690509975429000e-02	0.0000000000000000e+00	2.7173898937170306e+03
1.5707963267949002e-02	0.0000000000000000e+00	2.1408804852028406e+03
1.5725416560468899e-02	0.0000000000000000e+00	1.5063636100200383e+03
1.5742869852988801e-02	0.0000000000000000e+00	8.2849009195315011e+02
1.5760323145508799e-02	0.0000000000000000e+00	1.2322948776054545e+02
1.5777776438028700e-02	0.0000000000000000e+00	5.9244954426551703e+02
1.5795229730548699e-02	0.0000000000000000e+00	1.3009537222252111e+03
1.5812683023068600e-02	0.0000000000000000e+00	1.9844890540407214e+03
1.5830136315588599e-02	0.0000000000000000e+00	2.6255289938729256e+03
1.5847589608108500e-02	0.0000000000000000e+00	3.2073118570262159e+03
1.5865042900628502e-02	0.0000000000000000e+00	3.7143481386258209e+03
1.5882496193148399e-02	0.0000000000000000e+00	4.1329184498007962e+03
1.5899949485668301e-02	0.0000000000000000e+00	4.4515361553866533e+03
1.5917402778188299e-02	0.0000000000000000e+00	4.6613512185826548e+03
1.5934856070708200e-02	0.0000000000000000e+00	4.7564723092177737e+03
1.5952309363228199e-02	0.0000000000000000e+00	4.7341865622516198e+03
1.5969762655748100e-02	0.0000000000000000e+00	4.5950655959435098e+03
1.5987215948268099e-02	0.0000000000000000e+00	4.3429480966722331e+03
1.6004669240788000e-02	0.0000000000000000e+00	3.9848018974553561e+03
1.6022122533307901e-02	0.0000000000000000e+00	3.5304738385530800e+03
1.6039575825827899e-02	0.0000000000000000e+00	2.9923412095720851e+03
1.6057029118347801e-02	0.0000000000000000e+00	2.3848860671577859e+03
1.6074482410867799e-02	0.0000000000000000e+00	1.7242133244400320e+03
1.6091935703387700e-02	0.0000000000000000e+00	1.0275413719703647e+03
1.6109388995907699e-02	0.0000000000000000e+00	3.1268825284394552e+02
1.6126842288427600e-02	0.0000000000000000e+00	4.0242931450658944e+02
1.6144295580947501e-02	0.0000000000000000e+00	1.1002624504660052e+03
1.6161748873467500e-02	0.0000000000000000e+00	1.7640507438769564e+03
1.6179202165987401e-02	0.0000000000000000e+00	2.3781896110076195e+03
1.6196655458507399e-02	0.0000000000000000e+00	2.9285394291620469e+03
1.6214108751027301e-02	0.0000000000000000e+00	3.4026771093144343e+03
1.6231562043547299e-02	0.0000000000000000e+00	3.7900931973747211e+03
1.6249015336067200e-02	0.0000000000000000e+00	4.0823420139583613e+03
1.6266468628587199e-02	0.0000000000000000e+00	4.2731464084625040e+03
1.6283921921107100e-02	0.0000000000000000e+00	4.3584677654534462e+03
1.6301375213627001e-02	0.0000000000000000e+00	4.3365423883839685e+03
1.6318828506147000e-02	0.0000000000000000e+00	4.2078954983289295e+03
1.6336281798666901e-02	0.0000000000000000e+00	3.9753293730804726e+03
1.6353735091186899e-02	0.0000000000000000e+00	3.6438857644332893e+03
1.6371188383706801e-02	0.0000000000000000e+00	3.2207854328111862e+03
1.6388641676226799e-02	0.0000000000000000e+00	2.7153394576436403e+03
1.6406094968746700e-02	0.0000000000000000e+00	2.1388197726087528e+03
1.6423548261266602e-02	0.0000000000000000e+00	1.5042927840947086e+03
1.6441001553786600e-02	0.0000000000000000e+00	8.2640918382955715e+02
1.6458454846306501e-02	0.0000000000000000e+00	1.2113862874852202e+02
1.6475908138826500e-02	0.0000000000000000e+00	5.9455010647149174e+02
1.6493361431346401e-02	0.0000000000000000e+00	1.3030637504857150e+03
1.6510814723866400e-02	0.0000000000000000e+00	1.9866083517818188e+03
1.6528268016386301e-02	0.0000000000000000e+00	2.6276573917376518e+03
1.6545721308906199e-02	0.0000000000000000e+00	3.2094490345983504e+03
1.6563174601426200e-02	0.0000000000000000e+00	3.7164939200175577e+03
1.6580627893946102e-02	0.0000000000000000e+00	4.1350725806441769e+03
1.6598081186466100e-02	0.0000000000000000e+00	4.4536982552511472e+03
1.6615534478986001e-02	0.0000000000000000e+00	4.6635211963901529e+03
1.6632987771506000e-02	0.0000000000000000e+00	4.7586498031617375e+03
1.6650441064025901e-02	0.0000000000000000e+00	4.7363713879879506e+03
1.6667894356545799e-02	0.0000000000000000e+00	4.5972575718011067e+03
1.6685347649065801e-02	0.0000000000000000e+00	4.3451468513565778e+03
1.6702800941585699e-02	0.0000000000000000e+00	3.9870071946891694e+03
1.6720254234105700e-02	0.0000000000000000e+00	3.5326852499238885e+03
1.6737707526625598e-02	0.0000000000000000e+00	2.9945592221958213e+03
1.6755160819145600e-02	0.0000000000000000e+00	2.3871103721633554e+03
1.6772614111665501e-02	0.0000000000000000e+00	1.7264442970391683e+03
1.6790067404185399e-02	0.0000000000000000e+00	1.0297789802779444e+03
1.6807520696705401e-02	0.0000000000000000e+00	3.1493220788476174e+02
1.6824973989225299e-02	0.0000000000000000e+00	4.0017919737033662e+02
1.6842427281745301e-02	0.0000000000000000e+00	1.0980064191039273e+03
1.6859880574265199e-02	0.0000000000000000e+00	1.7617890625984583e+03
1.6877333866785200e-02	0.0000000000000000e+00	2.3759224515579990e+03
1.6894787159305098e-02	0.0000000000000000e+00	2.9262669043860078e+03
1.6912240451825100e-02	0.0000000000000000e+00	3.4003992019947473e+03
1.6929693744345001e-02	0.0000000000000000e+00	3.7878097818521637e+03
1.6947147036864899e-02	0.0000000000000000e+00	4.0800529756588803e+03
1.6964600329384901e-02	0.0000000000000000e+00	4.2708514787733584e+03
1.6982053621904799e-02	0.0000000000000000e+00	4.3561658795828116e+03
1.6999506914424801e-02	0.0000000000000000e+00	4.3342344325211307e+03
1.7016960206944699e-02	0.0000000000000000e+00	4.2055813360983739e+03
1.7034413499464700e-02	0.0000000000000000e+00	3.9730087039433129e+03
1.7051866791984598e-02	0.0000000000000000e+00	3.6415590942346462e+03
1.7069320084504500e-02	0.0000000000000000e+00	3.2184526337677817e+03
1.7086773377024501e-02	0.0000000000000000e+00	2.7129998088674038e+03
1.7104226669544399e-02	0.0000000000000000e+00	2.1364723770118435e+03
1.7121679962064401e-02	0.0000000000000000e+00	1.5019379680251441e+03
1.7139133254584299e-02	0.0000000000000000e+00	8.2404687236716563e+02
1.7156586547104301e-02	0.0000000000000000e+00	1.1876840119365079e+02
1.7174039839624199e-02	0.0000000000000000e+00	5.9692846232102602e+02
1.7191493132144100e-02	0.0000000000000000e+00	1.3054505130501784e+03
1.7208946424664098e-02	0.0000000000000000e+00	1.9890036793042818e+03
1.7226399717184000e-02	0.0000000000000000e+00	2.6300613965096854e+03
1.7243853009704001e-02	0.0000000000000000e+00	3.2118619598853838e+03
1.7261306302223899e-02	0.0000000000000000e+00	3.7189159932677430e+03
1.7278759594743901e-02	0.0000000000000000e+00	4.1375038703297469e+03
1.7296212887263799e-02	0.0000000000000000e+00	4.4561391340682894e+03
1.7313666179783700e-02	0.0000000000000000e+00	4.6659718318633677e+03
1.7331119472303699e-02	0.0000000000000000e+00	4.7611103128316026e+03
1.7348572764823600e-02	0.0000000000000000e+00	4.7388422078076837e+03
1.7366026057343598e-02	0.0000000000000000e+00	4.5997387700420077e+03
1.7383479349863500e-02	0.0000000000000000e+00	4.3476385663729743e+03
1.7400932642383501e-02	0.0000000000000000e+00	3.9895092963596690e+03
1.7418385934903399e-02	0.0000000000000000e+00	3.5351984888371517e+03
1.7435839227423401e-02	0.0000000000000000e+00	2.9970834666211449e+03
1.7453292519943299e-02	0.0000000000000000e+00	2.3896463318044116e+03
1.7470745812463200e-02	0.0000000000000000e+00	1.7289915617722727e+03
1.7488199104983199e-02	0.0000000000000000e+00	1.0323376764190325e+03
1.7505652397503100e-02	0.0000000000000000e+00	3.1750285620162322e+02
1.7523105690023098e-02	0.0000000000000000e+00	3.9759623224911047e+02
1.7540558982543000e-02	0.0000000000000000e+00	1.0954107193956588e+03
1.7558012275063001e-02	0.0000000000000000e+00	1.7591802649707970e+03
1.7575465567582899e-02	0.0000000000000000e+00	2.3733003383222531e+03
1.7592918860102801e-02	0.0000000000000000e+00	2.9236314107514336e+03
1.7610372152622799e-02	0.0000000000000000e+00	3.3977498491615552e+03
1.7627825445142700e-02	0.0000000000000000e+00	3.7851468509337574e+03
1.7645278737662699e-02	0.0000000000000000e+00	4.0773765321406972e+03
1.7662732030182600e-02	0.0000000000000000e+00	4.2681610915263009e+03
1.7680185322702598e-02	0.0000000000000000e+00	4.3534625163657765e+03
1.7697638615222500e-02	0.0000000000000000e+00	4.3315175796923722e+03
1.7715091907742401e-02	0.0000000000000000e+00	4.2028508750467590e+03
1.7732545200262399e-02	0.0000000000000000e+00	3.9702649104818411e+03
1.7749998492782301e-02	0.0000000000000000e+00	3.6388015281481203e+03
1.7767451785302299e-02	0.0000000000000000e+00	3.2156817028611404e+03
1.7784905077822200e-02	0.0000000000000000e+00	2.7102151172424346e+03
1.7802358370342199e-02	0.0000000000000000e+00	2.1336744815169659e+03
1.7819811662862100e-02	0.0000000000000000e+00	1.4991268612129206e+03
1.7837264955382001e-02	0.0000000000000000e+00	8.2122230775527714e+02
1.7854718247902000e-02	0.0000000000000000e+00	1.1593056500310195e+02
1.7872171540421901e-02	0.0000000000000000e+00	5.9977965649031103e+02
1.7889624832941899e-02	0.0000000000000000e+00	1.3083151087995793e+03
1.7907078125461801e-02	0.0000000000000000e+00	1.9918815630649769e+03
1.7924531417981799e-02	0.0000000000000000e+00	2.6329525902484165e+03
1.7941984710501700e-02	0.0000000000000000e+00	3.2147663365801709e+03
1.7959438003021699e-02	0.0000000000000000e+00	3.7218335224750626e+03
1.7976891295541600e-02	0.0000000000000000e+00	4.1404344981936738e+03
1.7994344588061501e-02	0.0000000000000000e+00	4.4590827609446860e+03
1.8011797880581500e-02	0.0000000000000000e+00	4.6689284131546738e+03
1.8029251173101401e-02	0.0000000000000000e+00	4.7640797467724333e+03
1.8046704465621399e-02	0.0000000000000000e+00	4.7418243659662985e+03
1.8064157758141301e-02	0.0000000000000000e+00	4.6027334651551791e+03
1.8081611050661299e-02	0.0000000000000000e+00	4.3506460463303229e+03
1.8099064343181200e-02	0.0000000000000000e+00	3.9925301204194839e+03
1.8116517635701102e-02	0.0000000000000000e+00	3.5382322802978015e+03
1.8133970928221100e-02	0.0000000000000000e+00	3.0001297421469644e+03
1.8151424220741001e-02	0.0000000000000000e+00	2.3927044413678959e+03
1.8168877513261000e-02	0.0000000000000000e+00	1.7320618894240906e+03
1.8186330805780901e-02	0.0000000000000000e+00	1.0354202515493234e+03
1.8203784098300899e-02	0.0000000000000000e+00	3.2059738853991439e+02
1.8221237390820801e-02	0.0000000000000000e+00	3.9448979842761764e+02
1.8238690683340698e-02	0.0000000000000000e+00	1.0922926536312443e+03
1.8256143975860700e-02	0.0000000000000000e+00	1.7560504897012725e+03
1.8273597268380602e-02	0.0000000000000000e+00	2.3701583875650103e+03
1.8291050560900600e-02	0.0000000000000000e+00	2.9204768112752063e+03
1.8308503853420501e-02	0.0000000000000000e+00	3.3945829324166261e+03
1.8325957145940500e-02	0.0000000000000000e+00	3.7819675697697821e+03
1.8343410438460401e-02	0.0000000000000000e+00	4.0741849625258037e+03
1.8360863730980299e-02	0.0000000000000000e+00	4.2649577043551253e+03
1.8378317023500301e-02	0.0000000000000000e+00	4.3502474999731203e+03
1.8395770316020198e-02	0.0000000000000000e+00	4.3282902624274866e+03
1.8413223608540200e-02	0.0000000000000000e+00	4.1996114869582088e+03
1.8430676901060102e-02	0.0000000000000000e+00	3.9670134524426103e+03
1.8448130193580100e-02	0.0000000000000000e+00	3.6355374464307097e+03
1.8465583486100001e-02	0.0000000000000000e+00	3.2124048633787752e+03
1.8483036778619899e-02	0.0000000000000000e+00	2.7069267172399996e+03
1.8500490071139901e-02	0.0000000000000000e+00	2.1303746003221459e+03
1.8517943363659799e-02	0.0000000000000000e+00	1.4958149768420699e+03
1.8535396656179801e-02	0.0000000000000000e+00	8.1789869191362232e+02
1.8552849948699698e-02	0.0000000000000000e+00	1.1259555729389831e+02
1.8570303241219700e-02	0.0000000000000000e+00	6.0312634374003392e+02
1.8587756533739602e-02	0.0000000000000000e+00	1.3116735313474492e+03
1.8605209826259600e-02	0.0000000000000000e+00	1.9952516460351035e+03
1.8622663118779501e-02	0.0000000000000000e+00	2.6363343353486125e+03
1.8640116411299399e-02	0.0000000000000000e+00	3.2181599141098995e+03
1.8657569703819401e-02	0.0000000000000000e+00	3.7252387995340105e+03
1.8675022996339299e-02	0.0000000000000000e+00	4.1438517168620601e+03
1.8692476288859301e-02	0.0000000000000000e+00	4.4625118516163639e+03
1.8709929581379198e-02	0.0000000000000000e+00	4.6723695383762533e+03
1.8727382873899200e-02	0.0000000000000000e+00	4.7675330866313161e+03
1.8744836166419102e-02	0.0000000000000000e+00	4.7452900267930963e+03
1.8762289458938999e-02	0.0000000000000000e+00	4.6062117002143641e+03
1.8779742751459001e-02	0.0000000000000000e+00	4.3541368503637059e+03
1.8797196043978899e-02	0.0000000000000000e+00	3.9960338183072163e+03
1.8814649336498901e-02	0.0000000000000000e+00	3.5417491612296581e+03
1.8832102629018799e-02	0.0000000000000000e+00	3.0036602265190304e+03
1.8849555921538801e-02	0.0000000000000000e+00	2.3962482964442897e+03
1.8867009214058698e-02	0.0000000000000000e+00	1.7356192004404729e+03
1.8884462506578600e-02	0.0000000000000000e+00	1.0389910394706239e+03
1.8901915799098602e-02	0.0000000000000000e+00	3.2418181179279054e+02
1.8919369091618499e-02	0.0000000000000000e+00	3.9089174257589912e+02
1.8936822384138501e-02	0.0000000000000000e+00	1.0886807636813464e+03
1.8954275676658399e-02	0.0000000000000000e+00	1.7524246087233623e+03
1.8971728969178401e-02	0.0000000000000000e+00	2.3665183716073952e+03
1.8989182261698299e-02	0.0000000000000000e+00	2.9168226611820282e+03
1.9006635554218200e-02	0.0000000000000000e+00	3.3909142974306305e+03
1.9024088846738198e-02	0.0000000000000000e+00	3.7782846038077114e+03
1.9041542139258100e-02	0.0000000000000000e+00	4.0704874827444437e+03
1.9058995431778102e-02	0.0000000000000000e+00	4.2612457450152142e+03
1.9076448724297999e-02	0.0000000000000000e+00	4.3465209948297561e+03
1.9093902016818001e-02	0.0000000000000000e+00	4.3245489808533166e+03
1.9111355309337899e-02	0.0000000000000000e+00	4.1958551628825080e+03
1.9128808601857800e-02	0.0000000000000000e+00	3.9632419785896054e+03
1.9146261894377799e-02	0.0000000000000000e+00	3.6317502487123420e+03
1.9163715186897700e-02	0.0000000000000000e+00	3.2086024922707002e+03
1.9181168479417698e-02	0.0000000000000000e+00	2.7031093120450969e+03
1.9198621771937600e-02	0.0000000000000000e+00	2.1265415320052707e+03
1.9216075064457602e-02	0.0000000000000000e+00	1.4919664385240321e+03
1.9233528356977499e-02	0.0000000000000000e+00	8.1403469798840524e+02
1.9250981649497501e-02	0.0000000000000000e+00	1.0871568444698642e+02
1.9268434942017399e-02	0.0000000000000000e+00	6.0702173944236711e+02
1.9285888234537300e-02	0.0000000000000000e+00	1.3155844241168088e+03
1.9303341527057299e-02	0.0000000000000000e+00	1.9991783430273063e+03
1.9320794819577200e-02	0.0000000000000000e+00	2.6402768688336073e+03
1.9338248112097198e-02	0.0000000000000000e+00	3.2221184096471843e+03
1.9355701404617100e-02	0.0000000000000000e+00	3.7292134169084165e+03
1.9373154697137102e-02	0.0000000000000000e+00	4.1478425467633497e+03
1.9390607989656999e-02	0.0000000000000000e+00	4.4665190576347959e+03
1.9408061282176901e-02	0.0000000000000000e+00	4.6763931366104662e+03
1.9425514574696899e-02	0.0000000000000000e+00	4.7715733184418204e+03
1.9442967867216800e-02	0.0000000000000000e+00	4.7493467175637052e+03
1.9460421159736799e-02	0.0000000000000000e+00	4.6102850764021860e+03
1.9477874452256700e-02	0.0000000000000000e+00	4.3582268406146904e+03
1.9495327744776698e-02	0.0000000000000000e+00	4.0001405154336826e+03
1.9512781037296600e-02	0.0000000000000000e+00	3.5458725949869840e+03
1.9530234329816501e-02	0.0000000000000000e+00	3.0078003921673517e+03
1.9547687622336499e-02	0.0000000000000000e+00	2.4004053460061550e+03
1.9565140914856401e-02	0.0000000000000000e+00	1.7397930252834194e+03
1.9582594207376399e-02	0.0000000000000000e+00	1.0431816381099779e+03
1.9600047499896300e-02	0.0000000000000000e+00	3.2838921688917617e+02
1.9617500792416299e-02	0.0000000000000000e+00	3.8666752144688508e+02
1.9634954084936200e-02	0.0000000000000000e+00	1.0844396948195645e+03
1.9652407377456101e-02	0.0000000000000000e+00	1.7481667122183862e+03
1.9669860669976100e-02	0.0000000000000000e+00	2.3622438263666118e+03
1.9687313962496001e-02	0.0000000000000000e+00	2.9125315025626769e+03
1.9704767255015999e-02	0.0000000000000000e+00	3.3866066426294128e+03
1.9722220547535901e-02	0.0000000000000000e+00	3.7739604757566703e+03
1.9739673840055899e-02	0.0000000000000000e+00	4.0661464735798509e+03
1.9757127132575800e-02	0.0000000000000000e+00	4.2568875981035235e+03
1.9774580425095799e-02	0.0000000000000000e+00	4.3421457132078212e+03
1.9792033717615700e-02	0.0000000000000000e+00	4.3201571994998958e+03
1.9809487010135601e-02	0.0000000000000000e+00	4.1914467260202800e+03
1.9826940302655600e-02	0.0000000000000000e+00	3.9588169850746635e+03
1.9844393595175501e-02	0.0000000000000000e+00	3.6273096857383352e+03
1.9861846887695499e-02	0.0000000000000000e+00	3.2041456523308880e+03
1.9879300180215401e-02	0.0000000000000000e+00	2.6986351414111268e+03
1.9896753472735399e-02	0.0000000000000000e+00	2.1220505615306611e+03
1.9914206765255300e-02	0.0000000000000000e+00	1.4874588075447391e+03
1.9931660057775202e-02	0.0000000000000000e+00	8.0950994377878669e+02
1.9949113350295200e-02	0.0000000000000000e+00	1.0417393624177203e+02
1.9966566642815101e-02	0.0000000000000000e+00	6.1158072876367078e+02
1.9984019935335100e-02	0.0000000000000000e+00	1.3201607447066490e+03
2.0001473227855001e-02	0.0000000000000000e+00	2.0037718166294653e+03
2.0018926520374999e-02	0.0000000000000000e+00	2.6448875808882585e+03
2.0036379812894901e-02	0.0000000000000000e+00	3.2267461724581954e+03
2.0053833105414798e-02	0.0000000000000000e+00	3.7338583216034021e+03
2.0071286397934800e-02	0.0000000000000000e+00	4.1525043769589538e+03
2.0088739690454702e-02	0.0000000000000000e+00	4.4711978687997907e+03
2.0106192982974700e-02	0.0000000000000000e+00	4.6810888549050578e+03
2.0123646275494601e-02	0.0000000000000000e+00	4.7762857430633157e+03
2.0141099568014600e-02	0.0000000000000000e+00	4.7540761077055940e+03
2.0158552860534501e-02	0.0000000000000000e+00	4.6150310888234526e+03
2.0176006153054399e-02	0.0000000000000000e+00	4.3629897579025856e+03
2.0193459445574401e-02	0.0000000000000000e+00	4.0049200280044024e+03
2.0210912738094299e-02	0.0000000000000000e+00	3.5506687704224023e+03
2.0228366030614300e-02	0.0000000000000000e+00	3.0126129403176747e+03
2.0245819323134202e-02	0.0000000000000000e+00	2.4052344727575837e+03
2.0263272615654200e-02	0.0000000000000000e+00	1.7446387896349042e+03
2.0280725908174101e-02	0.0000000000000000e+00	1.0480442204547435e+03
2.0298179200694100e-02	0.0000000000000000e+00	3.3326858720452583e+02
2.0315632493214001e-02	0.0000000000000000e+00	3.8177121398481540e+02
2.0333085785733899e-02	0.0000000000000000e+00	1.0795265237942513e+03
2.0350539078253901e-02	0.0000000000000000e+00	1.7432366670527117e+03
2.0367992370773799e-02	0.0000000000000000e+00	2.3572967057963542e+03
2.0385445663293800e-02	0.0000000000000000e+00	2.9075670630277164e+03
2.0402898955813702e-02	0.0000000000000000e+00	3.3816250043209438e+03
2.0420352248333700e-02	0.0000000000000000e+00	3.7689612634943333e+03
2.0437805540853601e-02	0.0000000000000000e+00	4.0611300321850867e+03
2.0455258833373499e-02	0.0000000000000000e+00	4.2518541005445149e+03
2.0472712125893501e-02	0.0000000000000000e+00	4.3370950206199632e+03
2.0490165418413399e-02	0.0000000000000000e+00	4.3150889534440939e+03
2.0507618710933401e-02	0.0000000000000000e+00	4.1863611446517461e+03
2.0525072003453299e-02	0.0000000000000000e+00	3.9537139006007637e+03
2.0542525295973300e-02	0.0000000000000000e+00	3.6221887804988946e+03
2.0559978588493202e-02	0.0000000000000000e+00	3.1990067867313192e+03
2.0577431881013099e-02	0.0000000000000000e+00	2.6934789689239988e+03
2.0594885173533101e-02	0.0000000000000000e+00	2.1168771148787346e+03
2.0612338466052999e-02	0.0000000000000000e+00	1.4822675750774069e+03
2.0629791758573001e-02	0.0000000000000000e+00	8.0430118769485853e+02
2.0647245051092899e-02	0.0000000000000000e+00	9.8947538748383522e+01
2.0664698343612901e-02	0.0000000000000000e+00	6.1682465325131488e+02
2.0682151636132799e-02	0.0000000000000000e+00	1.3254220713084505e+03
2.0699604928652700e-02	0.0000000000000000e+00	2.0090507446597767e+03
2.0717058221172702e-02	0.0000000000000000e+00	2.6501841926029592e+03
2.0734511513692599e-02	0.0000000000000000e+00	3.2320605628499470e+03
2.0751964806212601e-02	0.0000000000000000e+00	3.7391905646947853e+03
2.0769418098732499e-02	0.0000000000000000e+00	4.1578547044838488e+03
2.0786871391252501e-02	0.0000000000000000e+00	4.4765662134344748e+03
2.0804324683772399e-02	0.0000000000000000e+00	4.6864754420302197e+03
2.0821777976292300e-02	0.0000000000000000e+00	4.7816906525707163e+03
2.0839231268812299e-02	0.0000000000000000e+00	4.7594994088750827e+03
2.0856684561332200e-02	0.0000000000000000e+00	4.6204730165199726e+03
2.0874137853852202e-02	0.0000000000000000e+00	4.3684502413876180e+03
2.0891591146372099e-02	0.0000000000000000e+00	4.0103993698622362e+03
2.0909044438892101e-02	0.0000000000000000e+00	3.5561666155501152e+03
2.0926497731411999e-02	0.0000000000000000e+00	3.0181297004028020e+03
2.0943951023932001e-02	0.0000000000000000e+00	2.4107703855015861e+03
