0.0000000000000000e+00	0.0000000000000000e+00	3.2987661869338255e-12
1.7453292519943300e-05	0.0000000000000000e+00	2.5172020585696947e-12
3.4906585039886600e-05	0.0000000000000000e+00	1.7358485771351508e-12
5.2359877559829903e-05	0.0000000000000000e+00	9.5467835381984412e-13
6.9813170079773199e-05	0.0000000000000000e+00	1.7307840273830810e-13
8.7266462599716496e-05	0.0000000000000000e+00	6.1356697039728278e-13
1.0471975511966000e-04	0.0000000000000000e+00	1.4242140275214327e-12
1.2217304763960301e-04	0.0000000000000000e+00	2.3122387996800907e-12
1.3962634015954599e-04	0.0000000000000000e+00	3.3949191538090425e-12
1.5707963267949001e-04	0.0000000000000000e+00	4.8891894374893498e-12
1.7453292519943299e-04	0.0000000000000000e+00	7.1486835158727060e-12
1.9198621771937600e-04	0.0000000000000000e+00	1.0695914090366515e-11
2.0943951023931999e-04	0.0000000000000000e+00	1.6243490189559991e-11
2.2689280275926300e-04	0.0000000000000000e+00	2.4698654647642600e-11
2.4434609527920601e-04	0.0000000000000000e+00	3.7146596463517683e-11
2.6179938779914903e-04	0.0000000000000000e+00	5.4809563722533453e-11
2.7925268031909301e-04	0.0000000000000000e+00	7.8980163565229048e-11
2.9670597283903603e-04	0.0000000000000000e+00	1.1092981838751125e-10
3.1415926535897898e-04	0.0000000000000000e+00	1.5179517563583962e-10
3.3161255787892303e-04	0.0000000000000000e+00	2.0244680380059141e-10
3.4906585039886598e-04	0.0000000000000000e+00	2.6334666220066184e-10
3.6651914291880900e-04	0.0000000000000000e+00	3.3440255772279311e-10
3.8397243543875201e-04	0.0000000000000000e+00	4.1482824682035057e-10
4.0142572795869599e-04	0.0000000000000000e+00	5.0301935217287772e-10
4.1887902047863901e-04	0.0000000000000000e+00	5.9645408810719586e-10
4.3633231299858202e-04	0.0000000000000000e+00	6.9162893741768011e-10
4.5378560551852601e-04	0.0000000000000000e+00	7.8403743743710690e-10
4.7123889803846902e-04	0.0000000000000000e+00	8.6819928439450046e-10
4.8869219055841203e-04	0.0000000000000000e+00	9.3774493938492565e-10
5.0614548307835602e-04	0.0000000000000000e+00	9.8555849049474805e-10
5.2359877559829903e-04	0.0000000000000000e+00	1.0039794431208429e-09
5.4105206811824204e-04	0.0000000000000000e+00	9.8506061766413892e-10
5.5850536063818505e-04	0.0000000000000000e+00	9.2087704565051241e-10
5.7595865315812904e-04	0.0000000000000000e+00	8.0387744975378466e-10
5.9341194567807205e-04	0.0000000000000000e+00	6.2726810742481026e-10
6.1086523819801496e-04	0.0000000000000000e+00	3.8541519462801098e-10
6.2831853071795905e-04	0.0000000000000000e+00	7.4250701365076357e-11
6.4577182323790196e-04	0.0000000000000000e+00	3.0833406789538084e-10
6.6322511575784497e-04	0.0000000000000000e+00	7.6212581304807358e-10
6.8067840827778798e-04	0.0000000000000000e+00	1.2842756323364773e-09
6.9813170079773197e-04	0.0000000000000000e+00	1.8690498640335280e-09
7.1558499331767498e-04	0.0000000000000000e+00	2.5076646745552649e-09
7.3303828583761799e-04	0.0000000000000000e+00	3.1882142594496301e-09
7.5049157835756198e-04	0.0000000000000000e+00	3.8957174378665912e-09
7.6794487087750499e-04	0.0000000000000000e+00	4.6122688249456711e-09
7.8539816339744800e-04	0.0000000000000000e+00	5.3173208339936327e-09
8.0285145591739199e-04	0.0000000000000000e+00	5.9880920473085139e-09
8.2030474843733500e-04	0.0000000000000000e+00	6.6000920386331553e-09
8.3775804095727801e-04	0.0000000000000000e+00	7.1277620024123693e-09
8.5521133347722102e-04	0.0000000000000000e+00	7.5452147147842517e-09
8.7266462599716501e-04	0.0000000000000000e+00	7.8270594984358597e-09
8.9011791851710802e-04	0.0000000000000000e+00	7.9492820801422385e-09
9.0757121103705104e-04	0.0000000000000000e+00	7.8901575418293345e-09
9.2502450355699502e-04	0.0000000000000000e+00	7.6311856759675299e-09
9.4247779607693804e-04	0.0000000000000000e+00	7.1579668706091558e-09
9.5993108859688105e-04	0.0000000000000000e+00	6.4610496321308548e-09
9.7738438111682406e-04	0.0000000000000000e+00	5.5366690256033929e-09
9.9483767363676805e-04	0.0000000000000000e+00	4.3873581517082593e-09
1.0122909661567101e-03	0.0000000000000000e+00	3.0224182358618495e-09
1.0297442586766500e-03	0.0000000000000000e+00	1.4581792599551788e-09
1.0471975511966000e-03	0.0000000000000000e+00	2.8192225647319586e-10
1.0646508437165401e-03	0.0000000000000000e+00	2.1674833734234222e-09
1.0821041362364800e-03	0.0000000000000000e+00	4.1615090712015103e-09
1.0995574287564300e-03	0.0000000000000000e+00	6.2210204886360023e-09
1.1170107212763701e-03	0.0000000000000000e+00	8.2978693828192807e-09
1.1344640137963100e-03	0.0000000000000000e+00	1.0339774223548300e-08
1.1519173063162600e-03	0.0000000000000000e+00	1.2291540722808036e-08
1.1693705988361999e-03	0.0000000000000000e+00	1.4096442357386929e-08
1.1868238913561400e-03	0.0000000000000000e+00	1.5697729629007761e-08
1.2042771838760900e-03	0.0000000000000000e+00	1.7040227526499932e-08
1.2217304763960299e-03	0.0000000000000000e+00	1.8071980916116410e-08
1.2391837689159700e-03	0.0000000000000000e+00	1.8745902523252264e-08
1.2566370614359201e-03	0.0000000000000000e+00	1.9021377624899496e-08
1.2740903539558599e-03	0.0000000000000000e+00	1.8865778886183757e-08
1.2915436464758000e-03	0.0000000000000000e+00	1.8255845376991622e-08
1.3089969389957501e-03	0.0000000000000000e+00	1.7178881582370266e-08
1.3264502315156899e-03	0.0000000000000000e+00	1.5633734547865232e-08
1.3439035240356300e-03	0.0000000000000000e+00	1.3631505707654103e-08
1.3613568165555801e-03	0.0000000000000000e+00	1.1195986834270323e-08
1.3788101090755199e-03	0.0000000000000000e+00	8.3637606860099037e-09
1.3962634015954600e-03	0.0000000000000000e+00	5.1839508295264497e-09
1.4137166941154101e-03	0.0000000000000000e+00	1.7176282944654088e-09
1.4311699866353500e-03	0.0000000000000000e+00	1.9631684238954710e-09
1.4486232791552900e-03	0.0000000000000000e+00	5.7767418111172940e-09
1.4660765716752401e-03	0.0000000000000000e+00	9.6334193319904101e-09
1.4835298641951800e-03	0.0000000000000000e+00	1.3437544792211682e-08
1.5009831567151201e-03	0.0000000000000000e+00	1.7089766587456896e-08
1.5184364492350699e-03	0.0000000000000000e+00	2.0489559109298572e-08
1.5358897417550100e-03	0.0000000000000000e+00	2.3537924577522096e-08
1.5533430342749501e-03	0.0000000000000000e+00	2.6140202526571147e-08
1.5707963267948999e-03	0.0000000000000000e+00	2.8208907754489745e-08
1.5882496193148400e-03	0.0000000000000000e+00	2.9666510435049429e-08
1.6057029118347801e-03	0.0000000000000000e+00	3.0448067669292970e-08
1.6231562043547299e-03	0.0000000000000000e+00	3.0503615288375807e-08
1.6406094968746700e-03	0.0000000000000000e+00	2.9800231049351322e-08
1.6580627893946101e-03	0.0000000000000000e+00	2.8323690866513405e-08
1.6755160819145599e-03	0.0000000000000000e+00	2.6079648614493948e-08
1.6929693744345000e-03	0.0000000000000000e+00	2.3094275179705160e-08
1.7104226669544401e-03	0.0000000000000000e+00	1.9414324232569044e-08
1.7278759594743899e-03	0.0000000000000000e+00	1.5106616190275298e-08
1.7453292519943300e-03	0.0000000000000000e+00	1.0256943882836092e-08
1.7627825445142699e-03	0.0000000000000000e+00	4.9683816009092347e-09
1.7802358370342200e-03	0.0000000000000000e+00	6.4095171847922654e-10
1.7976891295541600e-03	0.0000000000000000e+00	6.4405399115449285e-09
1.8151424220740999e-03	0.0000000000000000e+00	1.2290535436691166e-08
1.8325957145940500e-03	0.0000000000000000e+00	1.8045164089116773e-08
1.8500490071139900e-03	0.0000000000000000e+00	2.3556329420182927e-08
1.8675022996339299e-03	0.0000000000000000e+00	2.8677353183267168e-08
1.8849555921538800e-03	0.0000000000000000e+00	3.3266751360126592e-08
1.9024088846738201e-03	0.0000000000000000e+00	3.7191948469530112e-08
1.9198621771937599e-03	0.0000000000000000e+00	4.0332846383121676e-08
1.9373154697137100e-03	0.0000000000000000e+00	4.2585162536804999e-08
1.9547687622336499e-03	0.0000000000000000e+00	4.3863462443735503e-08
1.9722220547535902e-03	0.0000000000000000e+00	4.4103817770411095e-08
1.9896753472735400e-03	0.0000000000000000e+00	4.3266029087463336e-08
2.0071286397934799e-03	0.0000000000000000e+00	4.1335354001916048e-08
2.0245819323134202e-03	0.0000000000000000e+00	3.8323702618245878e-08
2.0420352248333700e-03	0.0000000000000000e+00	3.4270247692999157e-08
2.0594885173533099e-03	0.0000000000000000e+00	2.9241403009887438e-08
2.0769418098732502e-03	0.0000000000000000e+00	2.3330173920224565e-08
2.0943951023932000e-03	0.0000000000000000e+00	1.6654836426857436e-08
2.1118483949131399e-03	0.0000000000000000e+00	9.3569495671866777e-09
2.1293016874330802e-03	0.0000000000000000e+00	1.5986424502056993e-09
2.1467549799530201e-03	0.0000000000000000e+00	6.4406747015529275e-09
2.1642082724729699e-03	0.0000000000000000e+00	1.4568240566415828e-08
2.1816615649929102e-03	0.0000000000000000e+00	2.2582437022533757e-08
2.1991148575128501e-03	0.0000000000000000e+00	3.0277724975837469e-08
2.2165681500327999e-03	0.0000000000000000e+00	3.7449942361759258e-08
2.2340214425527402e-03	0.0000000000000000e+00	4.3901818864906342e-08
2.2514747350726801e-03	0.0000000000000000e+00	4.9448549296202062e-08
2.2689280275926299e-03	0.0000000000000000e+00	5.3923257912165127e-08
2.2863813201125698e-03	0.0000000000000000e+00	5.7182166968207742e-08
2.3038346126325101e-03	0.0000000000000000e+00	5.9109284724006707e-08
2.3212879051524599e-03	0.0000000000000000e+00	5.9620434748186359e-08
2.3387411976723998e-03	0.0000000000000000e+00	5.8666462651279887e-08
2.3561944901923401e-03	0.0000000000000000e+00	5.6235485113296016e-08
2.3736477827122899e-03	0.0000000000000000e+00	5.2354088005531147e-08
2.3911010752322298e-03	0.0000000000000000e+00	4.7087394284180139e-08
2.4085543677521701e-03	0.0000000000000000e+00	4.0537996215485236e-08
2.4260076602721200e-03	0.0000000000000000e+00	3.2843768786241689e-08
2.4434609527920598e-03	0.0000000000000000e+00	2.4174714984275245e-08
2.4609142453120001e-03	0.0000000000000000e+00	1.4728823052988785e-08
2.4783675378319500e-03	0.0000000000000000e+00	4.7270604709287648e-09
2.4958208303518898e-03	0.0000000000000000e+00	5.5920888190059932e-09
2.5132741228718301e-03	0.0000000000000000e+00	1.5978598655191007e-08
2.5307274153917800e-03	0.0000000000000000e+00	2.6177189320432571e-08
2.5481807079117198e-03	0.0000000000000000e+00	3.5933650412066954e-08
2.5656340004316601e-03	0.0000000000000000e+00	4.5001109472397996e-08
2.5830872929516100e-03	0.0000000000000000e+00	5.3146080336269371e-08
2.6005405854715499e-03	0.0000000000000000e+00	6.0154153966076542e-08
2.6179938779914902e-03	0.0000000000000000e+00	6.5835231763423885e-08
2.6354471705114400e-03	0.0000000000000000e+00	7.0028210180796447e-08
2.6529004630313799e-03	0.0000000000000000e+00	7.2605041995074742e-08
2.6703537555513202e-03	0.0000000000000000e+00	7.3474122380265442e-08
2.6878070480712700e-03	0.0000000000000000e+00	7.2582938109291492e-08
2.7052603405912099e-03	0.0000000000000000e+00	6.9919945630301561e-08
2.7227136331111502e-03	0.0000000000000000e+00	6.5515674539433301e-08
2.7401669256311000e-03	0.0000000000000000e+00	5.9442934669255036e-08
2.7576202181510399e-03	0.0000000000000000e+00	5.1816181692899434e-08
2.7750735106709802e-03	0.0000000000000000e+00	4.2789948670418317e-08
2.7925268031909300e-03	0.0000000000000000e+00	3.2556374866228246e-08
2.8099800957108699e-03	0.0000000000000000e+00	2.1341746200509360e-08
2.8274333882308102e-03	0.0000000000000000e+00	9.4020745322966509e-09
2.8448866807507600e-03	0.0000000000000000e+00	2.9822015616429116e-09
2.8623399732706999e-03	0.0000000000000000e+00	1.5512435609591404e-08
2.8797932657906402e-03	0.0000000000000000e+00	2.7878779298973381e-08
2.8972465583105901e-03	0.0000000000000000e+00	3.9767830132257003e-08
2.9146998508305299e-03	0.0000000000000000e+00	5.0870772542755075e-08
2.9321531433504698e-03	0.0000000000000000e+00	6.0891780773073375e-08
2.9496064358704201e-03	0.0000000000000000e+00	6.9556426749563438e-08
2.9670597283903599e-03	0.0000000000000000e+00	7.6619814394710915e-08
2.9845130209102998e-03	0.0000000000000000e+00	8.1874139154256886e-08
3.0019663134302501e-03	0.0000000000000000e+00	8.5155369593627621e-08
3.0194196059501899e-03	0.0000000000000000e+00	8.6348774308093440e-08
3.0368728984701298e-03	0.0000000000000000e+00	8.5393053667565469e-08
3.0543261909900801e-03	0.0000000000000000e+00	8.2282883744969602e-08
3.0717794835100200e-03	0.0000000000000000e+00	7.7069768992610058e-08
3.0892327760299598e-03	0.0000000000000000e+00	6.9861160484066297e-08
3.1066860685499101e-03	0.0000000000000000e+00	6.0817785642473587e-08
3.1241393610698500e-03	0.0000000000000000e+00	5.0149470174090515e-08
3.1415926535897898e-03	0.0000000000000000e+00	3.8109445890278175e-08
3.1590459461097401e-03	0.0000000000000000e+00	2.4987602627783866e-08
3.1764992386296800e-03	0.0000000000000000e+00	1.1102623876817669e-08
3.1939525311496198e-03	0.0000000000000000e+00	3.2064625441790342e-09
3.2114058236695701e-03	0.0000000000000000e+00	1.7588965398590139e-08
3.2288591161895100e-03	0.0000000000000000e+00	3.1691439454260401e-08
3.2463124087094499e-03	0.0000000000000000e+00	4.5166407577291721e-08
3.2637657012294001e-03	0.0000000000000000e+00	5.7680667066116595e-08
3.2812189937493400e-03	0.0000000000000000e+00	6.8923081059156428e-08
3.2986722862692799e-03	0.0000000000000000e+00	7.8611673596677822e-08
3.3161255787892301e-03	0.0000000000000000e+00	8.6499945439256092e-08
3.3335788713091700e-03	0.0000000000000000e+00	9.2382334981067262e-08
3.3510321638291099e-03	0.0000000000000000e+00	9.6098788965150915e-08
3.3684854563490602e-03	0.0000000000000000e+00	9.7538426327964983e-08
3.3859387488690000e-03	0.0000000000000000e+00	9.6642241328206924e-08
3.4033920413889399e-03	0.0000000000000000e+00	9.3404867401927935e-08
3.4208453339088902e-03	0.0000000000000000e+00	8.7875393816534289e-08
3.4382986264288300e-03	0.0000000000000000e+00	8.0157166403147384e-08
3.4557519189487699e-03	0.0000000000000000e+00	7.0406491050073342e-08
3.4732052114687202e-03	0.0000000000000000e+00	5.8830364680063908e-08
3.4906585039886600e-03	0.0000000000000000e+00	4.5683009570513886e-08
3.5081117965085999e-03	0.0000000000000000e+00	3.1261296386889306e-08
3.5255650890285502e-03	0.0000000000000000e+00	1.5898902926875720e-08
3.5430183815484901e-03	0.0000000000000000e+00	4.0537396124256764e-11
3.5604716740684299e-03	0.0000000000000000e+00	1.6171505456417164e-08
3.5779249665883698e-03	0.0000000000000000e+00	3.2095657975238052e-08
3.5953782591083201e-03	0.0000000000000000e+00	4.7411691764295529e-08
3.6128315516282599e-03	0.0000000000000000e+00	6.1725850468281468e-08
3.6302848441482102e-03	0.0000000000000000e+00	7.4662734168207217e-08
3.6477381366681501e-03	0.0000000000000000e+00	8.5876060681887225e-08
3.6651914291880900e-03	0.0000000000000000e+00	9.5059010641075524e-08
3.6826447217080398e-03	0.0000000000000000e+00	1.0195373800934165e-07
3.7000980142279801e-03	0.0000000000000000e+00	1.0635963604928044e-07
3.7175513067479200e-03	0.0000000000000000e+00	1.0813998424654933e-07
3.7350045992678598e-03	0.0000000000000000e+00	1.0722670297565500e-07
3.7524578917878101e-03	0.0000000000000000e+00	1.0362291175382200e-07
3.7699111843077500e-03	0.0000000000000000e+00	9.7403288389846253e-08
3.7873644768276998e-03	0.0000000000000000e+00	8.8712063579746537e-08
3.8048177693476401e-03	0.0000000000000000e+00	7.7758918893305267e-08
3.8222710618675800e-03	0.0000000000000000e+00	6.4812806878944778e-08
3.8397243543875199e-03	0.0000000000000000e+00	5.0194172739758337e-08
3.8571776469074701e-03	0.0000000000000000e+00	3.4265795849184776e-08
3.8746309394274100e-03	0.0000000000000000e+00	1.7422585628491790e-08
3.8920842319473499e-03	0.0000000000000000e+00	8.0854566634984263e-11
3.9095375244672997e-03	0.0000000000000000e+00	1.7332663879818452e-08
3.9269908169872400e-03	0.0000000000000000e+00	3.4391531304823362e-08
3.9444441095071803e-03	0.0000000000000000e+00	5.0680015013579873e-08
3.9618974020271302e-03	0.0000000000000000e+00	6.5802821317428386e-08
3.9793506945470696e-03	0.0000000000000000e+00	7.9393940827032035e-08
3.9968039870670099e-03	0.0000000000000000e+00	9.1124563687043796e-08
4.0142572795869597e-03	0.0000000000000000e+00	1.0070991880281309e-07
4.0317105721069000e-03	0.0000000000000000e+00	1.0791508472589827e-07
4.0491638646268403e-03	0.0000000000000000e+00	1.1255969201035105e-07
4.0666171571467902e-03	0.0000000000000000e+00	1.1452156382426121e-07
4.0840704496667296e-03	0.0000000000000000e+00	1.1373931240398617e-07
4.1015237421866699e-03	0.0000000000000000e+00	1.1021385993568659e-07
4.1189770347066198e-03	0.0000000000000000e+00	1.0400892091584542e-07
4.1364303272265601e-03	0.0000000000000000e+00	9.5250427225508569e-08
4.1538836197465004e-03	0.0000000000000000e+00	8.4124833065527683e-08
4.1713369122664502e-03	0.0000000000000000e+00	7.0876245238308214e-08
4.1887902047863896e-03	0.0000000000000000e+00	5.5802300748630419e-08
4.2062434973063299e-03	0.0000000000000000e+00	3.9248821192506391e-08
4.2236967898262798e-03	0.0000000000000000e+00	2.1603051877834544e-08
4.2411500823462201e-03	0.0000000000000000e+00	3.2857271283145159e-09
4.2586033748661604e-03	0.0000000000000000e+00	1.5258236576053766e-08
4.2760566673861102e-03	0.0000000000000000e+00	3.3570202121356204e-08
4.2935099599060497e-03	0.0000000000000000e+00	5.1189197294338148e-08
4.3109632524259900e-03	0.0000000000000000e+00	6.7664044668487525e-08
4.3284165449459398e-03	0.0000000000000000e+00	8.2565826520511252e-08
4.3458698374658801e-03	0.0000000000000000e+00	9.5500259123203868e-08
4.3633231299858204e-03	0.0000000000000000e+00	1.0611953734338775e-07
4.3807764225057702e-03	0.0000000000000000e+00	1.1413315198171031e-07
4.3982297150257097e-03	0.0000000000000000e+00	1.1931719901751758e-07
4.4156830075456500e-03	0.0000000000000000e+00	1.2152171969164913e-07
4.4331363000655998e-03	0.0000000000000000e+00	1.2067569115108821e-07
4.4505895925855401e-03	0.0000000000000000e+00	1.1678957424634002e-07
4.4680428851054804e-03	0.0000000000000000e+00	1.0995513628767070e-07
4.4854961776254303e-03	0.0000000000000000e+00	1.0034256300882189e-07
4.5029494701453697e-03	0.0000000000000000e+00	8.8195271070265360e-08
4.5204027626653100e-03	0.0000000000000000e+00	7.3822351695056933e-08
4.5378560551852598e-03	0.0000000000000000e+00	5.7589087484441858e-08
4.5553093477052001e-03	0.0000000000000000e+00	3.9906165482196008e-08
4.5727626402251396e-03	0.0000000000000000e+00	2.1217988630142890e-08
4.5902159327450903e-03	0.0000000000000000e+00	1.9903583515026936e-09
4.6076692252650297e-03	0.0000000000000000e+00	1.7301869642894334e-08
4.6251225177849700e-03	0.0000000000000000e+00	3.6186708270235093e-08
4.6425758103049199e-03	0.0000000000000000e+00	5.4206444339128618e-08
4.6600291028248602e-03	0.0000000000000000e+00	7.0928146701089023e-08
4.6774823953447996e-03	0.0000000000000000e+00	8.5953084484685979e-08
4.6949356878647503e-03	0.0000000000000000e+00	9.8925017735622310e-08
4.7123889803846897e-03	0.0000000000000000e+00	1.0953727664434525e-07
4.7298422729046300e-03	0.0000000000000000e+00	1.1753863421678654e-07
4.7472955654245799e-03	0.0000000000000000e+00	1.2273798281230336e-07
4.7647488579445202e-03	0.0000000000000000e+00	1.2500787071139633e-07
4.7822021504644596e-03	0.0000000000000000e+00	1.2428691841413135e-07
4.7996554429844103e-03	0.0000000000000000e+00	1.2058112461731665e-07
4.8171087355043498e-03	0.0000000000000000e+00	1.1396414952985591e-07
4.8345620280242901e-03	0.0000000000000000e+00	1.0457646158597726e-07
4.8520153205442399e-03	0.0000000000000000e+00	9.2623267230259538e-08
4.8694686130641802e-03	0.0000000000000000e+00	7.8371343411463917e-08
4.8869219055841196e-03	0.0000000000000000e+00	6.2144578688115520e-08
4.9043751981040704e-03	0.0000000000000000e+00	4.4318043766888447e-08
4.9218284906240098e-03	0.0000000000000000e+00	2.5310797358757932e-08
4.9392817831439501e-03	0.0000000000000000e+00	5.5772941265869617e-09
4.9567350756638999e-03	0.0000000000000000e+00	1.4402683026175768e-08
4.9741883681838402e-03	0.0000000000000000e+00	3.4135263630084022e-08
4.9916416607037797e-03	0.0000000000000000e+00	5.3124783410662088e-08
5.0090949532237304e-03	0.0000000000000000e+00	7.0886854179856003e-08
5.0265482457436698e-03	0.0000000000000000e+00	8.6961779470662884e-08
5.0440015382636101e-03	0.0000000000000000e+00	1.0092784668246605e-07
5.0614548307835600e-03	0.0000000000000000e+00	1.1241405971355352e-07
5.0789081233035003e-03	0.0000000000000000e+00	1.2111168170602728e-07
5.0963614158234397e-03	0.0000000000000000e+00	1.2678406394147595e-07
5.1138147083433904e-03	0.0000000000000000e+00	1.2927439995137953e-07
5.1312680008633298e-03	0.0000000000000000e+00	1.2851075838554311e-07
5.1487212933832701e-03	0.0000000000000000e+00	1.2450857852467235e-07
5.1661745859032200e-03	0.0000000000000000e+00	1.1737011194547726e-07
5.1836278784231603e-03	0.0000000000000000e+00	1.0728097201268074e-07
5.2010811709430997e-03	0.0000000000000000e+00	9.4504240604693255e-08
5.2185344634630504e-03	0.0000000000000000e+00	7.9372021579371887e-08
5.2359877559829899e-03	0.0000000000000000e+00	6.2275028139112313e-08
5.2534410485029302e-03	0.0000000000000000e+00	4.3650917447821914e-08
5.2708943410228696e-03	0.0000000000000000e+00	2.3971603287365788e-08
5.2883476335428203e-03	0.0000000000000000e+00	3.7301533919645692e-09
5.3058009260627597e-03	0.0000000000000000e+00	1.6572338287424755e-08
5.3232542185827000e-03	0.0000000000000000e+00	3.6439341308517847e-08
5.3407075111026499e-03	0.0000000000000000e+00	5.5390752713367598e-08
5.3581608036225902e-03	0.0000000000000000e+00	7.2973797387770526e-08
5.3756140961425296e-03	0.0000000000000000e+00	8.8772719406467113e-08
5.3930673886624803e-03	0.0000000000000000e+00	1.0241722513317749e-07
5.4105206811824198e-03	0.0000000000000000e+00	1.1358962943590140e-07
5.4279739737023601e-03	0.0000000000000000e+00	1.2203071677862391e-07
5.4454272662223099e-03	0.0000000000000000e+00	1.2754436230480971e-07
5.4628805587422502e-03	0.0000000000000000e+00	1.3000095770191969e-07
5.4803338512621896e-03	0.0000000000000000e+00	1.2933970802690454e-07
5.4977871437821403e-03	0.0000000000000000e+00	1.2556982014416534e-07
5.5152404363020798e-03	0.0000000000000000e+00	1.1877057736534132e-07
5.5326937288220201e-03	0.0000000000000000e+00	1.0909031880978824e-07
5.5501470213419699e-03	0.0000000000000000e+00	9.6744237504834729e-08
5.5676003138619102e-03	0.0000000000000000e+00	8.2011035963697892e-08
5.5850536063818497e-03	0.0000000000000000e+00	6.5228167273901686e-08
5.6025068989018004e-03	0.0000000000000000e+00	4.6785782396611752e-08
5.6199601914217398e-03	0.0000000000000000e+00	2.7119147623163221e-08
5.6374134839416801e-03	0.0000000000000000e+00	6.6997578327868514e-09
5.6548667764616299e-03	0.0000000000000000e+00	1.3975075248278590e-08
5.6723200689815702e-03	0.0000000000000000e+00	3.4393899494231060e-08
5.6897733615015097e-03	0.0000000000000000e+00	5.4043845449258173e-08
5.7072266540214604e-03	0.0000000000000000e+00	7.2424170802976800e-08
5.7246799465413998e-03	0.0000000000000000e+00	8.9060160300401958e-08
5.7421332390613401e-03	0.0000000000000000e+00	1.0351686712607941e-07
5.7595865315812900e-03	0.0000000000000000e+00	1.1541224372202638e-07
5.7770398241012303e-03	0.0000000000000000e+00	1.2442900949816434e-07
5.7944931166211697e-03	0.0000000000000000e+00	1.3032477788527292e-07
5.8119464091411204e-03	0.0000000000000000e+00	1.3293989783442509e-07
5.8293997016610598e-03	0.0000000000000000e+00	1.3220256120839092e-07
5.8468529941810002e-03	0.0000000000000000e+00	1.2813117936386101e-07
5.8643062867009500e-03	0.0000000000000000e+00	1.2083362088588228e-07
5.8817595792208903e-03	0.0000000000000000e+00	1.1050346969587973e-07
5.8992128717408297e-03	0.0000000000000000e+00	9.7413743120896690e-08
5.9166661642607796e-03	0.0000000000000000e+00	8.1907962405973458e-08
5.9341194567807199e-03	0.0000000000000000e+00	6.4389349102530774e-08
5.9515727493006602e-03	0.0000000000000000e+00	4.5308643953560391e-08
5.9690260418206100e-03	0.0000000000000000e+00	2.5150989343548276e-08
5.9864793343405503e-03	0.0000000000000000e+00	4.4224004352489982e-09
6.0039326268604898e-03	0.0000000000000000e+00	1.6363646531032073e-08
6.0213859193804396e-03	0.0000000000000000e+00	3.6699181546178172e-08
6.0388392119003799e-03	0.0000000000000000e+00	5.6093780024703791e-08
6.0562925044203202e-03	0.0000000000000000e+00	7.4085618231953180e-08
6.0737457969402700e-03	0.0000000000000000e+00	9.0251298407762456e-08
6.0911990894602103e-03	0.0000000000000000e+00	1.0421431436224194e-07
6.1086523819801498e-03	0.0000000000000000e+00	1.1565221582357902e-07
6.1261056745000996e-03	0.0000000000000000e+00	1.2430245035357528e-07
6.1435589670200399e-03	0.0000000000000000e+00	1.2996692118294746e-07
6.1610122595399802e-03	0.0000000000000000e+00	1.3251537283698573e-07
6.1784655520599301e-03	0.0000000000000000e+00	1.3188758168716491e-07
6.1959188445798704e-03	0.0000000000000000e+00	1.2809448103739172e-07
6.2133721370998098e-03	0.0000000000000000e+00	1.2121815103668170e-07
6.2308254296197596e-03	0.0000000000000000e+00	1.1141070477307107e-07
6.2482787221396999e-03	0.0000000000000000e+00	9.8892031465344247e-08
6.2657320146596402e-03	0.0000000000000000e+00	8.3946278143636147e-08
6.2831853071795901e-03	0.0000000000000000e+00	6.6917093865124945e-08
6.3006385996995304e-03	0.0000000000000000e+00	4.8201391802925703e-08
6.3180918922194698e-03	0.0000000000000000e+00	2.8241672873277810e-08
6.3355451847394197e-03	0.0000000000000000e+00	7.5169629974963280e-09
6.3529984772593600e-03	0.0000000000000000e+00	1.3467726687457006e-08
6.3704517697793003e-03	0.0000000000000000e+00	3.4193275003329566e-08
6.3879050622992501e-03	0.0000000000000000e+00	5.4139362696402850e-08
6.4053583548191904e-03	0.0000000000000000e+00	7.2798203057929334e-08
6.4228116473391298e-03	0.0000000000000000e+00	8.9688643851195855e-08
6.4402649398590797e-03	0.0000000000000000e+00	1.0437012640755123e-07
6.4577182323790200e-03	0.0000000000000000e+00	1.1645594943503257e-07
6.4751715248989603e-03	0.0000000000000000e+00	1.2562526702902144e-07
6.4926248174188997e-03	0.0000000000000000e+00	1.3163337008019736e-07
6.5100781099388504e-03	0.0000000000000000e+00	1.3431949209488432e-07
6.5275314024587899e-03	0.0000000000000000e+00	1.3361198185730664e-07
6.5449846949787302e-03	0.0000000000000000e+00	1.2953060198440870e-07
6.5624379874986800e-03	0.0000000000000000e+00	1.2218566986933265e-07
6.5798912800186203e-03	0.0000000000000000e+00	1.1177418095033144e-07
6.5973445725385597e-03	0.0000000000000000e+00	9.8573353358001442e-08
6.6147978650585096e-03	0.0000000000000000e+00	8.2931503754256702e-08
6.6322511575784499e-03	0.0000000000000000e+00	6.5257053398834774e-08
6.6497044500983902e-03	0.0000000000000000e+00	4.6006146212513071e-08
6.6671577426183400e-03	0.0000000000000000e+00	2.5669346932655274e-08
6.6846110351382803e-03	0.0000000000000000e+00	4.7579455359598403e-09
6.7020643276582198e-03	0.0000000000000000e+00	1.6209595157729523e-08
6.7195176201781696e-03	0.0000000000000000e+00	3.6720719404390776e-08
6.7369709126981099e-03	0.0000000000000000e+00	5.6280905447647038e-08
6.7544242052180502e-03	0.0000000000000000e+00	7.4424780264466744e-08
6.7718774977380001e-03	0.0000000000000000e+00	9.0725978280883577e-08
6.7893307902579404e-03	0.0000000000000000e+00	1.0480562192942151e-07
6.8067840827778798e-03	0.0000000000000000e+00	1.1633948092009220e-07
6.8242373752978296e-03	0.0000000000000000e+00	1.2506380054068384e-07
6.8416906678177699e-03	0.0000000000000000e+00	1.3077983137674573e-07
6.8591439603377102e-03	0.0000000000000000e+00	1.3335718380758882e-07
6.8765972528576601e-03	0.0000000000000000e+00	1.3273598516607945e-07
6.8940505453776004e-03	0.0000000000000000e+00	1.2892796400595290e-07
6.9115038378975398e-03	0.0000000000000000e+00	1.2201640849974104e-07
6.9289571304174897e-03	0.0000000000000000e+00	1.1215500830410666e-07
6.9464104229374300e-03	0.0000000000000000e+00	9.9565565031603848e-08
6.9638637154573703e-03	0.0000000000000000e+00	8.4534432472062645e-08
6.9813170079773201e-03	0.0000000000000000e+00	6.7407718765010326e-08
6.9987703004972604e-03	0.0000000000000000e+00	4.8584999810403171e-08
7.0162235930171998e-03	0.0000000000000000e+00	2.8511594341462004e-08
7.0336768855371497e-03	0.0000000000000000e+00	7.6694455032891502e-09
7.0511301780570900e-03	0.0000000000000000e+00	1.3433484815180770e-08
7.0685834705770303e-03	0.0000000000000000e+00	3.4275159544701506e-08
7.0860367630969801e-03	0.0000000000000000e+00	5.4332446918458805e-08
7.1034900556169204e-03	0.0000000000000000e+00	7.3094931456558086e-08
7.1209433481368599e-03	0.0000000000000000e+00	9.0079087391604766e-08
7.1383966406568097e-03	0.0000000000000000e+00	1.0484230477511516e-07
7.1558499331767500e-03	0.0000000000000000e+00	1.1699620720632813e-07
7.1733032256966903e-03	0.0000000000000000e+00	1.2621871418219559e-07
7.1907565182166401e-03	0.0000000000000000e+00	1.3226431322449509e-07
7.2082098107365796e-03	0.0000000000000000e+00	1.3497196377935716e-07
7.2256631032565199e-03	0.0000000000000000e+00	1.3427018794484332e-07
7.2431163957764697e-03	0.0000000000000000e+00	1.3017933178832988e-07
7.2605696882964100e-03	0.0000000000000000e+00	1.2281073724249643e-07
7.2780229808163503e-03	0.0000000000000000e+00	1.1236278000564215e-07
7.2954762733363002e-03	0.0000000000000000e+00	9.9114244564674549e-08
7.3129295658562396e-03	0.0000000000000000e+00	8.3415310452317892e-08
7.3303828583761799e-03	0.0000000000000000e+00	6.5676404136871652e-08
7.3478361508961297e-03	0.0000000000000000e+00	4.6355688111360561e-08
7.3652894434160700e-03	0.0000000000000000e+00	2.5945735095122254e-08
7.3827427359360103e-03	0.0000000000000000e+00	4.9598090074167873e-09
7.4001960284559602e-03	0.0000000000000000e+00	1.6081812307830650e-08
7.4176493209758996e-03	0.0000000000000000e+00	3.6664895114194686e-08
7.4351026134958399e-03	0.0000000000000000e+00	5.6293428311814087e-08
7.4525559060157898e-03	0.0000000000000000e+00	7.4500773350049108e-08
7.4700091985357301e-03	0.0000000000000000e+00	9.0859504530390758e-08
7.4874624910556704e-03	0.0000000000000000e+00	1.0498991209278451e-07
7.5049157835756202e-03	0.0000000000000000e+00	1.1656715161401316e-07
7.5223690760955596e-03	0.0000000000000000e+00	1.2532705095355239e-07
7.5398223686154999e-03	0.0000000000000000e+00	1.3107066070018643e-07
7.5572756611354498e-03	0.0000000000000000e+00	1.3366754976689432e-07
7.5747289536553901e-03	0.0000000000000000e+00	1.3305799248857424e-07
7.5921822461753304e-03	0.0000000000000000e+00	1.2925400433051161e-07
7.6096355386952802e-03	0.0000000000000000e+00	1.2233930009039146e-07
7.6270888312152197e-03	0.0000000000000000e+00	1.1246813218658209e-07
7.6445421237351600e-03	0.0000000000000000e+00	9.9862949733281345e-08
7.6619954162551098e-03	0.0000000000000000e+00	8.4810877388748294e-08
7.6794487087750501e-03	0.0000000000000000e+00	6.7658831935157044e-08
7.6969020012949904e-03	0.0000000000000000e+00	4.8807286108622473e-08
7.7143552938149403e-03	0.0000000000000000e+00	2.8702484119246513e-08
7.7318085863348797e-03	0.0000000000000000e+00	7.8273385007125316e-09
7.7492618788548200e-03	0.0000000000000000e+00	1.3309236250795007e-08
7.7667151713747698e-03	0.0000000000000000e+00	3.4184255107737279e-08
7.7841684638947101e-03	0.0000000000000000e+00	5.4273683179180491e-08
7.8016217564146496e-03	0.0000000000000000e+00	7.3066274889163137e-08
7.8190750489345994e-03	0.0000000000000000e+00	9.0077768225913031e-08
7.8365283414545406e-03	0.0000000000000000e+00	1.0486490560125501e-07
7.8539816339744800e-03	0.0000000000000000e+00	1.1703880615787789e-07
7.8714349264944194e-03	0.0000000000000000e+00	1.2627702281047483e-07
7.8888882190143693e-03	0.0000000000000000e+00	1.3233382862579290e-07
7.9063415115343105e-03	0.0000000000000000e+00	1.3504809525390411e-07
7.9237948040542603e-03	0.0000000000000000e+00	1.3434840531791674e-07
7.9412480965741997e-03	0.0000000000000000e+00	1.3025533770717460e-07
7.9587013890941392e-03	0.0000000000000000e+00	1.2288056220852143e-07
7.9761546816140907e-03	0.0000000000000000e+00	1.1242286051582813e-07
7.9936079741340302e-03	0.0000000000000000e+00	9.9161597528884162e-08
8.0110612666539696e-03	0.0000000000000000e+00	8.3447522269599715e-08
8.0285145591739195e-03	0.0000000000000000e+00	6.5691626464943978e-08
8.0459678516938606e-03	0.0000000000000000e+00	4.6352708279303256e-08
8.0634211442138001e-03	0.0000000000000000e+00	2.5923962098339184e-08
8.0808744367337395e-03	0.0000000000000000e+00	4.9192235151524229e-09
8.0983277292536893e-03	0.0000000000000000e+00	1.6140704814258698e-08
8.1157810217736305e-03	0.0000000000000000e+00	3.6741097051496538e-08
8.1332343142935803e-03	0.0000000000000000e+00	5.6385522148503298e-08
8.1506876068135198e-03	0.0000000000000000e+00	7.4606985006055782e-08
8.1681408993334592e-03	0.0000000000000000e+00	9.0977782328585824e-08
8.1855941918534108e-03	0.0000000000000000e+00	1.0511798001843192e-07
8.2030474843733502e-03	0.0000000000000000e+00	1.1670258952844697e-07
8.2205007768932897e-03	0.0000000000000000e+00	1.2546734875080708e-07
8.2379540694132308e-03	0.0000000000000000e+00	1.3121328092743459e-07
8.2554073619331807e-03	0.0000000000000000e+00	1.3380997788470259e-07
8.2728606544531201e-03	0.0000000000000000e+00	1.3319779191959316e-07
8.2903139469730595e-03	0.0000000000000000e+00	1.2938883612764165e-07
8.3077672394930094e-03	0.0000000000000000e+00	1.2246700437169695e-07
8.3252205320129506e-03	0.0000000000000000e+00	1.1258672989440752e-07
8.3426738245328900e-03	0.0000000000000000e+00	9.9970704293527754e-08
8.3601271170528398e-03	0.0000000000000000e+00	8.4906295125801642e-08
8.3775804095727793e-03	0.0000000000000000e+00	6.7740691506391569e-08
8.3950337020927204e-03	0.0000000000000000e+00	4.8874648861220762e-08
8.4124869946126703e-03	0.0000000000000000e+00	2.8754701057912009e-08
8.4299402871326097e-03	0.0000000000000000e+00	7.8640659659885018e-09
8.4473935796525491e-03	0.0000000000000000e+00	1.3288040658385335e-08
8.4648468721725007e-03	0.0000000000000000e+00	3.4178339391598488e-08
8.4823001646924402e-03	0.0000000000000000e+00	5.4282512787632790e-08
8.4997534572123796e-03	0.0000000000000000e+00	7.3089051264114587e-08
8.5172067497323294e-03	0.0000000000000000e+00	9.0113461703227729e-08
8.5346600422522706e-03	0.0000000000000000e+00	1.0491228340590182e-07
8.5521133347722100e-03	0.0000000000000000e+00	1.1709647112762131e-07
8.5695666272921599e-03	0.0000000000000000e+00	1.2634347092776312e-07
8.5870199198120993e-03	0.0000000000000000e+00	1.3240745627948672e-07
8.6044732123320405e-03	0.0000000000000000e+00	1.3512729468410436e-07
8.6219265048519903e-03	0.0000000000000000e+00	1.3443156635117084e-07
8.6393797973719298e-03	0.0000000000000000e+00	1.3034090793950660e-07
8.6568330898918692e-03	0.0000000000000000e+00	1.2296707757150354e-07
8.6742863824118208e-03	0.0000000000000000e+00	1.1250897827786952e-07
8.6917396749317602e-03	0.0000000000000000e+00	9.9246106406274272e-08
8.7091929674516996e-03	0.0000000000000000e+00	8.3529384365026304e-08
8.7266462599716495e-03	0.0000000000000000e+00	6.5769978467667655e-08
8.7440995524915906e-03	0.0000000000000000e+00	4.6426861182675382e-08
8.7615528450115301e-03	0.0000000000000000e+00	2.5993403943497446e-08
8.7790061375314799e-03	0.0000000000000000e+00	4.9836072103982102e-09
8.7964594300514194e-03	0.0000000000000000e+00	1.6081542239996520e-08
8.8139127225713605e-03	0.0000000000000000e+00	3.6687187658195640e-08
8.8313660150913104e-03	0.0000000000000000e+00	5.6336779565881856e-08
8.8488193076112498e-03	0.0000000000000000e+00	7.4563208855795970e-08
8.8662726001311892e-03	0.0000000000000000e+00	9.0938678924677243e-08
8.8837258926511408e-03	0.0000000000000000e+00	1.0508318896381725e-07
8.9011791851710802e-03	0.0000000000000000e+00	1.1667169404259824e-07
8.9186324776910197e-03	0.0000000000000000e+00	1.2543990061943604e-07
8.9360857702109695e-03	0.0000000000000000e+00	1.3118880746427174e-07
8.9535390627309107e-03	0.0000000000000000e+00	1.3378801262005228e-07
8.9709923552508501e-03	0.0000000000000000e+00	1.3317786338370223e-07
8.9884456477708000e-03	0.0000000000000000e+00	1.2937052746410153e-07
9.0058989402907394e-03	0.0000000000000000e+00	1.2244990272918256e-07
9.0233522328106806e-03	0.0000000000000000e+00	1.1257047893930644e-07
9.0408055253306304e-03	0.0000000000000000e+00	9.9954977407102186e-08
9.0582588178505698e-03	0.0000000000000000e+00	8.4890823672502744e-08
9.0757121103705093e-03	0.0000000000000000e+00	6.7725276180542533e-08
9.0931654028904609e-03	0.0000000000000000e+00	4.8859150016935487e-08
9.1106186954104003e-03	0.0000000000000000e+00	2.8739054262108245e-08
9.1280719879303397e-03	0.0000000000000000e+00	7.8482722683408178e-09
9.1455252804502896e-03	0.0000000000000000e+00	1.3303915026829193e-08
9.1629785729702307e-03	0.0000000000000000e+00	3.4194165755896793e-08
9.1804318654901702e-03	0.0000000000000000e+00	5.4298107889665457e-08
9.1978851580101200e-03	0.0000000000000000e+00	7.3104185258708876e-08
9.2153384505300594e-03	0.0000000000000000e+00	9.0127862321962147e-08
9.2327917430500006e-03	0.0000000000000000e+00	1.0492564854969931e-07
9.2502450355699505e-03	0.0000000000000000e+00	1.1710848018470778e-07
9.2676983280898899e-03	0.0000000000000000e+00	1.2635378530876694e-07
9.2851516206098293e-03	0.0000000000000000e+00	1.3241575508351858e-07
9.3026049131297792e-03	0.0000000000000000e+00	1.3513325033374951e-07
9.3200582056497203e-03	0.0000000000000000e+00	1.3443488617164239e-07
9.3375114981696598e-03	0.0000000000000000e+00	1.3034132802026213e-07
9.3549647906896096e-03	0.0000000000000000e+00	1.2296437530538965e-07
9.3724180832095508e-03	0.0000000000000000e+00	1.1250297843083800e-07
9.3898713757294902e-03	0.0000000000000000e+00	9.9236699690414938e-08
9.4073246682494296e-03	0.0000000000000000e+00	8.3516501380769853e-08
9.4247779607693795e-03	0.0000000000000000e+00	6.5753606437811764e-08
9.4422312532893207e-03	0.0000000000000000e+00	4.6407043331189377e-08
9.4596845458092705e-03	0.0000000000000000e+00	2.5970233070770620e-08
9.4771378383292099e-03	0.0000000000000000e+00	4.9572162121730434e-09
9.4945911308491494e-03	0.0000000000000000e+00	1.6110976988214437e-08
9.5120444233690905e-03	0.0000000000000000e+00	3.6719456408826658e-08
9.5294977158890404e-03	0.0000000000000000e+00	5.6371642010956631e-08
9.5469510084089798e-03	0.0000000000000000e+00	7.4600400335121665e-08
9.5644043009289192e-03	0.0000000000000000e+00	9.0977919159706904e-08
9.5818575934488708e-03	0.0000000000000000e+00	1.0512418553005037e-07
9.5993108859688103e-03	0.0000000000000000e+00	1.1671414513174416e-07
9.6167641784887497e-03	0.0000000000000000e+00	1.2548350623196929e-07
9.6342174710086995e-03	0.0000000000000000e+00	1.3123326239449826e-07
9.6516707635286407e-03	0.0000000000000000e+00	1.3383302184767386e-07
9.6691240560485905e-03	0.0000000000000000e+00	1.3322313889294777e-07
9.6865773485685300e-03	0.0000000000000000e+00	1.2941578983089737e-07
9.7040306410884694e-03	0.0000000000000000e+00	1.2249488743439817e-07
9.7214839336084106e-03	0.0000000000000000e+00	1.1261493138997952e-07
9.7389372261283604e-03	0.0000000000000000e+00	9.9998663469591482e-08
9.7563905186482999e-03	0.0000000000000000e+00	8.4933520300166735e-08
9.7738438111682393e-03	0.0000000000000000e+00	6.7766773733347650e-08
9.7912971036881909e-03	0.0000000000000000e+00	4.8899266458578720e-08
9.8087503962081303e-03	0.0000000000000000e+00	2.8777634045044806e-08
9.8262036887280697e-03	0.0000000000000000e+00	7.8851629390331391e-09
9.8436569812480196e-03	0.0000000000000000e+00	1.3268837927065572e-08
9.8611102737679607e-03	0.0000000000000000e+00	3.4161013389943004e-08
9.8785635662879106e-03	0.0000000000000000e+00	5.4266978467789951e-08
9.8960168588078500e-03	0.0000000000000000e+00	7.3075156109763050e-08
9.9134701513277895e-03	0.0000000000000000e+00	9.0100982813194571e-08
9.9309234438477306e-03	0.0000000000000000e+00	1.0490096416741198e-07
9.9483767363676805e-03	0.0000000000000000e+00	1.1708601764938258e-07
9.9658300288876199e-03	0.0000000000000000e+00	1.2633354811623081e-07
9.9832833214075593e-03	0.0000000000000000e+00	1.3239773484812163e-07
1.0000736613927501e-02	0.0000000000000000e+00	1.3511743524454563e-07
1.0018189906447501e-02	0.0000000000000000e+00	1.3442127431873069e-07
1.0035643198967400e-02	0.0000000000000000e+00	1.3032988853031065e-07
1.0053096491487300e-02	0.0000000000000000e+00	1.2295507793151423e-07
1.0070549784007300e-02	0.0000000000000000e+00	1.1249581696318430e-07
1.0088003076527199e-02	0.0000000000000000e+00	9.9231602332313799e-08
1.0105456369047200e-02	0.0000000000000000e+00	8.3513399087892512e-08
1.0122909661567101e-02	0.0000000000000000e+00	6.5752469206077742e-08
1.0140362954087099e-02	0.0000000000000000e+00	4.6407824712743177e-08
1.0157816246607001e-02	0.0000000000000000e+00	2.5972871188021620e-08
1.0175269539126900e-02	0.0000000000000000e+00	4.9616680421265766e-09
1.0192722831646900e-02	0.0000000000000000e+00	1.6104769943476522e-08
1.0210176124166800e-02	0.0000000000000000e+00	3.6711547229802225e-08
1.0227629416686800e-02	0.0000000000000000e+00	5.6362075558044542e-08
1.0245082709206699e-02	0.0000000000000000e+00	7.4589230358928723e-08
1.0262536001726700e-02	0.0000000000000000e+00	9.0965193560578163e-08
1.0279989294246601e-02	0.0000000000000000e+00	1.0510995665198177e-07
1.0297442586766500e-02	0.0000000000000000e+00	1.1669846607834401e-07
1.0314895879286501e-02	0.0000000000000000e+00	1.2546642630740337e-07
1.0332349171806400e-02	0.0000000000000000e+00	1.3121484388656764e-07
1.0349802464326400e-02	0.0000000000000000e+00	1.3381331651517382e-07
1.0367255756846300e-02	0.0000000000000000e+00	1.3320221318475920e-07
1.0384709049366300e-02	0.0000000000000000e+00	1.2939370333347656e-07
1.0402162341886199e-02	0.0000000000000000e+00	1.2247170895870700e-07
1.0419615634406101e-02	0.0000000000000000e+00	1.1259073492855568e-07
1.0437068926926101e-02	0.0000000000000000e+00	9.9973523090821926e-08
1.0454522219446000e-02	0.0000000000000000e+00	8.4907524514987987e-08
1.0471975511966001e-02	0.0000000000000000e+00	6.7740008840396946e-08
1.0489428804485900e-02	0.0000000000000000e+00	4.8871823123657952e-08
1.0506882097005900e-02	0.0000000000000000e+00	2.8749599463889734e-08
1.0524335389525800e-02	0.0000000000000000e+00	7.8566432616187427e-09
1.0541788682045699e-02	0.0000000000000000e+00	1.3297739491207003e-08
1.0559241974565699e-02	0.0000000000000000e+00	3.4190183868077579e-08
1.0576695267085601e-02	0.0000000000000000e+00	5.4296295268425863e-08
1.0594148559605601e-02	0.0000000000000000e+00	7.3104495745645737e-08
1.0611601852125500e-02	0.0000000000000000e+00	9.0130230144992520e-08
1.0629055144645501e-02	0.0000000000000000e+00	1.0492999063686988e-07
1.0646508437165400e-02	0.0000000000000000e+00	1.1711469815206768e-07
1.0663961729685400e-02	0.0000000000000000e+00	1.2636176840178964e-07
1.0681415022205300e-02	0.0000000000000000e+00	1.3242538397166798e-07
1.0698868314725199e-02	0.0000000000000000e+00	1.3514439910582703e-07
1.0716321607245199e-02	0.0000000000000000e+00	1.3444742580793086e-07
1.0733774899765101e-02	0.0000000000000000e+00	1.3035512883802424e-07
1.0751228192285101e-02	0.0000000000000000e+00	1.2297931006953298e-07
1.0768681484805000e-02	0.0000000000000000e+00	1.1251892374172252e-07
1.0786134777325001e-02	0.0000000000000000e+00	9.9253537675776820e-08
1.0803588069844900e-02	0.0000000000000000e+00	8.3534122610023842e-08
1.0821041362364800e-02	0.0000000000000000e+00	6.5771909040016300e-08
1.0838494654884800e-02	0.0000000000000000e+00	4.6425934692202465e-08
1.0855947947404699e-02	0.0000000000000000e+00	2.5989629808375860e-08
1.0873401239924699e-02	0.0000000000000000e+00	4.9770444992142262e-09
1.0890854532444601e-02	0.0000000000000000e+00	1.6090782584401447e-08
1.0908307824964599e-02	0.0000000000000000e+00	3.6698952745345386e-08
1.0925761117484500e-02	0.0000000000000000e+00	5.6350878699533919e-08
1.0943214410004400e-02	0.0000000000000000e+00	7.4579420190661595e-08
1.0960667702524400e-02	0.0000000000000000e+00	9.0956759497449755e-08
1.0978120995044300e-02	0.0000000000000000e+00	1.0510287859068406e-07
1.0995574287564300e-02	0.0000000000000000e+00	1.1669272035192857e-07
1.1013027580084199e-02	0.0000000000000000e+00	1.2546198866116562e-07
1.1030480872604199e-02	0.0000000000000000e+00	1.3121167785604497e-07
1.1047934165124101e-02	0.0000000000000000e+00	1.3381139327708018e-07
1.1065387457644000e-02	0.0000000000000000e+00	1.3320149006726199e-07
1.1082840750164000e-02	0.0000000000000000e+00	1.2939414536879160e-07
1.1100294042683900e-02	0.0000000000000000e+00	1.2247327168399373e-07
1.1117747335203900e-02	0.0000000000000000e+00	1.1259337199954057e-07
1.1135200627723800e-02	0.0000000000000000e+00	9.9977188596698014e-08
1.1152653920243800e-02	0.0000000000000000e+00	8.4912161789783037e-08
1.1170107212763699e-02	0.0000000000000000e+00	6.7745565130574589e-08
1.1187560505283699e-02	0.0000000000000000e+00	4.8878244579140071e-08
1.1205013797803601e-02	0.0000000000000000e+00	2.8756839646768387e-08
1.1222467090323500e-02	0.0000000000000000e+00	7.8646386262464063e-09
1.1239920382843500e-02	0.0000000000000000e+00	1.3289047252630243e-08
1.1257373675363400e-02	0.0000000000000000e+00	3.4180859878737971e-08
1.1274826967883400e-02	0.0000000000000000e+00	5.4286414728173585e-08
1.1292280260403300e-02	0.0000000000000000e+00	7.3094129561691659e-08
1.1309733552923300e-02	0.0000000000000000e+00	9.0119444209438224e-08
1.1327186845443199e-02	0.0000000000000000e+00	1.0491885795492350e-07
1.1344640137963101e-02	0.0000000000000000e+00	1.1710329562382526e-07
1.1362093430483101e-02	0.0000000000000000e+00	1.2635018157524949e-07
1.1379546723003000e-02	0.0000000000000000e+00	1.3241372007182966e-07
1.1397000015523000e-02	0.0000000000000000e+00	1.3513271495960158e-07
1.1414453308042900e-02	0.0000000000000000e+00	1.3443580091123994e-07
1.1431906600562900e-02	0.0000000000000000e+00	1.3034365134003407e-07
1.1449359893082800e-02	0.0000000000000000e+00	1.2296803296789651e-07
1.1466813185602699e-02	0.0000000000000000e+00	1.1250792987960184e-07
1.1484266478122699e-02	0.0000000000000000e+00	9.9242913629165021e-08
1.1501719770642601e-02	0.0000000000000000e+00	8.3523951191786346e-08
1.1519173063162601e-02	0.0000000000000000e+00	6.5762272711986895e-08
1.1536626355682500e-02	0.0000000000000000e+00	4.6416895400899080e-08
1.1554079648202500e-02	0.0000000000000000e+00	2.5981246159410110e-08
1.1571532940722400e-02	0.0000000000000000e+00	4.9693849189577570e-09
1.1588986233242300e-02	0.0000000000000000e+00	1.6097674576169994e-08
1.1606439525762300e-02	0.0000000000000000e+00	3.6705036803099104e-08
1.1623892818282199e-02	0.0000000000000000e+00	5.6356117197457733e-08
1.1641346110802199e-02	0.0000000000000000e+00	7.4583789875886758e-08
1.1658799403322101e-02	0.0000000000000000e+00	9.0960233096102360e-08
1.1676252695842101e-02	0.0000000000000000e+00	1.0510543501549348e-07
1.1693705988362000e-02	0.0000000000000000e+00	1.1669433870178848e-07
1.1711159280882000e-02	0.0000000000000000e+00	1.2546265138615136e-07
1.1728612573401900e-02	0.0000000000000000e+00	1.3121137444780904e-07
1.1746065865921800e-02	0.0000000000000000e+00	1.3381010983859526e-07
1.1763519158441800e-02	0.0000000000000000e+00	1.3319921443861119e-07
1.1780972450961699e-02	0.0000000000000000e+00	1.2939086481114319e-07
1.1798425743481699e-02	0.0000000000000000e+00	1.2246899024005131e-07
1.1815879036001601e-02	0.0000000000000000e+00	1.1258808276016311e-07
1.1833332328521601e-02	0.0000000000000000e+00	9.9970896115549888e-08
1.1850785621041500e-02	0.0000000000000000e+00	8.4904867724088443e-08
1.1868238913561400e-02	0.0000000000000000e+00	6.7737285909747102e-08
1.1885692206081400e-02	0.0000000000000000e+00	4.8868984039097142e-08
1.1903145498601300e-02	0.0000000000000000e+00	2.8746606787684008e-08
1.1920598791121300e-02	0.0000000000000000e+00	7.8534526768281180e-09
1.1938052083641199e-02	0.0000000000000000e+00	1.3301166421196174e-08
1.1955505376161199e-02	0.0000000000000000e+00	3.4193890606275789e-08
1.1972958668681101e-02	0.0000000000000000e+00	5.4300326750180839e-08
1.1990411961201000e-02	0.0000000000000000e+00	7.3108895705737647e-08
1.2007865253721000e-02	0.0000000000000000e+00	9.0135034711755033e-08
1.2025318546240900e-02	0.0000000000000000e+00	1.0493524867254967e-07
1.2042771838760900e-02	0.0000000000000000e+00	1.1712043732992063e-07
1.2060225131280800e-02	0.0000000000000000e+00	1.2636802573372675e-07
1.2077678423800800e-02	0.0000000000000000e+00	1.3243218896231336e-07
1.2095131716320699e-02	0.0000000000000000e+00	1.3515177705540345e-07
1.2112585008840600e-02	0.0000000000000000e+00	1.3445541484805149e-07
1.2130038301360601e-02	0.0000000000000000e+00	1.3036375717217827e-07
1.2147491593880500e-02	0.0000000000000000e+00	1.2298859950047129e-07
1.2164944886400500e-02	0.0000000000000000e+00	1.1252891660365545e-07
1.2182398178920400e-02	0.0000000000000000e+00	9.9264221272554624e-08
1.2199851471440400e-02	0.0000000000000000e+00	8.3545499201206014e-08
1.2217304763960300e-02	0.0000000000000000e+00	6.5784007257938871e-08
1.2234758056480201e-02	0.0000000000000000e+00	4.6438750527616243e-08
1.2252211349000199e-02	0.0000000000000000e+00	2.6003161377541404e-08
1.2269664641520101e-02	0.0000000000000000e+00	4.9912947120547821e-09
1.2287117934040101e-02	0.0000000000000000e+00	1.6075817981419372e-08
1.2304571226560000e-02	0.0000000000000000e+00	3.6683275540400671e-08
1.2322024519080000e-02	0.0000000000000000e+00	5.6334495344740797e-08
1.2339477811599900e-02	0.0000000000000000e+00	7.4562343604102604e-08
1.2356931104119900e-02	0.0000000000000000e+00	9.0938996519418235e-08
1.2374384396639800e-02	0.0000000000000000e+00	1.0508444468892235e-07
1.2391837689159701e-02	0.0000000000000000e+00	1.1667362986156976e-07
1.2409290981679699e-02	0.0000000000000000e+00	1.2544225330354565e-07
1.2426744274199601e-02	0.0000000000000000e+00	1.3119131974121235e-07
1.2444197566719601e-02	0.0000000000000000e+00	1.3379042451145150e-07
1.2461650859239500e-02	0.0000000000000000e+00	1.3317993664622590e-07
1.2479104151759500e-02	0.0000000000000000e+00	1.2937202432185826e-07
1.2496557444279400e-02	0.0000000000000000e+00	1.2245060381615918e-07
1.2514010736799299e-02	0.0000000000000000e+00	1.1257018017862339e-07
1.2531464029319300e-02	0.0000000000000000e+00	9.9953483209123779e-08
1.2548917321839201e-02	0.0000000000000000e+00	8.4887976827051683e-08
1.2566370614359199e-02	0.0000000000000000e+00	6.7720930319465794e-08
1.2583823906879101e-02	0.0000000000000000e+00	4.8853188644540921e-08
1.2601277199399101e-02	0.0000000000000000e+00	2.8731381300443910e-08
1.2618730491919000e-02	0.0000000000000000e+00	7.8388098552405015e-09
1.2636183784438900e-02	0.0000000000000000e+00	1.3315216908320519e-08
1.2653637076958900e-02	0.0000000000000000e+00	3.4207340659872943e-08
1.2671090369478799e-02	0.0000000000000000e+00	5.4313167055575170e-08
1.2688543661998800e-02	0.0000000000000000e+00	7.3121120483803774e-08
1.2705996954518701e-02	0.0000000000000000e+00	9.0146646637800781e-08
1.2723450247038699e-02	0.0000000000000000e+00	1.0494624336863443e-07
1.2740903539558601e-02	0.0000000000000000e+00	1.1713082431370978e-07
1.2758356832078500e-02	0.0000000000000000e+00	1.2637782212998354e-07
1.2775810124598500e-02	0.0000000000000000e+00	1.3244139689791466e-07
1.2793263417118400e-02	0.0000000000000000e+00	1.3516042564901772e-07
1.2810716709638400e-02	0.0000000000000000e+00	1.3446351349157921e-07
1.2828170002158299e-02	0.0000000000000000e+00	1.3037132998396273e-07
1.2845623294678300e-02	0.0000000000000000e+00	1.2299567446167076e-07
1.2863076587198201e-02	0.0000000000000000e+00	1.1253550186220427e-07
1.2880529879718199e-02	0.0000000000000000e+00	9.9270362363193227e-08
1.2897983172238101e-02	0.0000000000000000e+00	8.3551238959569607e-08
1.2915436464758000e-02	0.0000000000000000e+00	6.5789362207190635e-08
1.2932889757278000e-02	0.0000000000000000e+00	4.6443760546778844e-08
1.2950343049797900e-02	0.0000000000000000e+00	2.6007862753048904e-08
1.2967796342317900e-02	0.0000000000000000e+00	4.9957221903811349e-09
1.2985249634837799e-02	0.0000000000000000e+00	1.6071627576030933e-08
1.3002702927357800e-02	0.0000000000000000e+00	3.6679289382306359e-08
1.3020156219877701e-02	0.0000000000000000e+00	5.6330679806048203e-08
1.3037609512397600e-02	0.0000000000000000e+00	7.4558662244152447e-08
1.3055062804917601e-02	0.0000000000000000e+00	9.0935419500273856e-08
1.3072516097437500e-02	0.0000000000000000e+00	1.0508093655171273e-07
1.3089969389957500e-02	0.0000000000000000e+00	1.1667015941713063e-07
1.3107422682477400e-02	0.0000000000000000e+00	1.2543879267525107e-07
1.3124875974997400e-02	0.0000000000000000e+00	1.3118783464990660e-07
1.3142329267517299e-02	0.0000000000000000e+00	1.3378689021832950e-07
1.3159782560037201e-02	0.0000000000000000e+00	1.3317631769867366e-07
1.3177235852557199e-02	0.0000000000000000e+00	1.2936829645087327e-07
1.3194689145077100e-02	0.0000000000000000e+00	1.2244674045803097e-07
1.3212142437597101e-02	0.0000000000000000e+00	1.1256615067225089e-07
1.3229595730117000e-02	0.0000000000000000e+00	9.9949265527166174e-08
1.3247049022637000e-02	0.0000000000000000e+00	8.4883544776358471e-08
1.3264502315156900e-02	0.0000000000000000e+00	6.7716266267302139e-08
1.3281955607676799e-02	0.0000000000000000e+00	4.8848263918049582e-08
1.3299408900196799e-02	0.0000000000000000e+00	2.8726171188023950e-08
1.3316862192716701e-02	0.0000000000000000e+00	7.8332939728864977e-09
1.3334315485236699e-02	0.0000000000000000e+00	1.3321062354746614e-08
1.3351768777756600e-02	0.0000000000000000e+00	3.4213533524603389e-08
1.3369222070276601e-02	0.0000000000000000e+00	5.4319729576298714e-08
1.3386675362796500e-02	0.0000000000000000e+00	7.3128079557551060e-08
1.3404128655316400e-02	0.0000000000000000e+00	9.0154022948677617e-08
1.3421581947836400e-02	0.0000000000000000e+00	1.0495405530056259e-07
1.3439035240356299e-02	0.0000000000000000e+00	1.1713908811902806e-07
1.3456488532876299e-02	0.0000000000000000e+00	1.2638653168514264e-07
1.3473941825396201e-02	0.0000000000000000e+00	1.3245056885271171e-07
1.3491395117916199e-02	0.0000000000000000e+00	1.3517005571479533e-07
1.3508848410436100e-02	0.0000000000000000e+00	1.3447362161809272e-07
1.3526301702956101e-02	0.0000000000000000e+00	1.3038191007945961e-07
1.3543754995476000e-02	0.0000000000000000e+00	1.2300672377226563e-07
1.3561208287995900e-02	0.0000000000000000e+00	1.1254704500260766e-07
1.3578661580515900e-02	0.0000000000000000e+00	9.9282371556458028e-08
1.3596114873035799e-02	0.0000000000000000e+00	8.3563684078414404e-08
1.3613568165555799e-02	0.0000000000000000e+00	6.5802247292586851e-08
1.3631021458075701e-02	0.0000000000000000e+00	4.6457076926259368e-08
1.3648474750595699e-02	0.0000000000000000e+00	2.6021587813768167e-08
1.3665928043115600e-02	0.0000000000000000e+00	5.0098446279305971e-09
1.3683381335635500e-02	0.0000000000000000e+00	1.6057133644032160e-08
1.3700834628155500e-02	0.0000000000000000e+00	3.6664446051559736e-08
1.3718287920675400e-02	0.0000000000000000e+00	5.6315499947387924e-08
1.3735741213195400e-02	0.0000000000000000e+00	7.4543167187905238e-08
1.3753194505715299e-02	0.0000000000000000e+00	9.0919626468962428e-08
1.3770647798235299e-02	0.0000000000000000e+00	1.0506486691013975e-07
1.3788101090755201e-02	0.0000000000000000e+00	1.1665383244389556e-07
1.3805554383275100e-02	0.0000000000000000e+00	1.2542222609777603e-07
1.3823007675795100e-02	0.0000000000000000e+00	1.3117105307478669e-07
1.3840460968315000e-02	0.0000000000000000e+00	1.3376990867961942e-07
1.3857914260835000e-02	0.0000000000000000e+00	1.3315916404596884e-07
1.3875367553354900e-02	0.0000000000000000e+00	1.2935098595963449e-07
1.3892820845874900e-02	0.0000000000000000e+00	1.2242929743924393e-07
1.3910274138394799e-02	0.0000000000000000e+00	1.1254859987638432e-07
1.3927727430914701e-02	0.0000000000000000e+00	9.9931628340776229e-08
1.3945180723434701e-02	0.0000000000000000e+00	8.4865839723485660e-08
1.3962634015954600e-02	0.0000000000000000e+00	6.7698513057121582e-08
1.3980087308474600e-02	0.0000000000000000e+00	4.8830487199926471e-08
1.3997540600994500e-02	0.0000000000000000e+00	2.8708395826958582e-08
1.4014993893514500e-02	0.0000000000000000e+00	7.8155402765878035e-09
1.4032447186034400e-02	0.0000000000000000e+00	1.3338769262383563e-08
1.4049900478554400e-02	0.0000000000000000e+00	3.4231174822118565e-08
1.4067353771074299e-02	0.0000000000000000e+00	5.4337280757176491e-08
1.4084807063594201e-02	0.0000000000000000e+00	7.3145508890532854e-08
1.4102260356114201e-02	0.0000000000000000e+00	9.0171300970830277e-08
1.4119713648634100e-02	0.0000000000000000e+00	1.0497116099522670e-07
1.4137166941154100e-02	0.0000000000000000e+00	1.1715599336566523e-07
1.4154620233674000e-02	0.0000000000000000e+00	1.2640322690461914e-07
1.4172073526194000e-02	0.0000000000000000e+00	1.3246703646645794e-07
1.4189526818713900e-02	0.0000000000000000e+00	1.3518628446996670e-07
1.4206980111233799e-02	0.0000000000000000e+00	1.3448958710945759e-07
1.4224433403753799e-02	0.0000000000000000e+00	1.3039760396258978e-07
1.4241886696273701e-02	0.0000000000000000e+00	1.2302213451120340e-07
1.4259339988793701e-02	0.0000000000000000e+00	1.1256214341536377e-07
1.4276793281313600e-02	0.0000000000000000e+00	9.9297160510553255e-08
1.4294246573833600e-02	0.0000000000000000e+00	8.3578170556596087e-08
1.4311699866353500e-02	0.0000000000000000e+00	6.5816420337480929e-08
1.4329153158873400e-02	0.0000000000000000e+00	4.6470923378954896e-08
1.4346606451393400e-02	0.0000000000000000e+00	2.6035112280951237e-08
1.4364059743913299e-02	0.0000000000000000e+00	5.0230415226599806e-09
1.4381513036433299e-02	0.0000000000000000e+00	1.6044258626328101e-08
1.4398966328953201e-02	0.0000000000000000e+00	3.6651887285912229e-08
1.4416419621473201e-02	0.0000000000000000e+00	5.6303260536006011e-08
1.4433872913993100e-02	0.0000000000000000e+00	7.4531242410013417e-08
1.4451326206513000e-02	0.0000000000000000e+00	9.0908014407982637e-08
1.4468779499033000e-02	0.0000000000000000e+00	1.0505356139234445e-07
1.4486232791552900e-02	0.0000000000000000e+00	1.1664282765927063e-07
1.4503686084072900e-02	0.0000000000000000e+00	1.2541151990287747e-07
1.4521139376592799e-02	0.0000000000000000e+00	1.3116063148525896e-07
1.4538592669112799e-02	0.0000000000000000e+00	1.3375977019392127e-07
1.4556045961632701e-02	0.0000000000000000e+00	1.3314929685372084e-07
1.4573499254152701e-02	0.0000000000000000e+00	1.2934138213736180e-07
1.4590952546672600e-02	0.0000000000000000e+00	1.2241994736923725e-07
1.4608405839192500e-02	0.0000000000000000e+00	1.1253946739095430e-07
1.4625859131712500e-02	0.0000000000000000e+00	9.9922713525982266e-08
1.4643312424232400e-02	0.0000000000000000e+00	8.4857137306859361e-08
1.4660765716752400e-02	0.0000000000000000e+00	6.7690019621292429e-08
1.4678219009272299e-02	0.0000000000000000e+00	4.8822187640182818e-08
1.4695672301792299e-02	0.0000000000000000e+00	2.8700274892168977e-08
1.4713125594312201e-02	0.0000000000000000e+00	7.8075877684569269e-09
1.4730578886832100e-02	0.0000000000000000e+00	1.3346569618604459e-08
1.4748032179352100e-02	0.0000000000000000e+00	3.4238833375505134e-08
1.4765485471872000e-02	0.0000000000000000e+00	5.4344814132582456e-08
1.4782938764392000e-02	0.0000000000000000e+00	7.3152943302398040e-08
1.4800392056911900e-02	0.0000000000000000e+00	9.0178660747615513e-08
1.4817845349431900e-02	0.0000000000000000e+00	1.0497846422556537e-07
1.4835298641951799e-02	0.0000000000000000e+00	1.1716325521142167e-07
1.4852751934471701e-02	0.0000000000000000e+00	1.2641045877030425e-07
1.4870205226991701e-02	0.0000000000000000e+00	1.3247425697424777e-07
1.4887658519511600e-02	0.0000000000000000e+00	1.3519349742172459e-07
1.4905111812031600e-02	0.0000000000000000e+00	1.3449681363246545e-07
1.4922565104551500e-02	0.0000000000000000e+00	1.3040485611557456e-07
1.4940018397071500e-02	0.0000000000000000e+00	1.2302942189252733e-07
1.4957471689591400e-02	0.0000000000000000e+00	1.1256949653592863e-07
1.4974924982111301e-02	0.0000000000000000e+00	9.9304579895513549e-08
1.4992378274631299e-02	0.0000000000000000e+00	8.3585658042320937e-08
1.5009831567151201e-02	0.0000000000000000e+00	6.5823992686150969e-08
1.5027284859671201e-02	0.0000000000000000e+00	4.6478596771962289e-08
1.5044738152191100e-02	0.0000000000000000e+00	2.6042890040410025e-08
1.5062191444711100e-02	0.0000000000000000e+00	5.0309366749797438e-09
1.5079644737231000e-02	0.0000000000000000e+00	1.6036245148323530e-08
1.5097098029750899e-02	0.0000000000000000e+00	3.6643753933460375e-08
1.5114551322270900e-02	0.0000000000000000e+00	5.6294996782391470e-08
1.5132004614790801e-02	0.0000000000000000e+00	7.4522845649212272e-08
1.5149457907310799e-02	0.0000000000000000e+00	9.0899478652236822e-08
1.5166911199830701e-02	0.0000000000000000e+00	1.0504488633163736e-07
1.5184364492350701e-02	0.0000000000000000e+00	1.1663401013061523e-07
1.5201817784870600e-02	0.0000000000000000e+00	1.2540255728935446e-07
1.5219271077390600e-02	0.0000000000000000e+00	1.3115152984567128e-07
1.5236724369910500e-02	0.0000000000000000e+00	1.3375052361076039e-07
1.5254177662430399e-02	0.0000000000000000e+00	1.3313991256175096e-07
1.5271630954950400e-02	0.0000000000000000e+00	1.2933185934737692e-07
1.5289084247470301e-02	0.0000000000000000e+00	1.2241029152760247e-07
1.5306537539990299e-02	0.0000000000000000e+00	1.1252970461028846e-07
1.5323990832510201e-02	0.0000000000000000e+00	9.9912842704316669e-08
1.5341444125030201e-02	0.0000000000000000e+00	8.4847150412444648e-08
1.5358897417550100e-02	0.0000000000000000e+00	6.7679915532810290e-08
1.5376350710070000e-02	0.0000000000000000e+00	4.8811975702868988e-08
1.5393804002590000e-02	0.0000000000000000e+00	2.8689965139559855e-08
1.5411257295109899e-02	0.0000000000000000e+00	7.7971836073351193e-09
1.5428710587629900e-02	0.0000000000000000e+00	1.3357058350269753e-08
1.5446163880149801e-02	0.0000000000000000e+00	3.4249403028032751e-08
1.5463617172669799e-02	0.0000000000000000e+00	5.4355456072881308e-08
1.5481070465189701e-02	0.0000000000000000e+00	7.3163638838478778e-08
1.5498523757709600e-02	0.0000000000000000e+00	9.0189392124446988e-08
1.5515977050229600e-02	0.0000000000000000e+00	1.0498922042836247e-07
1.5533430342749500e-02	0.0000000000000000e+00	1.1717402719982802e-07
1.5550883635269500e-02	0.0000000000000000e+00	1.2642124058379050e-07
1.5568336927789399e-02	0.0000000000000000e+00	1.3248503428214639e-07
1.5585790220309400e-02	0.0000000000000000e+00	1.3520426728011751e-07
1.5603243512829299e-02	0.0000000000000000e+00	1.3450755670942909e-07
1.5620696805349200e-02	0.0000000000000000e+00	1.3041556271775875e-07
1.5638150097869199e-02	0.0000000000000000e+00	1.2304008333445790e-07
1.5655603390389100e-02	0.0000000000000000e+00	1.1258008223897250e-07
1.5673056682909099e-02	0.0000000000000000e+00	9.9315089151613013e-08
1.5690509975429000e-02	0.0000000000000000e+00	8.3596088307888566e-08
1.5707963267949002e-02	0.0000000000000000e+00	6.5834326414116602e-08
1.5725416560468899e-02	0.0000000000000000e+00	4.6488815754222784e-08
1.5742869852988801e-02	0.0000000000000000e+00	2.6052988559123680e-08
1.5760323145508799e-02	0.0000000000000000e+00	5.0408988276840405e-09
1.5777776438028700e-02	0.0000000000000000e+00	1.6026424186489196e-08
1.5795229730548699e-02	0.0000000000000000e+00	3.6634079720225608e-08
1.5812683023068600e-02	0.0000000000000000e+00	5.6285484362702115e-08
1.5830136315588599e-02	0.0000000000000000e+00	7.4513502954324011e-08
1.5847589608108500e-02	0.0000000000000000e+00	9.0890316896631249e-08
1.5865042900628502e-02	0.0000000000000000e+00	1.0503591125559323e-07
1.5882496193148399e-02	0.0000000000000000e+00	1.1662523136139637e-07
1.5899949485668301e-02	0.0000000000000000e+00	1.2539398300868080e-07
1.5917402778188299e-02	0.0000000000000000e+00	1.3114316106109106e-07
1.5934856070708200e-02	0.0000000000000000e+00	1.3374237214755235e-07
1.5952309363228199e-02	0.0000000000000000e+00	1.3313197522424445e-07
1.5969762655748100e-02	0.0000000000000000e+00	1.2932414634266877e-07
1.5987215948268099e-02	0.0000000000000000e+00	1.2240280435464792e-07
1.6004669240788000e-02	0.0000000000000000e+00	1.1252244018274340e-07
1.6022122533307901e-02	0.0000000000000000e+00	9.9905803298865909e-08
1.6039575825827899e-02	0.0000000000000000e+00	8.4840342660283815e-08
1.6057029118347801e-02	0.0000000000000000e+00	6.7673349017352312e-08
1.6074482410867799e-02	0.0000000000000000e+00	4.8805643654245386e-08
1.6091935703387700e-02	0.0000000000000000e+00	2.8683866381693333e-08
1.6109388995907699e-02	0.0000000000000000e+00	7.7913229605123039e-09
1.6126842288427600e-02	0.0000000000000000e+00	1.3362681537123278e-08
1.6144295580947501e-02	0.0000000000000000e+00	3.4254782544151238e-08
1.6161748873467500e-02	0.0000000000000000e+00	5.4360593628539474e-08
1.6179202165987401e-02	0.0000000000000000e+00	7.3168547111423726e-08
1.6196655458507399e-02	0.0000000000000000e+00	9.0194082478276227e-08
1.6214108751027301e-02	0.0000000000000000e+00	1.0499369497102253e-07
1.6231562043547299e-02	0.0000000000000000e+00	1.1717828141759127e-07
1.6249015336067200e-02	0.0000000000000000e+00	1.2642527365884494e-07
1.6266468628587199e-02	0.0000000000000000e+00	1.3248885034298990e-07
1.6283921921107100e-02	0.0000000000000000e+00	1.3520786262118594e-07
1.6301375213627001e-02	0.0000000000000000e+00	1.3451093833242720e-07
1.6318828506147000e-02	0.0000000000000000e+00	1.3041873272813263e-07
1.6336281798666901e-02	0.0000000000000000e+00	1.2304304281335957e-07
1.6353735091186899e-02	0.0000000000000000e+00	1.1258284922689761e-07
1.6371188383706801e-02	0.0000000000000000e+00	9.9317659813400495e-08
1.6388641676226799e-02	0.0000000000000000e+00	8.3598461541045428e-08
1.6406094968746700e-02	0.0000000000000000e+00	6.5836514418111947e-08
1.6423548261266602e-02	0.0000000000000000e+00	4.6490826418548486e-08
1.6441001553786600e-02	0.0000000000000000e+00	2.6054825335786285e-08
1.6458454846306501e-02	0.0000000000000000e+00	5.0425676973324653e-09
1.6475908138826500e-02	0.0000000000000000e+00	1.6024914453757977e-08
1.6493361431346401e-02	0.0000000000000000e+00	3.6632721440577625e-08
1.6510814723866400e-02	0.0000000000000000e+00	5.6284271785623912e-08
1.6528268016386301e-02	0.0000000000000000e+00	7.4512431805149472e-08
1.6545721308906199e-02	0.0000000000000000e+00	9.0889379298387644e-08
1.6563174601426200e-02	0.0000000000000000e+00	1.0503510401072780e-07
1.6580627893946102e-02	0.0000000000000000e+00	1.1662454956031132e-07
1.6598081186466100e-02	0.0000000000000000e+00	1.2539341866069856e-07
1.6615534478986001e-02	0.0000000000000000e+00	1.3114271436800452e-07
1.6632987771506000e-02	0.0000000000000000e+00	1.3374203596798269e-07
1.6650441064025901e-02	0.0000000000000000e+00	1.3313174721257786e-07
1.6667894356545799e-02	0.0000000000000000e+00	1.2932402402426801e-07
1.6685347649065801e-02	0.0000000000000000e+00	1.2240277971853795e-07
1.6702800941585699e-02	0.0000000000000000e+00	1.1252250843144480e-07
1.6720254234105700e-02	0.0000000000000000e+00	9.9905953694098167e-08
1.6737707526625598e-02	0.0000000000000000e+00	8.4840589387400871e-08
1.6755160819145600e-02	0.0000000000000000e+00	6.7673683507978089e-08
1.6772614111665501e-02	0.0000000000000000e+00	4.8806076184616633e-08
1.6790067404185399e-02	0.0000000000000000e+00	2.8684395266112841e-08
1.6807520696705401e-02	0.0000000000000000e+00	7.7919384635916485e-09
1.6824973989225299e-02	0.0000000000000000e+00	1.3361986769767144e-08
1.6842427281745301e-02	0.0000000000000000e+00	3.4254018318230804e-08
1.6859880574265199e-02	0.0000000000000000e+00	5.4359770763004133e-08
1.6877333866785200e-02	0.0000000000000000e+00	7.3167673966305710e-08
1.6894787159305098e-02	0.0000000000000000e+00	9.0193165719188658e-08
1.6912240451825100e-02	0.0000000000000000e+00	1.0499273710069535e-07
1.6929693744345001e-02	0.0000000000000000e+00	1.1717728117602825e-07
1.6947147036864899e-02	0.0000000000000000e+00	1.2642422961704389e-07
1.6964600329384901e-02	0.0000000000000000e+00	1.3248775558311585e-07
1.6982053621904799e-02	0.0000000000000000e+00	1.3520668419743077e-07
1.6999506914424801e-02	0.0000000000000000e+00	1.3450970487747509e-07
1.7016960206944699e-02	0.0000000000000000e+00	1.3041743973178808e-07
1.7034413499464700e-02	0.0000000000000000e+00	1.2304168002427419e-07
1.7051866791984598e-02	0.0000000000000000e+00	1.1258143140215057e-07
1.7069320084504500e-02	0.0000000000000000e+00	9.9316181133303698e-08
1.7086773377024501e-02	0.0000000000000000e+00	8.3596897511143304e-08
1.7104226669544399e-02	0.0000000000000000e+00	6.5834835519203791e-08
1.7121679962064401e-02	0.0000000000000000e+00	4.6489041016448377e-08
1.7139133254584299e-02	0.0000000000000000e+00	2.6052929459867193e-08
1.7156586547104301e-02	0.0000000000000000e+00	5.0405473143294498e-09
1.7174039839624199e-02	0.0000000000000000e+00	1.6027066648635877e-08
1.7191493132144100e-02	0.0000000000000000e+00	3.6635014208774942e-08
1.7208946424664098e-02	0.0000000000000000e+00	5.6286709900990385e-08
1.7226399717184000e-02	0.0000000000000000e+00	7.4515018303086112e-08
1.7243853009704001e-02	0.0000000000000000e+00	9.0892120489372070e-08
1.7261306302223899e-02	0.0000000000000000e+00	1.0503800529219032e-07
1.7278759594743901e-02	0.0000000000000000e+00	1.1662761153465500e-07
1.7296212887263799e-02	0.0000000000000000e+00	1.2539665001014409e-07
1.7313666179783700e-02	0.0000000000000000e+00	1.3114611783468046e-07
1.7331119472303699e-02	0.0000000000000000e+00	1.3374561275804701e-07
1.7348572764823600e-02	0.0000000000000000e+00	1.3313550713558773e-07
1.7366026057343598e-02	0.0000000000000000e+00	1.2932796683916379e-07
1.7383479349863500e-02	0.0000000000000000e+00	1.2240690716718022e-07
1.7400932642383501e-02	0.0000000000000000e+00	1.1252681496310468e-07
1.7418385934903399e-02	0.0000000000000000e+00	9.9910458335505641e-08
1.7435839227423401e-02	0.0000000000000000e+00	8.4845287035179897e-08
1.7453292519943299e-02	0.0000000000000000e+00	6.7678593075148723e-08
1.7470745812463200e-02	0.0000000000000000e+00	4.8811185328899170e-08
1.7488199104983199e-02	0.0000000000000000e+00	2.8689707109198928e-08
1.7505652397503100e-02	0.0000000000000000e+00	7.7974681224444133e-09
1.7523105690023098e-02	0.0000000000000000e+00	1.3356227998747858e-08
1.7540558982543000e-02	0.0000000000000000e+00	3.4248016895202158e-08
1.7558012275063001e-02	0.0000000000000000e+00	5.4353514166872686e-08
1.7575465567582899e-02	0.0000000000000000e+00	7.3161153675388075e-08
1.7592918860102801e-02	0.0000000000000000e+00	9.0186377742606942e-08
1.7610372152622799e-02	0.0000000000000000e+00	1.0498566450104237e-07
1.7627825445142700e-02	0.0000000000000000e+00	1.1716993085882057e-07
1.7645278737662699e-02	0.0000000000000000e+00	1.2641660210885480e-07
1.7662732030182600e-02	0.0000000000000000e+00	1.3247983597634758e-07
1.7680185322702598e-02	0.0000000000000000e+00	1.3519850249368284e-07
1.7697638615222500e-02	0.0000000000000000e+00	1.3450124433908762e-07
1.7715091907742401e-02	0.0000000000000000e+00	1.3040869661443754e-07
1.7732545200262399e-02	0.0000000000000000e+00	1.2303266352009425e-07
1.7749998492782301e-02	0.0000000000000000e+00	1.1257212840537567e-07
1.7767451785302299e-02	0.0000000000000000e+00	9.9306605634551530e-08
1.7784905077822200e-02	0.0000000000000000e+00	8.3587038570191370e-08
1.7802358370342199e-02	0.0000000000000000e+00	6.5824711940011575e-08
1.7819811662862100e-02	0.0000000000000000e+00	4.6478654058259103e-08
1.7837264955382001e-02	0.0000000000000000e+00	2.6042273232576375e-08
1.7854718247902000e-02	0.0000000000000000e+00	5.0296289493124535e-09
1.7872171540421901e-02	0.0000000000000000e+00	1.6038248316404261e-08
1.7889624832941899e-02	0.0000000000000000e+00	3.6646459192717644e-08
1.7907078125461801e-02	0.0000000000000000e+00	5.6298413903855155e-08
1.7924531417981799e-02	0.0000000000000000e+00	7.4526981230200924e-08
1.7941984710501700e-02	0.0000000000000000e+00	9.0904338336018513e-08
1.7959438003021699e-02	0.0000000000000000e+00	1.0505047712329230e-07
1.7976891295541600e-02	0.0000000000000000e+00	1.1664033607145365e-07
1.7994344588061501e-02	0.0000000000000000e+00	1.2540962501278530e-07
1.8011797880581500e-02	0.0000000000000000e+00	1.3115934284568427e-07
1.8029251173101401e-02	0.0000000000000000e+00	1.3375908597259035e-07
1.8046704465621399e-02	0.0000000000000000e+00	1.3314922618767211e-07
1.8064157758141301e-02	0.0000000000000000e+00	1.2934192784623157e-07
1.8081611050661299e-02	0.0000000000000000e+00	1.2242111821058217e-07
1.8099064343181200e-02	0.0000000000000000e+00	1.1254129284649217e-07
1.8116517635701102e-02	0.0000000000000000e+00	9.9925194103955724e-08
1.8133970928221100e-02	0.0000000000000000e+00	8.4860268459912738e-08
1.8151424220741001e-02	0.0000000000000000e+00	6.7693802687636984e-08
1.8168877513261000e-02	0.0000000000000000e+00	4.8826634552053843e-08
1.8186330805780901e-02	0.0000000000000000e+00	2.8705397180238687e-08
1.8203784098300899e-02	0.0000000000000000e+00	7.8133906479918816e-09
1.8221237390820801e-02	0.0000000000000000e+00	1.3340075021733323e-08
1.8238690683340698e-02	0.0000000000000000e+00	3.4231642250670755e-08
1.8256143975860700e-02	0.0000000000000000e+00	5.4336916611610441e-08
1.8273597268380602e-02	0.0000000000000000e+00	7.3144320156148862e-08
1.8291050560900600e-02	0.0000000000000000e+00	9.0169294749958100e-08
1.8308503853420501e-02	0.0000000000000000e+00	1.0496834355866555e-07
1.8325957145940500e-02	0.0000000000000000e+00	1.1715237195559677e-07
1.8343410438460401e-02	0.0000000000000000e+00	1.2639880922176126e-07
1.8360863730980299e-02	0.0000000000000000e+00	1.3246182573280114e-07
1.8378317023500301e-02	0.0000000000000000e+00	1.3518028256959433e-07
1.8395770316020198e-02	0.0000000000000000e+00	1.3448279484667909e-07
1.8413223608540200e-02	0.0000000000000000e+00	1.3039002622709174e-07
1.8430676901060102e-02	0.0000000000000000e+00	1.2301377339365371e-07
1.8448130193580100e-02	0.0000000000000000e+00	1.1255300199216153e-07
1.8465583486100001e-02	0.0000000000000000e+00	9.9287239611935592e-08
1.8483036778619899e-02	0.0000000000000000e+00	8.3567470741483623e-08
1.8500490071139901e-02	0.0000000000000000e+00	6.5804944518489627e-08
1.8517943363659799e-02	0.0000000000000000e+00	4.6458670634633189e-08
1.8535396656179801e-02	0.0000000000000000e+00	2.6022081469160746e-08
1.8552849948699698e-02	0.0000000000000000e+00	5.0092380308749913e-09
1.8570303241219700e-02	0.0000000000000000e+00	1.6058848072101512e-08
1.8587756533739602e-02	0.0000000000000000e+00	3.6667270542162993e-08
1.8605209826259600e-02	0.0000000000000000e+00	5.6319435835339743e-08
1.8622663118779501e-02	0.0000000000000000e+00	7.4548214928790760e-08
1.8640116411299399e-02	0.0000000000000000e+00	9.0925789606113595e-08
1.8657569703819401e-02	0.0000000000000000e+00	1.0507214306822715e-07
1.8675022996339299e-02	0.0000000000000000e+00	1.1666222403248145e-07
1.8692476288859301e-02	0.0000000000000000e+00	1.2543173342657629e-07
1.8709929581379198e-02	0.0000000000000000e+00	1.3118167627838217e-07
1.8727382873899200e-02	0.0000000000000000e+00	1.3378164917260596e-07
1.8744836166419102e-02	0.0000000000000000e+00	1.3317202162612495e-07
1.8762289458938999e-02	0.0000000000000000e+00	1.2936496179267147e-07
1.8779742751459001e-02	0.0000000000000000e+00	1.2244438968104738e-07
1.8797196043978899e-02	0.0000000000000000e+00	1.1256480980446374e-07
1.8814649336498901e-02	0.0000000000000000e+00	9.9948963549767094e-08
1.8832102629018799e-02	0.0000000000000000e+00	8.4884301191025770e-08
1.8849555921538801e-02	0.0000000000000000e+00	6.7718091258828583e-08
1.8867009214058698e-02	0.0000000000000000e+00	4.8851180441045830e-08
1.8884462506578600e-02	0.0000000000000000e+00	2.8730200097464380e-08
1.8901915799098602e-02	0.0000000000000000e+00	7.8384544145092307e-09
1.8919369091618499e-02	0.0000000000000000e+00	1.3314751132820888e-08
1.8936822384138501e-02	0.0000000000000000e+00	3.4206052709811875e-08
1.8954275676658399e-02	0.0000000000000000e+00	5.4311056901624995e-08
1.8971728969178401e-02	0.0000000000000000e+00	7.3118185854560095e-08
1.8989182261698299e-02	0.0000000000000000e+00	9.0142885650640545e-08
1.9006635554218200e-02	0.0000000000000000e+00	1.0494164828715003e-07
1.9024088846738198e-02	0.0000000000000000e+00	1.1712539468506893e-07
1.9041542139258100e-02	0.0000000000000000e+00	1.2637154342442531e-07
1.9058995431778102e-02	0.0000000000000000e+00	1.3243427162412448e-07
1.9076448724297999e-02	0.0000000000000000e+00	1.3515243710647727e-07
1.9093902016818001e-02	0.0000000000000000e+00	1.3445464970380843e-07
1.9111355309337899e-02	0.0000000000000000e+00	1.3036157198742960e-07
1.9128808601857800e-02	0.0000000000000000e+00	1.2298500581709124e-07
1.9146261894377799e-02	0.0000000000000000e+00	1.1252390231304291e-07
1.9163715186897700e-02	0.0000000000000000e+00	9.9257824729748052e-08
1.9181168479417698e-02	0.0000000000000000e+00	8.3537744578802006e-08
1.9198621771937600e-02	0.0000000000000000e+00	6.5774887447210876e-08
1.9216075064457602e-02	0.0000000000000000e+00	4.6428288705987783e-08
1.9233528356977499e-02	0.0000000000000000e+00	2.5991375321407494e-08
1.9250981649497501e-02	0.0000000000000000e+00	4.9781954393091375e-09
1.9268434942017399e-02	0.0000000000000000e+00	1.6090215977969331e-08
1.9285888234537300e-02	0.0000000000000000e+00	3.6698962487704893e-08
1.9303341527057299e-02	0.0000000000000000e+00	5.6351460036523744e-08
1.9320794819577200e-02	0.0000000000000000e+00	7.4580571509490348e-08
1.9338248112097198e-02	0.0000000000000000e+00	9.0958481282494075e-08
1.9355701404617100e-02	0.0000000000000000e+00	1.0510517344580284e-07
1.9373154697137102e-02	0.0000000000000000e+00	1.1669559477496059e-07
1.9390607989656999e-02	0.0000000000000000e+00	1.2546544824951635e-07
1.9408061282176901e-02	0.0000000000000000e+00	1.3121573492737679e-07
1.9425514574696899e-02	0.0000000000000000e+00	1.3381605768626144e-07
1.9442967867216800e-02	0.0000000000000000e+00	1.3320677482596307e-07
1.9460421159736799e-02	0.0000000000000000e+00	1.2940006563089778e-07
1.9477874452256700e-02	0.0000000000000000e+00	1.2247984213619658e-07
1.9495327744776698e-02	0.0000000000000000e+00	1.1260061352287851e-07
1.9512781037296600e-02	0.0000000000000000e+00	9.9985119609133381e-08
1.9530234329816501e-02	0.0000000000000000e+00	8.4920809841727363e-08
1.9547687622336499e-02	0.0000000000000000e+00	6.7754957295929161e-08
1.9565140914856401e-02	0.0000000000000000e+00	4.8888401383724804e-08
1.9582594207376399e-02	0.0000000000000000e+00	2.8767776511621073e-08
1.9600047499896300e-02	0.0000000000000000e+00	7.8763878687504069e-09
1.9617500792416299e-02	0.0000000000000000e+00	1.3276459756157102e-08
1.9634954084936200e-02	0.0000000000000000e+00	3.4167401920108428e-08
1.9652407377456101e-02	0.0000000000000000e+00	5.4272046853211291e-08
1.9669860669976100e-02	0.0000000000000000e+00	7.3078821740896676e-08
1.9687313962496001e-02	0.0000000000000000e+00	9.0103168514184412e-08
1.9704767255015999e-02	0.0000000000000000e+00	1.0490158190987703e-07
1.9722220547535901e-02	0.0000000000000000e+00	1.1708498009432162e-07
1.9739673840055899e-02	0.0000000000000000e+00	1.2633076811534024e-07
1.9757127132575800e-02	0.0000000000000000e+00	1.3239312787331294e-07
1.9774580425095799e-02	0.0000000000000000e+00	1.3511092557920401e-07
1.9792033717615700e-02	0.0000000000000000e+00	1.3441279137016299e-07
1.9809487010135601e-02	0.0000000000000000e+00	1.3031936268385034e-07
1.9826940302655600e-02	0.0000000000000000e+00	1.2294244949330294e-07
1.9844393595175501e-02	0.0000000000000000e+00	1.1248103080646874e-07
1.9861846887695499e-02	0.0000000000000000e+00	9.9214616181860848e-08
1.9879300180215401e-02	0.0000000000000000e+00	8.3494166775880843e-08
1.9896753472735399e-02	0.0000000000000000e+00	6.5730957594052606e-08
1.9914206765255300e-02	0.0000000000000000e+00	4.6384011541905224e-08
1.9931660057775202e-02	0.0000000000000000e+00	2.5946737267871271e-08
1.9949113350295200e-02	0.0000000000000000e+00	4.9332008065073899e-09
1.9966566642815101e-02	0.0000000000000000e+00	1.6135574172820367e-08
1.9984019935335100e-02	0.0000000000000000e+00	3.6744686580749190e-08
2.0001473227855001e-02	0.0000000000000000e+00	5.6397544763298222e-08
2.0018926520374999e-02	0.0000000000000000e+00	7.4627019395477949e-08
2.0036379812894901e-02	0.0000000000000000e+00	9.1005287281073347e-08
2.0053833105414798e-02	0.0000000000000000e+00	1.0515234053493156e-07
2.0071286397934800e-02	0.0000000000000000e+00	1.1674311750250537e-07
2.0088739690454702e-02	0.0000000000000000e+00	1.2551332881841421e-07
2.0106192982974700e-02	0.0000000000000000e+00	1.3126397203157748e-07
2.0123646275494601e-02	0.0000000000000000e+00	1.3386464658740165e-07
2.0141099568014600e-02	0.0000000000000000e+00	1.3325572334061954e-07
2.0158552860534501e-02	0.0000000000000000e+00	1.2944936505493031e-07
2.0176006153054399e-02	0.0000000000000000e+00	1.2252950081055459e-07
2.0193459445574401e-02	0.0000000000000000e+00	1.1265062341817840e-07
2.0210912738094299e-02	0.0000000000000000e+00	1.0003548291316553e-07
2.0228366030614300e-02	0.0000000000000000e+00	8.4971518575709924e-08
2.0245819323134202e-02	0.0000000000000000e+00	6.7806017164037804e-08
2.0263272615654200e-02	0.0000000000000000e+00	4.8939813879049916e-08
2.0280725908174101e-02	0.0000000000000000e+00	2.8819546551865692e-08
2.0298179200694100e-02	0.0000000000000000e+00	7.9285142298570561e-09
2.0315632493214001e-02	0.0000000000000000e+00	1.3223973121583713e-08
2.0333085785733899e-02	0.0000000000000000e+00	3.4114557713478290e-08
2.0350539078253901e-02	0.0000000000000000e+00	5.4218845372856185e-08
2.0367992370773799e-02	0.0000000000000000e+00	7.3025257458309635e-08
2.0385445663293800e-02	0.0000000000000000e+00	9.0049234429162441e-08
2.0402898955813702e-02	0.0000000000000000e+00	1.0484728224134809e-07
2.0420352248333700e-02	0.0000000000000000e+00	1.1703030351696392e-07
2.0437805540853601e-02	0.0000000000000000e+00	1.2627572592158020e-07
2.0455258833373499e-02	0.0000000000000000e+00	1.3233772599652572e-07
2.0472712125893501e-02	0.0000000000000000e+00	1.3505515995546530e-07
2.0490165418413399e-02	0.0000000000000000e+00	1.3435665080702929e-07
2.0507618710933401e-02	0.0000000000000000e+00	1.3026285426379272e-07
2.0525072003453299e-02	0.0000000000000000e+00	1.2288556791571713e-07
2.0542525295973300e-02	0.0000000000000000e+00	1.1242376602196865e-07
2.0559978588493202e-02	0.0000000000000000e+00	9.9156963825589134e-08
2.0577431881013099e-02	0.0000000000000000e+00	8.3436147098894337e-08
2.0594885173533101e-02	0.0000000000000000e+00	6.5672571167724158e-08
2.0612338466052999e-02	0.0000000000000000e+00	4.6325242300095902e-08
2.0629791758573001e-02	0.0000000000000000e+00	2.5887592803860448e-08
2.0647245051092899e-02	0.0000000000000000e+00	4.8736771454548940e-09
2.0664698343612901e-02	0.0000000000000000e+00	1.6195474102581877e-08
2.0682151636132799e-02	0.0000000000000000e+00	3.6804959662626358e-08
2.0699604928652700e-02	0.0000000000000000e+00	5.6458197239011616e-08
2.0717058221172702e-02	0.0000000000000000e+00	7.4688053947028648e-08
2.0734511513692599e-02	0.0000000000000000e+00	9.1066706803990964e-08
2.0751964806212601e-02	0.0000000000000000e+00	1.0521414718753398e-07
2.0769418098732499e-02	0.0000000000000000e+00	1.1680531765944565e-07
2.0786871391252501e-02	0.0000000000000000e+00	1.2557592044732828e-07
2.0804324683772399e-02	0.0000000000000000e+00	1.3132696105359917e-07
2.0821777976292300e-02	0.0000000000000000e+00	1.3392803482965220e-07
2.0839231268812299e-02	0.0000000000000000e+00	1.3331951228172963e-07
2.0856684561332200e-02	0.0000000000000000e+00	1.2951356067110192e-07
2.0874137853852202e-02	0.0000000000000000e+00	1.2259410071101776e-07
2.0891591146372099e-02	0.0000000000000000e+00	1.1271563550011606e-07
2.0909044438892101e-02	0.0000000000000000e+00	1.0010089691667766e-07
2.0926497731411999e-02	0.0000000000000000e+00	8.5037345564096285e-08
2.0943951023932001e-02	0.0000000000000000e+00	6.7872263597582262e-08
