0.0000000000000000e+00	0.0000000000000000e+00	2.0035524913811310e-09
1.7453292519943300e-05	0.0000000000000000e+00	2.0052096322890265e-09
3.4906585039886600e-05	0.0000000000000000e+00	2.0068798168768233e-09
5.2359877559829903e-05	0.0000000000000000e+00	2.0085553363797852e-09
6.9813170079773199e-05	0.0000000000000000e+00	2.0101931512113488e-09
8.7266462599716496e-05	0.0000000000000000e+00	2.0116566813844321e-09
1.0471975511966000e-04	0.0000000000000000e+00	2.0126430552929426e-09
1.2217304763960301e-04	0.0000000000000000e+00	2.0126340308164780e-09
1.3962634015954599e-04	0.0000000000000000e+00	2.0109168332584601e-09
1.5707963267949001e-04	0.0000000000000000e+00	2.0067086679380183e-09
1.7453292519943299e-04	0.0000000000000000e+00	1.9993867561220074e-09
1.9198621771937600e-04	0.0000000000000000e+00	1.9887833377681946e-09
2.0943951023931999e-04	0.0000000000000000e+00	1.9754641229671914e-09
2.2689280275926300e-04	0.0000000000000000e+00	1.9608834532216429e-09
2.4434609527920601e-04	0.0000000000000000e+00	1.9473102652823687e-09
2.6179938779914903e-04	0.0000000000000000e+00	1.9374506208200764e-09
2.7925268031909301e-04	0.0000000000000000e+00	1.9337520004659034e-09
2.9670597283903603e-04	0.0000000000000000e+00	1.9374530517537254e-09
3.1415926535897898e-04	0.0000000000000000e+00	1.9475225852542043e-09
3.3161255787892303e-04	0.0000000000000000e+00	1.9596969403341055e-09
3.4906585039886598e-04	0.0000000000000000e+00	1.9658584031655941e-09
3.6651914291880900e-04	0.0000000000000000e+00	1.9539868790763982e-09
3.8397243543875201e-04	0.0000000000000000e+00	1.9088569343925567e-09
4.0142572795869599e-04	0.0000000000000000e+00	1.8135475831515511e-09
4.1887902047863901e-04	0.0000000000000000e+00	1.6516968649169713e-09
4.3633231299858202e-04	0.0000000000000000e+00	1.4102798483739635e-09
4.5378560551852601e-04	0.0000000000000000e+00	1.0825536026506358e-09
4.7123889803846902e-04	0.0000000000000000e+00	6.7070713614323124e-10
4.8869219055841203e-04	0.0000000000000000e+00	1.8771142729228540e-10
5.0614548307835602e-04	0.0000000000000000e+00	3.4210784461466534e-10
5.2359877559829903e-04	0.0000000000000000e+00	8.8414519585290416e-10
5.4105206811824204e-04	0.0000000000000000e+00	1.3964256137851805e-09
5.5850536063818505e-04	0.0000000000000000e+00	1.8343010014414537e-09
5.7595865315812904e-04	0.0000000000000000e+00	2.1566122209869799e-09
5.9341194567807205e-04	0.0000000000000000e+00	2.3327320250976047e-09
6.1086523819801496e-04	0.0000000000000000e+00	2.3496741563445811e-09
6.2831853071795905e-04	0.0000000000000000e+00	2.2183071722245281e-09
6.4577182323790196e-04	0.0000000000000000e+00	1.9776684808411336e-09
6.6322511575784497e-04	0.0000000000000000e+00	1.6964620993510690e-09
6.8067840827778798e-04	0.0000000000000000e+00	1.4710395918416667e-09
6.9813170079773197e-04	0.0000000000000000e+00	1.4195118350946561e-09
7.1558499331767498e-04	0.0000000000000000e+00	1.6720694212490095e-09
7.3303828583761799e-04	0.0000000000000000e+00	2.3581132974930447e-09
7.5049157835756198e-04	0.0000000000000000e+00	3.5911855562695399e-09
7.6794487087750499e-04	0.0000000000000000e+00	5.4532491703975527e-09
7.8539816339744800e-04	0.0000000000000000e+00	7.9800552128981747e-09
8.0285145591739199e-04	0.0000000000000000e+00	1.1149502043013378e-08
8.2030474843733500e-04	0.0000000000000000e+00	1.4874736436082579e-08
8.3775804095727801e-04	0.0000000000000000e+00	1.9003556836668966e-08
8.5521133347722102e-04	0.0000000000000000e+00	2.3325043293022709e-08
8.7266462599716501e-04	0.0000000000000000e+00	2.7583737922761957e-08
8.9011791851710802e-04	0.0000000000000000e+00	3.1500793901695149e-08
9.0757121103705104e-04	0.0000000000000000e+00	3.4800796554239581e-08
9.2502450355699502e-04	0.0000000000000000e+00	3.7242278807491550e-08
9.4247779607693804e-04	0.0000000000000000e+00	3.8648691029032625e-08
9.5993108859688105e-04	0.0000000000000000e+00	3.8937243913044688e-08
9.7738438111682406e-04	0.0000000000000000e+00	3.8141759932587792e-08
9.9483767363676805e-04	0.0000000000000000e+00	3.6426486069721950e-08
1.0122909661567101e-03	0.0000000000000000e+00	3.4088374835109682e-08
1.0297442586766500e-03	0.0000000000000000e+00	3.1545483036719541e-08
1.0471975511966000e-03	0.0000000000000000e+00	2.9311371599983827e-08
1.0646508437165401e-03	0.0000000000000000e+00	2.7956015249858504e-08
1.0821041362364800e-03	0.0000000000000000e+00	2.8055382239112436e-08
1.0995574287564300e-03	0.0000000000000000e+00	3.0133533807593370e-08
1.1170107212763701e-03	0.0000000000000000e+00	3.4602345804855989e-08
1.1344640137963100e-03	0.0000000000000000e+00	4.1704859361237681e-08
1.1519173063162600e-03	0.0000000000000000e+00	5.1468791430635427e-08
1.1693705988361999e-03	0.0000000000000000e+00	6.3676527098824393e-08
1.1868238913561400e-03	0.0000000000000000e+00	7.7856959155002613e-08
1.2042771838760900e-03	0.0000000000000000e+00	9.3302847635068510e-08
1.2217304763960299e-03	0.0000000000000000e+00	1.0911504877290483e-07
1.2391837689159700e-03	0.0000000000000000e+00	1.2427212982833036e-07
1.2566370614359201e-03	0.0000000000000000e+00	1.3772090017442486e-07
1.2740903539558599e-03	0.0000000000000000e+00	1.4848052949486481e-07
1.2915436464758000e-03	0.0000000000000000e+00	1.5575058981611224e-07
1.3089969389957501e-03	0.0000000000000000e+00	1.5901188003682294e-07
1.3264502315156899e-03	0.0000000000000000e+00	1.5810853487714513e-07
1.3439035240356300e-03	0.0000000000000000e+00	1.5330079111075643e-07
1.3613568165555801e-03	0.0000000000000000e+00	1.4528030571211233e-07
1.3788101090755199e-03	0.0000000000000000e+00	1.3514254632807868e-07
1.3962634015954600e-03	0.0000000000000000e+00	1.2431553378647783e-07
1.4137166941154101e-03	0.0000000000000000e+00	1.1444863510535678e-07
1.4311699866353500e-03	0.0000000000000000e+00	1.0726902577189335e-07
1.4486232791552900e-03	0.0000000000000000e+00	1.0441820604727326e-07
1.4660765716752401e-03	0.0000000000000000e+00	1.0728279306458017e-07
1.4835298641951800e-03	0.0000000000000000e+00	1.1683617932316584e-07
1.5009831567151201e-03	0.0000000000000000e+00	1.3350731813690331e-07
1.5184364492350699e-03	0.0000000000000000e+00	1.5709163773412030e-07
1.5358897417550100e-03	0.0000000000000000e+00	1.8671614440238245e-07
1.5533430342749501e-03	0.0000000000000000e+00	2.2086660662653650e-07
1.5707963267948999e-03	0.0000000000000000e+00	2.5747956363831323e-07
1.5882496193148400e-03	0.0000000000000000e+00	2.9409607482425937e-07
1.6057029118347801e-03	0.0000000000000000e+00	3.2806804484931347e-07
1.6231562043547299e-03	0.0000000000000000e+00	3.5680207516767062e-07
1.6406094968746700e-03	0.0000000000000000e+00	3.7802062860816552e-07
1.6580627893946101e-03	0.0000000000000000e+00	3.9001649725769087e-07
1.6755160819145599e-03	0.0000000000000000e+00	3.9187448298503434e-07
1.6929693744345000e-03	0.0000000000000000e+00	3.8363443983781809e-07
1.7104226669544401e-03	0.0000000000000000e+00	3.6637308314161918e-07
1.7278759594743899e-03	0.0000000000000000e+00	3.4218797312567574e-07
1.7453292519943300e-03	0.0000000000000000e+00	3.1407537614579176e-07
1.7627825445142699e-03	0.0000000000000000e+00	2.8570345344301475e-07
1.7802358370342200e-03	0.0000000000000000e+00	2.6109481652823173e-07
1.7976891295541600e-03	0.0000000000000000e+00	2.4424487804037614e-07
1.8151424220740999e-03	0.0000000000000000e+00	2.3870958482277607e-07
1.8325957145940500e-03	0.0000000000000000e+00	2.4720446381426938e-07
1.8500490071139900e-03	0.0000000000000000e+00	2.7125977351936114e-07
1.8675022996339299e-03	0.0000000000000000e+00	3.1097359753705850e-07
1.8849555921538800e-03	0.0000000000000000e+00	3.6489730736174667e-07
1.9024088846738201e-03	0.0000000000000000e+00	4.3007568363878784e-07
1.9198621771937599e-03	0.0000000000000000e+00	5.0224823007784908e-07
1.9373154697137100e-03	0.0000000000000000e+00	5.7620053565254234e-07
1.9547687622336499e-03	0.0000000000000000e+00	6.4623718746923164e-07
1.9722220547535902e-03	0.0000000000000000e+00	7.0673265679818586e-07
1.9896753472735400e-03	0.0000000000000000e+00	7.5270584819028695e-07
2.0071286397934799e-03	0.0000000000000000e+00	7.8035887825896051e-07
2.0245819323134202e-03	0.0000000000000000e+00	7.8752249359381090e-07
2.0420352248333700e-03	0.0000000000000000e+00	7.7395799633440830e-07
2.0594885173533099e-03	0.0000000000000000e+00	7.4147906032739292e-07
2.0769418098732502e-03	0.0000000000000000e+00	6.9387528646507664e-07
2.0943951023932000e-03	0.0000000000000000e+00	6.3663764330487896e-07
2.1118483949131399e-03	0.0000000000000000e+00	5.7650609078063782e-07
2.1293016874330802e-03	0.0000000000000000e+00	5.2087514513168229e-07
2.1467549799530201e-03	0.0000000000000000e+00	4.7711212100114051e-07
2.1642082724729699e-03	0.0000000000000000e+00	4.5184570594450256e-07
2.1816615649929102e-03	0.0000000000000000e+00	4.5028999617158619e-07
2.1991148575128501e-03	0.0000000000000000e+00	4.7566804983218715e-07
2.2165681500327999e-03	0.0000000000000000e+00	5.2879225281861603e-07
2.2340214425527402e-03	0.0000000000000000e+00	6.0784842682002990e-07
2.2514747350726801e-03	0.0000000000000000e+00	7.0841606051377989e-07
2.2689280275926299e-03	0.0000000000000000e+00	8.2373853182061077e-07
2.2863813201125698e-03	0.0000000000000000e+00	9.4523586702327027e-07
2.3038346126325101e-03	0.0000000000000000e+00	1.0632296869708134e-06
2.3212879051524599e-03	0.0000000000000000e+00	1.1678269036337834e-06
2.3387411976723998e-03	0.0000000000000000e+00	1.2498878016892087e-06
2.3561944901923401e-03	0.0000000000000000e+00	1.3019882210420424e-06
2.3736477827122899e-03	0.0000000000000000e+00	1.3192773133275533e-06
2.3911010752322298e-03	0.0000000000000000e+00	1.3001326934582869e-06
2.4085543677521701e-03	0.0000000000000000e+00	1.2465285239127137e-06
2.4260076602721200e-03	0.0000000000000000e+00	1.1640545581411569e-06
2.4434609527920598e-03	0.0000000000000000e+00	1.0615616377549992e-06
2.4609142453120001e-03	0.0000000000000000e+00	9.5043988026419505e-07
2.4783675378319500e-03	0.0000000000000000e+00	8.4358356862263747e-07
2.4958208303518898e-03	0.0000000000000000e+00	7.5414385611368406e-07
2.5132741228718301e-03	0.0000000000000000e+00	6.9418380508260167e-07
2.5307274153917800e-03	0.0000000000000000e+00	6.7337868841735067e-07
2.5481807079117198e-03	0.0000000000000000e+00	6.9790735501480764e-07
2.5656340004316601e-03	0.0000000000000000e+00	7.6966226394312505e-07
2.5830872929516100e-03	0.0000000000000000e+00	8.8587731590849211e-07
2.6005405854715499e-03	0.0000000000000000e+00	1.0392293769978338e-06
2.6179938779914902e-03	0.0000000000000000e+00	1.2184183756307978e-06
2.6354471705114400e-03	0.0000000000000000e+00	1.4091780212131645e-06
2.6529004630313799e-03	0.0000000000000000e+00	1.5956208112152737e-06
2.6703537555513202e-03	0.0000000000000000e+00	1.7617832481537011e-06
2.6878070480712700e-03	0.0000000000000000e+00	1.8932134445789189e-06
2.7052603405912099e-03	0.0000000000000000e+00	1.9784386382024571e-06
2.7227136331111502e-03	0.0000000000000000e+00	2.0101641294880511e-06
2.7401669256311000e-03	0.0000000000000000e+00	1.9860781456272264e-06
2.7576202181510399e-03	0.0000000000000000e+00	1.9091861552219757e-06
2.7750735106709802e-03	0.0000000000000000e+00	1.7876376215308784e-06
2.7925268031909300e-03	0.0000000000000000e+00	1.6340636649446161e-06
2.8099800957108699e-03	0.0000000000000000e+00	1.4644818473358537e-06
2.8274333882308102e-03	0.0000000000000000e+00	1.2968663516207852e-06
2.8448866807507600e-03	0.0000000000000000e+00	1.1495116108471756e-06
2.8623399732706999e-03	0.0000000000000000e+00	1.0393251912212706e-06
2.8797932657906402e-03	0.0000000000000000e+00	9.8019922274518050e-07
2.8972465583105901e-03	0.0000000000000000e+00	9.8160425261122365e-07
2.9146998508305299e-03	0.0000000000000000e+00	1.0475351953424885e-06
2.9321531433504698e-03	0.0000000000000000e+00	1.1759186450270271e-06
2.9496064358704201e-03	0.0000000000000000e+00	1.3585590788823470e-06
2.9670597283903599e-03	0.0000000000000000e+00	1.5816619789382071e-06
2.9845130209102998e-03	0.0000000000000000e+00	1.8269224917682779e-06
3.0019663134302501e-03	0.0000000000000000e+00	2.0731143811153854e-06
3.0194196059501899e-03	0.0000000000000000e+00	2.2980583477438672e-06
3.0368728984701298e-03	0.0000000000000000e+00	2.4807979477238107e-06
3.0543261909900801e-03	0.0000000000000000e+00	2.6037731080173191e-06
3.0717794835100200e-03	0.0000000000000000e+00	2.6547638277478273e-06
3.0892327760299598e-03	0.0000000000000000e+00	2.6283821819341860e-06
3.1066860685499101e-03	0.0000000000000000e+00	2.5269199080831999e-06
3.1241393610698500e-03	0.0000000000000000e+00	2.3604327436553890e-06
3.1415926535897898e-03	0.0000000000000000e+00	2.1460020479400056e-06
3.1590459461097401e-03	0.0000000000000000e+00	1.9062297402141655e-06
3.1764992386296800e-03	0.0000000000000000e+00	1.6670793613471345e-06
3.1939525311496198e-03	0.0000000000000000e+00	1.4552896128454785e-06
3.2114058236695701e-03	0.0000000000000000e+00	1.2956306970902615e-06
3.2288591161895100e-03	0.0000000000000000e+00	1.2082845872962396e-06
3.2463124087094499e-03	0.0000000000000000e+00	1.2066451923880657e-06
3.2637657012294001e-03	0.0000000000000000e+00	1.2957848379008222e-06
3.2812189937493400e-03	0.0000000000000000e+00	1.4717616048082256e-06
3.2986722862692799e-03	0.0000000000000000e+00	1.7218539563133683e-06
3.3161255787892301e-03	0.0000000000000000e+00	2.0257068302001610e-06
3.3335788713091700e-03	0.0000000000000000e+00	2.3572734237987433e-06
3.3510321638291099e-03	0.0000000000000000e+00	2.6873511585353032e-06
3.3684854563490602e-03	0.0000000000000000e+00	2.9864487930533785e-06
3.3859387488690000e-03	0.0000000000000000e+00	3.2276874992125723e-06
3.4033920413889399e-03	0.0000000000000000e+00	3.3894438887470755e-06
3.4208453339088902e-03	0.0000000000000000e+00	3.4574765232728920e-06
3.4382986264288300e-03	0.0000000000000000e+00	3.4263327975491086e-06
3.4557519189487699e-03	0.0000000000000000e+00	3.2999117906815182e-06
3.4732052114687202e-03	0.0000000000000000e+00	3.0911539144855702e-06
3.4906585039886600e-03	0.0000000000000000e+00	2.8208895679044736e-06
3.5081117965085999e-03	0.0000000000000000e+00	2.5159706626664208e-06
3.5255650890285502e-03	0.0000000000000000e+00	2.2068439314453759e-06
3.5430183815484901e-03	0.0000000000000000e+00	1.9247947956457742e-06
3.5604716740684299e-03	0.0000000000000000e+00	1.6990738179835401e-06
3.5779249665883698e-03	0.0000000000000000e+00	1.5541514610687315e-06
3.5953782591083201e-03	0.0000000000000000e+00	1.5073357176068360e-06
3.6128315516282599e-03	0.0000000000000000e+00	1.5669619696467166e-06
3.6302848441482102e-03	0.0000000000000000e+00	1.7313376665031516e-06
3.6477381366681501e-03	0.0000000000000000e+00	1.9885800983411662e-06
3.6651914291880900e-03	0.0000000000000000e+00	2.3174091573803772e-06
3.6826447217080398e-03	0.0000000000000000e+00	2.6888858882352937e-06
3.7000980142279801e-03	0.0000000000000000e+00	3.0689875481200846e-06
3.7175513067479200e-03	0.0000000000000000e+00	3.4218161572902147e-06
3.7350045992678598e-03	0.0000000000000000e+00	3.7131516175657854e-06
3.7524578917878101e-03	0.0000000000000000e+00	3.9139911684388353e-06
3.7699111843077500e-03	0.0000000000000000e+00	4.0037028397365190e-06
3.7873644768276998e-03	0.0000000000000000e+00	3.9724210512935381e-06
3.8048177693476401e-03	0.0000000000000000e+00	3.8223979517909948e-06
3.8222710618675800e-03	0.0000000000000000e+00	3.5681072034565628e-06
3.8397243543875199e-03	0.0000000000000000e+00	3.2350581805258470e-06
3.8571776469074701e-03	0.0000000000000000e+00	2.8574028759323350e-06
3.8746309394274100e-03	0.0000000000000000e+00	2.4745642855241189e-06
3.8920842319473499e-03	0.0000000000000000e+00	2.1272455758785730e-06
3.9095375244672997e-03	0.0000000000000000e+00	1.8532361749391307e-06
3.9269908169872400e-03	0.0000000000000000e+00	1.6834777748489819e-06
3.9444441095071803e-03	0.0000000000000000e+00	1.6388022896108812e-06
3.9618974020271302e-03	0.0000000000000000e+00	1.7277039392563242e-06
3.9793506945470696e-03	0.0000000000000000e+00	1.9453837184190137e-06
3.9968039870670099e-03	0.0000000000000000e+00	2.2741641365416950e-06
4.0142572795869597e-03	0.0000000000000000e+00	2.6852239632410689e-06
4.0317105721069000e-03	0.0000000000000000e+00	3.1414611828702649e-06
4.0491638646268403e-03	0.0000000000000000e+00	3.6011740822244423e-06
4.0666171571467902e-03	0.0000000000000000e+00	4.0221714104942942e-06
4.0840704496667296e-03	0.0000000000000000e+00	4.3658880177324692e-06
4.1015237421866699e-03	0.0000000000000000e+00	4.6010940964157759e-06
4.1189770347066198e-03	0.0000000000000000e+00	4.7068467496195432e-06
4.1364303272265601e-03	0.0000000000000000e+00	4.6744218643205759e-06
4.1538836197465004e-03	0.0000000000000000e+00	4.5080728187217538e-06
4.1713369122664502e-03	0.0000000000000000e+00	4.2245815320684941e-06
4.1887902047863896e-03	0.0000000000000000e+00	3.8516745357322510e-06
4.2062434973063299e-03	0.0000000000000000e+00	3.4254753851362381e-06
4.2236967898262798e-03	0.0000000000000000e+00	2.9872151093280148e-06
4.2411500823462201e-03	0.0000000000000000e+00	2.5795054488081447e-06
4.2586033748661604e-03	0.0000000000000000e+00	2.2424574423766630e-06
4.2760566673861102e-03	0.0000000000000000e+00	2.0099690836897313e-06
4.2935099599060497e-03	0.0000000000000000e+00	1.9064943275666944e-06
4.3109632524259900e-03	0.0000000000000000e+00	1.9445691332188561e-06
4.3284165449459398e-03	0.0000000000000000e+00	2.1233455763021962e-06
4.3458698374658801e-03	0.0000000000000000e+00	2.4283227418728428e-06
4.3633231299858204e-03	0.0000000000000000e+00	2.8323618633517792e-06
4.3807764225057702e-03	0.0000000000000000e+00	3.2979723779702869e-06
4.3982297150257097e-03	0.0000000000000000e+00	3.7807231067156465e-06
4.4156830075456500e-03	0.0000000000000000e+00	4.2334974794973084e-06
4.4331363000655998e-03	0.0000000000000000e+00	4.6111937839657378e-06
4.4505895925855401e-03	0.0000000000000000e+00	4.8754006008298344e-06
4.4680428851054804e-03	0.0000000000000000e+00	4.9985288826656815e-06
4.4854961776254303e-03	0.0000000000000000e+00	4.9669228999791633e-06
4.5029494701453697e-03	0.0000000000000000e+00	4.7825905876515915e-06
4.5204027626653100e-03	0.0000000000000000e+00	4.4632926426172188e-06
4.5378560551852598e-03	0.0000000000000000e+00	4.0409462675945214e-06
4.5553093477052001e-03	0.0000000000000000e+00	3.5585041945524612e-06
4.5727626402251396e-03	0.0000000000000000e+00	3.0656240787967491e-06
4.5902159327450903e-03	0.0000000000000000e+00	2.6135766363889810e-06
4.6076692252650297e-03	0.0000000000000000e+00	2.2499552392257652e-06
4.6251225177849700e-03	0.0000000000000000e+00	2.0137588908100030e-06
4.6425758103049199e-03	0.0000000000000000e+00	1.9313633640046552e-06
4.6600291028248602e-03	0.0000000000000000e+00	2.0138138850587447e-06
4.6774823953447996e-03	0.0000000000000000e+00	2.2557143821899676e-06
4.6949356878647503e-03	0.0000000000000000e+00	2.6358112055975840e-06
4.7123889803846897e-03	0.0000000000000000e+00	3.1191879365881217e-06
4.7298422729046300e-03	0.0000000000000000e+00	3.6608162082975975e-06
4.7472955654245799e-03	0.0000000000000000e+00	4.2100712396444829e-06
4.7647488579445202e-03	0.0000000000000000e+00	4.7157314775448609e-06
4.7822021504644596e-03	0.0000000000000000e+00	5.1309480026128950e-06
4.7996554429844103e-03	0.0000000000000000e+00	5.4176923570211156e-06
4.8171087355043498e-03	0.0000000000000000e+00	5.5502747213101828e-06
4.8345620280242901e-03	0.0000000000000000e+00	5.5176234364783146e-06
4.8520153205442399e-03	0.0000000000000000e+00	5.3241561932508696e-06
4.8694686130641802e-03	0.0000000000000000e+00	4.9892278158535477e-06
4.8869219055841196e-03	0.0000000000000000e+00	4.5452436774346914e-06
4.9043751981040704e-03	0.0000000000000000e+00	4.0346290602238033e-06
4.9218284906240098e-03	0.0000000000000000e+00	3.5059589491149670e-06
4.9392817831439501e-03	0.0000000000000000e+00	3.0095654797804000e-06
4.9567350756638999e-03	0.0000000000000000e+00	2.5929691757970509e-06
4.9741883681838402e-03	0.0000000000000000e+00	2.2965156585277449e-06
4.9916416607037797e-03	0.0000000000000000e+00	2.1495686046642870e-06
5.0090949532237304e-03	0.0000000000000000e+00	2.1675908915468346e-06
5.0265482457436698e-03	0.0000000000000000e+00	2.3504117404708544e-06
5.0440015382636101e-03	0.0000000000000000e+00	2.6818879953998837e-06
5.0614548307835600e-03	0.0000000000000000e+00	3.1310819573049514e-06
5.0789081233035003e-03	0.0000000000000000e+00	3.6549210186069975e-06
5.0963614158234397e-03	0.0000000000000000e+00	4.2021703453850761e-06
5.1138147083433904e-03	0.0000000000000000e+00	4.7183911886258695e-06
5.1312680008633298e-03	0.0000000000000000e+00	5.1513935241192268e-06
5.1487212933832701e-03	0.0000000000000000e+00	5.4566490815116901e-06
5.1661745859032200e-03	0.0000000000000000e+00	5.6020461408187920e-06
5.1836278784231603e-03	0.0000000000000000e+00	5.5714442841951215e-06
5.2010811709430997e-03	0.0000000000000000e+00	5.3666229491427214e-06
5.2185344634630504e-03	0.0000000000000000e+00	5.0073330480040420e-06
5.2359877559829899e-03	0.0000000000000000e+00	4.5294273565947475e-06
5.2534410485029302e-03	0.0000000000000000e+00	3.9812736304009826e-06
5.2708943410228696e-03	0.0000000000000000e+00	3.4188062159544820e-06
5.2883476335428203e-03	0.0000000000000000e+00	2.8997617037281272e-06
5.3058009260627597e-03	0.0000000000000000e+00	2.4777200874664065e-06
5.3232542185827000e-03	0.0000000000000000e+00	2.1966007363053948e-06
5.3407075111026499e-03	0.0000000000000000e+00	2.0861880473273926e-06
5.3581608036225902e-03	0.0000000000000000e+00	2.1591523641022331e-06
5.3756140961425296e-03	0.0000000000000000e+00	2.4098609648388822e-06
5.3930673886624803e-03	0.0000000000000000e+00	2.8150737975573969e-06
5.4105206811824198e-03	0.0000000000000000e+00	3.3364164424079231e-06
5.4279739737023601e-03	0.0000000000000000e+00	3.9243363815570525e-06
5.4454272662223099e-03	0.0000000000000000e+00	4.5231029737084300e-06
5.4628805587422502e-03	0.0000000000000000e+00	5.0763171928653658e-06
5.4803338512621896e-03	0.0000000000000000e+00	5.5323672772078292e-06
5.4977871437821403e-03	0.0000000000000000e+00	5.8492958793914690e-06
5.5152404363020798e-03	0.0000000000000000e+00	5.9986297286305592e-06
5.5326937288220201e-03	0.0000000000000000e+00	5.9678531716224122e-06
5.5501470213419699e-03	0.0000000000000000e+00	5.7613462254808111e-06
5.5676003138619102e-03	0.0000000000000000e+00	5.3997749770771610e-06
5.5850536063818497e-03	0.0000000000000000e+00	4.9180256524356956e-06
5.6025068989018004e-03	0.0000000000000000e+00	4.3619264822673378e-06
5.6199601914217398e-03	0.0000000000000000e+00	3.7840379943694149e-06
5.6374134839416801e-03	0.0000000000000000e+00	3.2388992521752726e-06
5.6548667764616299e-03	0.0000000000000000e+00	2.7780835191538840e-06
5.6723200689815702e-03	0.0000000000000000e+00	2.4454723084381791e-06
5.6897733615015097e-03	0.0000000000000000e+00	2.2731380299306382e-06
5.7072266540214604e-03	0.0000000000000000e+00	2.2781819336687067e-06
5.7246799465413998e-03	0.0000000000000000e+00	2.4608533171897786e-06
5.7421332390613401e-03	0.0000000000000000e+00	2.8041818827218914e-06
5.7595865315812900e-03	0.0000000000000000e+00	3.2752460904898655e-06
5.7770398241012303e-03	0.0000000000000000e+00	3.8280401231248387e-06
5.7944931166211697e-03	0.0000000000000000e+00	4.4077582833146430e-06
5.8119464091411204e-03	0.0000000000000000e+00	4.9561243903409185e-06
5.8293997016610598e-03	0.0000000000000000e+00	5.4172502861685351e-06
5.8468529941810002e-03	0.0000000000000000e+00	5.7434318822144918e-06
5.8643062867009500e-03	0.0000000000000000e+00	5.9002251494785833e-06
5.8817595792208903e-03	0.0000000000000000e+00	5.8702242124500306e-06
5.8992128717408297e-03	0.0000000000000000e+00	5.6551097040736969e-06
5.9166661642607796e-03	0.0000000000000000e+00	5.2756654219936865e-06
5.9341194567807199e-03	0.0000000000000000e+00	4.7697635876389278e-06
5.9515727493006602e-03	0.0000000000000000e+00	4.1885229582597048e-06
5.9690260418206100e-03	0.0000000000000000e+00	3.5910451029384159e-06
5.9864793343405503e-03	0.0000000000000000e+00	3.0383047597310167e-06
6.0039326268604898e-03	0.0000000000000000e+00	2.5868614876630387e-06
6.0213859193804396e-03	0.0000000000000000e+00	2.2830629797592061e-06
6.0388392119003799e-03	0.0000000000000000e+00	2.1583583274829177e-06
6.0562925044203202e-03	0.0000000000000000e+00	2.2261926185958937e-06
6.0737457969402700e-03	0.0000000000000000e+00	2.4807888232537336e-06
6.0911990894602103e-03	0.0000000000000000e+00	2.8979068445672284e-06
6.1086523819801498e-03	0.0000000000000000e+00	3.4374586366700670e-06
6.1261056745000996e-03	0.0000000000000000e+00	4.0476674406776491e-06
6.1435589670200399e-03	0.0000000000000000e+00	4.6703049032290501e-06
6.1610122595399802e-03	0.0000000000000000e+00	5.2464500532877571e-06
6.1784655520599301e-03	0.0000000000000000e+00	5.7221768207491551e-06
6.1959188445798704e-03	0.0000000000000000e+00	6.0536216596700656e-06
6.2133721370998098e-03	0.0000000000000000e+00	6.2109622794777736e-06
6.2308254296197596e-03	0.0000000000000000e+00	6.1809804281151824e-06
6.2482787221396999e-03	0.0000000000000000e+00	5.9680324964020997e-06
6.2657320146596402e-03	0.0000000000000000e+00	5.5934005603821000e-06
6.2831853071795901e-03	0.0000000000000000e+00	5.0931542720854884e-06
6.3006385996995304e-03	0.0000000000000000e+00	4.5147390355605253e-06
6.3180918922194698e-03	0.0000000000000000e+00	3.9126140588050603e-06
6.3355451847394197e-03	0.0000000000000000e+00	3.3433204239989092e-06
6.3529984772593600e-03	0.0000000000000000e+00	2.8603618761529351e-06
6.3704517697793003e-03	0.0000000000000000e+00	2.5093053075564792e-06
6.3879050622992501e-03	0.0000000000000000e+00	2.3235191380451253e-06
6.4053583548191904e-03	0.0000000000000000e+00	2.3209027696238201e-06
6.4228116473391298e-03	0.0000000000000000e+00	2.5019319381746537e-06
6.4402649398590797e-03	0.0000000000000000e+00	2.8492877030625550e-06
6.4577182323790200e-03	0.0000000000000000e+00	3.3291638296959382e-06
6.4751715248989603e-03	0.0000000000000000e+00	3.8942340422387188e-06
6.4926248174188997e-03	0.0000000000000000e+00	4.4880824235667249e-06
6.5100781099388504e-03	0.0000000000000000e+00	5.0506993111539596e-06
6.5275314024587899e-03	0.0000000000000000e+00	5.5245262195962220e-06
6.5449846949787302e-03	0.0000000000000000e+00	5.8604217635233013e-06
6.5624379874986800e-03	0.0000000000000000e+00	6.0228789873155245e-06
6.5798912800186203e-03	0.0000000000000000e+00	5.9938994783899692e-06
6.5973445725385597e-03	0.0000000000000000e+00	5.7750824443546241e-06
6.6147978650585096e-03	0.0000000000000000e+00	5.3876243731200213e-06
6.6322511575784499e-03	0.0000000000000000e+00	4.8702363486076908e-06
6.6497044500983902e-03	0.0000000000000000e+00	4.2751915702425317e-06
6.6671577426183400e-03	0.0000000000000000e+00	3.6629247260115478e-06
6.6846110351382803e-03	0.0000000000000000e+00	3.0957753019365162e-06
6.7020643276582198e-03	0.0000000000000000e+00	2.6315587049049374e-06
6.7195176201781696e-03	0.0000000000000000e+00	2.3176498573736029e-06
6.7369709126981099e-03	0.0000000000000000e+00	2.1862079955208929e-06
6.7544242052180502e-03	0.0000000000000000e+00	2.2510210391876440e-06
6.7718774977380001e-03	0.0000000000000000e+00	2.5062773238069874e-06
6.7893307902579404e-03	0.0000000000000000e+00	2.9273523262429208e-06
6.8067840827778798e-03	0.0000000000000000e+00	3.4734834280480944e-06
6.8242373752978296e-03	0.0000000000000000e+00	4.0920124631607897e-06
6.8416906678177699e-03	0.0000000000000000e+00	4.7237195243709939e-06
6.8591439603377102e-03	0.0000000000000000e+00	5.3086818579032957e-06
6.8765972528576601e-03	0.0000000000000000e+00	5.7920549621965225e-06
6.8940505453776004e-03	0.0000000000000000e+00	6.1292188339756114e-06
6.9115038378975398e-03	0.0000000000000000e+00	6.2898157074628754e-06
6.9289571304174897e-03	0.0000000000000000e+00	6.2603471343010830e-06
6.9464104229374300e-03	0.0000000000000000e+00	6.0451552459504958e-06
6.9638637154573703e-03	0.0000000000000000e+00	5.6657604225754859e-06
6.9813170079773201e-03	0.0000000000000000e+00	5.1586894093333645e-06
6.9987703004972604e-03	0.0000000000000000e+00	4.5720128093206992e-06
7.0162235930171998e-03	0.0000000000000000e+00	3.9609212405350873e-06
7.0336768855371497e-03	0.0000000000000000e+00	3.3827248152062099e-06
7.0511301780570900e-03	0.0000000000000000e+00	2.8916637142391636e-06
7.0685834705770303e-03	0.0000000000000000e+00	2.5339422921189727e-06
7.0860367630969801e-03	0.0000000000000000e+00	2.3434131961779378e-06
7.1034900556169204e-03	0.0000000000000000e+00	2.3382616626132787e-06
7.1209433481368599e-03	0.0000000000000000e+00	2.5190300362107732e-06
7.1383966406568097e-03	0.0000000000000000e+00	2.8682435071259211e-06
7.1558499331767500e-03	0.0000000000000000e+00	3.3517368159990451e-06
7.1733032256966903e-03	0.0000000000000000e+00	3.9216630455442963e-06
7.1907565182166401e-03	0.0000000000000000e+00	4.5209778120637350e-06
7.2082098107365796e-03	0.0000000000000000e+00	5.0890078225339303e-06
7.2256631032565199e-03	0.0000000000000000e+00	5.5675609708857656e-06
7.2431163957764697e-03	0.0000000000000000e+00	5.9069554862020521e-06
7.2605696882964100e-03	0.0000000000000000e+00	6.0712954870317180e-06
7.2780229808163503e-03	0.0000000000000000e+00	6.0423772696498034e-06
7.2954762733363002e-03	0.0000000000000000e+00	5.8217814292708906e-06
7.3129295658562396e-03	0.0000000000000000e+00	5.4308817225528300e-06
7.3303828583761799e-03	0.0000000000000000e+00	4.9087266650318956e-06
7.3478361508961297e-03	0.0000000000000000e+00	4.3080387373997948e-06
7.3652894434160700e-03	0.0000000000000000e+00	3.6897663880090563e-06
7.3827427359360103e-03	0.0000000000000000e+00	3.1167739488936845e-06
7.4001960284559602e-03	0.0000000000000000e+00	2.6473552901491401e-06
7.4176493209758996e-03	0.0000000000000000e+00	2.3292771270703677e-06
7.4351026134958399e-03	0.0000000000000000e+00	2.1949699655625450e-06
7.4525559060157898e-03	0.0000000000000000e+00	2.2583544681931958e-06
7.4700091985357301e-03	0.0000000000000000e+00	2.5136103961584896e-06
7.4874624910556704e-03	0.0000000000000000e+00	2.9359735397649493e-06
7.5049157835756202e-03	0.0000000000000000e+00	3.4844330610210547e-06
7.5223690760955596e-03	0.0000000000000000e+00	4.1060037152276166e-06
7.5398223686154999e-03	0.0000000000000000e+00	4.7410966970039315e-06
7.5572756611354498e-03	0.0000000000000000e+00	5.3294126912805303e-06
7.5747289536553901e-03	0.0000000000000000e+00	5.8157596947629759e-06
7.5921822461753304e-03	0.0000000000000000e+00	6.1552262402661253e-06
7.6096355386952802e-03	0.0000000000000000e+00	6.3172418587871209e-06
7.6270888312152197e-03	0.0000000000000000e+00	6.2881886354467088e-06
7.6445421237351600e-03	0.0000000000000000e+00	6.0723835774474821e-06
7.6619954162551098e-03	0.0000000000000000e+00	5.6914179184935951e-06
7.6794487087750501e-03	0.0000000000000000e+00	5.1819660960686321e-06
7.6969020012949904e-03	0.0000000000000000e+00	4.5923130418184179e-06
7.7143552938149403e-03	0.0000000000000000e+00	3.9779039879361898e-06
7.7318085863348797e-03	0.0000000000000000e+00	3.3963236320339721e-06
7.7492618788548200e-03	0.0000000000000000e+00	2.9020762938328286e-06
7.7667151713747698e-03	0.0000000000000000e+00	2.5416042967186811e-06
7.7841684638947101e-03	0.0000000000000000e+00	2.3489439047504806e-06
7.8016217564146496e-03	0.0000000000000000e+00	2.3423975009548980e-06
7.8190750489345994e-03	0.0000000000000000e+00	2.5225509259415004e-06
7.8365283414545406e-03	0.0000000000000000e+00	2.8718948166632677e-06
7.8539816339744800e-03	0.0000000000000000e+00	3.3561618952160702e-06
7.8714349264944194e-03	0.0000000000000000e+00	3.9273458115178632e-06
7.8888882190143693e-03	0.0000000000000000e+00	4.5282055480857014e-06
7.9063415115343105e-03	0.0000000000000000e+00	5.0978544213718437e-06
7.9237948040542603e-03	0.0000000000000000e+00	5.5778946128645961e-06
7.9412480965741997e-03	0.0000000000000000e+00	5.9184703992480359e-06
7.9587013890941392e-03	0.0000000000000000e+00	6.0835559054171596e-06
7.9761546816140907e-03	0.0000000000000000e+00	6.0548721339289993e-06
7.9936079741340302e-03	0.0000000000000000e+00	5.8339944477313912e-06
8.0110612666539696e-03	0.0000000000000000e+00	5.4423428947023829e-06
8.0285145591739195e-03	0.0000000000000000e+00	4.9190577579782418e-06
8.0459678516938606e-03	0.0000000000000000e+00	4.3169942421617591e-06
8.0634211442138001e-03	0.0000000000000000e+00	3.6972511858881873e-06
8.0808744367337395e-03	0.0000000000000000e+00	3.1228428042477324e-06
8.0983277292536893e-03	0.0000000000000000e+00	2.6521983423753469e-06
8.1157810217736305e-03	0.0000000000000000e+00	2.3331929143698606e-06
8.1332343142935803e-03	0.0000000000000000e+00	2.1983277185628226e-06
8.1506876068135198e-03	0.0000000000000000e+00	2.2615523492392478e-06
8.1681408993334592e-03	0.0000000000000000e+00	2.5170333388609711e-06
8.1855941918534108e-03	0.0000000000000000e+00	2.9399553341781880e-06
8.2030474843733502e-03	0.0000000000000000e+00	3.4892261888143350e-06
8.2205007768932897e-03	0.0000000000000000e+00	4.1117586201896155e-06
8.2379540694132308e-03	0.0000000000000000e+00	4.7478525899980892e-06
8.2554073619331807e-03	0.0000000000000000e+00	5.3370991617088818e-06
8.2728606544531201e-03	0.0000000000000000e+00	5.8242091050379890e-06
8.2903139469730595e-03	0.0000000000000000e+00	6.1641919122198649e-06
8.3077672394930094e-03	0.0000000000000000e+00	6.3264276957274407e-06
8.3252205320129506e-03	0.0000000000000000e+00	6.2972755810711805e-06
8.3426738245328900e-03	0.0000000000000000e+00	6.0810624079430609e-06
8.3601271170528398e-03	0.0000000000000000e+00	5.6994141188408824e-06
8.3775804095727793e-03	0.0000000000000000e+00	5.1890640632190772e-06
8.3950337020927204e-03	0.0000000000000000e+00	4.5983725503504036e-06
8.4124869946126703e-03	0.0000000000000000e+00	3.9828688939837916e-06
8.4299402871326097e-03	0.0000000000000000e+00	3.4002248280704862e-06
8.4473935796525491e-03	0.0000000000000000e+00	2.9050256762903516e-06
8.4648468721725007e-03	0.0000000000000000e+00	2.5437821992384538e-06
8.4823001646924402e-03	0.0000000000000000e+00	2.3505805705816114e-06
8.4997534572123796e-03	0.0000000000000000e+00	2.3437509419451525e-06
8.5172067497323294e-03	0.0000000000000000e+00	2.5238826932003732e-06
8.5346600422522706e-03	0.0000000000000000e+00	2.8734447232988739e-06
8.5521133347722100e-03	0.0000000000000000e+00	3.3581274356257775e-06
8.5695666272921599e-03	0.0000000000000000e+00	3.9298664011909592e-06
8.5870199198120993e-03	0.0000000000000000e+00	4.5313496320050879e-06
8.6044732123320405e-03	0.0000000000000000e+00	5.1016195656610941e-06
8.6219265048519903e-03	0.0000000000000000e+00	5.5822085898763990e-06
8.6393797973719298e-03	0.0000000000000000e+00	5.9232028641848511e-06
8.6568330898918692e-03	0.0000000000000000e+00	6.0885333513315429e-06
8.6742863824118208e-03	0.0000000000000000e+00	6.0598965923889564e-06
8.6917396749317602e-03	0.0000000000000000e+00	5.8388617701135568e-06
8.7091929674516996e-03	0.0000000000000000e+00	5.4468639039211038e-06
8.7266462599716495e-03	0.0000000000000000e+00	4.9230733675465243e-06
8.7440995524915906e-03	0.0000000000000000e+00	4.3203870242856700e-06
8.7615528450115301e-03	0.0000000000000000e+00	3.6999530181450503e-06
8.7790061375314799e-03	0.0000000000000000e+00	3.1248366122304624e-06
8.7964594300514194e-03	0.0000000000000000e+00	2.6535167936103604e-06
8.8139127225713605e-03	0.0000000000000000e+00	2.3339096733371234e-06
8.8313660150913104e-03	0.0000000000000000e+00	2.1985483114722795e-06
8.8488193076112498e-03	0.0000000000000000e+00	2.2614026857728803e-06
8.8662726001311892e-03	0.0000000000000000e+00	2.5166476892692581e-06
8.8837258926511408e-03	0.0000000000000000e+00	2.9394649484528902e-06
8.9011791851710802e-03	0.0000000000000000e+00	3.4887491152383357e-06
8.9186324776910197e-03	0.0000000000000000e+00	4.1113924178402982e-06
8.9360857702109695e-03	0.0000000000000000e+00	4.7476687910071111e-06
8.9535390627309107e-03	0.0000000000000000e+00	5.3371419442219224e-06
8.9709923552508501e-03	0.0000000000000000e+00	5.8244939650516960e-06
8.9884456477708000e-03	0.0000000000000000e+00	6.1647121192962015e-06
9.0058989402907394e-03	0.0000000000000000e+00	6.3271537852228795e-06
9.0233522328106806e-03	0.0000000000000000e+00	6.2981647467450806e-06
9.0408055253306304e-03	0.0000000000000000e+00	6.0820613601087821e-06
9.0582588178505698e-03	0.0000000000000000e+00	5.7004674375324824e-06
9.0757121103705093e-03	0.0000000000000000e+00	5.1901207260912912e-06
9.0931654028904609e-03	0.0000000000000000e+00	4.5993888284635329e-06
9.1106186954104003e-03	0.0000000000000000e+00	3.9838142109500537e-06
9.1280719879303397e-03	0.0000000000000000e+00	3.4010824634903202e-06
9.1455252804502896e-03	0.0000000000000000e+00	2.9057931861713355e-06
9.1629785729702307e-03	0.0000000000000000e+00	2.5444702732206813e-06
9.1804318654901702e-03	0.0000000000000000e+00	2.3512099849016922e-06
9.1978851580101200e-03	0.0000000000000000e+00	2.3443487569156689e-06
9.2153384505300594e-03	0.0000000000000000e+00	2.5244781344033103e-06
9.2327917430500006e-03	0.0000000000000000e+00	2.8740655472958506e-06
9.2502450355699505e-03	0.0000000000000000e+00	3.3587955736050164e-06
9.2676983280898899e-03	0.0000000000000000e+00	3.9305943119901937e-06
9.2851516206098293e-03	0.0000000000000000e+00	4.5321402144922690e-06
9.3026049131297792e-03	0.0000000000000000e+00	5.1024634684270637e-06
9.3200582056497203e-03	0.0000000000000000e+00	5.5830874150615062e-06
9.3375114981696598e-03	0.0000000000000000e+00	5.9240905445235470e-06
9.3549647906896096e-03	0.0000000000000000e+00	6.0893999219781093e-06
9.3724180832095508e-03	0.0000000000000000e+00	6.0607122485454746e-06
9.3898713757294902e-03	0.0000000000000000e+00	5.8396023078883469e-06
9.4073246682494296e-03	0.0000000000000000e+00	5.4475114842439291e-06
9.4247779607693795e-03	0.0000000000000000e+00	4.9236207264731227e-06
9.4422312532893207e-03	0.0000000000000000e+00	4.3208389689118463e-06
9.4596845458092705e-03	0.0000000000000000e+00	3.7003260665121456e-06
9.4771378383292099e-03	0.0000000000000000e+00	3.1251575202819085e-06
9.4945911308491494e-03	0.0000000000000000e+00	2.6538207765161225e-06
9.5120444233690905e-03	0.0000000000000000e+00	2.3342368935563722e-06
9.5294977158890404e-03	0.0000000000000000e+00	2.1989402092006654e-06
9.5469510084089798e-03	0.0000000000000000e+00	2.2618981360742843e-06
9.5644043009289192e-03	0.0000000000000000e+00	2.5172792527500097e-06
9.5818575934488708e-03	0.0000000000000000e+00	2.9402558398630593e-06
9.5993108859688103e-03	0.0000000000000000e+00	3.4897108112319233e-06
9.6167641784887497e-03	0.0000000000000000e+00	4.1125236646019400e-06
9.6342174710086995e-03	0.0000000000000000e+00	4.7489548630791188e-06
9.6516707635286407e-03	0.0000000000000000e+00	5.3385561485765353e-06
9.6691240560485905e-03	0.0000000000000000e+00	5.8259991751774228e-06
9.6865773485685300e-03	0.0000000000000000e+00	6.1662632532562056e-06
9.7040306410884694e-03	0.0000000000000000e+00	6.3287013066582525e-06
9.7214839336084106e-03	0.0000000000000000e+00	6.2996575228238495e-06
9.7389372261283604e-03	0.0000000000000000e+00	6.0834508064005999e-06
9.7563905186482999e-03	0.0000000000000000e+00	5.7017097351399479e-06
9.7738438111682393e-03	0.0000000000000000e+00	5.1911794298530547e-06
9.7912971036881909e-03	0.0000000000000000e+00	4.6002388735073781e-06
9.8087503962081303e-03	0.0000000000000000e+00	3.9844424967086112e-06
9.8262036887280697e-03	0.0000000000000000e+00	3.4014859411509342e-06
9.8436569812480196e-03	0.0000000000000000e+00	2.9059820063484325e-06
9.8611102737679607e-03	0.0000000000000000e+00	2.5444620676323267e-06
9.8785635662879106e-03	0.0000000000000000e+00	2.3510306247517449e-06
9.8960168588078500e-03	0.0000000000000000e+00	2.3440313982186028e-06
9.9134701513277895e-03	0.0000000000000000e+00	2.5240586612653779e-06
9.9309234438477306e-03	0.0000000000000000e+00	2.8735825110628546e-06
9.9483767363676805e-03	0.0000000000000000e+00	3.3582853074859524e-06
9.9658300288876199e-03	0.0000000000000000e+00	3.9300893111726225e-06
9.9832833214075593e-03	0.0000000000000000e+00	4.5316680214220156e-06
1.0000736613927501e-02	0.0000000000000000e+00	5.1020458844286178e-06
1.0018189906447501e-02	0.0000000000000000e+00	5.5827410016421068e-06
1.0035643198967400e-02	0.0000000000000000e+00	5.9238235509523937e-06
1.0053096491487300e-02	0.0000000000000000e+00	6.0892149597911836e-06
1.0070549784007300e-02	0.0000000000000000e+00	6.0606091869054419e-06
1.0088003076527199e-02	0.0000000000000000e+00	5.8395705021955163e-06
1.0105456369047200e-02	0.0000000000000000e+00	5.4475373754443371e-06
1.0122909661567101e-02	0.0000000000000000e+00	4.9236921618921593e-06
1.0140362954087099e-02	0.0000000000000000e+00	4.3209407011766247e-06
1.0157816246607001e-02	0.0000000000000000e+00	3.7004412896637735e-06
1.0175269539126900e-02	0.0000000000000000e+00	3.1252711334966863e-06
1.0192722831646900e-02	0.0000000000000000e+00	2.6539177621924895e-06
1.0210176124166800e-02	0.0000000000000000e+00	2.3343040599046844e-06
1.0227629416686800e-02	0.0000000000000000e+00	2.1989663896272660e-06
1.0245082709206699e-02	0.0000000000000000e+00	2.2618742434902023e-06
1.0262536001726700e-02	0.0000000000000000e+00	2.5171987281261540e-06
1.0279989294246601e-02	0.0000000000000000e+00	2.9401147282579136e-06
1.0297442586766500e-02	0.0000000000000000e+00	3.4895080951141797e-06
1.0314895879286501e-02	0.0000000000000000e+00	4.1122609794516553e-06
1.0332349171806400e-02	0.0000000000000000e+00	4.7486374414850267e-06
1.0349802464326400e-02	0.0000000000000000e+00	5.3381913939314563e-06
1.0367255756846300e-02	0.0000000000000000e+00	5.8255980479240155e-06
1.0384709049366300e-02	0.0000000000000000e+00	6.1658383939964243e-06
1.0402162341886199e-02	0.0000000000000000e+00	6.3282677882249886e-06
1.0419615634406101e-02	0.0000000000000000e+00	6.2992318961290695e-06
1.0437068926926101e-02	0.0000000000000000e+00	6.0830500329628370e-06
1.0454522219446000e-02	0.0000000000000000e+00	5.7013519245259226e-06
1.0471975511966001e-02	0.0000000000000000e+00	5.1908811335115298e-06
1.0489428804485900e-02	0.0000000000000000e+00	4.6000148254662966e-06
1.0506882097005900e-02	0.0000000000000000e+00	3.9843041865973376e-06
1.0524335389525800e-02	0.0000000000000000e+00	3.4014434727827202e-06
1.0541788682045699e-02	0.0000000000000000e+00	2.9060403585035144e-06
1.0559241974565699e-02	0.0000000000000000e+00	2.5446250104716441e-06
1.0576695267085601e-02	0.0000000000000000e+00	2.3512982917019659e-06
1.0594148559605601e-02	0.0000000000000000e+00	2.3443991269067864e-06
1.0611601852125500e-02	0.0000000000000000e+00	2.5245190878312045e-06
1.0629055144645501e-02	0.0000000000000000e+00	2.8741233838184218e-06
1.0646508437165400e-02	0.0000000000000000e+00	3.3588924524970744e-06
1.0663961729685400e-02	0.0000000000000000e+00	3.9307467757963874e-06
1.0681415022205300e-02	0.0000000000000000e+00	4.5323582345901388e-06
1.0698868314725199e-02	0.0000000000000000e+00	5.1027500194341812e-06
1.0716321607245199e-02	0.0000000000000000e+00	5.5834387578152714e-06
1.0733774899765101e-02	0.0000000000000000e+00	5.9244969615401242e-06
1.0751228192285101e-02	0.0000000000000000e+00	6.0898469489431019e-06
1.0768681484805000e-02	0.0000000000000000e+00	6.0611820565495861e-06
1.0786134777325001e-02	0.0000000000000000e+00	5.8400752611042538e-06
1.0803588069844900e-02	0.0000000000000000e+00	5.4479678344778496e-06
1.0821041362364800e-02	0.0000000000000000e+00	4.9240418304798011e-06
1.0838494654884800e-02	0.0000000000000000e+00	4.3212085460846640e-06
1.0855947947404699e-02	0.0000000000000000e+00	3.7006310369764699e-06
1.0873401239924699e-02	0.0000000000000000e+00	3.1253885592974503e-06
1.0890854532444601e-02	0.0000000000000000e+00	2.6539724908459622e-06
1.0908307824964599e-02	0.0000000000000000e+00	2.3343078121827408e-06
1.0925761117484500e-02	0.0000000000000000e+00	2.1989324949590655e-06
1.0943214410004400e-02	0.0000000000000000e+00	2.2618171491086002e-06
1.0960667702524400e-02	0.0000000000000000e+00	2.5171330027588887e-06
1.0978120995044300e-02	0.0000000000000000e+00	2.9400543802520356e-06
1.0995574287564300e-02	0.0000000000000000e+00	3.4894656665143912e-06
1.1013027580084199e-02	0.0000000000000000e+00	4.1122471411960305e-06
1.1030480872604199e-02	0.0000000000000000e+00	4.7486597153755147e-06
1.1047934165124101e-02	0.0000000000000000e+00	5.3382548661577368e-06
1.1065387457644000e-02	0.0000000000000000e+00	5.8257037150232502e-06
1.1082840750164000e-02	0.0000000000000000e+00	6.1659846783257236e-06
1.1100294042683900e-02	0.0000000000000000e+00	6.3284493732215318e-06
1.1117747335203900e-02	0.0000000000000000e+00	6.2994407155918598e-06
1.1135200627723800e-02	0.0000000000000000e+00	6.0832759424273129e-06
1.1152653920243800e-02	0.0000000000000000e+00	5.7015819885716253e-06
1.1170107212763699e-02	0.0000000000000000e+00	5.1911021440377737e-06
1.1187560505283699e-02	0.0000000000000000e+00	4.6002137695653715e-06
1.1205013797803601e-02	0.0000000000000000e+00	3.9844700864565540e-06
1.1222467090323500e-02	0.0000000000000000e+00	3.4015650244539677e-06
1.1239920382843500e-02	0.0000000000000000e+00	2.9061099198033981e-06
1.1257373675363400e-02	0.0000000000000000e+00	2.5446353896890038e-06
1.1274826967883400e-02	0.0000000000000000e+00	2.3512435101593431e-06
1.1292280260403300e-02	0.0000000000000000e+00	2.3442779892809039e-06
1.1309733552923300e-02	0.0000000000000000e+00	2.5243339008925375e-06
1.1327186845443199e-02	0.0000000000000000e+00	2.8738785982258404e-06
1.1344640137963101e-02	0.0000000000000000e+00	3.3585946147252492e-06
1.1362093430483101e-02	0.0000000000000000e+00	3.9304050780932826e-06
1.1379546723003000e-02	0.0000000000000000e+00	4.5319847795781033e-06
1.1397000015523000e-02	0.0000000000000000e+00	5.1023546032958333e-06
1.1414453308042900e-02	0.0000000000000000e+00	5.5830336281766337e-06
1.1431906600562900e-02	0.0000000000000000e+00	5.9240956359292571e-06
1.1449359893082800e-02	0.0000000000000000e+00	6.0894598680603312e-06
1.1466813185602699e-02	0.0000000000000000e+00	6.0608217768949080e-06
1.1484266478122699e-02	0.0000000000000000e+00	5.8397538714913583e-06
1.1501719770642601e-02	0.0000000000000000e+00	5.4476958310896095e-06
1.1519173063162601e-02	0.0000000000000000e+00	4.9238290148685516e-06
1.1536626355682500e-02	0.0000000000000000e+00	4.3210609306817044e-06
1.1554079648202500e-02	0.0000000000000000e+00	3.7005522579273902e-06
1.1571532940722400e-02	0.0000000000000000e+00	3.1253808143052722e-06
1.1588986233242300e-02	0.0000000000000000e+00	2.6540341061910082e-06
1.1606439525762300e-02	0.0000000000000000e+00	2.3344346723646562e-06
1.1623892818282199e-02	0.0000000000000000e+00	2.1991181216402699e-06
1.1641346110802199e-02	0.0000000000000000e+00	2.2620532067748964e-06
1.1658799403322101e-02	0.0000000000000000e+00	2.5174098082340151e-06
1.1676252695842101e-02	0.0000000000000000e+00	2.9403610659084682e-06
1.1693705988362000e-02	0.0000000000000000e+00	3.4897908586429269e-06
1.1711159280882000e-02	0.0000000000000000e+00	4.1125794582416924e-06
1.1728612573401900e-02	0.0000000000000000e+00	4.7489884903484483e-06
1.1746065865921800e-02	0.0000000000000000e+00	5.3385701658029450e-06
1.1763519158441800e-02	0.0000000000000000e+00	5.8259971468473517e-06
1.1780972450961699e-02	0.0000000000000000e+00	6.1662493174021581e-06
1.1798425743481699e-02	0.0000000000000000e+00	6.3286815964308194e-06
1.1815879036001601e-02	0.0000000000000000e+00	6.2996381600511965e-06
1.1833332328521601e-02	0.0000000000000000e+00	6.0834393536006251e-06
1.1850785621041500e-02	0.0000000000000000e+00	5.7017137632765563e-06
1.1868238913561400e-02	0.0000000000000000e+00	5.1912080758872790e-06
1.1885692206081400e-02	0.0000000000000000e+00	4.6002993033730531e-06
1.1903145498601300e-02	0.0000000000000000e+00	3.9845418629261782e-06
1.1920598791121300e-02	0.0000000000000000e+00	3.4016313537056101e-06
1.1938052083641199e-02	0.0000000000000000e+00	2.9061790609877697e-06
1.1955505376161199e-02	0.0000000000000000e+00	2.5447146287915528e-06
1.1972958668681101e-02	0.0000000000000000e+00	2.3513422995108308e-06
1.1990411961201000e-02	0.0000000000000000e+00	2.3444015719808009e-06
1.2007865253721000e-02	0.0000000000000000e+00	2.5244855683775974e-06
1.2025318546240900e-02	0.0000000000000000e+00	2.8740622407578861e-06
1.2042771838760900e-02	0.0000000000000000e+00	3.3588104289447637e-06
1.2060225131280800e-02	0.0000000000000000e+00	3.9306521699451727e-06
1.2077678423800800e-02	0.0000000000000000e+00	4.5322589259655690e-06
1.2095131716320699e-02	0.0000000000000000e+00	5.1026532964993846e-06
1.2112585008840600e-02	0.0000000000000000e+00	5.5833523182826462e-06
1.2130038301360601e-02	0.0000000000000000e+00	5.9244270765530074e-06
1.2147491593880500e-02	0.0000000000000000e+00	6.0897985976201920e-06
1.2164944886400500e-02	0.0000000000000000e+00	6.0611612344358741e-06
1.2182398178920400e-02	0.0000000000000000e+00	5.8400817232644836e-06
1.2199851471440400e-02	0.0000000000000000e+00	5.4480018047539317e-06
1.2217304763960300e-02	0.0000000000000000e+00	4.9241049630610019e-06
1.2234758056480201e-02	0.0000000000000000e+00	4.3212984396082429e-06
1.2252211349000199e-02	0.0000000000000000e+00	3.7007448163799031e-06
1.2269664641520101e-02	0.0000000000000000e+00	3.1255229773515358e-06
1.2287117934040101e-02	0.0000000000000000e+00	2.6541231981571367e-06
1.2304571226560000e-02	0.0000000000000000e+00	2.3344701223959511e-06
1.2322024519080000e-02	0.0000000000000000e+00	2.1991014162436616e-06
1.2339477811599900e-02	0.0000000000000000e+00	2.2619875714890277e-06
1.2356931104119900e-02	0.0000000000000000e+00	2.5173000615297121e-06
1.2374384396639800e-02	0.0000000000000000e+00	2.9402137454480178e-06
1.2391837689159701e-02	0.0000000000000000e+00	3.4896137674051448e-06
1.2409290981679699e-02	0.0000000000000000e+00	4.1123810835792840e-06
1.2426744274199601e-02	0.0000000000000000e+00	4.7487782304417058e-06
1.2444197566719601e-02	0.0000000000000000e+00	5.3383571982816354e-06
1.2461650859239500e-02	0.0000000000000000e+00	5.8257912758282424e-06
1.2479104151759500e-02	0.0000000000000000e+00	6.1660594060433008e-06
1.2496557444279400e-02	0.0000000000000000e+00	6.3285144316228758e-06
1.2514010736799299e-02	0.0000000000000000e+00	6.2995003853211335e-06
1.2531464029319300e-02	0.0000000000000000e+00	6.0833337695892519e-06
1.2548917321839201e-02	0.0000000000000000e+00	5.7016444085166832e-06
1.2566370614359199e-02	0.0000000000000000e+00	5.1911749972304440e-06
1.2583823906879101e-02	0.0000000000000000e+00	4.6003027310307766e-06
1.2601277199399101e-02	0.0000000000000000e+00	3.9845787769042992e-06
1.2618730491919000e-02	0.0000000000000000e+00	3.4016976194503635e-06
1.2636183784438900e-02	0.0000000000000000e+00	2.9062690637063045e-06
1.2653637076958900e-02	0.0000000000000000e+00	2.5448228840234867e-06
1.2671090369478799e-02	0.0000000000000000e+00	2.3514632116448063e-06
1.2688543661998800e-02	0.0000000000000000e+00	2.3445284763710027e-06
1.2705996954518701e-02	0.0000000000000000e+00	2.5246132746726619e-06
1.2723450247038699e-02	0.0000000000000000e+00	2.8741845279433650e-06
1.2740903539558601e-02	0.0000000000000000e+00	3.3589231426908172e-06
1.2758356832078500e-02	0.0000000000000000e+00	3.9307521600913608e-06
1.2775810124598500e-02	0.0000000000000000e+00	4.5323429993988005e-06
1.2793263417118400e-02	0.0000000000000000e+00	5.1027211248065611e-06
1.2810716709638400e-02	0.0000000000000000e+00	5.5834033020815787e-06
1.2828170002158299e-02	0.0000000000000000e+00	5.9244627611440571e-06
1.2845623294678300e-02	0.0000000000000000e+00	6.0898218166857808e-06
1.2863076587198201e-02	0.0000000000000000e+00	6.0611737728038070e-06
1.2880529879718199e-02	0.0000000000000000e+00	5.8400895304359824e-06
1.2897983172238101e-02	0.0000000000000000e+00	5.4480109976979646e-06
1.2915436464758000e-02	0.0000000000000000e+00	4.9241194631058672e-06
1.2932889757278000e-02	0.0000000000000000e+00	4.3213244121393544e-06
1.2950343049797900e-02	0.0000000000000000e+00	3.7007878151746867e-06
1.2967796342317900e-02	0.0000000000000000e+00	3.1255879385375757e-06
1.2985249634837799e-02	0.0000000000000000e+00	2.6542145152448901e-06
1.3002702927357800e-02	0.0000000000000000e+00	2.3345911242085518e-06
1.3020156219877701e-02	0.0000000000000000e+00	2.1992543289366403e-06
1.3037609512397600e-02	0.0000000000000000e+00	2.2621733863194000e-06
1.3055062804917601e-02	0.0000000000000000e+00	2.5175184305750585e-06
1.3072516097437500e-02	0.0000000000000000e+00	2.9404628635305824e-06
1.3089969389957500e-02	0.0000000000000000e+00	3.4898904782269373e-06
1.3107422682477400e-02	0.0000000000000000e+00	4.1126811838559569e-06
1.3124875974997400e-02	0.0000000000000000e+00	4.7490960327668359e-06
1.3142329267517299e-02	0.0000000000000000e+00	5.3386867076915596e-06
1.3159782560037201e-02	0.0000000000000000e+00	5.8261252194991600e-06
1.3177235852557199e-02	0.0000000000000000e+00	6.1663909487566551e-06
1.3194689145077100e-02	0.0000000000000000e+00	6.3288366618431453e-06
1.3212142437597101e-02	0.0000000000000000e+00	6.2998063336688073e-06
1.3229595730117000e-02	0.0000000000000000e+00	6.0836180666783232e-06
1.3247049022637000e-02	0.0000000000000000e+00	5.7019020391681207e-06
1.3264502315156900e-02	0.0000000000000000e+00	5.1914033031611512e-06
1.3281955607676799e-02	0.0000000000000000e+00	4.6004988493082114e-06
1.3299408900196799e-02	0.0000000000000000e+00	3.9847416959581377e-06
1.3316862192716701e-02	0.0000000000000000e+00	3.4018281725053588e-06
1.3334315485236699e-02	0.0000000000000000e+00	2.9063685607884002e-06
1.3351768777756600e-02	0.0000000000000000e+00	2.5448957427862655e-06
1.3369222070276601e-02	0.0000000000000000e+00	2.3515124757481168e-06
1.3386675362796500e-02	0.0000000000000000e+00	2.3445592486505903e-06
1.3404128655316400e-02	0.0000000000000000e+00	2.5246289065939750e-06
1.3421581947836400e-02	0.0000000000000000e+00	2.8741901246127044e-06
1.3439035240356299e-02	0.0000000000000000e+00	3.3589240415723575e-06
1.3456488532876299e-02	0.0000000000000000e+00	3.9307523220561991e-06
1.3473941825396201e-02	0.0000000000000000e+00	4.5323476089154331e-06
1.3491395117916199e-02	0.0000000000000000e+00	5.1027332842562845e-06
1.3508848410436100e-02	0.0000000000000000e+00	5.5834272100525906e-06
1.3526301702956101e-02	0.0000000000000000e+00	5.9244999090021025e-06
1.3543754995476000e-02	0.0000000000000000e+00	6.0898731574097774e-06
1.3561208287995900e-02	0.0000000000000000e+00	6.0612421290649915e-06
1.3578661580515900e-02	0.0000000000000000e+00	5.8401720693875419e-06
1.3596114873035799e-02	0.0000000000000000e+00	5.4481040644395710e-06
1.3613568165555799e-02	0.0000000000000000e+00	4.9242220898402620e-06
1.3631021458075701e-02	0.0000000000000000e+00	4.3214338385373856e-06
1.3648474750595699e-02	0.0000000000000000e+00	3.7008999078786457e-06
1.3665928043115600e-02	0.0000000000000000e+00	3.1256993018026924e-06
1.3683381335635500e-02	0.0000000000000000e+00	2.6543210708643896e-06
1.3700834628155500e-02	0.0000000000000000e+00	2.3346893183888828e-06
1.3718287920675400e-02	0.0000000000000000e+00	2.1993411564019070e-06
1.3735741213195400e-02	0.0000000000000000e+00	2.2622463297751905e-06
1.3753194505715299e-02	0.0000000000000000e+00	2.5175757004892426e-06
1.3770647798235299e-02	0.0000000000000000e+00	2.9405034410860155e-06
1.3788101090755201e-02	0.0000000000000000e+00	3.4899142573810731e-06
1.3805554383275100e-02	0.0000000000000000e+00	4.1126888259387616e-06
1.3823007675795100e-02	0.0000000000000000e+00	4.7490894892674264e-06
1.3840460968315000e-02	0.0000000000000000e+00	5.3386681890303356e-06
1.3857914260835000e-02	0.0000000000000000e+00	5.8260985030783999e-06
1.3875367553354900e-02	0.0000000000000000e+00	6.1663595476621738e-06
1.3892820845874900e-02	0.0000000000000000e+00	6.3288051597319060e-06
1.3910274138394799e-02	0.0000000000000000e+00	6.2997796549801411e-06
1.3927727430914701e-02	0.0000000000000000e+00	6.0836006392629707e-06
1.3945180723434701e-02	0.0000000000000000e+00	5.7018978729492261e-06
1.3962634015954600e-02	0.0000000000000000e+00	5.1914159237668683e-06
1.3980087308474600e-02	0.0000000000000000e+00	4.6005317530333296e-06
1.3997540600994500e-02	0.0000000000000000e+00	3.9847974721466423e-06
1.4014993893514500e-02	0.0000000000000000e+00	3.4019080559655677e-06
1.4032447186034400e-02	0.0000000000000000e+00	2.9064737601372440e-06
1.4049900478554400e-02	0.0000000000000000e+00	2.5450237999669383e-06
1.4067353771074299e-02	0.0000000000000000e+00	2.3516630188924548e-06
1.4084807063594201e-02	0.0000000000000000e+00	2.3447292941958699e-06
1.4102260356114201e-02	0.0000000000000000e+00	2.5248171544277086e-06
1.4119713648634100e-02	0.0000000000000000e+00	2.8743938664785545e-06
1.4137166941154100e-02	0.0000000000000000e+00	3.3591388655391496e-06
1.4154620233674000e-02	0.0000000000000000e+00	3.9309746868927465e-06
1.4172073526194000e-02	0.0000000000000000e+00	4.5325732105153472e-06
1.4189526818713900e-02	0.0000000000000000e+00	5.1029584720046445e-06
1.4206980111233799e-02	0.0000000000000000e+00	5.5836475953292631e-06
1.4224433403753799e-02	0.0000000000000000e+00	5.9247127473576876e-06
1.4241886696273701e-02	0.0000000000000000e+00	6.0900759599771771e-06
1.4259339988793701e-02	0.0000000000000000e+00	6.0614312128349901e-06
1.4276793281313600e-02	0.0000000000000000e+00	5.8403473025218270e-06
1.4294246573833600e-02	0.0000000000000000e+00	5.4482662146816714e-06
1.4311699866353500e-02	0.0000000000000000e+00	4.9243707158572469e-06
1.4329153158873400e-02	0.0000000000000000e+00	4.3215689483140771e-06
1.4346606451393400e-02	0.0000000000000000e+00	3.7010234196020377e-06
1.4364059743913299e-02	0.0000000000000000e+00	3.1258127434980062e-06
1.4381513036433299e-02	0.0000000000000000e+00	2.6544268424479598e-06
1.4398966328953201e-02	0.0000000000000000e+00	2.3347899315096446e-06
1.4416419621473201e-02	0.0000000000000000e+00	2.1994391042192935e-06
1.4433872913993100e-02	0.0000000000000000e+00	2.2623441782469782e-06
1.4451326206513000e-02	0.0000000000000000e+00	2.5176758773967393e-06
1.4468779499033000e-02	0.0000000000000000e+00	2.9406081760674749e-06
1.4486232791552900e-02	0.0000000000000000e+00	3.4900253485688801e-06
1.4503686084072900e-02	0.0000000000000000e+00	4.1128078736968497e-06
1.4521139376592799e-02	0.0000000000000000e+00	4.7492169171197870e-06
1.4538592669112799e-02	0.0000000000000000e+00	5.3388045751027610e-06
1.4556045961632701e-02	0.0000000000000000e+00	5.8262433128678935e-06
1.4573499254152701e-02	0.0000000000000000e+00	6.1665116888877399e-06
1.4590952546672600e-02	0.0000000000000000e+00	6.3289630420746561e-06
1.4608405839192500e-02	0.0000000000000000e+00	6.2999386777981219e-06
1.4625859131712500e-02	0.0000000000000000e+00	6.0837594921186084e-06
1.4643312424232400e-02	0.0000000000000000e+00	5.7020539555941122e-06
1.4660765716752400e-02	0.0000000000000000e+00	5.1915675343456205e-06
1.4678219009272299e-02	0.0000000000000000e+00	4.6006758622756243e-06
1.4695672301792299e-02	0.0000000000000000e+00	3.9849314064188963e-06
1.4713125594312201e-02	0.0000000000000000e+00	3.4020301470706544e-06
1.4730578886832100e-02	0.0000000000000000e+00	2.9065818033899206e-06
1.4748032179352100e-02	0.0000000000000000e+00	2.5451188407491059e-06
1.4765485471872000e-02	0.0000000000000000e+00	2.3517440728402915e-06
1.4782938764392000e-02	0.0000000000000000e+00	2.3447971932620875e-06
1.4800392056911900e-02	0.0000000000000000e+00	2.5248709825852931e-06
1.4817845349431900e-02	0.0000000000000000e+00	2.8744345422559265e-06
1.4835298641951799e-02	0.0000000000000000e+00	3.3591682196864766e-06
1.4852751934471701e-02	0.0000000000000000e+00	3.9309951044609335e-06
1.4870205226991701e-02	0.0000000000000000e+00	4.5325878431552040e-06
1.4887658519511600e-02	0.0000000000000000e+00	5.1029694781464780e-06
1.4905111812031600e-02	0.0000000000000000e+00	5.5836583908652988e-06
1.4922565104551500e-02	0.0000000000000000e+00	5.9247259378458138e-06
1.4940018397071500e-02	0.0000000000000000e+00	6.0900937140597618e-06
1.4957471689591400e-02	0.0000000000000000e+00	6.0614574266408277e-06
1.4974924982111301e-02	0.0000000000000000e+00	5.8403828003476506e-06
1.4992378274631299e-02	0.0000000000000000e+00	5.4483116663671284e-06
1.5009831567151201e-02	0.0000000000000000e+00	4.9244278797210442e-06
1.5027284859671201e-02	0.0000000000000000e+00	4.3216390250695887e-06
1.5044738152191100e-02	0.0000000000000000e+00	3.7011061730029009e-06
1.5062191444711100e-02	0.0000000000000000e+00	3.1259082332111218e-06
1.5079644737231000e-02	0.0000000000000000e+00	2.6545341149844916e-06
1.5097098029750899e-02	0.0000000000000000e+00	2.3349077741887570e-06
1.5114551322270900e-02	0.0000000000000000e+00	2.1995660959497268e-06
1.5132004614790801e-02	0.0000000000000000e+00	2.2624785256869643e-06
1.5149457907310799e-02	0.0000000000000000e+00	2.5178155745209911e-06
1.5166911199830701e-02	0.0000000000000000e+00	2.9407510618213159e-06
1.5184364492350701e-02	0.0000000000000000e+00	3.4901692233967734e-06
1.5201817784870600e-02	0.0000000000000000e+00	4.1129505137689846e-06
1.5219271077390600e-02	0.0000000000000000e+00	4.7493567833632825e-06
1.5236724369910500e-02	0.0000000000000000e+00	5.3389396490558711e-06
1.5254177662430399e-02	0.0000000000000000e+00	5.8263726200083120e-06
1.5271630954950400e-02	0.0000000000000000e+00	6.1666343209303280e-06
1.5289084247470301e-02	0.0000000000000000e+00	6.3290788996873189e-06
1.5306537539990299e-02	0.0000000000000000e+00	6.3000500274905643e-06
1.5323990832510201e-02	0.0000000000000000e+00	6.0838664456093763e-06
1.5341444125030201e-02	0.0000000000000000e+00	5.7021567755680802e-06
1.5358897417550100e-02	0.0000000000000000e+00	5.1916667742273485e-06
1.5376350710070000e-02	0.0000000000000000e+00	4.6007735337007051e-06
1.5393804002590000e-02	0.0000000000000000e+00	3.9850296260382500e-06
1.5411257295109899e-02	0.0000000000000000e+00	3.4021303177289805e-06
1.5428710587629900e-02	0.0000000000000000e+00	2.9066862949949072e-06
1.5446163880149801e-02	0.0000000000000000e+00	2.5452269801057667e-06
1.5463617172669799e-02	0.0000000000000000e+00	2.3518574422672811e-06
1.5481070465189701e-02	0.0000000000000000e+00	2.3449158374178959e-06
1.5498523757709600e-02	0.0000000000000000e+00	2.5249969936347516e-06
1.5515977050229600e-02	0.0000000000000000e+00	2.8745684802466026e-06
1.5533430342749500e-02	0.0000000000000000e+00	3.3593098051285492e-06
1.5550883635269500e-02	0.0000000000000000e+00	3.9311435788491842e-06
1.5568336927789399e-02	0.0000000000000000e+00	4.5327416510211642e-06
1.5585790220309400e-02	0.0000000000000000e+00	5.1031277762300307e-06
1.5603243512829299e-02	0.0000000000000000e+00	5.5838190119307362e-06
1.5620696805349200e-02	0.0000000000000000e+00	5.9248873711116566e-06
1.5638150097869199e-02	0.0000000000000000e+00	6.0902545609713531e-06
1.5655603390389100e-02	0.0000000000000000e+00	6.0616142575660544e-06
1.5673056682909099e-02	0.0000000000000000e+00	5.8405350296713322e-06
1.5690509975429000e-02	0.0000000000000000e+00	5.4484586100334790e-06
1.5707963267949002e-02	0.0000000000000000e+00	4.9245675641126316e-06
1.5725416560468899e-02	0.0000000000000000e+00	4.3217697443791347e-06
1.5742869852988801e-02	0.0000000000000000e+00	3.7012274807856345e-06
1.5760323145508799e-02	0.0000000000000000e+00	3.1260192281842450e-06
1.5777776438028700e-02	0.0000000000000000e+00	2.6546347609333243e-06
1.5795229730548699e-02	0.0000000000000000e+00	2.3349982375253510e-06
1.5812683023068600e-02	0.0000000000000000e+00	2.1996467397107402e-06
1.5830136315588599e-02	0.0000000000000000e+00	2.2625501232670320e-06
1.5847589608108500e-02	0.0000000000000000e+00	2.5178792197669068e-06
1.5865042900628502e-02	0.0000000000000000e+00	2.9408081507182983e-06
1.5882496193148399e-02	0.0000000000000000e+00	3.4902214210185273e-06
1.5899949485668301e-02	0.0000000000000000e+00	4.1129997018942287e-06
1.5917402778188299e-02	0.0000000000000000e+00	4.7494044963086487e-06
1.5934856070708200e-02	0.0000000000000000e+00	5.3389880952662425e-06
1.5952309363228199e-02	0.0000000000000000e+00	5.8264229945248818e-06
1.5969762655748100e-02	0.0000000000000000e+00	6.1666885145979420e-06
1.5987215948268099e-02	0.0000000000000000e+00	6.3291379321184297e-06
1.6004669240788000e-02	0.0000000000000000e+00	6.3001141822411478e-06
1.6022122533307901e-02	0.0000000000000000e+00	6.0839361852804769e-06
1.6039575825827899e-02	0.0000000000000000e+00	5.7022324606931819e-06
1.6057029118347801e-02	0.0000000000000000e+00	5.1917490637452132e-06
1.6074482410867799e-02	0.0000000000000000e+00	4.6008607326386880e-06
1.6091935703387700e-02	0.0000000000000000e+00	3.9851206655962782e-06
1.6109388995907699e-02	0.0000000000000000e+00	3.4022244696054688e-06
1.6126842288427600e-02	0.0000000000000000e+00	2.9067819181669715e-06
1.6144295580947501e-02	0.0000000000000000e+00	2.5453255503076446e-06
1.6161748873467500e-02	0.0000000000000000e+00	2.3519572218949714e-06
1.6179202165987401e-02	0.0000000000000000e+00	2.3450161477114046e-06
1.6196655458507399e-02	0.0000000000000000e+00	2.5250952602111237e-06
1.6214108751027301e-02	0.0000000000000000e+00	2.8746632801212167e-06
1.6231562043547299e-02	0.0000000000000000e+00	3.3594002368768917e-06
1.6249015336067200e-02	0.0000000000000000e+00	3.9312298375466423e-06
1.6266468628587199e-02	0.0000000000000000e+00	4.5328242646152745e-06
1.6283921921107100e-02	0.0000000000000000e+00	5.1032066528479017e-06
1.6301375213627001e-02	0.0000000000000000e+00	5.5838949532704498e-06
1.6318828506147000e-02	0.0000000000000000e+00	5.9249608507163824e-06
1.6336281798666901e-02	0.0000000000000000e+00	6.0903259753855896e-06
1.6353735091186899e-02	0.0000000000000000e+00	6.0616856279069635e-06
1.6371188383706801e-02	0.0000000000000000e+00	5.8406063772521407e-06
1.6388641676226799e-02	0.0000000000000000e+00	5.4485302651085638e-06
1.6406094968746700e-02	0.0000000000000000e+00	4.9246411166421525e-06
1.6423548261266602e-02	0.0000000000000000e+00	4.3218462813272388e-06
1.6441001553786600e-02	0.0000000000000000e+00	3.7013076906842851e-06
1.6458454846306501e-02	0.0000000000000000e+00	3.1261039682614270e-06
1.6475908138826500e-02	0.0000000000000000e+00	2.6547248246926494e-06
1.6493361431346401e-02	0.0000000000000000e+00	2.3350941322445234e-06
1.6510814723866400e-02	0.0000000000000000e+00	2.1997487282106097e-06
1.6528268016386301e-02	0.0000000000000000e+00	2.2626582006119245e-06
1.6545721308906199e-02	0.0000000000000000e+00	2.5179930944894186e-06
1.6563174601426200e-02	0.0000000000000000e+00	2.9409273194430806e-06
1.6580627893946102e-02	0.0000000000000000e+00	3.4903451475793903e-06
1.6598081186466100e-02	0.0000000000000000e+00	4.1131268225671476e-06
1.6615534478986001e-02	0.0000000000000000e+00	4.7495341105418447e-06
1.6632987771506000e-02	0.0000000000000000e+00	5.3391187500255286e-06
1.6650441064025901e-02	0.0000000000000000e+00	5.8265535156514339e-06
1.6667894356545799e-02	0.0000000000000000e+00	6.1668176574257941e-06
1.6685347649065801e-02	0.0000000000000000e+00	6.3292640517948090e-06
1.6702800941585699e-02	0.0000000000000000e+00	6.3002360144466767e-06
1.6720254234105700e-02	0.0000000000000000e+00	6.0840520409067949e-06
1.6737707526625598e-02	0.0000000000000000e+00	5.7023433430345689e-06
1.6755160819145600e-02	0.0000000000000000e+00	5.1918538529339852e-06
1.6772614111665501e-02	0.0000000000000000e+00	4.6009615494885625e-06
1.6790067404185399e-02	0.0000000000000000e+00	3.9852176731737989e-06
1.6807520696705401e-02	0.0000000000000000e+00	3.4023173925743896e-06
1.6824973989225299e-02	0.0000000000000000e+00	2.9068714893953267e-06
1.6842427281745301e-02	0.0000000000000000e+00	2.5454110960889929e-06
1.6859880574265199e-02	0.0000000000000000e+00	2.3520384018797186e-06
1.6877333866785200e-02	0.0000000000000000e+00	2.3450929818696153e-06
1.6894787159305098e-02	0.0000000000000000e+00	2.5251691268979396e-06
1.6912240451825100e-02	0.0000000000000000e+00	2.8747349324555609e-06
1.6929693744345001e-02	0.0000000000000000e+00	3.3594708618545375e-06
1.6947147036864899e-02	0.0000000000000000e+00	3.9313009826174010e-06
1.6964600329384901e-02	0.0000000000000000e+00	4.5328969379542788e-06
1.6982053621904799e-02	0.0000000000000000e+00	5.1032796932372529e-06
1.6999506914424801e-02	0.0000000000000000e+00	5.5839712602001858e-06
1.7016960206944699e-02	0.0000000000000000e+00	5.9250406750308526e-06
1.7034413499464700e-02	0.0000000000000000e+00	6.0904087780296220e-06
1.7051866791984598e-02	0.0000000000000000e+00	6.0617729768031257e-06
1.7069320084504500e-02	0.0000000000000000e+00	5.8406975810667083e-06
1.7086773377024501e-02	0.0000000000000000e+00	5.4486227405026350e-06
1.7104226669544399e-02	0.0000000000000000e+00	4.9247317957795785e-06
1.7121679962064401e-02	0.0000000000000000e+00	4.3219354303275934e-06
1.7139133254584299e-02	0.0000000000000000e+00	3.7013943601077478e-06
1.7156586547104301e-02	0.0000000000000000e+00	3.1261866933024172e-06
1.7174039839624199e-02	0.0000000000000000e+00	2.6548028721396340e-06
1.7191493132144100e-02	0.0000000000000000e+00	2.3351670256030784e-06
1.7208946424664098e-02	0.0000000000000000e+00	2.1998162181204183e-06
1.7226399717184000e-02	0.0000000000000000e+00	2.2627203595971161e-06
1.7243853009704001e-02	0.0000000000000000e+00	2.5180501962089175e-06
1.7261306302223899e-02	0.0000000000000000e+00	2.9409798281201821e-06
1.7278759594743901e-02	0.0000000000000000e+00	3.4903935068048406e-06
1.7296212887263799e-02	0.0000000000000000e+00	4.1131719328695895e-06
1.7313666179783700e-02	0.0000000000000000e+00	4.7495766927871451e-06
1.7331119472303699e-02	0.0000000000000000e+00	5.3391594795889332e-06
1.7348572764823600e-02	0.0000000000000000e+00	5.8265936798181829e-06
1.7366026057343598e-02	0.0000000000000000e+00	6.1668577664000000e-06
1.7383479349863500e-02	0.0000000000000000e+00	6.3293046898650096e-06
1.7400932642383501e-02	0.0000000000000000e+00	6.3002771341445071e-06
1.7418385934903399e-02	0.0000000000000000e+00	6.0840956489460411e-06
1.7435839227423401e-02	0.0000000000000000e+00	5.7023886964343410e-06
1.7453292519943299e-02	0.0000000000000000e+00	5.1919032122395541e-06
1.7470745812463200e-02	0.0000000000000000e+00	4.6010124769332918e-06
1.7488199104983199e-02	0.0000000000000000e+00	3.9852699429624710e-06
1.7505652397503100e-02	0.0000000000000000e+00	3.4023719646164005e-06
1.7523105690023098e-02	0.0000000000000000e+00	2.9069284229372890e-06
1.7540558982543000e-02	0.0000000000000000e+00	2.5454716211360287e-06
1.7558012275063001e-02	0.0000000000000000e+00	2.3521039834313927e-06
1.7575465567582899e-02	0.0000000000000000e+00	2.3451624595121880e-06
1.7592918860102801e-02	0.0000000000000000e+00	2.5252420281322417e-06
1.7610372152622799e-02	0.0000000000000000e+00	2.8748091634161179e-06
1.7627825445142700e-02	0.0000000000000000e+00	3.3595464940056739e-06
1.7645278737662699e-02	0.0000000000000000e+00	3.9313768563772745e-06
1.7662732030182600e-02	0.0000000000000000e+00	4.5329708049585440e-06
1.7680185322702598e-02	0.0000000000000000e+00	5.1033526258815137e-06
1.7697638615222500e-02	0.0000000000000000e+00	5.5840414102139575e-06
1.7715091907742401e-02	0.0000000000000000e+00	5.9251072369254248e-06
1.7732545200262399e-02	0.0000000000000000e+00	6.0904723292312860e-06
1.7749998492782301e-02	0.0000000000000000e+00	6.0618322944199062e-06
1.7767451785302299e-02	0.0000000000000000e+00	5.8407541917190848e-06
1.7784905077822200e-02	0.0000000000000000e+00	5.4486759521659888e-06
1.7802358370342199e-02	0.0000000000000000e+00	4.9247838086136393e-06
1.7819811662862100e-02	0.0000000000000000e+00	4.3219868262039229e-06
1.7837264955382001e-02	0.0000000000000000e+00	3.7014452505312064e-06
1.7854718247902000e-02	0.0000000000000000e+00	3.1262380779760439e-06
1.7872171540421901e-02	0.0000000000000000e+00	2.6548551922957457e-06
1.7889624832941899e-02	0.0000000000000000e+00	2.3352207071366577e-06
1.7907078125461801e-02	0.0000000000000000e+00	2.1998716475862849e-06
1.7924531417981799e-02	0.0000000000000000e+00	2.2627777552615558e-06
1.7941984710501700e-02	0.0000000000000000e+00	2.5181096545822722e-06
1.7959438003021699e-02	0.0000000000000000e+00	2.9410412942359456e-06
1.7976891295541600e-02	0.0000000000000000e+00	3.4904568377146496e-06
1.7994344588061501e-02	0.0000000000000000e+00	4.1132368121252338e-06
1.8011797880581500e-02	0.0000000000000000e+00	4.7496428189033398e-06
1.8029251173101401e-02	0.0000000000000000e+00	5.3392263421506716e-06
1.8046704465621399e-02	0.0000000000000000e+00	5.8266605600850621e-06
1.8064157758141301e-02	0.0000000000000000e+00	6.1669239612850598e-06
1.8081611050661299e-02	0.0000000000000000e+00	6.3293704107757703e-06
1.8099064343181200e-02	0.0000000000000000e+00	6.3003433748966907e-06
1.8116517635701102e-02	0.0000000000000000e+00	6.0841611831172052e-06
1.8133970928221100e-02	0.0000000000000000e+00	5.7024524548750254e-06
1.8151424220741001e-02	0.0000000000000000e+00	5.1919626906636304e-06
1.8168877513261000e-02	0.0000000000000000e+00	4.6010689375930647e-06
1.8186330805780901e-02	0.0000000000000000e+00	3.9853235816630554e-06
1.8203784098300899e-02	0.0000000000000000e+00	3.4024219303739205e-06
1.8221237390820801e-02	0.0000000000000000e+00	2.9069746519490076e-06
1.8238690683340698e-02	0.0000000000000000e+00	2.5455113853806000e-06
1.8256143975860700e-02	0.0000000000000000e+00	2.3521372810123759e-06
1.8273597268380602e-02	0.0000000000000000e+00	2.3451906938658600e-06
1.8291050560900600e-02	0.0000000000000000e+00	2.5252666044526542e-06
1.8308503853420501e-02	0.0000000000000000e+00	2.8748326114860896e-06
1.8325957145940500e-02	0.0000000000000000e+00	3.3595686115212596e-06
1.8343410438460401e-02	0.0000000000000000e+00	3.9313974198252060e-06
1.8360863730980299e-02	0.0000000000000000e+00	4.5329908290886066e-06
1.8378317023500301e-02	0.0000000000000000e+00	5.1033728576062895e-06
1.8395770316020198e-02	0.0000000000000000e+00	5.5840605215140438e-06
1.8413223608540200e-02	0.0000000000000000e+00	5.9251261485687570e-06
1.8430676901060102e-02	0.0000000000000000e+00	6.0904913912758170e-06
1.8448130193580100e-02	0.0000000000000000e+00	6.0618501353586054e-06
1.8465583486100001e-02	0.0000000000000000e+00	5.8407707608535778e-06
1.8483036778619899e-02	0.0000000000000000e+00	5.4486950092969503e-06
1.8500490071139901e-02	0.0000000000000000e+00	4.9248056121705029e-06
1.8517943363659799e-02	0.0000000000000000e+00	4.3220100845304553e-06
1.8535396656179801e-02	0.0000000000000000e+00	3.7014706634117436e-06
1.8552849948699698e-02	0.0000000000000000e+00	3.1262660193904666e-06
1.8570303241219700e-02	0.0000000000000000e+00	2.6548848966117543e-06
1.8587756533739602e-02	0.0000000000000000e+00	2.3352516306703236e-06
1.8605209826259600e-02	0.0000000000000000e+00	2.1999032663601881e-06
1.8622663118779501e-02	0.0000000000000000e+00	2.2628094223179574e-06
1.8640116411299399e-02	0.0000000000000000e+00	2.5181407928888224e-06
1.8657569703819401e-02	0.0000000000000000e+00	2.9410712095198692e-06
1.8675022996339299e-02	0.0000000000000000e+00	3.4904851628942530e-06
1.8692476288859301e-02	0.0000000000000000e+00	4.1132629656281430e-06
1.8709929581379198e-02	0.0000000000000000e+00	4.7496665889246779e-06
1.8727382873899200e-02	0.0000000000000000e+00	5.3392477503726143e-06
1.8744836166419102e-02	0.0000000000000000e+00	5.8266795596603974e-06
1.8762289458938999e-02	0.0000000000000000e+00	6.1669409211439455e-06
1.8779742751459001e-02	0.0000000000000000e+00	6.3293853376362060e-06
1.8797196043978899e-02	0.0000000000000000e+00	6.3003570723212042e-06
1.8814649336498901e-02	0.0000000000000000e+00	6.0841744849258658e-06
1.8832102629018799e-02	0.0000000000000000e+00	5.7024668484264905e-06
1.8849555921538801e-02	0.0000000000000000e+00	5.1919777248473308e-06
1.8867009214058698e-02	0.0000000000000000e+00	4.6010848674231515e-06
1.8884462506578600e-02	0.0000000000000000e+00	3.9853404778959228e-06
1.8901915799098602e-02	0.0000000000000000e+00	3.4024401473392611e-06
1.8919369091618499e-02	0.0000000000000000e+00	2.9069932546653725e-06
1.8936822384138501e-02	0.0000000000000000e+00	2.5455317797590853e-06
1.8954275676658399e-02	0.0000000000000000e+00	2.3521583399178384e-06
1.8971728969178401e-02	0.0000000000000000e+00	2.3452137821900850e-06
1.8989182261698299e-02	0.0000000000000000e+00	2.5252915831401741e-06
1.9006635554218200e-02	0.0000000000000000e+00	2.8748582857739170e-06
1.9024088846738198e-02	0.0000000000000000e+00	3.3595956082779265e-06
1.9041542139258100e-02	0.0000000000000000e+00	3.9314252018909808e-06
1.9058995431778102e-02	0.0000000000000000e+00	4.5330192741964599e-06
1.9076448724297999e-02	0.0000000000000000e+00	5.1034016576801510e-06
1.9093902016818001e-02	0.0000000000000000e+00	5.5840889641418312e-06
1.9111355309337899e-02	0.0000000000000000e+00	5.9251534036619504e-06
1.9128808601857800e-02	0.0000000000000000e+00	6.0905169516809981e-06
1.9146261894377799e-02	0.0000000000000000e+00	6.0618721297938346e-06
1.9163715186897700e-02	0.0000000000000000e+00	5.8407907622213121e-06
1.9181168479417698e-02	0.0000000000000000e+00	5.4487133432703228e-06
1.9198621771937600e-02	0.0000000000000000e+00	4.9248204938751082e-06
1.9216075064457602e-02	0.0000000000000000e+00	4.3220222388347729e-06
1.9233528356977499e-02	0.0000000000000000e+00	3.7014802597287000e-06
1.9250981649497501e-02	0.0000000000000000e+00	3.1262725153175996e-06
1.9268434942017399e-02	0.0000000000000000e+00	2.6548890226726441e-06
1.9285888234537300e-02	0.0000000000000000e+00	2.3352535730415787e-06
1.9303341527057299e-02	0.0000000000000000e+00	2.1999030770097476e-06
1.9320794819577200e-02	0.0000000000000000e+00	2.2628072755923623e-06
1.9338248112097198e-02	0.0000000000000000e+00	2.5181368066798417e-06
1.9355701404617100e-02	0.0000000000000000e+00	2.9410656608778214e-06
1.9373154697137102e-02	0.0000000000000000e+00	3.4904782766761278e-06
1.9390607989656999e-02	0.0000000000000000e+00	4.1132551072120098e-06
1.9408061282176901e-02	0.0000000000000000e+00	4.7496579308595285e-06
1.9425514574696899e-02	0.0000000000000000e+00	5.3392388740196383e-06
1.9442967867216800e-02	0.0000000000000000e+00	5.8266702324663696e-06
1.9460421159736799e-02	0.0000000000000000e+00	6.1669317381350788e-06
1.9477874452256700e-02	0.0000000000000000e+00	6.3293761457415622e-06
1.9495327744776698e-02	0.0000000000000000e+00	6.3003480527628911e-06
1.9512781037296600e-02	0.0000000000000000e+00	6.0841656896277756e-06
1.9530234329816501e-02	0.0000000000000000e+00	5.7024581067416132e-06
1.9547687622336499e-02	0.0000000000000000e+00	5.1919693942654213e-06
1.9565140914856401e-02	0.0000000000000000e+00	4.6010763094930522e-06
1.9582594207376399e-02	0.0000000000000000e+00	3.9853314607705433e-06
1.9600047499896300e-02	0.0000000000000000e+00	3.4024305108451895e-06
1.9617500792416299e-02	0.0000000000000000e+00	2.9069828910937506e-06
1.9634954084936200e-02	0.0000000000000000e+00	2.5455208296067069e-06
1.9652407377456101e-02	0.0000000000000000e+00	2.3521469596780936e-06
1.9669860669976100e-02	0.0000000000000000e+00	2.3452015859601759e-06
1.9687313962496001e-02	0.0000000000000000e+00	2.5252774541386940e-06
1.9704767255015999e-02	0.0000000000000000e+00	2.8748424161142598e-06
1.9722220547535901e-02	0.0000000000000000e+00	3.3595779833213260e-06
1.9739673840055899e-02	0.0000000000000000e+00	3.9314052077143682e-06
1.9757127132575800e-02	0.0000000000000000e+00	4.5329967002663190e-06
1.9774580425095799e-02	0.0000000000000000e+00	5.1033766607573971e-06
1.9792033717615700e-02	0.0000000000000000e+00	5.5840632801631735e-06
1.9809487010135601e-02	0.0000000000000000e+00	5.9251268824290088e-06
1.9826940302655600e-02	0.0000000000000000e+00	6.0904901923728999e-06
1.9844393595175501e-02	0.0000000000000000e+00	6.0618484547668146e-06
1.9861846887695499e-02	0.0000000000000000e+00	5.8407683139600176e-06
1.9879300180215401e-02	0.0000000000000000e+00	5.4486893507934248e-06
1.9896753472735399e-02	0.0000000000000000e+00	4.9247968183182285e-06
1.9914206765255300e-02	0.0000000000000000e+00	4.3219992637848496e-06
1.9931660057775202e-02	0.0000000000000000e+00	3.7014569612138386e-06
1.9949113350295200e-02	0.0000000000000000e+00	3.1262492613904874e-06
1.9966566642815101e-02	0.0000000000000000e+00	2.6548655760319563e-06
1.9984019935335100e-02	0.0000000000000000e+00	2.3352300407741803e-06
2.0001473227855001e-02	0.0000000000000000e+00	2.1998796919306571e-06
2.0018926520374999e-02	0.0000000000000000e+00	2.2627841857000006e-06
2.0036379812894901e-02	0.0000000000000000e+00	2.5181141506407753e-06
2.0053833105414798e-02	0.0000000000000000e+00	2.9410435387127440e-06
2.0071286397934800e-02	0.0000000000000000e+00	3.4904565413922090e-06
2.0088739690454702e-02	0.0000000000000000e+00	4.1132337602043208e-06
2.0106192982974700e-02	0.0000000000000000e+00	4.7496367799970433e-06
2.0123646275494601e-02	0.0000000000000000e+00	5.3392173372608948e-06
2.0141099568014600e-02	0.0000000000000000e+00	5.8266486171007570e-06
2.0158552860534501e-02	0.0000000000000000e+00	6.1669090592104717e-06
2.0176006153054399e-02	0.0000000000000000e+00	6.3293527286855363e-06
2.0193459445574401e-02	0.0000000000000000e+00	6.3003228786749089e-06
2.0210912738094299e-02	0.0000000000000000e+00	6.0841387352876587e-06
2.0228366030614300e-02	0.0000000000000000e+00	5.7024282396512627e-06
2.0245819323134202e-02	0.0000000000000000e+00	5.1919368870675609e-06
2.0263272615654200e-02	0.0000000000000000e+00	4.6010412794453072e-06
2.0280725908174101e-02	0.0000000000000000e+00	3.9852943457724719e-06
2.0298179200694100e-02	0.0000000000000000e+00	3.4023912833549433e-06
2.0315632493214001e-02	0.0000000000000000e+00	2.9069427583536862e-06
2.0333085785733899e-02	0.0000000000000000e+00	2.5454781829227262e-06
2.0350539078253901e-02	0.0000000000000000e+00	2.3521027104728529e-06
2.0367992370773799e-02	0.0000000000000000e+00	2.3451548656837090e-06
2.0385445663293800e-02	0.0000000000000000e+00	2.5252293791514138e-06
2.0402898955813702e-02	0.0000000000000000e+00	2.8747941299048990e-06
2.0420352248333700e-02	0.0000000000000000e+00	3.3595286294812051e-06
2.0437805540853601e-02	0.0000000000000000e+00	3.9313555971272988e-06
2.0455258833373499e-02	0.0000000000000000e+00	4.5329471647376215e-06
2.0472712125893501e-02	0.0000000000000000e+00	5.1033270042894481e-06
2.0490165418413399e-02	0.0000000000000000e+00	5.5840126849650552e-06
2.0507618710933401e-02	0.0000000000000000e+00	5.9250759827084564e-06
2.0525072003453299e-02	0.0000000000000000e+00	6.0904386223109541e-06
2.0542525295973300e-02	0.0000000000000000e+00	6.0617953066330579e-06
2.0559978588493202e-02	0.0000000000000000e+00	5.8407132766212327e-06
2.0577431881013099e-02	0.0000000000000000e+00	5.4486344082557041e-06
2.0594885173533101e-02	0.0000000000000000e+00	4.9247420286517461e-06
2.0612338466052999e-02	0.0000000000000000e+00	4.3219433396893669e-06
2.0629791758573001e-02	0.0000000000000000e+00	3.7014006133160244e-06
2.0647245051092899e-02	0.0000000000000000e+00	3.1261922571880621e-06
2.0664698343612901e-02	0.0000000000000000e+00	2.6548079528748804e-06
2.0682151636132799e-02	0.0000000000000000e+00	2.3351716815471966e-06
2.0699604928652700e-02	0.0000000000000000e+00	2.1998203291892094e-06
2.0717058221172702e-02	0.0000000000000000e+00	2.2627235551661281e-06
2.0734511513692599e-02	0.0000000000000000e+00	2.5180519911805782e-06
2.0751964806212601e-02	0.0000000000000000e+00	2.9409796765229741e-06
2.0769418098732499e-02	0.0000000000000000e+00	3.4903910101994486e-06
2.0786871391252501e-02	0.0000000000000000e+00	4.1131663160730744e-06
2.0804324683772399e-02	0.0000000000000000e+00	4.7495676398790197e-06
2.0821777976292300e-02	0.0000000000000000e+00	5.3391465983671635e-06
2.0839231268812299e-02	0.0000000000000000e+00	5.8265764027521915e-06
2.0856684561332200e-02	0.0000000000000000e+00	6.1668359301635499e-06
2.0874137853852202e-02	0.0000000000000000e+00	6.3292785940514519e-06
2.0891591146372099e-02	0.0000000000000000e+00	6.3002486789777649e-06
2.0909044438892101e-02	0.0000000000000000e+00	6.0840633946935403e-06
2.0926497731411999e-02	0.0000000000000000e+00	5.7023528786427728e-06
2.0943951023932001e-02	0.0000000000000000e+00	5.1918622903358600e-06
