0.0000000000000000e+00	0.0000000000000000e+00	0.0000000000000000e+00
1.7453292519943300e-05	0.0000000000000000e+00	7.8757413309290800e-16
3.4906585039886600e-05	0.0000000000000000e+00	1.3469296955326399e-13
5.2359877559829903e-05	0.0000000000000000e+00	2.7423712163126900e-12
6.9813170079773199e-05	0.0000000000000000e+00	2.2804964959152401e-11
8.7266462599716496e-05	0.0000000000000000e+00	1.1530888887251099e-10
1.0471975511966000e-04	0.0000000000000000e+00	4.2332184039522702e-10
1.2217304763960301e-04	0.0000000000000000e+00	1.2401436015386500e-09
1.3962634015954599e-04	0.0000000000000000e+00	3.0665417738453901e-09
1.5707963267949001e-04	0.0000000000000000e+00	6.6343699615317097e-09
1.7453292519943299e-04	0.0000000000000000e+00	1.2865464418698900e-08
1.9198621771937600e-04	0.0000000000000000e+00	2.2742534540224400e-08
2.0943951023931999e-04	0.0000000000000000e+00	3.7087603956512197e-08
2.2689280275926300e-04	0.0000000000000000e+00	5.6270955071745600e-08
2.4434609527920601e-04	0.0000000000000000e+00	7.9904432130715201e-08
2.6179938779914903e-04	0.0000000000000000e+00	1.0660022643714800e-07
2.7925268031909301e-04	0.0000000000000000e+00	1.3389269413766500e-07
2.9670597283903603e-04	0.0000000000000000e+00	1.5841809759530401e-07
3.1415926535897898e-04	0.0000000000000000e+00	1.7642238347352300e-07
3.3161255787892303e-04	0.0000000000000000e+00	1.8461945313184999e-07
3.4906585039886598e-04	0.0000000000000000e+00	1.8135466009988499e-07
3.6651914291880900e-04	0.0000000000000000e+00	1.6794962557610301e-07
3.8397243543875201e-04	0.0000000000000000e+00	1.5002935284216699e-07
4.0142572795869599e-04	0.0000000000000000e+00	1.3857277832840401e-07
4.1887902047863901e-04	0.0000000000000000e+00	1.5040020266447801e-07
4.3633231299858202e-04	0.0000000000000000e+00	2.0783008410095700e-07
4.5378560551852601e-04	0.0000000000000000e+00	3.3730497095234801e-07
4.7123889803846902e-04	0.0000000000000000e+00	5.6690913462572496e-07
4.8869219055841203e-04	0.0000000000000000e+00	9.2286427752831202e-07
5.0614548307835602e-04	0.0000000000000000e+00	1.4252799548678800e-06
5.2359877559829903e-04	0.0000000000000000e+00	2.0836262590627100e-06
5.4105206811824204e-04	0.0000000000000000e+00	2.8925555654262902e-06
5.5850536063818505e-04	0.0000000000000000e+00	3.8287994257666203e-06
5.7595865315812904e-04	0.0000000000000000e+00	4.8498732155764896e-06
5.9341194567807205e-04	0.0000000000000000e+00	5.8952244471038896e-06
6.1086523819801496e-04	0.0000000000000000e+00	6.8902385387263997e-06
6.2831853071795905e-04	0.0000000000000000e+00	7.7531924726879495e-06
6.4577182323790196e-04	0.0000000000000000e+00	8.4048463971498495e-06
6.6322511575784497e-04	0.0000000000000000e+00	8.7799333549449898e-06
6.8067840827778798e-04	0.0000000000000000e+00	8.8393630451186406e-06
6.9813170079773197e-04	0.0000000000000000e+00	8.5816497141747995e-06
7.1558499331767498e-04	0.0000000000000000e+00	8.0518682429568598e-06
7.3303828583761799e-04	0.0000000000000000e+00	7.3465011566255104e-06
7.5049157835756198e-04	0.0000000000000000e+00	6.6126237377664903e-06
7.6794487087750499e-04	0.0000000000000000e+00	6.0406126105548202e-06
7.8539816339744800e-04	0.0000000000000000e+00	5.8500060886168204e-06
8.0285145591739199e-04	0.0000000000000000e+00	6.2690977368346096e-06
8.2030474843733500e-04	0.0000000000000000e+00	7.5096996694210201e-06
8.3775804095727801e-04	0.0000000000000000e+00	9.7394258786291298e-06
8.5521133347722102e-04	0.0000000000000000e+00	1.3054474437272399e-05
8.7266462599716501e-04	0.0000000000000000e+00	1.7456354717694501e-05
8.9011791851710802e-04	0.0000000000000000e+00	2.2835992615265401e-05
9.0757121103705104e-04	0.0000000000000000e+00	2.8968311877280001e-05
9.2502450355699502e-04	0.0000000000000000e+00	3.5519711856146698e-05
9.4247779607693804e-04	0.0000000000000000e+00	4.2069116658235399e-05
9.5993108859688105e-04	0.0000000000000000e+00	4.8142652564189399e-05
9.7738438111682406e-04	0.0000000000000000e+00	5.3259444446873001e-05
9.9483767363676805e-04	0.0000000000000000e+00	5.6984869481901898e-05
1.0122909661567101e-03	0.0000000000000000e+00	5.8986363907925401e-05
1.0297442586766500e-03	0.0000000000000000e+00	5.9084988945279602e-05
1.0471975511966000e-03	0.0000000000000000e+00	5.7296937107097502e-05
1.0646508437165401e-03	0.0000000000000000e+00	5.3858614555267703e-05
1.0821041362364800e-03	0.0000000000000000e+00	4.9230134301350498e-05
1.0995574287564300e-03	0.0000000000000000e+00	4.4074182742848203e-05
1.1170107212763701e-03	0.0000000000000000e+00	3.9209642898574800e-05
1.1344640137963100e-03	0.0000000000000000e+00	3.5541947570980398e-05
1.1519173063162600e-03	0.0000000000000000e+00	3.3975305660533497e-05
1.1693705988361999e-03	0.0000000000000000e+00	3.5314515238234898e-05
1.1868238913561400e-03	0.0000000000000000e+00	4.0166181190615803e-05
1.2042771838760900e-03	0.0000000000000000e+00	4.8850352346037697e-05
1.2217304763960299e-03	0.0000000000000000e+00	6.1333650018835501e-05
1.2391837689159700e-03	0.0000000000000000e+00	7.7193742347666497e-05
1.2566370614359201e-03	0.0000000000000000e+00	9.5622547905032203e-05
1.2740903539558599e-03	0.0000000000000000e+00	1.1547196515754200e-04
1.2915436464758000e-03	0.0000000000000000e+00	1.3534153166373201e-04
1.3089969389957501e-03	0.0000000000000000e+00	1.5370264472962499e-04
1.3264502315156899e-03	0.0000000000000000e+00	1.6904933395093800e-04
1.3439035240356300e-03	0.0000000000000000e+00	1.8006157486591699e-04
1.3613568165555801e-03	0.0000000000000000e+00	1.8576461239151900e-04
1.3788101090755199e-03	0.0000000000000000e+00	1.8566619230221700e-04
1.3962634015954600e-03	0.0000000000000000e+00	1.7985471084615000e-04
1.4137166941154101e-03	0.0000000000000000e+00	1.6904413056044199e-04
1.4311699866353500e-03	0.0000000000000000e+00	1.5455558220943701e-04
1.4486232791552900e-03	0.0000000000000000e+00	1.3823271058109300e-04
1.4660765716752401e-03	0.0000000000000000e+00	1.2229340505565600e-04
1.4835298641951800e-03	0.0000000000000000e+00	1.0912896518987001e-04
1.5009831567151201e-03	0.0000000000000000e+00	1.0106758811028100e-04
1.5184364492350699e-03	0.0000000000000000e+00	1.0012476348804800e-04
1.5358897417550100e-03	0.0000000000000000e+00	1.0776615841877601e-04
1.5533430342749501e-03	0.0000000000000000e+00	1.2470933619435201e-04
1.5707963267948999e-03	0.0000000000000000e+00	1.5078852788805199e-04
1.5882496193148400e-03	0.0000000000000000e+00	1.8490180279306299e-04
1.6057029118347801e-03	0.0000000000000000e+00	2.2505266077332099e-04
1.6231562043547299e-03	0.0000000000000000e+00	2.6848891871488498e-04
1.6406094968746700e-03	0.0000000000000000e+00	3.1193161495111400e-04
1.6580627893946101e-03	0.0000000000000000e+00	3.5187657632439000e-04
1.6755160819145599e-03	0.0000000000000000e+00	3.8494225984510798e-04
1.6929693744345000e-03	0.0000000000000000e+00	4.0823055615217400e-04
1.7104226669544401e-03	0.0000000000000000e+00	4.1966347865014401e-04
1.7278759594743899e-03	0.0000000000000000e+00	4.1825872801131699e-04
1.7453292519943300e-03	0.0000000000000000e+00	4.0431078775082801e-04
1.7627825445142699e-03	0.0000000000000000e+00	3.7945113304911502e-04
1.7802358370342200e-03	0.0000000000000000e+00	3.4657259507635301e-04
1.7976891295541600e-03	0.0000000000000000e+00	3.0961799059034200e-04
1.8151424220740999e-03	0.0000000000000000e+00	2.7324431710566900e-04
1.8325957145940500e-03	0.0000000000000000e+00	2.4238933273466900e-04
1.8500490071139900e-03	0.0000000000000000e+00	2.2178022128648499e-04
1.8675022996339299e-03	0.0000000000000000e+00	2.1543173315596999e-04
1.8849555921538800e-03	0.0000000000000000e+00	2.2618582022411300e-04
1.9024088846738201e-03	0.0000000000000000e+00	2.5534379365530901e-04
1.9198621771937599e-03	0.0000000000000000e+00	3.0243540282203900e-04
1.9373154697137100e-03	0.0000000000000000e+00	3.6515758591842301e-04
1.9547687622336499e-03	0.0000000000000000e+00	4.3949964785527500e-04
1.9722220547535902e-03	0.0000000000000000e+00	5.2005293161973601e-04
1.9896753472735400e-03	0.0000000000000000e+00	6.0048344193736102e-04
2.0071286397934799e-03	0.0000000000000000e+00	6.7412736639340396e-04
2.0245819323134202e-03	0.0000000000000000e+00	7.3465438155985495e-04
2.0420352248333700e-03	0.0000000000000000e+00	7.7673332580472797e-04
2.0594885173533099e-03	0.0000000000000000e+00	7.9663075486662504e-04
2.0769418098732502e-03	0.0000000000000000e+00	7.9267733305511299e-04
2.0943951023932000e-03	0.0000000000000000e+00	7.6554655990371300e-04
2.1118483949131399e-03	0.0000000000000000e+00	7.1830777875347301e-04
2.1293016874330802e-03	0.0000000000000000e+00	6.5623482793287298e-04
2.1467549799530201e-03	0.0000000000000000e+00	5.8638209538846100e-04
2.1642082724729699e-03	0.0000000000000000e+00	5.1695712172679202e-04
2.1816615649929102e-03	0.0000000000000000e+00	4.5654497619340701e-04
2.1991148575128501e-03	0.0000000000000000e+00	4.1325761344798999e-04
2.2165681500327999e-03	0.0000000000000000e+00	3.9389087252654303e-04
2.2340214425527402e-03	0.0000000000000000e+00	4.0317544499920901e-04
2.2514747350726801e-03	0.0000000000000000e+00	4.4320235616409899e-04
2.2689280275926299e-03	0.0000000000000000e+00	5.1308923295796595e-04
2.2863813201125698e-03	0.0000000000000000e+00	6.0893221980804304e-04
2.3038346126325101e-03	0.0000000000000000e+00	7.2406146372443897e-04
2.3212879051524599e-03	0.0000000000000000e+00	8.4958810380052002e-04
2.3387411976723998e-03	0.0000000000000000e+00	9.7520048644349796e-04
2.3561944901923401e-03	0.0000000000000000e+00	1.0901401113855300e-03
2.3736477827122899e-03	0.0000000000000000e+00	1.1842664526654301e-03
2.3911010752322298e-03	0.0000000000000000e+00	1.2491060266957899e-03
2.4085543677521701e-03	0.0000000000000000e+00	1.2787784926113299e-03
2.4260076602721200e-03	0.0000000000000000e+00	1.2706995229556900e-03
2.4434609527920598e-03	0.0000000000000000e+00	1.2259819840027700e-03
2.4609142453120001e-03	0.0000000000000000e+00	1.1494773497142600e-03
2.4783675378319500e-03	0.0000000000000000e+00	1.0494364947030801e-03
2.4958208303518898e-03	0.0000000000000000e+00	9.3681766508098903e-04
2.5132741228718301e-03	0.0000000000000000e+00	8.2428947518220302e-04
2.5307274153917800e-03	0.0000000000000000e+00	7.2501922332214098e-04
2.5481807079117198e-03	0.0000000000000000e+00	6.5136459340536400e-04
2.5656340004316601e-03	0.0000000000000000e+00	6.1359663986851700e-04
2.5830872929516100e-03	0.0000000000000000e+00	6.1878594545226298e-04
2.6005405854715499e-03	0.0000000000000000e+00	6.6997199930930599e-04
2.6179938779914902e-03	0.0000000000000000e+00	7.6571074540226602e-04
2.6354471705114400e-03	0.0000000000000000e+00	9.0006038634568998e-04
2.6529004630313799e-03	0.0000000000000000e+00	1.0630221995393901e-03
2.6703537555513202e-03	0.0000000000000000e+00	1.2414072451117000e-03
2.6878070480712700e-03	0.0000000000000000e+00	1.4200546493811700e-03
2.7052603405912099e-03	0.0000000000000000e+00	1.5832888500241899e-03
2.7227136331111502e-03	0.0000000000000000e+00	1.7164762194035600e-03
2.7401669256311000e-03	0.0000000000000000e+00	1.8075233450785000e-03
2.7576202181510399e-03	0.0000000000000000e+00	1.8481660164421201e-03
2.7750735106709802e-03	0.0000000000000000e+00	1.8349098895002200e-03
2.7925268031909300e-03	0.0000000000000000e+00	1.7695208254072000e-03
2.8099800957108699e-03	0.0000000000000000e+00	1.6590000293568300e-03
2.8274333882308102e-03	0.0000000000000000e+00	1.5150335655411300e-03
2.8448866807507600e-03	0.0000000000000000e+00	1.3529612524329200e-03
2.8623399732706999e-03	0.0000000000000000e+00	1.1903506407249301e-03
2.8797932657906402e-03	0.0000000000000000e+00	1.0453104780156700e-03
2.8972465583105901e-03	0.0000000000000000e+00	9.3470535623130105e-04
2.9146998508305299e-03	0.0000000000000000e+00	8.7244539445669497e-04
2.9321531433504698e-03	0.0000000000000000e+00	8.6802323663915998e-04
2.9496064358704201e-03	0.0000000000000000e+00	9.2544998716598704e-04
2.9670597283903599e-03	0.0000000000000000e+00	1.0427068424564701e-03
2.9845130209102998e-03	0.0000000000000000e+00	1.2117811399317800e-03
3.0019663134302501e-03	0.0000000000000000e+00	1.4192998654929199e-03
3.0194196059501899e-03	0.0000000000000000e+00	1.6477149710132999e-03
3.0368728984701298e-03	0.0000000000000000e+00	1.8769382880903900e-03
3.0543261909900801e-03	0.0000000000000000e+00	2.0862755694840899e-03
3.0717794835100200e-03	0.0000000000000000e+00	2.2564751320519501e-03
3.0892327760299598e-03	0.0000000000000000e+00	2.3716888650930500e-03
3.1066860685499101e-03	0.0000000000000000e+00	2.4211426361938101e-03
3.1241393610698500e-03	0.0000000000000000e+00	2.4003460507740501e-03
3.1415926535897898e-03	0.0000000000000000e+00	2.3116993372874900e-03
3.1590459461097401e-03	0.0000000000000000e+00	2.1644320480793101e-03
3.1764992386296800e-03	0.0000000000000000e+00	1.9738449041171802e-03
3.1939525311496198e-03	0.0000000000000000e+00	1.7599263915651100e-03
3.2114058236695701e-03	0.0000000000000000e+00	1.5454726597001500e-03
3.2288591161895100e-03	0.0000000000000000e+00	1.3538744592161401e-03
3.2463124087094499e-03	0.0000000000000000e+00	1.2067940050061300e-03
3.2637657012294001e-03	0.0000000000000000e+00	1.1219648312663600e-03
3.2812189937493400e-03	0.0000000000000000e+00	1.1113352043252899e-03
3.2986722862692799e-03	0.0000000000000000e+00	1.1797507843784999e-03
3.3161255787892301e-03	0.0000000000000000e+00	1.3243209739980200e-03
3.3335788713091700e-03	0.0000000000000000e+00	1.5345457877121299e-03
3.3510321638291099e-03	0.0000000000000000e+00	1.7932063056836599e-03
3.3684854563490602e-03	0.0000000000000000e+00	2.0779440877977200e-03
3.3859387488690000e-03	0.0000000000000000e+00	2.3633827742564999e-03
3.4033920413889399e-03	0.0000000000000000e+00	2.6235892151485001e-03
3.4208453339088902e-03	0.0000000000000000e+00	2.8346342126881999e-03
3.4382986264288300e-03	0.0000000000000000e+00	2.9769962750964699e-03
3.4557519189487699e-03	0.0000000000000000e+00	3.0375630436752202e-03
3.4732052114687202e-03	0.0000000000000000e+00	3.0110332817161502e-03
3.4906585039886600e-03	0.0000000000000000e+00	2.9005617614434498e-03
3.5081117965085999e-03	0.0000000000000000e+00	2.7175809691955002e-03
3.5255650890285502e-03	0.0000000000000000e+00	2.4807964971186301e-03
3.5430183815484901e-03	0.0000000000000000e+00	2.2144621679126199e-03
3.5604716740684299e-03	0.0000000000000000e+00	1.9460774393408600e-03
3.5779249665883698e-03	0.0000000000000000e+00	1.7037335427876801e-03
3.5953782591083201e-03	0.0000000000000000e+00	1.5133644891823499e-03
3.6128315516282599e-03	0.0000000000000000e+00	1.3961663831991301e-03
3.6302848441482102e-03	0.0000000000000000e+00	1.3664405404465300e-03
3.6477381366681501e-03	0.0000000000000000e+00	1.4300807708716300e-03
3.6651914291880900e-03	0.0000000000000000e+00	1.5838595108364100e-03
3.6826447217080398e-03	0.0000000000000000e+00	1.8156001953941901e-03
3.7000980142279801e-03	0.0000000000000000e+00	2.1052342422895900e-03
3.7175513067479200e-03	0.0000000000000000e+00	2.4266559812464901e-03
3.7350045992678598e-03	0.0000000000000000e+00	2.7502089881743302e-03
3.7524578917878101e-03	0.0000000000000000e+00	3.0455664329350199e-03
3.7699111843077500e-03	0.0000000000000000e+00	3.2847308591775200e-03
3.7873644768276998e-03	0.0000000000000000e+00	3.4448495976712600e-03
3.8048177693476401e-03	0.0000000000000000e+00	3.5105677487203700e-03
3.8222710618675800e-03	0.0000000000000000e+00	3.4756659408580999e-03
3.8397243543875199e-03	0.0000000000000000e+00	3.3438168361804902e-03
3.8571776469074701e-03	0.0000000000000000e+00	3.1283644815507899e-03
3.8746309394274100e-03	0.0000000000000000e+00	2.8511305742371399e-03
3.8920842319473499e-03	0.0000000000000000e+00	2.5403633193619699e-03
3.9095375244672997e-03	0.0000000000000000e+00	2.2280102170190298e-03
3.9269908169872400e-03	0.0000000000000000e+00	1.9466019082492101e-03
3.9444441095071803e-03	0.0000000000000000e+00	1.7260278718132800e-03
3.9618974020271302e-03	0.0000000000000000e+00	1.5905386581733700e-03
3.9793506945470696e-03	0.0000000000000000e+00	1.5562740424743900e-03
3.9968039870670099e-03	0.0000000000000000e+00	1.6295697580712199e-03
4.0142572795869597e-03	0.0000000000000000e+00	1.8062175364446000e-03
4.0317105721069000e-03	0.0000000000000000e+00	2.0717658874637099e-03
4.0491638646268403e-03	0.0000000000000000e+00	2.4028386090267501e-03
4.0666171571467902e-03	0.0000000000000000e+00	2.7693516997084901e-03
4.0840704496667296e-03	0.0000000000000000e+00	3.1374156805784501e-03
4.1015237421866699e-03	0.0000000000000000e+00	3.4726394265444599e-03
4.1189770347066198e-03	0.0000000000000000e+00	3.7435109333258999e-03
4.1364303272265601e-03	0.0000000000000000e+00	3.9245211783036603e-03
4.1538836197465004e-03	0.0000000000000000e+00	3.9987184169818302e-03
4.1713369122664502e-03	0.0000000000000000e+00	3.9594376149128798e-03
4.1887902047863896e-03	0.0000000000000000e+00	3.8110283373328402e-03
4.2062434973063299e-03	0.0000000000000000e+00	3.5685110285532300e-03
4.2236967898262798e-03	0.0000000000000000e+00	3.2561790617962301e-03
4.2411500823462201e-03	0.0000000000000000e+00	2.9052989049901702e-03
4.2586033748661604e-03	0.0000000000000000e+00	2.5511063990649599e-03
4.2760566673861102e-03	0.0000000000000000e+00	2.2293964759074699e-03
4.2935099599060497e-03	0.0000000000000000e+00	1.9730365676031199e-03
4.3109632524259900e-03	0.0000000000000000e+00	1.8087329153936001e-03
4.3284165449459398e-03	0.0000000000000000e+00	1.7543678165402900e-03
4.3458698374658801e-03	0.0000000000000000e+00	1.8171741798264499e-03
4.3633231299858204e-03	0.0000000000000000e+00	1.9929288815487300e-03
4.3807764225057702e-03	0.0000000000000000e+00	2.2662585286161701e-03
4.3982297150257097e-03	0.0000000000000000e+00	2.6120432009597498e-03
4.4156830075456500e-03	0.0000000000000000e+00	2.9977943761482499e-03
4.4331363000655998e-03	0.0000000000000000e+00	3.3867859534118801e-03
4.4505895925855401e-03	0.0000000000000000e+00	3.7416453684766299e-03
4.4680428851054804e-03	0.0000000000000000e+00	4.0280458605325298e-03
4.4854961776254303e-03	0.0000000000000000e+00	4.2181329061873104e-03
4.5029494701453697e-03	0.0000000000000000e+00	4.2933517492129702e-03
4.5204027626653100e-03	0.0000000000000000e+00	4.2463690758197297e-03
4.5378560551852598e-03	0.0000000000000000e+00	4.0818896357337998e-03
4.5553093477052001e-03	0.0000000000000000e+00	3.8162866281758602e-03
4.5727626402251396e-03	0.0000000000000000e+00	3.4760732835621001e-03
4.5902159327450903e-03	0.0000000000000000e+00	3.0953445022610299e-03
4.6076692252650297e-03	0.0000000000000000e+00	2.7124505662678199e-03
4.6251225177849700e-03	0.0000000000000000e+00	2.3662392474235201e-03
4.6425758103049199e-03	0.0000000000000000e+00	2.0922140273652500e-03
4.6600291028248602e-03	0.0000000000000000e+00	1.9190056131991400e-03
4.6774823953447996e-03	0.0000000000000000e+00	1.8655047285558099e-03
4.6949356878647503e-03	0.0000000000000000e+00	1.9389427127476701e-03
4.7123889803846897e-03	0.0000000000000000e+00	2.1341134076026200e-03
4.7298422729046300e-03	0.0000000000000000e+00	2.4338199688641901e-03
4.7472955654245799e-03	0.0000000000000000e+00	2.8105061621008201e-03
4.7647488579445202e-03	0.0000000000000000e+00	3.2289159729987599e-03
4.7822021504644596e-03	0.0000000000000000e+00	3.6495217920289101e-03
4.7996554429844103e-03	0.0000000000000000e+00	4.0323830172737203e-03
4.8171087355043498e-03	0.0000000000000000e+00	4.3410596249124399e-03
4.8345620280242901e-03	0.0000000000000000e+00	4.5461902321083103e-03
4.8520153205442399e-03	0.0000000000000000e+00	4.6283783848390103e-03
4.8694686130641802e-03	0.0000000000000000e+00	4.5801152537156102e-03
4.8869219055841196e-03	0.0000000000000000e+00	4.4065436479987403e-03
4.9043751981040704e-03	0.0000000000000000e+00	4.1249787126582203e-03
4.9218284906240098e-03	0.0000000000000000e+00	3.7632557796107302e-03
4.9392817831439501e-03	0.0000000000000000e+00	3.3570541319362002e-03
4.9567350756638999e-03	0.0000000000000000e+00	2.9464464771625600e-03
4.9741883681838402e-03	0.0000000000000000e+00	2.5720206591420200e-03
4.9916416607037797e-03	0.0000000000000000e+00	2.2709381505025502e-03
5.0090949532237304e-03	0.0000000000000000e+00	2.0733057409750700e-03
5.0265482457436698e-03	0.0000000000000000e+00	1.9992159778971399e-03
5.0440015382636101e-03	0.0000000000000000e+00	2.0567392852547501e-03
5.0614548307835600e-03	0.0000000000000000e+00	2.2410771806478801e-03
5.0789081233035003e-03	0.0000000000000000e+00	2.5349593680893301e-03
5.0963614158234397e-03	0.0000000000000000e+00	2.9102643377408401e-03
5.1138147083433904e-03	0.0000000000000000e+00	3.3307234791619400e-03
5.1312680008633298e-03	0.0000000000000000e+00	3.7554399411035598e-03
5.1487212933832701e-03	0.0000000000000000e+00	4.1429047087875098e-03
5.1661745859032200e-03	0.0000000000000000e+00	4.4550954673044704e-03
5.1836278784231603e-03	0.0000000000000000e+00	4.6612564945221696e-03
5.2010811709430997e-03	0.0000000000000000e+00	4.7409922576245097e-03
5.2185344634630504e-03	0.0000000000000000e+00	4.6863374935316700e-03
5.2359877559829899e-03	0.0000000000000000e+00	4.5025969569111703e-03
5.2534410485029302e-03	0.0000000000000000e+00	4.2078813703221498e-03
5.2708943410228696e-03	0.0000000000000000e+00	3.8313620646136999e-03
5.2883476335428203e-03	0.0000000000000000e+00	3.4104253342755000e-03
5.3058009260627597e-03	0.0000000000000000e+00	2.9869960334008901e-03
5.3232542185827000e-03	0.0000000000000000e+00	2.6034155468365699e-03
5.3407075111026499e-03	0.0000000000000000e+00	2.2982658803659098e-03
5.3581608036225902e-03	0.0000000000000000e+00	2.1025507317820398e-03
5.3756140961425296e-03	0.0000000000000000e+00	2.0366242245950998e-03
5.3930673886624803e-03	0.0000000000000000e+00	2.1081607098457798e-03
5.4105206811824198e-03	0.0000000000000000e+00	2.3113701368532502e-03
5.4279739737023601e-03	0.0000000000000000e+00	2.6275383203435000e-03
5.4454272662223099e-03	0.0000000000000000e+00	3.0268386461520698e-03
5.4628805587422502e-03	0.0000000000000000e+00	3.4712378079403100e-03
5.4803338512621896e-03	0.0000000000000000e+00	3.9182100537772900e-03
5.4977871437821403e-03	0.0000000000000000e+00	4.3248935386702896e-03
5.5152404363020798e-03	0.0000000000000000e+00	4.6522785683973103e-03
5.5326937288220201e-03	0.0000000000000000e+00	4.8690178004201301e-03
5.5501470213419699e-03	0.0000000000000000e+00	4.9544818545019000e-03
5.5676003138619102e-03	0.0000000000000000e+00	4.9007732741912198e-03
5.5850536063818497e-03	0.0000000000000000e+00	4.7134881285094904e-03
5.6025068989018004e-03	0.0000000000000000e+00	4.4111730970742696e-03
5.6199601914217398e-03	0.0000000000000000e+00	4.0235166822011103e-03
5.6374134839416801e-03	0.0000000000000000e+00	3.5884786817975199e-03
5.6548667764616299e-03	0.0000000000000000e+00	3.1486098828662000e-03
5.6723200689815702e-03	0.0000000000000000e+00	2.7469300206612399e-03
5.6897733615015097e-03	0.0000000000000000e+00	2.4227599438910999e-03
5.7072266540214604e-03	0.0000000000000000e+00	2.2078971555123000e-03
5.7246799465413998e-03	0.0000000000000000e+00	2.1235094113710102e-03
5.7421332390613401e-03	0.0000000000000000e+00	2.1780451571681600e-03
5.7595865315812900e-03	0.0000000000000000e+00	2.3663721462408899e-03
5.7770398241012303e-03	0.0000000000000000e+00	2.6702279950205901e-03
5.7944931166211697e-03	0.0000000000000000e+00	3.0599606534782598e-03
5.8119464091411204e-03	0.0000000000000000e+00	3.4973947836752098e-03
5.8293997016610598e-03	0.0000000000000000e+00	3.9395513528592300e-03
5.8468529941810002e-03	0.0000000000000000e+00	4.3428726549235496e-03
5.8643062867009500e-03	0.0000000000000000e+00	4.6675214221945701e-03
5.8817595792208903e-03	0.0000000000000000e+00	4.8813319958022003e-03
5.8992128717408297e-03	0.0000000000000000e+00	4.9630280676380301e-03
5.9166661642607796e-03	0.0000000000000000e+00	4.9043562769101297e-03
5.9341194567807199e-03	0.0000000000000000e+00	4.7109355259387902e-03
5.9515727493006602e-03	0.0000000000000000e+00	4.4017340141934104e-03
5.9690260418206100e-03	0.0000000000000000e+00	4.0072177425508598e-03
5.9864793343405503e-03	0.0000000000000000e+00	3.5663556357157298e-03
6.0039326268604898e-03	0.0000000000000000e+00	3.1227878691174400e-03
6.0213859193804396e-03	0.0000000000000000e+00	2.7205151124674799e-03
6.0388392119003799e-03	0.0000000000000000e+00	2.3995726279580202e-03
6.0562925044203202e-03	0.0000000000000000e+00	2.1920813908820201e-03
6.0737457969402700e-03	0.0000000000000000e+00	2.1190806278736799e-03
6.0911990894602103e-03	0.0000000000000000e+00	2.1884524209997698e-03
6.1086523819801498e-03	0.0000000000000000e+00	2.3941397988074798e-03
6.1261056745000996e-03	0.0000000000000000e+00	2.7167339932049400e-03
6.1435589670200399e-03	0.0000000000000000e+00	3.1253723100534299e-03
6.1610122595399802e-03	0.0000000000000000e+00	3.5807595088928499e-03
6.1784655520599301e-03	0.0000000000000000e+00	4.0390119072823997e-03
6.1959188445798704e-03	0.0000000000000000e+00	4.4559481671921902e-03
6.2133721370998098e-03	0.0000000000000000e+00	4.7914011685581299e-03
6.2308254296197596e-03	0.0000000000000000e+00	5.0131294602892397e-03
6.2482787221396999e-03	0.0000000000000000e+00	5.0999482042775202e-03
6.2657320146596402e-03	0.0000000000000000e+00	5.0437723536973598e-03
6.2831853071795901e-03	0.0000000000000000e+00	4.8503875951133304e-03
6.3006385996995304e-03	0.0000000000000000e+00	4.5388650512562696e-03
6.3180918922194698e-03	0.0000000000000000e+00	4.1396906680320903e-03
6.3355451847394197e-03	0.0000000000000000e+00	3.6918037459458398e-03
6.3529984772593600e-03	0.0000000000000000e+00	3.2388193026856799e-03
6.3704517697793003e-03	0.0000000000000000e+00	2.8247990838477302e-03
6.3879050622992501e-03	0.0000000000000000e+00	2.4899876697908200e-03
6.4053583548191904e-03	0.0000000000000000e+00	2.2669075277961400e-03
6.4228116473391298e-03	0.0000000000000000e+00	2.1771869148305002e-03
6.4402649398590797e-03	0.0000000000000000e+00	2.2294429354127701e-03
6.4577182323790200e-03	0.0000000000000000e+00	2.4184114080507001e-03
6.4751715248989603e-03	0.0000000000000000e+00	2.7254235247508099e-03
6.4926248174188997e-03	0.0000000000000000e+00	3.1201999531157401e-03
6.5100781099388504e-03	0.0000000000000000e+00	3.5637830377776001e-03
6.5275314024587899e-03	0.0000000000000000e+00	4.0123436436430996e-03
6.5449846949787302e-03	0.0000000000000000e+00	4.4214920941169000e-03
6.5624379874986800e-03	0.0000000000000000e+00	4.7506594247275101e-03
6.5798912800186203e-03	0.0000000000000000e+00	4.9671175518419802e-03
6.5973445725385597e-03	0.0000000000000000e+00	5.0492456626081098e-03
6.6147978650585096e-03	0.0000000000000000e+00	4.9886879657305601e-03
6.6322511575784499e-03	0.0000000000000000e+00	4.7912024143705002e-03
6.6497044500983902e-03	0.0000000000000000e+00	4.4761120234158196e-03
6.6671577426183400e-03	0.0000000000000000e+00	4.0744075994484400e-03
6.6846110351382803e-03	0.0000000000000000e+00	3.6256922596979301e-03
6.7020643276582198e-03	0.0000000000000000e+00	3.1742817320697700e-03
6.7195176201781696e-03	0.0000000000000000e+00	2.7648246384266101e-03
6.7369709126981099e-03	0.0000000000000000e+00	2.4379145364112399e-03
6.7544242052180502e-03	0.0000000000000000e+00	2.2260905514106802e-03
6.7718774977380001e-03	0.0000000000000000e+00	2.1506360256143501e-03
6.7893307902579404e-03	0.0000000000000000e+00	2.2194878565327501e-03
6.8067840827778798e-03	0.0000000000000000e+00	2.4264582745858799e-03
6.8242373752978296e-03	0.0000000000000000e+00	2.7518436036511498e-03
6.8416906678177699e-03	0.0000000000000000e+00	3.1643581136715400e-03
6.8591439603377102e-03	0.0000000000000000e+00	3.6242018264265301e-03
6.8765972528576601e-03	0.0000000000000000e+00	4.0869565167366102e-03
6.8940505453776004e-03	0.0000000000000000e+00	4.5079282557328104e-03
6.9115038378975398e-03	0.0000000000000000e+00	4.8465067962672704e-03
6.9289571304174897e-03	0.0000000000000000e+00	5.0701147383253398e-03
6.9464104229374300e-03	0.0000000000000000e+00	5.1573649150696600e-03
6.9638637154573703e-03	0.0000000000000000e+00	5.1001156228234401e-03
6.9813170079773201e-03	0.0000000000000000e+00	4.9042395148224003e-03
6.9987703004972604e-03	0.0000000000000000e+00	4.5890226883127799e-03
7.0162235930171998e-03	0.0000000000000000e+00	4.1852679017391498e-03
7.0336768855371497e-03	0.0000000000000000e+00	3.7322987985490001e-03
7.0511301780570900e-03	0.0000000000000000e+00	3.2741431040164601e-03
7.0685834705770303e-03	0.0000000000000000e+00	2.8552636977137000e-03
7.0860367630969801e-03	0.0000000000000000e+00	2.5162591951538300e-03
7.1034900556169204e-03	0.0000000000000000e+00	2.2899264004450602e-03
7.1209433481368599e-03	0.0000000000000000e+00	2.1980677960748000e-03
7.1383966406568097e-03	0.0000000000000000e+00	2.2493622015513199e-03
7.1558499331767500e-03	0.0000000000000000e+00	2.4384935791582798e-03
7.1733032256966903e-03	0.0000000000000000e+00	2.7466390322096199e-03
7.1907565182166401e-03	0.0000000000000000e+00	3.1432800220945801e-03
7.2082098107365796e-03	0.0000000000000000e+00	3.5891660466836899e-03
7.2256631032565199e-03	0.0000000000000000e+00	4.0401482520609601e-03
7.2431163957764697e-03	0.0000000000000000e+00	4.4515225389300901e-03
7.2605696882964100e-03	0.0000000000000000e+00	4.7824449362381099e-03
7.2780229808163503e-03	0.0000000000000000e+00	4.9999750662583897e-03
7.2954762733363002e-03	0.0000000000000000e+00	5.0823537884346400e-03
7.3129295658562396e-03	0.0000000000000000e+00	5.0211806142031797e-03
7.3303828583761799e-03	0.0000000000000000e+00	4.8222574219140401e-03
7.3478361508961297e-03	0.0000000000000000e+00	4.5050259671755603e-03
7.3652894434160700e-03	0.0000000000000000e+00	4.1006570032010997e-03
7.3827427359360103e-03	0.0000000000000000e+00	3.6489789915328899e-03
7.4001960284559602e-03	0.0000000000000000e+00	3.1945414151147099e-03
7.4176493209758996e-03	0.0000000000000000e+00	2.7822238737870500e-03
7.4351026134958399e-03	0.0000000000000000e+00	2.4528200889404098e-03
7.4525559060157898e-03	0.0000000000000000e+00	2.2390219998519099e-03
7.4700091985357301e-03	0.0000000000000000e+00	2.1622066890000500e-03
7.4874624910556704e-03	0.0000000000000000e+00	2.2303415551609002e-03
7.5049157835756202e-03	0.0000000000000000e+00	2.4372067066334002e-03
7.5223690760955596e-03	0.0000000000000000e+00	2.7630109589005698e-03
7.5398223686154999e-03	0.0000000000000000e+00	3.1763386217099100e-03
7.5572756611354498e-03	0.0000000000000000e+00	3.6372313455192299e-03
7.5747289536553901e-03	0.0000000000000000e+00	4.1011027025944198e-03
7.5921822461753304e-03	0.0000000000000000e+00	4.5230964621320903e-03
7.6096355386952802e-03	0.0000000000000000e+00	4.8624615841032798e-03
7.6270888312152197e-03	0.0000000000000000e+00	5.0865148913631702e-03
7.6445421237351600e-03	0.0000000000000000e+00	5.1738033582841804e-03
7.6619954162551098e-03	0.0000000000000000e+00	5.1161678833017603e-03
7.6794487087750501e-03	0.0000000000000000e+00	4.9195043945230296e-03
7.6969020012949904e-03	0.0000000000000000e+00	4.6031643450703402e-03
7.7143552938149403e-03	0.0000000000000000e+00	4.1980451789692197e-03
7.7318085863348797e-03	0.0000000000000000e+00	3.7435870762528001e-03
7.7492618788548200e-03	0.0000000000000000e+00	3.2839394348517202e-03
7.7667151713747698e-03	0.0000000000000000e+00	2.8636848943141700e-03
7.7841684638947101e-03	0.0000000000000000e+00	2.5235239280822601e-03
7.8016217564146496e-03	0.0000000000000000e+00	2.2963299298112100e-03
7.8190750489345994e-03	0.0000000000000000e+00	2.2039512618835101e-03
7.8365283414545406e-03	0.0000000000000000e+00	2.2550763015479801e-03
7.8539816339744800e-03	0.0000000000000000e+00	2.4443663195080202e-03
7.8714349264944194e-03	0.0000000000000000e+00	2.7529445705891100e-03
7.8888882190143693e-03	0.0000000000000000e+00	3.1502150008758901e-03
7.9063415115343105e-03	0.0000000000000000e+00	3.5968332198724699e-03
7.9237948040542603e-03	0.0000000000000000e+00	4.0485515590823300e-03
7.9412480965741997e-03	0.0000000000000000e+00	4.4605735630932099e-03
7.9587013890941392e-03	0.0000000000000000e+00	4.7919751203455898e-03
7.9761546816140907e-03	0.0000000000000000e+00	5.0097554280679598e-03
7.9936079741340302e-03	0.0000000000000000e+00	5.0921265124136200e-03
8.0110612666539696e-03	0.0000000000000000e+00	5.0306831416152397e-03
8.0285145591739195e-03	0.0000000000000000e+00	4.8312463183010097e-03
8.0459678516938606e-03	0.0000000000000000e+00	4.5133048141744198e-03
8.0634211442138001e-03	0.0000000000000000e+00	4.1080941127598402e-03
8.0808744367337395e-03	0.0000000000000000e+00	3.6555155348942099e-03
8.0983277292536893e-03	0.0000000000000000e+00	3.2001934664802798e-03
8.1157810217736305e-03	0.0000000000000000e+00	2.7870797622570101e-03
8.1332343142935803e-03	0.0000000000000000e+00	2.4570291654451102e-03
8.1506876068135198e-03	0.0000000000000000e+00	2.2427763521558198e-03
8.1681408993334592e-03	0.0000000000000000e+00	2.1657227350367100e-03
8.1855941918534108e-03	0.0000000000000000e+00	2.2338383525713000e-03
8.2030474843733502e-03	0.0000000000000000e+00	2.4408862999005200e-03
8.2205007768932897e-03	0.0000000000000000e+00	2.7670407553457401e-03
8.2379540694132308e-03	0.0000000000000000e+00	3.1808382055951699e-03
8.2554073619331807e-03	0.0000000000000000e+00	3.6422641222549602e-03
8.2728606544531201e-03	0.0000000000000000e+00	4.1066734415855797e-03
8.2903139469730595e-03	0.0000000000000000e+00	4.5291525139259103e-03
8.3077672394930094e-03	0.0000000000000000e+00	4.8689029439275998e-03
8.3252205320129506e-03	0.0000000000000000e+00	5.0932030327105002e-03
8.3426738245328900e-03	0.0000000000000000e+00	5.1805780992085701e-03
8.3601271170528398e-03	0.0000000000000000e+00	5.1228601325654004e-03
8.3775804095727793e-03	0.0000000000000000e+00	4.9259516116683900e-03
8.3950337020927204e-03	0.0000000000000000e+00	4.6092230413775897e-03
8.4124869946126703e-03	0.0000000000000000e+00	4.2036012114994303e-03
8.4299402871326097e-03	0.0000000000000000e+00	3.7485637464730400e-03
8.4473935796525491e-03	0.0000000000000000e+00	3.2883006634265599e-03
8.4648468721725007e-03	0.0000000000000000e+00	2.8674350881082999e-03
8.4823001646924402e-03	0.0000000000000000e+00	2.5267041852793199e-03
8.4997534572123796e-03	0.0000000000000000e+00	2.2990115246110002e-03
8.5172067497323294e-03	0.0000000000000000e+00	2.2062270789301799e-03
8.5346600422522706e-03	0.0000000000000000e+00	2.2570499262164600e-03
8.5521133347722100e-03	0.0000000000000000e+00	2.4461424099340998e-03
8.5695666272921599e-03	0.0000000000000000e+00	2.7546202937679298e-03
8.5870199198120993e-03	0.0000000000000000e+00	3.1518700762224899e-03
8.6044732123320405e-03	0.0000000000000000e+00	3.5985272528455199e-03
8.6219265048519903e-03	0.0000000000000000e+00	4.0503188713049100e-03
8.6393797973719298e-03	0.0000000000000000e+00	4.4624241022238800e-03
8.6568330898918692e-03	0.0000000000000000e+00	4.7938965627026004e-03
8.6742863824118208e-03	0.0000000000000000e+00	5.0117175906849998e-03
8.6917396749317602e-03	0.0000000000000000e+00	5.0940862743600697e-03
8.7091929674516996e-03	0.0000000000000000e+00	5.0325924754596098e-03
8.7266462599716495e-03	0.0000000000000000e+00	4.8330580206939599e-03
8.7440995524915906e-03	0.0000000000000000e+00	4.5149777497276800e-03
8.7615528450115301e-03	0.0000000000000000e+00	4.1095979860651900e-03
8.7790061375314799e-03	0.0000000000000000e+00	3.6568320748544998e-03
8.7964594300514194e-03	0.0000000000000000e+00	3.2013232949454299e-03
8.8139127225713605e-03	0.0000000000000000e+00	2.7880365278963601e-03
8.8313660150913104e-03	0.0000000000000000e+00	2.4578360786359200e-03
8.8488193076112498e-03	0.0000000000000000e+00	2.2434661777807701e-03
8.8662726001311892e-03	0.0000000000000000e+00	2.1663323830114199e-03
8.8837258926511408e-03	0.0000000000000000e+00	2.2344048782759599e-03
8.9011791851710802e-03	0.0000000000000000e+00	2.4414430360106998e-03
8.9186324776910197e-03	0.0000000000000000e+00	2.7676141744572402e-03
8.9360857702109695e-03	0.0000000000000000e+00	3.1814453659894299e-03
8.9535390627309107e-03	0.0000000000000000e+00	3.6429121628842398e-03
8.9709923552508501e-03	0.0000000000000000e+00	4.1073585863388197e-03
8.9884456477708000e-03	0.0000000000000000e+00	4.5298639026355100e-03
9.0058989402907394e-03	0.0000000000000000e+00	4.8696211755724604e-03
9.0233522328106806e-03	0.0000000000000000e+00	5.0939060723252600e-03
9.0408055253306304e-03	0.0000000000000000e+00	5.1812412842682396e-03
9.0582588178505698e-03	0.0000000000000000e+00	5.1234611892204303e-03
9.0757121103705093e-03	0.0000000000000000e+00	4.9264743553298898e-03
9.0931654028904609e-03	0.0000000000000000e+00	4.6096583138569101e-03
9.1106186954104003e-03	0.0000000000000000e+00	4.2039497604512196e-03
9.1280719879303397e-03	0.0000000000000000e+00	3.7488358321890900e-03
9.1455252804502896e-03	0.0000000000000000e+00	3.2885157764058199e-03
9.1629785729702307e-03	0.0000000000000000e+00	2.8676206583362202e-03
9.1804318654901702e-03	0.0000000000000000e+00	2.5268932331890099e-03
9.1978851580101200e-03	0.0000000000000000e+00	2.2992399263474001e-03
9.2153384505300594e-03	0.0000000000000000e+00	2.2065305677115600e-03
9.2327917430500006e-03	0.0000000000000000e+00	2.2574615869537101e-03
9.2502450355699505e-03	0.0000000000000000e+00	2.4466895911781300e-03
9.2676983280898899e-03	0.0000000000000000e+00	2.7553217070138301e-03
9.2851516206098293e-03	0.0000000000000000e+00	3.1527356286092699e-03
9.3026049131297792e-03	0.0000000000000000e+00	3.5995552594103300e-03
9.3200582056497203e-03	0.0000000000000000e+00	4.0514977852593899e-03
9.3375114981696598e-03	0.0000000000000000e+00	4.4637325376127197e-03
9.3549647906896096e-03	0.0000000000000000e+00	4.7953050888591801e-03
9.3724180832095508e-03	0.0000000000000000e+00	5.0131910228680904e-03
9.3898713757294902e-03	0.0000000000000000e+00	5.0955871522488597e-03
9.4073246682494296e-03	0.0000000000000000e+00	5.0340819168144804e-03
9.4247779607693795e-03	0.0000000000000000e+00	4.8344995354582801e-03
9.4422312532893207e-03	0.0000000000000000e+00	4.5163396793326104e-03
9.4596845458092705e-03	0.0000000000000000e+00	4.1108549919099601e-03
9.4771378383292099e-03	0.0000000000000000e+00	3.6579654309293599e-03
9.4945911308491494e-03	0.0000000000000000e+00	3.2023231817238300e-03
9.5120444233690905e-03	0.0000000000000000e+00	2.7889002869764400e-03
9.5294977158890404e-03	0.0000000000000000e+00	2.4585690783455699e-03
9.5469510084089798e-03	0.0000000000000000e+00	2.2440797205283301e-03
9.5644043009289192e-03	0.0000000000000000e+00	2.1668427377528900e-03
9.5818575934488708e-03	0.0000000000000000e+00	2.2348315336666699e-03
9.5993108859688103e-03	0.0000000000000000e+00	2.4418069236755301e-03
9.6167641784887497e-03	0.0000000000000000e+00	2.7679362475611100e-03
9.6342174710086995e-03	0.0000000000000000e+00	3.1817448543130398e-03
9.6516707635286407e-03	0.0000000000000000e+00	3.6432057637354599e-03
9.6691240560485905e-03	0.0000000000000000e+00	4.1076594755365499e-03
9.6865773485685300e-03	0.0000000000000000e+00	4.5301811127053298e-03
9.7040306410884694e-03	0.0000000000000000e+00	4.8699597410163100e-03
9.7214839336084106e-03	0.0000000000000000e+00	5.0942666262967099e-03
9.7389372261283604e-03	0.0000000000000000e+00	5.1816212359271901e-03
9.7563905186482999e-03	0.0000000000000000e+00	5.1238542857210898e-03
9.7738438111682393e-03	0.0000000000000000e+00	4.9268714459434100e-03
9.7912971036881909e-03	0.0000000000000000e+00	4.6100496766417502e-03
9.8087503962081303e-03	0.0000000000000000e+00	4.2043254770404003e-03
9.8262036887280697e-03	0.0000000000000000e+00	3.7491842655732899e-03
9.8436569812480196e-03	0.0000000000000000e+00	3.2888270249973100e-03
9.8611102737679607e-03	0.0000000000000000e+00	2.8678842296860499e-03
9.8785635662879106e-03	0.0000000000000000e+00	2.5270998290760301e-03
9.8960168588078500e-03	0.0000000000000000e+00	2.2993824095862599e-03
9.9134701513277895e-03	0.0000000000000000e+00	2.2066027051338001e-03
9.9309234438477306e-03	0.0000000000000000e+00	2.2574602689651299e-03
9.9483767363676805e-03	0.0000000000000000e+00	2.4466128080769399e-03
9.9658300288876199e-03	0.0000000000000000e+00	2.7551687892314399e-03
9.9832833214075593e-03	0.0000000000000000e+00	3.1525078442512801e-03
1.0000736613927501e-02	0.0000000000000000e+00	3.5992560284474600e-03
1.0018189906447501e-02	0.0000000000000000e+00	4.0511330303928698e-03
1.0035643198967400e-02	0.0000000000000000e+00	4.4633086169045396e-03
1.0053096491487300e-02	0.0000000000000000e+00	4.7948304433204298e-03
1.0070549784007300e-02	0.0000000000000000e+00	5.0126773824159601e-03
1.0088003076527199e-02	0.0000000000000000e+00	5.0950439307617798e-03
1.0105456369047200e-02	0.0000000000000000e+00	5.0335198368873704e-03
1.0122909661567101e-02	0.0000000000000000e+00	4.8339332182753799e-03
1.0140362954087099e-02	0.0000000000000000e+00	4.5157830837669203e-03
1.0157816246607001e-02	0.0000000000000000e+00	4.1103205694827203e-03
1.0175269539126900e-02	0.0000000000000000e+00	3.6574686440078402e-03
1.0192722831646900e-02	0.0000000000000000e+00	3.2018752086304201e-03
1.0210176124166800e-02	0.0000000000000000e+00	2.7885119191771298e-03
1.0227629416686800e-02	0.0000000000000000e+00	2.4582498766675199e-03
1.0245082709206699e-02	0.0000000000000000e+00	2.2438370065307198e-03
1.0262536001726700e-02	0.0000000000000000e+00	2.1666807921398201e-03
1.0279989294246601e-02	0.0000000000000000e+00	2.2347520648206901e-03
1.0297442586766500e-02	0.0000000000000000e+00	2.4418085913958999e-03
1.0314895879286501e-02	0.0000000000000000e+00	2.7680146737383100e-03
1.0332349171806400e-02	0.0000000000000000e+00	3.1818933542952900e-03
1.0349802464326400e-02	0.0000000000000000e+00	3.6434149041638399e-03
1.0367255756846300e-02	0.0000000000000000e+00	4.1079185509788002e-03
1.0384709049366300e-02	0.0000000000000000e+00	4.5304777246449298e-03
1.0402162341886199e-02	0.0000000000000000e+00	4.8702812331898396e-03
1.0419615634406101e-02	0.0000000000000000e+00	5.0946006460487504e-03
1.0437068926926101e-02	0.0000000000000000e+00	5.1819557898557904e-03
1.0454522219446000e-02	0.0000000000000000e+00	5.1241797804795304e-03
1.0471975511966001e-02	0.0000000000000000e+00	4.9271794794250997e-03
1.0489428804485900e-02	0.0000000000000000e+00	4.6103339566119002e-03
1.0506882097005900e-02	0.0000000000000000e+00	4.2045813093578299e-03
1.0524335389525800e-02	0.0000000000000000e+00	3.7494108549545602e-03
1.0541788682045699e-02	0.0000000000000000e+00	3.2890248300061499e-03
1.0559241974565699e-02	0.0000000000000000e+00	2.8680573385742301e-03
1.0576695267085601e-02	0.0000000000000000e+00	2.5272543370312801e-03
1.0594148559605601e-02	0.0000000000000000e+00	2.2995253254993798e-03
1.0611601852125500e-02	0.0000000000000000e+00	2.2067427661125998e-03
1.0629055144645501e-02	0.0000000000000000e+00	2.2576052044320102e-03
1.0646508437165400e-02	0.0000000000000000e+00	2.4467708057938102e-03
1.0663961729685400e-02	0.0000000000000000e+00	2.7553477192946599e-03
1.0681415022205300e-02	0.0000000000000000e+00	3.1527141479969602e-03
1.0698868314725199e-02	0.0000000000000000e+00	3.5994939943949800e-03
1.0716321607245199e-02	0.0000000000000000e+00	4.0514041414688702e-03
1.0733774899765101e-02	0.0000000000000000e+00	4.4636133777537501e-03
1.0751228192285101e-02	0.0000000000000000e+00	4.7951666581194201e-03
1.0768681484805000e-02	0.0000000000000000e+00	5.0130388929539599e-03
1.0786134777325001e-02	0.0000000000000000e+00	5.0954262643405400e-03
1.0803588069844900e-02	0.0000000000000000e+00	5.0339167825358497e-03
1.0821041362364800e-02	0.0000000000000000e+00	4.8343341895188503e-03
1.0838494654884800e-02	0.0000000000000000e+00	4.5161778383411696e-03
1.0855947947404699e-02	0.0000000000000000e+00	4.1107000704591100e-03
1.0873401239924699e-02	0.0000000000000000e+00	3.6578205983643702e-03
1.0890854532444601e-02	0.0000000000000000e+00	3.2021911196950499e-03
1.0908307824964599e-02	0.0000000000000000e+00	2.7887833105223799e-03
1.0925761117484500e-02	0.0000000000000000e+00	2.4584688377989302e-03
1.0943214410004400e-02	0.0000000000000000e+00	2.2439971443534898e-03
1.0960667702524400e-02	0.0000000000000000e+00	2.1667779380728099e-03
1.0978120995044300e-02	0.0000000000000000e+00	2.2347837023628499e-03
1.0995574287564300e-02	0.0000000000000000e+00	2.4417743774043901e-03
1.1013027580084199e-02	0.0000000000000000e+00	2.7679164224844802e-03
1.1030480872604199e-02	0.0000000000000000e+00	3.1817345640437200e-03
1.1047934165124101e-02	0.0000000000000000e+00	3.6432012751876700e-03
1.1065387457644000e-02	0.0000000000000000e+00	4.1076568526555099e-03
1.1082840750164000e-02	0.0000000000000000e+00	4.5301765159975497e-03
1.1100294042683900e-02	0.0000000000000000e+00	4.8699496090682604e-03
1.1117747335203900e-02	0.0000000000000000e+00	5.0942481886237598e-03
1.1135200627723800e-02	0.0000000000000000e+00	5.1815925111728398e-03
1.1152653920243800e-02	0.0000000000000000e+00	5.1238145585450904e-03
1.1170107212763699e-02	0.0000000000000000e+00	4.9268211527092997e-03
1.1187560505283699e-02	0.0000000000000000e+00	4.6099906160056497e-03
1.1205013797803601e-02	0.0000000000000000e+00	4.2042608463851603e-03
1.1222467090323500e-02	0.0000000000000000e+00	3.7491183522258601e-03
1.1239920382843500e-02	0.0000000000000000e+00	3.2887649645485899e-03
1.1257373675363400e-02	0.0000000000000000e+00	2.8678320337326398e-03
1.1274826967883400e-02	0.0000000000000000e+00	2.5270629576901000e-03
1.1292280260403300e-02	0.0000000000000000e+00	2.2993666677648700e-03
1.1309733552923300e-02	0.0000000000000000e+00	2.2066145158149099e-03
1.1327186845443199e-02	0.0000000000000000e+00	2.2575037099590001e-03
1.1344640137963101e-02	0.0000000000000000e+00	2.4466913659791601e-03
1.1362093430483101e-02	0.0000000000000000e+00	2.7552854916452099e-03
1.1379546723003000e-02	0.0000000000000000e+00	3.1526648317495602e-03
1.1397000015523000e-02	0.0000000000000000e+00	3.5994504223290599e-03
1.1414453308042900e-02	0.0000000000000000e+00	4.0513611182181200e-03
1.1431906600562900e-02	0.0000000000000000e+00	4.4635667929387897e-03
1.1449359893082800e-02	0.0000000000000000e+00	4.7951114167025903e-03
1.1466813185602699e-02	0.0000000000000000e+00	5.0129727818328000e-03
1.1484266478122699e-02	0.0000000000000000e+00	5.0953485325575401e-03
1.1501719770642601e-02	0.0000000000000000e+00	5.0338279571773004e-03
1.1519173063162601e-02	0.0000000000000000e+00	4.8342370879549098e-03
1.1536626355682500e-02	0.0000000000000000e+00	4.5160749938013304e-03
1.1554079648202500e-02	0.0000000000000000e+00	4.1105946324051599e-03
1.1571532940722400e-02	0.0000000000000000e+00	3.6577197174431000e-03
1.1588986233242300e-02	0.0000000000000000e+00	3.2020994617742498e-03
1.1606439525762300e-02	0.0000000000000000e+00	2.7887058920311302e-03
1.1623892818282199e-02	0.0000000000000000e+00	2.4584122374504700e-03
1.1641346110802199e-02	0.0000000000000000e+00	2.2439665584611198e-03
1.1658799403322101e-02	0.0000000000000000e+00	2.1667776745385500e-03
1.1676252695842101e-02	0.0000000000000000e+00	2.2348176901470602e-03
1.1693705988362000e-02	0.0000000000000000e+00	2.4418452952600601e-03
1.1711159280882000e-02	0.0000000000000000e+00	2.7680258220112801e-03
1.1728612573401900e-02	0.0000000000000000e+00	3.1818828209060801e-03
1.1746065865921800e-02	0.0000000000000000e+00	3.6433871686467000e-03
1.1763519158441800e-02	0.0000000000000000e+00	4.1078777329508999e-03
1.1780972450961699e-02	0.0000000000000000e+00	4.5304280842862798e-03
1.1798425743481699e-02	0.0000000000000000e+00	4.8702272796049299e-03
1.1815879036001601e-02	0.0000000000000000e+00	5.0945454198944003e-03
1.1833332328521601e-02	0.0000000000000000e+00	5.1819027250032297e-03
1.1850785621041500e-02	0.0000000000000000e+00	5.1241301268788002e-03
1.1868238913561400e-02	0.0000000000000000e+00	4.9271355526465900e-03
1.1885692206081400e-02	0.0000000000000000e+00	4.6102957896498103e-03
1.1903145498601300e-02	0.0000000000000000e+00	4.2045493427986498e-03
1.1920598791121300e-02	0.0000000000000000e+00	3.7493840914430499e-03
1.1938052083641199e-02	0.0000000000000000e+00	3.2890025596060599e-03
1.1955505376161199e-02	0.0000000000000000e+00	2.8680368190948402e-03
1.1972958668681101e-02	0.0000000000000000e+00	2.5272333043106299e-03
1.1990411961201000e-02	0.0000000000000000e+00	2.2995005034602200e-03
1.2007865253721000e-02	0.0000000000000000e+00	2.2067107668549400e-03
1.2025318546240900e-02	0.0000000000000000e+00	2.2575641802645699e-03
1.2042771838760900e-02	0.0000000000000000e+00	2.4467172422190601e-03
1.2060225131280800e-02	0.0000000000000000e+00	2.7552796324974301e-03
1.2077678423800800e-02	0.0000000000000000e+00	3.1526298558422401e-03
1.2095131716320699e-02	0.0000000000000000e+00	3.5993924699357100e-03
1.2112585008840600e-02	0.0000000000000000e+00	4.0512858300609097e-03
1.2130038301360601e-02	0.0000000000000000e+00	4.4634791043266604e-03
1.2147491593880500e-02	0.0000000000000000e+00	4.7950179967926601e-03
1.2164944886400500e-02	0.0000000000000000e+00	5.0128796087774100e-03
1.2182398178920400e-02	0.0000000000000000e+00	5.0952576798700801e-03
1.2199851471440400e-02	0.0000000000000000e+00	5.0337418408655504e-03
1.2217304763960300e-02	0.0000000000000000e+00	4.8341587149552398e-03
1.2234758056480201e-02	0.0000000000000000e+00	4.5160051189183301e-03
1.2252211349000199e-02	0.0000000000000000e+00	4.1105339922472501e-03
1.2269664641520101e-02	0.0000000000000000e+00	3.6576661167021600e-03
1.2287117934040101e-02	0.0000000000000000e+00	3.2020517680978800e-03
1.2304571226560000e-02	0.0000000000000000e+00	2.7886634769005501e-03
1.2322024519080000e-02	0.0000000000000000e+00	2.4583713149199200e-03
1.2339477811599900e-02	0.0000000000000000e+00	2.2439245167727500e-03
1.2356931104119900e-02	0.0000000000000000e+00	2.1667317177015799e-03
1.2374384396639800e-02	0.0000000000000000e+00	2.2347647152204798e-03
1.2391837689159701e-02	0.0000000000000000e+00	2.4417824753178502e-03
1.2409290981679699e-02	0.0000000000000000e+00	2.7679504868067099e-03
1.2426744274199601e-02	0.0000000000000000e+00	3.1817929457677000e-03
1.2444197566719601e-02	0.0000000000000000e+00	3.6432811874465699e-03
1.2461650859239500e-02	0.0000000000000000e+00	4.1077554896561197e-03
1.2479104151759500e-02	0.0000000000000000e+00	4.5302901424174400e-03
1.2496557444279400e-02	0.0000000000000000e+00	4.8700743114898099e-03
1.2514010736799299e-02	0.0000000000000000e+00	5.0943800545377700e-03
1.2531464029319300e-02	0.0000000000000000e+00	5.1817264034412797e-03
1.2548917321839201e-02	0.0000000000000000e+00	5.1239476942178900e-03
1.2566370614359199e-02	0.0000000000000000e+00	4.9269505789066199e-03
1.2583823906879101e-02	0.0000000000000000e+00	4.6101137663615201e-03
1.2601277199399101e-02	0.0000000000000000e+00	4.2043745515825603e-03
1.2618730491919000e-02	0.0000000000000000e+00	3.7492211982350001e-03
1.2636183784438900e-02	0.0000000000000000e+00	3.2888557676540998e-03
1.2653637076958900e-02	0.0000000000000000e+00	2.8679104057910800e-03
1.2671090369478799e-02	0.0000000000000000e+00	2.5271311334040900e-03
1.2688543661998800e-02	0.0000000000000000e+00	2.2994251089758699e-03
1.2705996954518701e-02	0.0000000000000000e+00	2.2066647231910202e-03
1.2723450247038699e-02	0.0000000000000000e+00	2.2575478574547599e-03
1.2740903539558601e-02	0.0000000000000000e+00	2.4467311219667199e-03
1.2758356832078500e-02	0.0000000000000000e+00	2.7553232276190500e-03
1.2775810124598500e-02	0.0000000000000000e+00	3.1527006921053700e-03
1.2793263417118400e-02	0.0000000000000000e+00	3.5994884865010899e-03
1.2810716709638400e-02	0.0000000000000000e+00	4.0514031297167004e-03
1.2828170002158299e-02	0.0000000000000000e+00	4.4636138808026998e-03
1.2845623294678300e-02	0.0000000000000000e+00	4.7951661174809599e-03
1.2863076587198201e-02	0.0000000000000000e+00	5.0130354259849000e-03
1.2880529879718199e-02	0.0000000000000000e+00	5.0954176690793003e-03
1.2897983172238101e-02	0.0000000000000000e+00	5.0339025620447803e-03
1.2915436464758000e-02	0.0000000000000000e+00	4.8343147782186797e-03
1.2932889757278000e-02	0.0000000000000000e+00	4.5161537266505698e-03
1.2950343049797900e-02	0.0000000000000000e+00	4.1106724652282397e-03
1.2967796342317900e-02	0.0000000000000000e+00	3.6577921993018298e-03
1.2985249634837799e-02	0.0000000000000000e+00	3.2021643497083898e-03
1.3002702927357800e-02	0.0000000000000000e+00	2.7887616365165099e-03
1.3020156219877701e-02	0.0000000000000000e+00	2.4584552454461300e-03
1.3037609512397600e-02	0.0000000000000000e+00	2.2439949318358902e-03
1.3055062804917601e-02	0.0000000000000000e+00	2.1667900434721101e-03
1.3072516097437500e-02	0.0000000000000000e+00	2.2348126998737198e-03
1.3089969389957500e-02	0.0000000000000000e+00	2.4418223382821499e-03
1.3107422682477400e-02	0.0000000000000000e+00	2.7679847137133100e-03
1.3124875974997400e-02	0.0000000000000000e+00	3.1818238504575402e-03
1.3142329267517299e-02	0.0000000000000000e+00	3.6433113142801299e-03
1.3159782560037201e-02	0.0000000000000000e+00	4.1077866201001704e-03
1.3177235852557199e-02	0.0000000000000000e+00	4.5303241783331404e-03
1.3194689145077100e-02	0.0000000000000000e+00	4.8701125748442401e-03
1.3212142437597101e-02	0.0000000000000000e+00	5.0944228741795598e-03
1.3229595730117000e-02	0.0000000000000000e+00	5.1817742698926500e-03
1.3247049022637000e-02	0.0000000000000000e+00	5.1239999586746602e-03
1.3264502315156900e-02	0.0000000000000000e+00	4.9270069610590503e-03
1.3281955607676799e-02	0.0000000000000000e+00	4.6101721564779296e-03
1.3299408900196799e-02	0.0000000000000000e+00	4.2044327608322203e-03
1.3316862192716701e-02	0.0000000000000000e+00	3.7492770842470699e-03
1.3334315485236699e-02	0.0000000000000000e+00	3.2889064137689899e-03
1.3351768777756600e-02	0.0000000000000000e+00	2.8679540100752499e-03
1.3369222070276601e-02	0.0000000000000000e+00	2.5271646444532002e-03
1.3386675362796500e-02	0.0000000000000000e+00	2.2994466316903698e-03
1.3404128655316400e-02	0.0000000000000000e+00	2.2066710974003902e-03
1.3421581947836400e-02	0.0000000000000000e+00	2.2575372652978900e-03
1.3439035240356299e-02	0.0000000000000000e+00	2.4467024481801100e-03
1.3456488532876299e-02	0.0000000000000000e+00	2.7552749463138500e-03
1.3473941825396201e-02	0.0000000000000000e+00	3.1526335261089500e-03
1.3491395117916199e-02	0.0000000000000000e+00	3.5994028021978999e-03
1.3508848410436100e-02	0.0000000000000000e+00	4.0513012557101599e-03
1.3526301702956101e-02	0.0000000000000000e+00	4.4634974702015898e-03
1.3543754995476000e-02	0.0000000000000000e+00	4.7950376698619604e-03
1.3561208287995900e-02	0.0000000000000000e+00	5.0128996911783900e-03
1.3578661580515900e-02	0.0000000000000000e+00	5.0952766994129001e-03
1.3596114873035799e-02	0.0000000000000000e+00	5.0337582994841902e-03
1.3613568165555799e-02	0.0000000000000000e+00	4.8341719152875497e-03
1.3631021458075701e-02	0.0000000000000000e+00	4.5160160473490599e-03
1.3648474750595699e-02	0.0000000000000000e+00	4.1105422249204998e-03
1.3665928043115600e-02	0.0000000000000000e+00	3.6576737156421798e-03
1.3683381335635500e-02	0.0000000000000000e+00	3.2020586786633302e-03
1.3700834628155500e-02	0.0000000000000000e+00	2.7886696624637498e-03
1.3718287920675400e-02	0.0000000000000000e+00	2.4583786131684902e-03
1.3735741213195400e-02	0.0000000000000000e+00	2.2439344051453300e-03
1.3753194505715299e-02	0.0000000000000000e+00	2.1667455327349099e-03
1.3770647798235299e-02	0.0000000000000000e+00	2.2347838591813499e-03
1.3788101090755201e-02	0.0000000000000000e+00	2.4418081392782098e-03
1.3805554383275100e-02	0.0000000000000000e+00	2.7679836139186198e-03
1.3823007675795100e-02	0.0000000000000000e+00	3.1818341656061500e-03
1.3840460968315000e-02	0.0000000000000000e+00	3.6433307149573001e-03
1.3857914260835000e-02	0.0000000000000000e+00	4.1078132095621004e-03
1.3875367553354900e-02	0.0000000000000000e+00	4.5303553737154100e-03
1.3892820845874900e-02	0.0000000000000000e+00	4.8701463889333002e-03
1.3910274138394799e-02	0.0000000000000000e+00	5.0944576676061597e-03
1.3927727430914701e-02	0.0000000000000000e+00	5.1818082972255501e-03
1.3945180723434701e-02	0.0000000000000000e+00	5.1240316327184196e-03
1.3962634015954600e-02	0.0000000000000000e+00	4.9270350958752797e-03
1.3980087308474600e-02	0.0000000000000000e+00	4.6101965493763703e-03
1.3997540600994500e-02	0.0000000000000000e+00	4.2044536196482896e-03
1.4014993893514500e-02	0.0000000000000000e+00	3.7492945919240001e-03
1.4032447186034400e-02	0.0000000000000000e+00	3.2889217792448399e-03
1.4049900478554400e-02	0.0000000000000000e+00	2.8679671336528899e-03
1.4067353771074299e-02	0.0000000000000000e+00	2.5271773765476202e-03
1.4084807063594201e-02	0.0000000000000000e+00	2.2994597050793801e-03
1.4102260356114201e-02	0.0000000000000000e+00	2.2066869506744001e-03
1.4119713648634100e-02	0.0000000000000000e+00	2.2575580425696299e-03
1.4137166941154100e-02	0.0000000000000000e+00	2.4467291365387698e-03
1.4154620233674000e-02	0.0000000000000000e+00	2.7553093315951598e-03
1.4172073526194000e-02	0.0000000000000000e+00	3.1526763598353400e-03
1.4189526818713900e-02	0.0000000000000000e+00	3.5994547231313801e-03
1.4206980111233799e-02	0.0000000000000000e+00	4.0513617351318996e-03
1.4224433403753799e-02	0.0000000000000000e+00	4.4635663708752103e-03
1.4241886696273701e-02	0.0000000000000000e+00	4.7951141970472202e-03
1.4259339988793701e-02	0.0000000000000000e+00	5.0129814557261501e-03
1.4276793281313600e-02	0.0000000000000000e+00	5.0953627915561297e-03
1.4294246573833600e-02	0.0000000000000000e+00	5.0338478393383004e-03
1.4311699866353500e-02	0.0000000000000000e+00	4.8342624736077196e-03
1.4329153158873400e-02	0.0000000000000000e+00	4.5161045043456104e-03
1.4346606451393400e-02	0.0000000000000000e+00	4.1106271533761602e-03
1.4364059743913299e-02	0.0000000000000000e+00	3.6577516028521800e-03
1.4381513036433299e-02	0.0000000000000000e+00	3.2021282596743999e-03
1.4398966328953201e-02	0.0000000000000000e+00	2.7887300702092400e-03
1.4416419621473201e-02	0.0000000000000000e+00	2.4584279182764601e-03
1.4433872913993100e-02	0.0000000000000000e+00	2.2439712666121399e-03
1.4451326206513000e-02	0.0000000000000000e+00	2.1667692958128402e-03
1.4468779499033000e-02	0.0000000000000000e+00	2.2347940392032700e-03
1.4486232791552900e-02	0.0000000000000000e+00	2.4418048206741902e-03
1.4503686084072900e-02	0.0000000000000000e+00	2.7679674675391598e-03
1.4521139376592799e-02	0.0000000000000000e+00	3.1818059311912502e-03
1.4538592669112799e-02	0.0000000000000000e+00	3.6432919801244901e-03
1.4556045961632701e-02	0.0000000000000000e+00	4.1077654855003398e-03
1.4573499254152701e-02	0.0000000000000000e+00	4.5303005779244601e-03
1.4590952546672600e-02	0.0000000000000000e+00	4.8700865777968304e-03
1.4608405839192500e-02	0.0000000000000000e+00	5.0943926650754701e-03
1.4625859131712500e-02	0.0000000000000000e+00	5.1817410310496604e-03
1.4643312424232400e-02	0.0000000000000000e+00	5.1239642704920801e-03
1.4660765716752400e-02	0.0000000000000000e+00	4.9269702384916996e-03
1.4678219009272299e-02	0.0000000000000000e+00	4.6101352601206199e-03
1.4695672301792299e-02	0.0000000000000000e+00	4.2043967191694297e-03
1.4713125594312201e-02	0.0000000000000000e+00	3.7492431430608498e-03
1.4730578886832100e-02	0.0000000000000000e+00	3.2888757859365100e-03
1.4748032179352100e-02	0.0000000000000000e+00	2.8679278818008200e-03
1.4765485471872000e-02	0.0000000000000000e+00	2.5271443580323900e-03
1.4782938764392000e-02	0.0000000000000000e+00	2.2994330536922798e-03
1.4800392056911900e-02	0.0000000000000000e+00	2.2066649092592301e-03
1.4817845349431900e-02	0.0000000000000000e+00	2.2575392050874499e-03
1.4835298641951799e-02	0.0000000000000000e+00	2.4467121783839402e-03
1.4852751934471701e-02	0.0000000000000000e+00	2.7552929679341498e-03
1.4870205226991701e-02	0.0000000000000000e+00	3.1526598128537300e-03
1.4887658519511600e-02	0.0000000000000000e+00	3.5994365437642000e-03
1.4905111812031600e-02	0.0000000000000000e+00	4.0513415751743404e-03
1.4922565104551500e-02	0.0000000000000000e+00	4.4635435867557104e-03
1.4940018397071500e-02	0.0000000000000000e+00	4.7950882518565403e-03
1.4957471689591400e-02	0.0000000000000000e+00	5.0129533658036700e-03
1.4974924982111301e-02	0.0000000000000000e+00	5.0953320696718396e-03
1.4992378274631299e-02	0.0000000000000000e+00	5.0338142589802602e-03
1.5009831567151201e-02	0.0000000000000000e+00	4.8342271959771997e-03
1.5027284859671201e-02	0.0000000000000000e+00	4.5160690898434601e-03
1.5044738152191100e-02	0.0000000000000000e+00	4.1105920642240303e-03
1.5062191444711100e-02	0.0000000000000000e+00	3.6577195098359701e-03
1.5079644737231000e-02	0.0000000000000000e+00	3.2020995491153399e-03
1.5097098029750899e-02	0.0000000000000000e+00	2.7887051012400800e-03
1.5114551322270900e-02	0.0000000000000000e+00	2.4584083001950498e-03
1.5132004614790801e-02	0.0000000000000000e+00	2.2439582821120198e-03
1.5149457907310799e-02	0.0000000000000000e+00	2.1667637287183699e-03
1.5166911199830701e-02	0.0000000000000000e+00	2.2347967383131401e-03
1.5184364492350701e-02	0.0000000000000000e+00	2.4418161704651501e-03
1.5201817784870600e-02	0.0000000000000000e+00	2.7679875061858098e-03
1.5219271077390600e-02	0.0000000000000000e+00	3.1818346453382899e-03
1.5236724369910500e-02	0.0000000000000000e+00	3.6433285528760201e-03
1.5254177662430399e-02	0.0000000000000000e+00	4.1078093282047598e-03
1.5271630954950400e-02	0.0000000000000000e+00	4.5303504248480602e-03
1.5289084247470301e-02	0.0000000000000000e+00	4.8701412746086099e-03
1.5306537539990299e-02	0.0000000000000000e+00	5.0944526866268502e-03
1.5323990832510201e-02	0.0000000000000000e+00	5.1818044309456099e-03
1.5341444125030201e-02	0.0000000000000000e+00	5.1240285456850502e-03
1.5358897417550100e-02	0.0000000000000000e+00	4.9270331398144499e-03
1.5376350710070000e-02	0.0000000000000000e+00	4.6101957510783498e-03
1.5393804002590000e-02	0.0000000000000000e+00	4.2044539171652304e-03
1.5411257295109899e-02	0.0000000000000000e+00	3.7492956454381501e-03
1.5428710587629900e-02	0.0000000000000000e+00	3.2889231696781400e-03
1.5446163880149801e-02	0.0000000000000000e+00	2.8679682610212001e-03
1.5463617172669799e-02	0.0000000000000000e+00	2.5271775280341201e-03
1.5481070465189701e-02	0.0000000000000000e+00	2.2994581303767401e-03
1.5498523757709600e-02	0.0000000000000000e+00	2.2066829341794900e-03
1.5515977050229600e-02	0.0000000000000000e+00	2.2575510192286699e-03
1.5533430342749500e-02	0.0000000000000000e+00	2.4467185903735700e-03
1.5550883635269500e-02	0.0000000000000000e+00	2.7552948896872702e-03
1.5568336927789399e-02	0.0000000000000000e+00	3.1526577986550901e-03
1.5585790220309400e-02	0.0000000000000000e+00	3.5994318780977002e-03
1.5603243512829299e-02	0.0000000000000000e+00	4.0513347355325803e-03
1.5620696805349200e-02	0.0000000000000000e+00	4.4635355741515096e-03
1.5638150097869199e-02	0.0000000000000000e+00	4.7950800839652403e-03
1.5655603390389100e-02	0.0000000000000000e+00	5.0129446366803500e-03
1.5673056682909099e-02	0.0000000000000000e+00	5.0953240260287903e-03
1.5690509975429000e-02	0.0000000000000000e+00	5.0338079876754002e-03
1.5707963267949002e-02	0.0000000000000000e+00	4.8342225113919904e-03
1.5725416560468899e-02	0.0000000000000000e+00	4.5160653754899001e-03
1.5742869852988801e-02	0.0000000000000000e+00	4.1105898211294799e-03
1.5760323145508799e-02	0.0000000000000000e+00	3.6577170147584202e-03
1.5777776438028700e-02	0.0000000000000000e+00	3.2020971769224698e-03
1.5795229730548699e-02	0.0000000000000000e+00	2.7887032333776401e-03
1.5812683023068600e-02	0.0000000000000000e+00	2.4584058643442098e-03
1.5830136315588599e-02	0.0000000000000000e+00	2.2439544028837700e-03
1.5847589608108500e-02	0.0000000000000000e+00	2.1667578340450102e-03
1.5865042900628502e-02	0.0000000000000000e+00	2.2347880033428301e-03
1.5882496193148399e-02	0.0000000000000000e+00	2.4418040773681099e-03
1.5899949485668301e-02	0.0000000000000000e+00	2.7679716871667902e-03
1.5917402778188299e-02	0.0000000000000000e+00	3.1818146713297199e-03
1.5934856070708200e-02	0.0000000000000000e+00	3.6433046301625198e-03
1.5952309363228199e-02	0.0000000000000000e+00	4.1077812149193102e-03
1.5969762655748100e-02	0.0000000000000000e+00	4.5303187771943299e-03
1.5987215948268099e-02	0.0000000000000000e+00	4.8701064744943396e-03
1.6004669240788000e-02	0.0000000000000000e+00	5.0944148128294602e-03
1.6022122533307901e-02	0.0000000000000000e+00	5.1817642491934204e-03
1.6039575825827899e-02	0.0000000000000000e+00	5.1239872296482700e-03
1.6057029118347801e-02	0.0000000000000000e+00	4.9269924569533300e-03
1.6074482410867799e-02	0.0000000000000000e+00	4.6101557449037198e-03
1.6091935703387700e-02	0.0000000000000000e+00	4.2044153004697302e-03
1.6109388995907699e-02	0.0000000000000000e+00	3.7492596578321499e-03
1.6126842288427600e-02	0.0000000000000000e+00	3.2888903556053100e-03
1.6144295580947501e-02	0.0000000000000000e+00	2.8679409619983701e-03
1.6161748873467500e-02	0.0000000000000000e+00	2.5271561188448502e-03
1.6179202165987401e-02	0.0000000000000000e+00	2.2994436432159900e-03
1.6196655458507399e-02	0.0000000000000000e+00	2.2066747550621201e-03
1.6214108751027301e-02	0.0000000000000000e+00	2.2575485681931799e-03
1.6231562043547299e-02	0.0000000000000000e+00	2.4467211407207499e-03
1.6249015336067200e-02	0.0000000000000000e+00	2.7553022551498399e-03
1.6266468628587199e-02	0.0000000000000000e+00	3.1526698307299400e-03
1.6283921921107100e-02	0.0000000000000000e+00	3.5994477554093900e-03
1.6301375213627001e-02	0.0000000000000000e+00	4.0513540732219399e-03
1.6318828506147000e-02	0.0000000000000000e+00	4.4635575842286298e-03
1.6336281798666901e-02	0.0000000000000000e+00	4.7951038164710203e-03
1.6353735091186899e-02	0.0000000000000000e+00	5.0129701104020003e-03
1.6371188383706801e-02	0.0000000000000000e+00	5.0953499303254398e-03
1.6388641676226799e-02	0.0000000000000000e+00	5.0338331110339604e-03
1.6406094968746700e-02	0.0000000000000000e+00	4.8342467372061802e-03
1.6423548261266602e-02	0.0000000000000000e+00	4.5160883158467504e-03
1.6441001553786600e-02	0.0000000000000000e+00	4.1106107308498197e-03
1.6458454846306501e-02	0.0000000000000000e+00	3.6577353921472999e-03
1.6475908138826500e-02	0.0000000000000000e+00	3.2021133917012998e-03
1.6493361431346401e-02	0.0000000000000000e+00	2.7887175299303600e-03
1.6510814723866400e-02	0.0000000000000000e+00	2.4584182530764799e-03
1.6528268016386301e-02	0.0000000000000000e+00	2.2439652138464298e-03
1.6545721308906199e-02	0.0000000000000000e+00	2.1667673827935599e-03
1.6563174601426200e-02	0.0000000000000000e+00	2.2347967476565398e-03
1.6580627893946102e-02	0.0000000000000000e+00	2.4418124483394001e-03
1.6598081186466100e-02	0.0000000000000000e+00	2.7679800240146199e-03
1.6615534478986001e-02	0.0000000000000000e+00	3.1818235233073001e-03
1.6632987771506000e-02	0.0000000000000000e+00	3.6433142509076800e-03
1.6650441064025901e-02	0.0000000000000000e+00	4.1077919354653896e-03
1.6667894356545799e-02	0.0000000000000000e+00	4.5303308837907202e-03
1.6685347649065801e-02	0.0000000000000000e+00	4.8701196980551103e-03
1.6702800941585699e-02	0.0000000000000000e+00	5.0944289836247500e-03
1.6720254234105700e-02	0.0000000000000000e+00	5.1817784624007103e-03
1.6737707526625598e-02	0.0000000000000000e+00	5.1240028199245101e-03
1.6755160819145600e-02	0.0000000000000000e+00	4.9270084515877100e-03
1.6772614111665501e-02	0.0000000000000000e+00	4.6101733998926203e-03
1.6790067404185399e-02	0.0000000000000000e+00	4.2044342193493598e-03
1.6807520696705401e-02	0.0000000000000000e+00	3.7492788208549101e-03
1.6824973989225299e-02	0.0000000000000000e+00	3.2889093382601699e-03
1.6842427281745301e-02	0.0000000000000000e+00	2.8679585296232900e-03
1.6859880574265199e-02	0.0000000000000000e+00	2.5271711979813001e-03
1.6877333866785200e-02	0.0000000000000000e+00	2.2994552145610501e-03
1.6894787159305098e-02	0.0000000000000000e+00	2.2066826344947499e-03
1.6912240451825100e-02	0.0000000000000000e+00	2.2575521287437300e-03
1.6929693744345001e-02	0.0000000000000000e+00	2.4467200681835698e-03
1.6947147036864899e-02	0.0000000000000000e+00	2.7552967267089000e-03
1.6964600329384901e-02	0.0000000000000000e+00	3.1526599417102002e-03
1.6982053621904799e-02	0.0000000000000000e+00	3.5994325303382799e-03
1.6999506914424801e-02	0.0000000000000000e+00	4.0513358283780204e-03
1.7016960206944699e-02	0.0000000000000000e+00	4.4635368765703100e-03
1.7034413499464700e-02	0.0000000000000000e+00	4.7950810641844699e-03
1.7051866791984598e-02	0.0000000000000000e+00	5.0129472885982697e-03
1.7069320084504500e-02	0.0000000000000000e+00	5.0953279185274496e-03
1.7086773377024501e-02	0.0000000000000000e+00	5.0338117628501503e-03
1.7104226669544399e-02	0.0000000000000000e+00	4.8342247423650503e-03
1.7121679962064401e-02	0.0000000000000000e+00	4.5160674085880899e-03
1.7139133254584299e-02	0.0000000000000000e+00	4.1105920183863503e-03
1.7156586547104301e-02	0.0000000000000000e+00	3.6577186593581400e-03
1.7174039839624199e-02	0.0000000000000000e+00	3.2020989352561499e-03
1.7191493132144100e-02	0.0000000000000000e+00	2.7887045754994102e-03
1.7208946424664098e-02	0.0000000000000000e+00	2.4584073820641699e-03
1.7226399717184000e-02	0.0000000000000000e+00	2.2439563047717999e-03
1.7243853009704001e-02	0.0000000000000000e+00	2.1667603258818300e-03
1.7261306302223899e-02	0.0000000000000000e+00	2.2347914609915898e-03
1.7278759594743901e-02	0.0000000000000000e+00	2.4418086303009401e-03
1.7296212887263799e-02	0.0000000000000000e+00	2.7679775259884299e-03
1.7313666179783700e-02	0.0000000000000000e+00	3.1818220351616500e-03
1.7331119472303699e-02	0.0000000000000000e+00	3.6433133265985499e-03
1.7348572764823600e-02	0.0000000000000000e+00	4.1077915602298698e-03
1.7366026057343598e-02	0.0000000000000000e+00	4.5303305266159799e-03
1.7383479349863500e-02	0.0000000000000000e+00	4.8701188764932197e-03
1.7400932642383501e-02	0.0000000000000000e+00	5.0944267163676197e-03
1.7418385934903399e-02	0.0000000000000000e+00	5.1817758223182799e-03
1.7435839227423401e-02	0.0000000000000000e+00	5.1239986821310602e-03
1.7453292519943299e-02	0.0000000000000000e+00	4.9270044028101199e-03
1.7470745812463200e-02	0.0000000000000000e+00	4.6101673692519702e-03
1.7488199104983199e-02	0.0000000000000000e+00	4.2044260674539398e-03
1.7505652397503100e-02	0.0000000000000000e+00	3.7492695309564502e-03
1.7523105690023098e-02	0.0000000000000000e+00	3.2888993065468201e-03
1.7540558982543000e-02	0.0000000000000000e+00	2.8679488815802302e-03
1.7558012275063001e-02	0.0000000000000000e+00	2.5271634005937398e-03
1.7575465567582899e-02	0.0000000000000000e+00	2.2994493451256601e-03
1.7592918860102801e-02	0.0000000000000000e+00	2.2066793399241002e-03
1.7610372152622799e-02	0.0000000000000000e+00	2.2575507238175902e-03
1.7627825445142700e-02	0.0000000000000000e+00	2.4467218153653401e-03
1.7645278737662699e-02	0.0000000000000000e+00	2.7553017486861698e-03
1.7662732030182600e-02	0.0000000000000000e+00	3.1526672911598602e-03
1.7680185322702598e-02	0.0000000000000000e+00	3.5994435110097301e-03
1.7697638615222500e-02	0.0000000000000000e+00	4.0513492356267803e-03
1.7715091907742401e-02	0.0000000000000000e+00	4.4635521192421300e-03
1.7732545200262399e-02	0.0000000000000000e+00	4.7950981711613102e-03
1.7749998492782301e-02	0.0000000000000000e+00	5.0129649325508004e-03
1.7767451785302299e-02	0.0000000000000000e+00	5.0953464699844599e-03
1.7784905077822200e-02	0.0000000000000000e+00	5.0338296430462101e-03
1.7802358370342199e-02	0.0000000000000000e+00	4.8342427891377299e-03
1.7819811662862100e-02	0.0000000000000000e+00	4.5160854867117902e-03
1.7837264955382001e-02	0.0000000000000000e+00	4.1106086866518803e-03
1.7854718247902000e-02	0.0000000000000000e+00	3.6577345026417001e-03
1.7872171540421901e-02	0.0000000000000000e+00	3.2021132307409900e-03
1.7889624832941899e-02	0.0000000000000000e+00	2.7887167666115101e-03
1.7907078125461801e-02	0.0000000000000000e+00	2.4584174164296799e-03
1.7924531417981799e-02	0.0000000000000000e+00	2.2439642122031199e-03
1.7941984710501700e-02	0.0000000000000000e+00	2.1667660078389800e-03
1.7959438003021699e-02	0.0000000000000000e+00	2.2347950384978099e-03
1.7976891295541600e-02	0.0000000000000000e+00	2.4418102414772800e-03
1.7994344588061501e-02	0.0000000000000000e+00	2.7679773277446400e-03
1.8011797880581500e-02	0.0000000000000000e+00	3.1818202754743002e-03
1.8029251173101401e-02	0.0000000000000000e+00	3.6433102225686899e-03
1.8046704465621399e-02	0.0000000000000000e+00	4.1077873225324104e-03
1.8064157758141301e-02	0.0000000000000000e+00	4.5303252334951702e-03
1.8081611050661299e-02	0.0000000000000000e+00	4.8701134783283098e-03
1.8099064343181200e-02	0.0000000000000000e+00	5.0944229913920504e-03
1.8116517635701102e-02	0.0000000000000000e+00	5.1817734483985099e-03
1.8133970928221100e-02	0.0000000000000000e+00	5.1239971046725397e-03
1.8151424220741001e-02	0.0000000000000000e+00	4.9270019931579503e-03
1.8168877513261000e-02	0.0000000000000000e+00	4.6101656730977696e-03
1.8186330805780901e-02	0.0000000000000000e+00	4.2044255294693602e-03
1.8203784098300899e-02	0.0000000000000000e+00	3.7492695413986299e-03
1.8221237390820801e-02	0.0000000000000000e+00	3.2888998009019598e-03
1.8238690683340698e-02	0.0000000000000000e+00	2.8679480350102498e-03
1.8256143975860700e-02	0.0000000000000000e+00	2.5271606950393799e-03
1.8273597268380602e-02	0.0000000000000000e+00	2.2994448455705202e-03
1.8291050560900600e-02	0.0000000000000000e+00	2.2066732223759099e-03
1.8308503853420501e-02	0.0000000000000000e+00	2.2575446359526402e-03
1.8325957145940500e-02	0.0000000000000000e+00	2.4467153484372000e-03
1.8343410438460401e-02	0.0000000000000000e+00	2.7552945258466702e-03
1.8360863730980299e-02	0.0000000000000000e+00	3.1526597795267499e-03
1.8378317023500301e-02	0.0000000000000000e+00	3.5994357316107999e-03
1.8395770316020198e-02	0.0000000000000000e+00	4.0513398717022201e-03
1.8413223608540200e-02	0.0000000000000000e+00	4.4635415589068996e-03
1.8430676901060102e-02	0.0000000000000000e+00	4.7950864249980702e-03
1.8448130193580100e-02	0.0000000000000000e+00	5.0129510000976900e-03
1.8465583486100001e-02	0.0000000000000000e+00	5.0953300109992496e-03
1.8483036778619899e-02	0.0000000000000000e+00	5.0338132776166604e-03
1.8500490071139901e-02	0.0000000000000000e+00	4.8342271091113900e-03
1.8517943363659799e-02	0.0000000000000000e+00	4.5160691506434198e-03
1.8535396656179801e-02	0.0000000000000000e+00	4.1105927696775697e-03
1.8552849948699698e-02	0.0000000000000000e+00	3.6577210864122199e-03
1.8570303241219700e-02	0.0000000000000000e+00	3.2021010789874201e-03
1.8587756533739602e-02	0.0000000000000000e+00	2.7887061595989401e-03
1.8605209826259600e-02	0.0000000000000000e+00	2.4584087486227398e-03
1.8622663118779501e-02	0.0000000000000000e+00	2.2439576100813001e-03
1.8640116411299399e-02	0.0000000000000000e+00	2.1667616692672901e-03
1.8657569703819401e-02	0.0000000000000000e+00	2.2347928699892701e-03
1.8675022996339299e-02	0.0000000000000000e+00	2.4418103275681202e-03
1.8692476288859301e-02	0.0000000000000000e+00	2.7679794344458398e-03
1.8709929581379198e-02	0.0000000000000000e+00	3.1818242453151300e-03
1.8727382873899200e-02	0.0000000000000000e+00	3.6433158958354799e-03
1.8744836166419102e-02	0.0000000000000000e+00	4.1077943606756496e-03
1.8762289458938999e-02	0.0000000000000000e+00	4.5303335324158398e-03
1.8779742751459001e-02	0.0000000000000000e+00	4.8701224189454696e-03
1.8797196043978899e-02	0.0000000000000000e+00	5.0944326377179898e-03
1.8814649336498901e-02	0.0000000000000000e+00	5.1817838488201302e-03
1.8832102629018799e-02	0.0000000000000000e+00	5.1240087970318903e-03
1.8849555921538801e-02	0.0000000000000000e+00	4.9270137485309404e-03
1.8867009214058698e-02	0.0000000000000000e+00	4.6101771110238802e-03
1.8884462506578600e-02	0.0000000000000000e+00	4.2044361829324702e-03
1.8901915799098602e-02	0.0000000000000000e+00	3.7492793649023699e-03
1.8919369091618499e-02	0.0000000000000000e+00	3.2889080182493002e-03
1.8936822384138501e-02	0.0000000000000000e+00	2.8679553369745500e-03
1.8954275676658399e-02	0.0000000000000000e+00	2.5271663423933198e-03
1.8971728969178401e-02	0.0000000000000000e+00	2.2994498061964601e-03
1.8989182261698299e-02	0.0000000000000000e+00	2.2066776936240898e-03
1.9006635554218200e-02	0.0000000000000000e+00	2.2575479397642902e-03
1.9024088846738198e-02	0.0000000000000000e+00	2.4467184212463699e-03
1.9041542139258100e-02	0.0000000000000000e+00	2.7552973541558200e-03
1.9058995431778102e-02	0.0000000000000000e+00	3.1526627301975401e-03
1.9076448724297999e-02	0.0000000000000000e+00	3.5994389675264899e-03
1.9093902016818001e-02	0.0000000000000000e+00	4.0513433234753296e-03
1.9111355309337899e-02	0.0000000000000000e+00	4.4635451258726701e-03
1.9128808601857800e-02	0.0000000000000000e+00	4.7950901251133000e-03
1.9146261894377799e-02	0.0000000000000000e+00	5.0129539418406598e-03
1.9163715186897700e-02	0.0000000000000000e+00	5.0953334131933203e-03
1.9181168479417698e-02	0.0000000000000000e+00	5.0338175750754902e-03
1.9198621771937600e-02	0.0000000000000000e+00	4.8342307183099099e-03
1.9216075064457602e-02	0.0000000000000000e+00	4.5160728616919603e-03
1.9233528356977499e-02	0.0000000000000000e+00	4.1105968123966502e-03
1.9250981649497501e-02	0.0000000000000000e+00	3.6577227948391801e-03
1.9268434942017399e-02	0.0000000000000000e+00	3.2021024462511498e-03
1.9285888234537300e-02	0.0000000000000000e+00	2.7887076856070699e-03
1.9303341527057299e-02	0.0000000000000000e+00	2.4584098050679502e-03
1.9320794819577200e-02	0.0000000000000000e+00	2.2439579525708598e-03
1.9338248112097198e-02	0.0000000000000000e+00	2.1667612568062999e-03
1.9355701404617100e-02	0.0000000000000000e+00	2.2347914900623898e-03
1.9373154697137102e-02	0.0000000000000000e+00	2.4418078430412300e-03
1.9390607989656999e-02	0.0000000000000000e+00	2.7679758265252400e-03
1.9408061282176901e-02	0.0000000000000000e+00	3.1818194132106998e-03
1.9425514574696899e-02	0.0000000000000000e+00	3.6433100582315501e-03
1.9442967867216800e-02	0.0000000000000000e+00	4.1077872602979203e-03
1.9460421159736799e-02	0.0000000000000000e+00	4.5303255502882802e-03
1.9477874452256700e-02	0.0000000000000000e+00	4.8701134725155099e-03
1.9495327744776698e-02	0.0000000000000000e+00	5.0944230040786600e-03
1.9512781037296600e-02	0.0000000000000000e+00	5.1817737547134096e-03
1.9530234329816501e-02	0.0000000000000000e+00	5.1239983771329900e-03
1.9547687622336499e-02	0.0000000000000000e+00	4.9270036602247604e-03
1.9565140914856401e-02	0.0000000000000000e+00	4.6101672164896301e-03
1.9582594207376399e-02	0.0000000000000000e+00	4.2044266797681201e-03
1.9600047499896300e-02	0.0000000000000000e+00	3.7492705278673599e-03
1.9617500792416299e-02	0.0000000000000000e+00	3.2889000969580800e-03
1.9634954084936200e-02	0.0000000000000000e+00	2.8679487068660999e-03
1.9652407377456101e-02	0.0000000000000000e+00	2.5271613844601000e-03
1.9669860669976100e-02	0.0000000000000000e+00	2.2994465841368302e-03
1.9687313962496001e-02	0.0000000000000000e+00	2.2066755803709600e-03
1.9704767255015999e-02	0.0000000000000000e+00	2.2575470906195699e-03
1.9722220547535901e-02	0.0000000000000000e+00	2.4467186810777802e-03
1.9739673840055899e-02	0.0000000000000000e+00	2.7552979190732900e-03
1.9757127132575800e-02	0.0000000000000000e+00	3.1526632672143800e-03
1.9774580425095799e-02	0.0000000000000000e+00	3.5994395309936799e-03
1.9792033717615700e-02	0.0000000000000000e+00	4.0513448569353804e-03
1.9809487010135601e-02	0.0000000000000000e+00	4.4635471556540799e-03
1.9826940302655600e-02	0.0000000000000000e+00	4.7950927419767300e-03
1.9844393595175501e-02	0.0000000000000000e+00	5.0129589770494297e-03
1.9861846887695499e-02	0.0000000000000000e+00	5.0953395885578101e-03
1.9879300180215401e-02	0.0000000000000000e+00	5.0338226803741497e-03
1.9896753472735399e-02	0.0000000000000000e+00	4.8342361070434301e-03
1.9914206765255300e-02	0.0000000000000000e+00	4.5160790173561002e-03
1.9931660057775202e-02	0.0000000000000000e+00	4.1106022128356203e-03
1.9949113350295200e-02	0.0000000000000000e+00	3.6577289070869302e-03
1.9966566642815101e-02	0.0000000000000000e+00	3.2021081374382699e-03
1.9984019935335100e-02	0.0000000000000000e+00	2.7887123669337699e-03
2.0001473227855001e-02	0.0000000000000000e+00	2.4584137547149099e-03
2.0018926520374999e-02	0.0000000000000000e+00	2.2439614544133399e-03
2.0036379812894901e-02	0.0000000000000000e+00	2.1667642125878799e-03
2.0053833105414798e-02	0.0000000000000000e+00	2.2347942397902601e-03
2.0071286397934800e-02	0.0000000000000000e+00	2.4418104229278698e-03
2.0088739690454702e-02	0.0000000000000000e+00	2.7679784527044598e-03
2.0106192982974700e-02	0.0000000000000000e+00	3.1818222240857699e-03
2.0123646275494601e-02	0.0000000000000000e+00	3.6433129555853900e-03
2.0141099568014600e-02	0.0000000000000000e+00	4.1077907607358398e-03
2.0158552860534501e-02	0.0000000000000000e+00	4.5303291853676904e-03
2.0176006153054399e-02	0.0000000000000000e+00	4.8701178830704702e-03
2.0193459445574401e-02	0.0000000000000000e+00	5.0944275373792603e-03
2.0210912738094299e-02	0.0000000000000000e+00	5.1817785551625598e-03
2.0228366030614300e-02	0.0000000000000000e+00	5.1240025451824000e-03
2.0245819323134202e-02	0.0000000000000000e+00	4.9270075762885904e-03
2.0263272615654200e-02	0.0000000000000000e+00	4.6101708918343202e-03
2.0280725908174101e-02	0.0000000000000000e+00	4.2044303861136102e-03
2.0298179200694100e-02	0.0000000000000000e+00	3.7492739765300699e-03
2.0315632493214001e-02	0.0000000000000000e+00	3.2889037911793101e-03
2.0333085785733899e-02	0.0000000000000000e+00	2.8679514829217001e-03
2.0350539078253901e-02	0.0000000000000000e+00	2.5271635445639901e-03
2.0367992370773799e-02	0.0000000000000000e+00	2.2994471743337502e-03
2.0385445663293800e-02	0.0000000000000000e+00	2.2066749740962798e-03
2.0402898955813702e-02	0.0000000000000000e+00	2.2575460575111101e-03
2.0420352248333700e-02	0.0000000000000000e+00	2.4467164121463199e-03
2.0437805540853601e-02	0.0000000000000000e+00	2.7552951688905800e-03
2.0455258833373499e-02	0.0000000000000000e+00	3.1526602735241099e-03
2.0472712125893501e-02	0.0000000000000000e+00	3.5994360748732601e-03
2.0490165418413399e-02	0.0000000000000000e+00	4.0513404086893103e-03
2.0507618710933401e-02	0.0000000000000000e+00	4.4635422290843496e-03
2.0525072003453299e-02	0.0000000000000000e+00	4.7950872059910497e-03
2.0542525295973300e-02	0.0000000000000000e+00	5.0129523750076501e-03
2.0559978588493202e-02	0.0000000000000000e+00	5.0953317163984196e-03
2.0577431881013099e-02	0.0000000000000000e+00	5.0338150689035101e-03
2.0594885173533101e-02	0.0000000000000000e+00	4.8342292053532802e-03
2.0612338466052999e-02	0.0000000000000000e+00	4.5160714139211803e-03
2.0629791758573001e-02	0.0000000000000000e+00	4.1105950428772199e-03
2.0647245051092899e-02	0.0000000000000000e+00	3.6577213138851701e-03
2.0664698343612901e-02	0.0000000000000000e+00	3.2021007453764401e-03
2.0682151636132799e-02	0.0000000000000000e+00	2.7887064173646101e-03
2.0699604928652700e-02	0.0000000000000000e+00	2.4584088181715401e-03
2.0717058221172702e-02	0.0000000000000000e+00	2.2439574763237699e-03
2.0734511513692599e-02	0.0000000000000000e+00	2.1667612715003102e-03
2.0751964806212601e-02	0.0000000000000000e+00	2.2347921679433001e-03
2.0769418098732499e-02	0.0000000000000000e+00	2.4418092032433701e-03
2.0786871391252501e-02	0.0000000000000000e+00	2.7679778550563699e-03
2.0804324683772399e-02	0.0000000000000000e+00	3.1818222185503102e-03
2.0821777976292300e-02	0.0000000000000000e+00	3.6433134115142398e-03
2.0839231268812299e-02	0.0000000000000000e+00	4.1077914948550402e-03
2.0856684561332200e-02	0.0000000000000000e+00	4.5303303362413099e-03
2.0874137853852202e-02	0.0000000000000000e+00	4.8701190150829497e-03
2.0891591146372099e-02	0.0000000000000000e+00	5.0944290664757599e-03
2.0909044438892101e-02	0.0000000000000000e+00	5.1817792609454103e-03
2.0926497731411999e-02	0.0000000000000000e+00	5.1240032206927100e-03
2.0943951023932001e-02	0.0000000000000000e+00	4.9270086469443697e-03
