0.0000000000000000e+00	0.0000000000000000e+00	8.2070989908698675e+02
1.7453292519943300e-05	0.0000000000000000e+00	8.2754699245887321e+02
3.4906585039886600e-05	0.0000000000000000e+00	8.3435860845088052e+02
5.2359877559829903e-05	0.0000000000000000e+00	8.4114474481159971e+02
6.9813170079773199e-05	0.0000000000000000e+00	8.4790539918639308e+02
8.7266462599716496e-05	0.0000000000000000e+00	8.5464056981890303e+02
1.0471975511966000e-04	0.0000000000000000e+00	8.6135025536204375e+02
1.2217304763960301e-04	0.0000000000000000e+00	8.6803445424795189e+02
1.3962634015954599e-04	0.0000000000000000e+00	8.7469316559256276e+02
1.5707963267949001e-04	0.0000000000000000e+00	8.8132638844348526e+02
1.7453292519943299e-04	0.0000000000000000e+00	8.8793412223440737e+02
1.9198621771937600e-04	0.0000000000000000e+00	8.9451636677422277e+02
2.0943951023931999e-04	0.0000000000000000e+00	9.0107312229407910e+02
2.2689280275926300e-04	0.0000000000000000e+00	9.0760438854194933e+02
2.4434609527920601e-04	0.0000000000000000e+00	9.1411016643324729e+02
2.6179938779914903e-04	0.0000000000000000e+00	9.2059045654678062e+02
2.7925268031909301e-04	0.0000000000000000e+00	9.2704525968453038e+02
2.9670597283903603e-04	0.0000000000000000e+00	9.3347457772464622e+02
3.1415926535897898e-04	0.0000000000000000e+00	9.3987841149594215e+02
3.3161255787892303e-04	0.0000000000000000e+00	9.4625676351914387e+02
3.4906585039886598e-04	0.0000000000000000e+00	9.5260963525627938e+02
3.6651914291880900e-04	0.0000000000000000e+00	9.5893702929965616e+02
3.8397243543875201e-04	0.0000000000000000e+00	9.6523894850918646e+02
4.0142572795869599e-04	0.0000000000000000e+00	9.7151539529686340e+02
4.1887902047863901e-04	0.0000000000000000e+00	9.7776637317453026e+02
4.3633231299858202e-04	0.0000000000000000e+00	9.8399188498909882e+02
4.5378560551852601e-04	0.0000000000000000e+00	9.9019193530315249e+02
4.7123889803846902e-04	0.0000000000000000e+00	9.9636652723067800e+02
4.8869219055841203e-04	0.0000000000000000e+00	1.0025156651379690e+03
5.0614548307835602e-04	0.0000000000000000e+00	1.0086393540791707e+03
5.2359877559829903e-04	0.0000000000000000e+00	1.0147375981639802e+03
5.4105206811824204e-04	0.0000000000000000e+00	1.0208104024162215e+03
5.5850536063818505e-04	0.0000000000000000e+00	1.0268577722709031e+03
5.7595865315812904e-04	0.0000000000000000e+00	1.0328797133580215e+03
5.9341194567807205e-04	0.0000000000000000e+00	1.0388762314668638e+03
6.1086523819801496e-04	0.0000000000000000e+00	1.0448473325437149e+03
6.2831853071795905e-04	0.0000000000000000e+00	1.0507930227163627e+03
6.4577182323790196e-04	0.0000000000000000e+00	1.0567133090530483e+03
6.6322511575784497e-04	0.0000000000000000e+00	1.0626081983379222e+03
6.8067840827778798e-04	0.0000000000000000e+00	1.0684776972988770e+03
6.9813170079773197e-04	0.0000000000000000e+00	1.0743218139140497e+03
7.1558499331767498e-04	0.0000000000000000e+00	1.0801405556850407e+03
7.3303828583761799e-04	0.0000000000000000e+00	1.0859339303172640e+03
7.5049157835756198e-04	0.0000000000000000e+00	1.0917019465111532e+03
7.6794487087750499e-04	0.0000000000000000e+00	1.0974446123585426e+03
7.8539816339744800e-04	0.0000000000000000e+00	1.1031619367929438e+03
8.0285145591739199e-04	0.0000000000000000e+00	1.1088539289104815e+03
8.2030474843733500e-04	0.0000000000000000e+00	1.1145205982355260e+03
8.3775804095727801e-04	0.0000000000000000e+00	1.1201619538775972e+03
8.5521133347722102e-04	0.0000000000000000e+00	1.1257780058510884e+03
8.7266462599716501e-04	0.0000000000000000e+00	1.1313687642873290e+03
8.9011791851710802e-04	0.0000000000000000e+00	1.1369342403640560e+03
9.0757121103705104e-04	0.0000000000000000e+00	1.1424744438232947e+03
9.2502450355699502e-04	0.0000000000000000e+00	1.1479893860312507e+03
9.4247779607693804e-04	0.0000000000000000e+00	1.1534790778394652e+03
9.5993108859688105e-04	0.0000000000000000e+00	1.1589435313835302e+03
9.7738438111682406e-04	0.0000000000000000e+00	1.1643827576507797e+03
9.9483767363676805e-04	0.0000000000000000e+00	1.1697967697302745e+03
1.0122909661567101e-03	0.0000000000000000e+00	1.1751855790289967e+03
1.0297442586766500e-03	0.0000000000000000e+00	1.1805491986614320e+03
1.0471975511966000e-03	0.0000000000000000e+00	1.1858876413673738e+03
1.0646508437165401e-03	0.0000000000000000e+00	1.1912009203323391e+03
1.0821041362364800e-03	0.0000000000000000e+00	1.1964890488855795e+03
1.0995574287564300e-03	0.0000000000000000e+00	1.2017520408006958e+03
1.1170107212763701e-03	0.0000000000000000e+00	1.2069899102544116e+03
1.1344640137963100e-03	0.0000000000000000e+00	1.2122026710740301e+03
1.1519173063162600e-03	0.0000000000000000e+00	1.2173903383300615e+03
1.1693705988361999e-03	0.0000000000000000e+00	1.2225529265416162e+03
1.1868238913561400e-03	0.0000000000000000e+00	1.2276904505983091e+03
1.2042771838760900e-03	0.0000000000000000e+00	1.2328029260977869e+03
1.2217304763960299e-03	0.0000000000000000e+00	1.2378903689128242e+03
1.2391837689159700e-03	0.0000000000000000e+00	1.2429527945188202e+03
1.2566370614359201e-03	0.0000000000000000e+00	1.2479902194472586e+03
1.2740903539558599e-03	0.0000000000000000e+00	1.2530026598918198e+03
1.2915436464758000e-03	0.0000000000000000e+00	1.2579901327665914e+03
1.3089969389957501e-03	0.0000000000000000e+00	1.2629526551715924e+03
1.3264502315156899e-03	0.0000000000000000e+00	1.2678902443221807e+03
1.3439035240356300e-03	0.0000000000000000e+00	1.2728029177463397e+03
1.3613568165555801e-03	0.0000000000000000e+00	1.2776906933787677e+03
1.3788101090755199e-03	0.0000000000000000e+00	1.2825535892807579e+03
1.3962634015954600e-03	0.0000000000000000e+00	1.2873916239059688e+03
1.4137166941154101e-03	0.0000000000000000e+00	1.2922048157803013e+03
1.4311699866353500e-03	0.0000000000000000e+00	1.2969931842975939e+03
1.4486232791552900e-03	0.0000000000000000e+00	1.3017567482513771e+03
1.4660765716752401e-03	0.0000000000000000e+00	1.3064955275737509e+03
1.4835298641951800e-03	0.0000000000000000e+00	1.3112095415603158e+03
1.5009831567151201e-03	0.0000000000000000e+00	1.3158988107343816e+03
1.5184364492350699e-03	0.0000000000000000e+00	1.3205633549891247e+03
1.5358897417550100e-03	0.0000000000000000e+00	1.3252031954613590e+03
1.5533430342749501e-03	0.0000000000000000e+00	1.3298183525867339e+03
1.5707963267948999e-03	0.0000000000000000e+00	1.3344088482769450e+03
1.5882496193148400e-03	0.0000000000000000e+00	1.3389747028398690e+03
1.6057029118347801e-03	0.0000000000000000e+00	1.3435159390007791e+03
1.6231562043547299e-03	0.0000000000000000e+00	1.3480325784958502e+03
1.6406094968746700e-03	0.0000000000000000e+00	1.3525246431598839e+03
1.6580627893946101e-03	0.0000000000000000e+00	1.3569921562948541e+03
1.6755160819145599e-03	0.0000000000000000e+00	1.3614351406009901e+03
1.6929693744345000e-03	0.0000000000000000e+00	1.3658536187905981e+03
1.7104226669544401e-03	0.0000000000000000e+00	1.3702476144503278e+03
1.7278759594743899e-03	0.0000000000000000e+00	1.3746171511195353e+03
1.7453292519943300e-03	0.0000000000000000e+00	1.3789622530804168e+03
1.7627825445142699e-03	0.0000000000000000e+00	1.3832829441910453e+03
1.7802358370342200e-03	0.0000000000000000e+00	1.3875792496067995e+03
1.7976891295541600e-03	0.0000000000000000e+00	1.3918511934684782e+03
1.8151424220740999e-03	0.0000000000000000e+00	1.3960988008056866e+03
1.8325957145940500e-03	0.0000000000000000e+00	1.4003220974523133e+03
1.8500490071139900e-03	0.0000000000000000e+00	1.4045211087470150e+03
1.8675022996339299e-03	0.0000000000000000e+00	1.4086958602494890e+03
1.8849555921538800e-03	0.0000000000000000e+00	1.4128463787156184e+03
1.9024088846738201e-03	0.0000000000000000e+00	1.4169726900899225e+03
1.9198621771937599e-03	0.0000000000000000e+00	1.4210748215639978e+03
1.9373154697137100e-03	0.0000000000000000e+00	1.4251527995741026e+03
1.9547687622336499e-03	0.0000000000000000e+00	1.4292066519215080e+03
1.9722220547535902e-03	0.0000000000000000e+00	1.4332364057484335e+03
1.9896753472735400e-03	0.0000000000000000e+00	1.4372420892279833e+03
2.0071286397934799e-03	0.0000000000000000e+00	1.4412237298303041e+03
2.0245819323134202e-03	0.0000000000000000e+00	1.4451813567233137e+03
2.0420352248333700e-03	0.0000000000000000e+00	1.4491149979600393e+03
2.0594885173533099e-03	0.0000000000000000e+00	1.4530246824265994e+03
2.0769418098732502e-03	0.0000000000000000e+00	1.4569104399367866e+03
2.0943951023932000e-03	0.0000000000000000e+00	1.4607722990039567e+03
2.1118483949131399e-03	0.0000000000000000e+00	1.4646102903326630e+03
2.1293016874330802e-03	0.0000000000000000e+00	1.4684244434401576e+03
2.1467549799530201e-03	0.0000000000000000e+00	1.4722147884024939e+03
2.1642082724729699e-03	0.0000000000000000e+00	1.4759813563255366e+03
2.1816615649929102e-03	0.0000000000000000e+00	1.4797241774488346e+03
2.1991148575128501e-03	0.0000000000000000e+00	1.4834432832750560e+03
2.2165681500327999e-03	0.0000000000000000e+00	1.4871387048963295e+03
2.2340214425527402e-03	0.0000000000000000e+00	1.4908104743196257e+03
2.2514747350726801e-03	0.0000000000000000e+00	1.4944586229232580e+03
2.2689280275926299e-03	0.0000000000000000e+00	1.4980831833879536e+03
2.2863813201125698e-03	0.0000000000000000e+00	1.5016841877545453e+03
2.3038346126325101e-03	0.0000000000000000e+00	1.5052616691725798e+03
2.3212879051524599e-03	0.0000000000000000e+00	1.5088156603968389e+03
2.3387411976723998e-03	0.0000000000000000e+00	1.5123461945936840e+03
2.3561944901923401e-03	0.0000000000000000e+00	1.5158533053304486e+03
2.3736477827122899e-03	0.0000000000000000e+00	1.5193370266188606e+03
2.3911010752322298e-03	0.0000000000000000e+00	1.5227973923015525e+03
2.4085543677521701e-03	0.0000000000000000e+00	1.5262344370742646e+03
2.4260076602721200e-03	0.0000000000000000e+00	1.5296481950729528e+03
2.4434609527920598e-03	0.0000000000000000e+00	1.5330387012451702e+03
2.4609142453120001e-03	0.0000000000000000e+00	1.5364059911732966e+03
2.4783675378319500e-03	0.0000000000000000e+00	1.5397500997472966e+03
2.4958208303518898e-03	0.0000000000000000e+00	1.5430710631311242e+03
2.5132741228718301e-03	0.0000000000000000e+00	1.5463689169483982e+03
2.5307274153917800e-03	0.0000000000000000e+00	1.5496436973967222e+03
2.5481807079117198e-03	0.0000000000000000e+00	1.5528954410255849e+03
2.5656340004316601e-03	0.0000000000000000e+00	1.5561241843678517e+03
2.5830872929516100e-03	0.0000000000000000e+00	1.5593299650362774e+03
2.6005405854715499e-03	0.0000000000000000e+00	1.5625128196869362e+03
2.6179938779914902e-03	0.0000000000000000e+00	1.5656727862473429e+03
2.6354471705114400e-03	0.0000000000000000e+00	1.5688099021044725e+03
2.6529004630313799e-03	0.0000000000000000e+00	1.5719242057060253e+03
2.6703537555513202e-03	0.0000000000000000e+00	1.5750157352154170e+03
2.6878070480712700e-03	0.0000000000000000e+00	1.5780845291796643e+03
2.7052603405912099e-03	0.0000000000000000e+00	1.5811306266954605e+03
2.7227136331111502e-03	0.0000000000000000e+00	1.5841540666705880e+03
2.7401669256311000e-03	0.0000000000000000e+00	1.5871548883954038e+03
2.7576202181510399e-03	0.0000000000000000e+00	1.5901331317038516e+03
2.7750735106709802e-03	0.0000000000000000e+00	1.5930888363496335e+03
2.7925268031909300e-03	0.0000000000000000e+00	1.5960220425022508e+03
2.8099800957108699e-03	0.0000000000000000e+00	1.5989327907585375e+03
2.8274333882308102e-03	0.0000000000000000e+00	1.6018211216026125e+03
2.8448866807507600e-03	0.0000000000000000e+00	1.6046870759844776e+03
2.8623399732706999e-03	0.0000000000000000e+00	1.6075306952578069e+03
2.8797932657906402e-03	0.0000000000000000e+00	1.6103520204874812e+03
2.8972465583105901e-03	0.0000000000000000e+00	1.6131510937777789e+03
2.9146998508305299e-03	0.0000000000000000e+00	1.6159279568370382e+03
2.9321531433504698e-03	0.0000000000000000e+00	1.6186826521849027e+03
2.9496064358704201e-03	0.0000000000000000e+00	1.6214152219956072e+03
2.9670597283903599e-03	0.0000000000000000e+00	1.6241257088896045e+03
2.9845130209102998e-03	0.0000000000000000e+00	1.6268141563638883e+03
3.0019663134302501e-03	0.0000000000000000e+00	1.6294806070563507e+03
3.0194196059501899e-03	0.0000000000000000e+00	1.6321251049528405e+03
3.0368728984701298e-03	0.0000000000000000e+00	1.6347476934994179e+03
3.0543261909900801e-03	0.0000000000000000e+00	1.6373484168773273e+03
3.0717794835100200e-03	0.0000000000000000e+00	1.6399273191017710e+03
3.0892327760299598e-03	0.0000000000000000e+00	1.6424844448528509e+03
3.1066860685499101e-03	0.0000000000000000e+00	1.6450198387408527e+03
3.1241393610698500e-03	0.0000000000000000e+00	1.6475335461001694e+03
3.1415926535897898e-03	0.0000000000000000e+00	1.6500256115565103e+03
3.1590459461097401e-03	0.0000000000000000e+00	1.6524960809461477e+03
3.1764992386296800e-03	0.0000000000000000e+00	1.6549450002575109e+03
3.1939525311496198e-03	0.0000000000000000e+00	1.6573724150308672e+03
3.2114058236695701e-03	0.0000000000000000e+00	1.6597783718596891e+03
3.2288591161895100e-03	0.0000000000000000e+00	1.6621629169141645e+03
3.2463124087094499e-03	0.0000000000000000e+00	1.6645260971850937e+03
3.2637657012294001e-03	0.0000000000000000e+00	1.6668679595875299e+03
3.2812189937493400e-03	0.0000000000000000e+00	1.6691885511897685e+03
3.2986722862692799e-03	0.0000000000000000e+00	1.6714879197565895e+03
3.3161255787892301e-03	0.0000000000000000e+00	1.6737661125072198e+03
3.3335788713091700e-03	0.0000000000000000e+00	1.6760231778941343e+03
3.3510321638291099e-03	0.0000000000000000e+00	1.6782591638632457e+03
3.3684854563490602e-03	0.0000000000000000e+00	1.6804741186470883e+03
3.3859387488690000e-03	0.0000000000000000e+00	1.6826680912548568e+03
3.4033920413889399e-03	0.0000000000000000e+00	1.6848411303429111e+03
3.4208453339088902e-03	0.0000000000000000e+00	1.6869932854033016e+03
3.4382986264288300e-03	0.0000000000000000e+00	1.6891246053149348e+03
3.4557519189487699e-03	0.0000000000000000e+00	1.6912351401208180e+03
3.4732052114687202e-03	0.0000000000000000e+00	1.6933249397231386e+03
3.4906585039886600e-03	0.0000000000000000e+00	1.6953940537296135e+03
3.5081117965085999e-03	0.0000000000000000e+00	1.6974425329419616e+03
3.5255650890285502e-03	0.0000000000000000e+00	1.6994704273893228e+03
3.5430183815484901e-03	0.0000000000000000e+00	1.7014777884329669e+03
3.5604716740684299e-03	0.0000000000000000e+00	1.7034646669628041e+03
3.5779249665883698e-03	0.0000000000000000e+00	1.7054311143822977e+03
3.5953782591083201e-03	0.0000000000000000e+00	1.7073771813826536e+03
3.6128315516282599e-03	0.0000000000000000e+00	1.7093029209158315e+03
3.6302848441482102e-03	0.0000000000000000e+00	1.7112083839445729e+03
3.6477381366681501e-03	0.0000000000000000e+00	1.7130936232314548e+03
3.6651914291880900e-03	0.0000000000000000e+00	1.7149586908144399e+03
3.6826447217080398e-03	0.0000000000000000e+00	1.7168036397165943e+03
3.7000980142279801e-03	0.0000000000000000e+00	1.7186285223914547e+03
3.7175513067479200e-03	0.0000000000000000e+00	1.7204333921014943e+03
3.7350045992678598e-03	0.0000000000000000e+00	1.7222183023583189e+03
3.7524578917878101e-03	0.0000000000000000e+00	1.7239833067159068e+03
3.7699111843077500e-03	0.0000000000000000e+00	1.7257284583424346e+03
3.7873644768276998e-03	0.0000000000000000e+00	1.7274538119742310e+03
3.8048177693476401e-03	0.0000000000000000e+00	1.7291594215208461e+03
3.8222710618675800e-03	0.0000000000000000e+00	1.7308453413023822e+03
3.8397243543875199e-03	0.0000000000000000e+00	1.7325116263676580e+03
3.8571776469074701e-03	0.0000000000000000e+00	1.7341583311132138e+03
3.8746309394274100e-03	0.0000000000000000e+00	1.7357855109397401e+03
3.8920842319473499e-03	0.0000000000000000e+00	1.7373932212221694e+03
3.9095375244672997e-03	0.0000000000000000e+00	1.7389815170474710e+03
3.9269908169872400e-03	0.0000000000000000e+00	1.7405504546136567e+03
3.9444441095071803e-03	0.0000000000000000e+00	1.7421000898624197e+03
3.9618974020271302e-03	0.0000000000000000e+00	1.7436304786706191e+03
3.9793506945470696e-03	0.0000000000000000e+00	1.7451416778214718e+03
3.9968039870670099e-03	0.0000000000000000e+00	1.7466337436538979e+03
4.0142572795869597e-03	0.0000000000000000e+00	1.7481067329996226e+03
4.0317105721069000e-03	0.0000000000000000e+00	1.7495607031325546e+03
4.0491638646268403e-03	0.0000000000000000e+00	1.7509957110506125e+03
4.0666171571467902e-03	0.0000000000000000e+00	1.7524118144057441e+03
4.0840704496667296e-03	0.0000000000000000e+00	1.7538090703226931e+03
4.1015237421866699e-03	0.0000000000000000e+00	1.7551875373935372e+03
4.1189770347066198e-03	0.0000000000000000e+00	1.7565472734726225e+03
4.1364303272265601e-03	0.0000000000000000e+00	1.7578883364973306e+03
4.1538836197465004e-03	0.0000000000000000e+00	1.7592107853755917e+03
4.1713369122664502e-03	0.0000000000000000e+00	1.7605146785401337e+03
4.1887902047863896e-03	0.0000000000000000e+00	1.7618000752154524e+03
4.2062434973063299e-03	0.0000000000000000e+00	1.7630670341264254e+03
4.2236967898262798e-03	0.0000000000000000e+00	1.7643156145703215e+03
4.2411500823462201e-03	0.0000000000000000e+00	1.7655458763757445e+03
4.2586033748661604e-03	0.0000000000000000e+00	1.7667578791013113e+03
4.2760566673861102e-03	0.0000000000000000e+00	1.7679516825911139e+03
4.2935099599060497e-03	0.0000000000000000e+00	1.7691273467489807e+03
4.3109632524259900e-03	0.0000000000000000e+00	1.7702849323424143e+03
4.3284165449459398e-03	0.0000000000000000e+00	1.7714244998071699e+03
4.3458698374658801e-03	0.0000000000000000e+00	1.7725461092619128e+03
4.3633231299858204e-03	0.0000000000000000e+00	1.7736498220820865e+03
4.3807764225057702e-03	0.0000000000000000e+00	1.7747356993653711e+03
4.3982297150257097e-03	0.0000000000000000e+00	1.7758038020132890e+03
4.4156830075456500e-03	0.0000000000000000e+00	1.7768541917913446e+03
4.4331363000655998e-03	0.0000000000000000e+00	1.7778869301913171e+03
4.4505895925855401e-03	0.0000000000000000e+00	1.7789020793355626e+03
4.4680428851054804e-03	0.0000000000000000e+00	1.7798997008596352e+03
4.4854961776254303e-03	0.0000000000000000e+00	1.7808798571735645e+03
4.5029494701453697e-03	0.0000000000000000e+00	1.7818426107079126e+03
4.5204027626653100e-03	0.0000000000000000e+00	1.7827880238060259e+03
4.5378560551852598e-03	0.0000000000000000e+00	1.7837161597980980e+03
4.5553093477052001e-03	0.0000000000000000e+00	1.7846270810695287e+03
4.5727626402251396e-03	0.0000000000000000e+00	1.7855208509778520e+03
4.5902159327450903e-03	0.0000000000000000e+00	1.7863975328211702e+03
4.6076692252650297e-03	0.0000000000000000e+00	1.7872571898066167e+03
4.6251225177849700e-03	0.0000000000000000e+00	1.7880998863273142e+03
4.6425758103049199e-03	0.0000000000000000e+00	1.7889256857003211e+03
4.6600291028248602e-03	0.0000000000000000e+00	1.7897346518556128e+03
4.6774823953447996e-03	0.0000000000000000e+00	1.7905268493218191e+03
4.6949356878647503e-03	0.0000000000000000e+00	1.7913023423494587e+03
4.7123889803846897e-03	0.0000000000000000e+00	1.7920611956127450e+03
4.7298422729046300e-03	0.0000000000000000e+00	1.7928034735113445e+03
4.7472955654245799e-03	0.0000000000000000e+00	1.7935292415496508e+03
4.7647488579445202e-03	0.0000000000000000e+00	1.7942385642286661e+03
4.7822021504644596e-03	0.0000000000000000e+00	1.7949315069048550e+03
4.7996554429844103e-03	0.0000000000000000e+00	1.7956081352263561e+03
4.8171087355043498e-03	0.0000000000000000e+00	1.7962685147483367e+03
4.8345620280242901e-03	0.0000000000000000e+00	1.7969127111089877e+03
4.8520153205442399e-03	0.0000000000000000e+00	1.7975407897816608e+03
4.8694686130641802e-03	0.0000000000000000e+00	1.7981528176419019e+03
4.8869219055841196e-03	0.0000000000000000e+00	1.7987488606256168e+03
4.9043751981040704e-03	0.0000000000000000e+00	1.7993289849551172e+03
4.9218284906240098e-03	0.0000000000000000e+00	1.7998932573308743e+03
4.9392817831439501e-03	0.0000000000000000e+00	1.8004417446081673e+03
4.9567350756638999e-03	0.0000000000000000e+00	1.8009745135294115e+03
4.9741883681838402e-03	0.0000000000000000e+00	1.8014916309813573e+03
4.9916416607037797e-03	0.0000000000000000e+00	1.8019931644107010e+03
5.0090949532237304e-03	0.0000000000000000e+00	1.8024791813930485e+03
5.0265482457436698e-03	0.0000000000000000e+00	1.8029497489356199e+03
5.0440015382636101e-03	0.0000000000000000e+00	1.8034049349784741e+03
5.0614548307835600e-03	0.0000000000000000e+00	1.8038448073114087e+03
5.0789081233035003e-03	0.0000000000000000e+00	1.8042694337934831e+03
5.0963614158234397e-03	0.0000000000000000e+00	1.8046788828141212e+03
5.1138147083433904e-03	0.0000000000000000e+00	1.8050732224340441e+03
5.1312680008633298e-03	0.0000000000000000e+00	1.8054525212738606e+03
5.1487212933832701e-03	0.0000000000000000e+00	1.8058168474687598e+03
5.1661745859032200e-03	0.0000000000000000e+00	1.8061662702577132e+03
5.1836278784231603e-03	0.0000000000000000e+00	1.8065008583082354e+03
5.2010811709430997e-03	0.0000000000000000e+00	1.8068206805146945e+03
5.2185344634630504e-03	0.0000000000000000e+00	1.8071258060604071e+03
5.2359877559829899e-03	0.0000000000000000e+00	1.8074163041566151e+03
5.2534410485029302e-03	0.0000000000000000e+00	1.8076922444537900e+03
5.2708943410228696e-03	0.0000000000000000e+00	1.8079536967490174e+03
5.2883476335428203e-03	0.0000000000000000e+00	1.8082007302195832e+03
5.3058009260627597e-03	0.0000000000000000e+00	1.8084334148728660e+03
5.3232542185827000e-03	0.0000000000000000e+00	1.8086518207906056e+03
5.3407075111026499e-03	0.0000000000000000e+00	1.8088560182996862e+03
5.3581608036225902e-03	0.0000000000000000e+00	1.8090460770987390e+03
5.3756140961425296e-03	0.0000000000000000e+00	1.8092220679628231e+03
5.3930673886624803e-03	0.0000000000000000e+00	1.8093840614449834e+03
5.4105206811824198e-03	0.0000000000000000e+00	1.8095321279788266e+03
5.4279739737023601e-03	0.0000000000000000e+00	1.8096663384884700e+03
5.4454272662223099e-03	0.0000000000000000e+00	1.8097867639906010e+03
5.4628805587422502e-03	0.0000000000000000e+00	1.8098934751511313e+03
5.4803338512621896e-03	0.0000000000000000e+00	1.8099865432778397e+03
5.4977871437821403e-03	0.0000000000000000e+00	1.8100660398879384e+03
5.5152404363020798e-03	0.0000000000000000e+00	1.8101320364338656e+03
5.5326937288220201e-03	0.0000000000000000e+00	1.8101846039651016e+03
5.5501470213419699e-03	0.0000000000000000e+00	1.8102238144386554e+03
5.5676003138619102e-03	0.0000000000000000e+00	1.8102497395812593e+03
5.5850536063818497e-03	0.0000000000000000e+00	1.8102624516875524e+03
5.6025068989018004e-03	0.0000000000000000e+00	1.8102620220153913e+03
5.6199601914217398e-03	0.0000000000000000e+00	1.8102485232031665e+03
5.6374134839416801e-03	0.0000000000000000e+00	1.8102220273916332e+03
5.6548667764616299e-03	0.0000000000000000e+00	1.8101826066766407e+03
5.6723200689815702e-03	0.0000000000000000e+00	1.8101303340338741e+03
5.6897733615015097e-03	0.0000000000000000e+00	1.8100652816283516e+03
5.7072266540214604e-03	0.0000000000000000e+00	1.8099875225730341e+03
5.7246799465413998e-03	0.0000000000000000e+00	1.8098971290768727e+03
5.7421332390613401e-03	0.0000000000000000e+00	1.8097941745014682e+03
5.7595865315812900e-03	0.0000000000000000e+00	1.8096787320400026e+03
5.7770398241012303e-03	0.0000000000000000e+00	1.8095508740849102e+03
5.7944931166211697e-03	0.0000000000000000e+00	1.8094106743288619e+03
5.8119464091411204e-03	0.0000000000000000e+00	1.8092582062982494e+03
5.8293997016610598e-03	0.0000000000000000e+00	1.8090935432084091e+03
5.8468529941810002e-03	0.0000000000000000e+00	1.8089167586532212e+03
5.8643062867009500e-03	0.0000000000000000e+00	1.8087279260408141e+03
5.8817595792208903e-03	0.0000000000000000e+00	1.8085271194788738e+03
5.8992128717408297e-03	0.0000000000000000e+00	1.8083144127315595e+03
5.9166661642607796e-03	0.0000000000000000e+00	1.8080898793745032e+03
5.9341194567807199e-03	0.0000000000000000e+00	1.8078535939561568e+03
5.9515727493006602e-03	0.0000000000000000e+00	1.8076056302411373e+03
5.9690260418206100e-03	0.0000000000000000e+00	1.8073460624813213e+03
5.9864793343405503e-03	0.0000000000000000e+00	1.8070749652630288e+03
6.0039326268604898e-03	0.0000000000000000e+00	1.8067924128802704e+03
6.0213859193804396e-03	0.0000000000000000e+00	1.8064984794371135e+03
6.0388392119003799e-03	0.0000000000000000e+00	1.8061932399442326e+03
6.0562925044203202e-03	0.0000000000000000e+00	1.8058767691760131e+03
6.0737457969402700e-03	0.0000000000000000e+00	1.8055491414140718e+03
6.0911990894602103e-03	0.0000000000000000e+00	1.8052104318587324e+03
6.1086523819801498e-03	0.0000000000000000e+00	1.8048607153440419e+03
6.1261056745000996e-03	0.0000000000000000e+00	1.8045000668410244e+03
6.1435589670200399e-03	0.0000000000000000e+00	1.8041285615263655e+03
6.1610122595399802e-03	0.0000000000000000e+00	1.8037462745764985e+03
6.1784655520599301e-03	0.0000000000000000e+00	1.8033532810767199e+03
6.1959188445798704e-03	0.0000000000000000e+00	1.8029496562280688e+03
6.2133721370998098e-03	0.0000000000000000e+00	1.8025354758707094e+03
6.2308254296197596e-03	0.0000000000000000e+00	1.8021108153740649e+03
6.2482787221396999e-03	0.0000000000000000e+00	1.8016757501929960e+03
6.2657320146596402e-03	0.0000000000000000e+00	1.8012303559158054e+03
6.2831853071795901e-03	0.0000000000000000e+00	1.8007747081281618e+03
6.3006385996995304e-03	0.0000000000000000e+00	1.8003088829598948e+03
6.3180918922194698e-03	0.0000000000000000e+00	1.7998329560894758e+03
6.3355451847394197e-03	0.0000000000000000e+00	1.7993470032693347e+03
6.3529984772593600e-03	0.0000000000000000e+00	1.7988511006126273e+03
6.3704517697793003e-03	0.0000000000000000e+00	1.7983453242073483e+03
6.3879050622992501e-03	0.0000000000000000e+00	1.7978297501527736e+03
6.4053583548191904e-03	0.0000000000000000e+00	1.7973044544871971e+03
6.4228116473391298e-03	0.0000000000000000e+00	1.7967695135471120e+03
6.4402649398590797e-03	0.0000000000000000e+00	1.7962250035614154e+03
6.4577182323790200e-03	0.0000000000000000e+00	1.7956710011933578e+03
6.4751715248989603e-03	0.0000000000000000e+00	1.7951075823394283e+03
6.4926248174188997e-03	0.0000000000000000e+00	1.7945348239932905e+03
6.5100781099388504e-03	0.0000000000000000e+00	1.7939528022821110e+03
6.5275314024587899e-03	0.0000000000000000e+00	1.7933615939787412e+03
6.5449846949787302e-03	0.0000000000000000e+00	1.7927612758128710e+03
6.5624379874986800e-03	0.0000000000000000e+00	1.7921519244933795e+03
6.5798912800186203e-03	0.0000000000000000e+00	1.7915336162870192e+03
6.5973445725385597e-03	0.0000000000000000e+00	1.7909064285416182e+03
6.6147978650585096e-03	0.0000000000000000e+00	1.7902704380119683e+03
6.6322511575784499e-03	0.0000000000000000e+00	1.7896257214074276e+03
6.6497044500983902e-03	0.0000000000000000e+00	1.7889723557272987e+03
6.6671577426183400e-03	0.0000000000000000e+00	1.7883104180396856e+03
6.6846110351382803e-03	0.0000000000000000e+00	1.7876399852772176e+03
6.7020643276582198e-03	0.0000000000000000e+00	1.7869611345513545e+03
6.7195176201781696e-03	0.0000000000000000e+00	1.7862739433659071e+03
6.7369709126981099e-03	0.0000000000000000e+00	1.7855784883172307e+03
6.7544242052180502e-03	0.0000000000000000e+00	1.7848748467244382e+03
6.7718774977380001e-03	0.0000000000000000e+00	1.7841630958872311e+03
6.7893307902579404e-03	0.0000000000000000e+00	1.7834433135435493e+03
6.8067840827778798e-03	0.0000000000000000e+00	1.7827155762343814e+03
6.8242373752978296e-03	0.0000000000000000e+00	1.7819799618660538e+03
6.8416906678177699e-03	0.0000000000000000e+00	1.7812365475231234e+03
6.8591439603377102e-03	0.0000000000000000e+00	1.7804854108160105e+03
6.8765972528576601e-03	0.0000000000000000e+00	1.7797266291247281e+03
6.8940505453776004e-03	0.0000000000000000e+00	1.7789602801586166e+03
6.9115038378975398e-03	0.0000000000000000e+00	1.7781864408408319e+03
6.9289571304174897e-03	0.0000000000000000e+00	1.7774051892325808e+03
6.9464104229374300e-03	0.0000000000000000e+00	1.7766166029812641e+03
6.9638637154573703e-03	0.0000000000000000e+00	1.7758207592881031e+03
6.9813170079773201e-03	0.0000000000000000e+00	1.7750177360934617e+03
6.9987703004972604e-03	0.0000000000000000e+00	1.7742076108085821e+03
7.0162235930171998e-03	0.0000000000000000e+00	1.7733904613644315e+03
7.0336768855371497e-03	0.0000000000000000e+00	1.7725663651632619e+03
7.0511301780570900e-03	0.0000000000000000e+00	1.7717354001951933e+03
7.0685834705770303e-03	0.0000000000000000e+00	1.7708976439514568e+03
7.0860367630969801e-03	0.0000000000000000e+00	1.7700531743661202e+03
7.1034900556169204e-03	0.0000000000000000e+00	1.7692020691250725e+03
7.1209433481368599e-03	0.0000000000000000e+00	1.7683444060108166e+03
7.1383966406568097e-03	0.0000000000000000e+00	1.7674802626831320e+03
7.1558499331767500e-03	0.0000000000000000e+00	1.7666097174745944e+03
7.1733032256966903e-03	0.0000000000000000e+00	1.7657328478788907e+03
7.1907565182166401e-03	0.0000000000000000e+00	1.7648497314773365e+03
7.2082098107365796e-03	0.0000000000000000e+00	1.7639604462319039e+03
7.2256631032565199e-03	0.0000000000000000e+00	1.7630650704508216e+03
7.2431163957764697e-03	0.0000000000000000e+00	1.7621636816042019e+03
7.2605696882964100e-03	0.0000000000000000e+00	1.7612563575682191e+03
7.2780229808163503e-03	0.0000000000000000e+00	1.7603431765169757e+03
7.2954762733363002e-03	0.0000000000000000e+00	1.7594242159717464e+03
7.3129295658562396e-03	0.0000000000000000e+00	1.7584995538509215e+03
7.3303828583761799e-03	0.0000000000000000e+00	1.7575692681780729e+03
7.3478361508961297e-03	0.0000000000000000e+00	1.7566334369167728e+03
7.3652894434160700e-03	0.0000000000000000e+00	1.7556921381826335e+03
7.3827427359360103e-03	0.0000000000000000e+00	1.7547454492963525e+03
7.4001960284559602e-03	0.0000000000000000e+00	1.7537934484605673e+03
7.4176493209758996e-03	0.0000000000000000e+00	1.7528362135712364e+03
7.4351026134958399e-03	0.0000000000000000e+00	1.7518738226292087e+03
7.4525559060157898e-03	0.0000000000000000e+00	1.7509063530642286e+03
7.4700091985357301e-03	0.0000000000000000e+00	1.7499338833912586e+03
7.4874624910556704e-03	0.0000000000000000e+00	1.7489564908731140e+03
7.5049157835756202e-03	0.0000000000000000e+00	1.7479742536089029e+03
7.5223690760955596e-03	0.0000000000000000e+00	1.7469872499280366e+03
7.5398223686154999e-03	0.0000000000000000e+00	1.7459955569186031e+03
7.5572756611354498e-03	0.0000000000000000e+00	1.7449992527790482e+03
7.5747289536553901e-03	0.0000000000000000e+00	1.7439984152385962e+03
7.5921822461753304e-03	0.0000000000000000e+00	1.7429931221237136e+03
7.6096355386952802e-03	0.0000000000000000e+00	1.7419834513220967e+03
7.6270888312152197e-03	0.0000000000000000e+00	1.7409694804716958e+03
7.6445421237351600e-03	0.0000000000000000e+00	1.7399512874327484e+03
7.6619954162551098e-03	0.0000000000000000e+00	1.7389289498523615e+03
7.6794487087750501e-03	0.0000000000000000e+00	1.7379025453743570e+03
7.6969020012949904e-03	0.0000000000000000e+00	1.7368721519839430e+03
7.7143552938149403e-03	0.0000000000000000e+00	1.7358378471365072e+03
7.7318085863348797e-03	0.0000000000000000e+00	1.7347997086683852e+03
7.7492618788548200e-03	0.0000000000000000e+00	1.7337578138547312e+03
7.7667151713747698e-03	0.0000000000000000e+00	1.7327122406933388e+03
7.7841684638947101e-03	0.0000000000000000e+00	1.7316630665405510e+03
7.8016217564146496e-03	0.0000000000000000e+00	1.7306103691555891e+03
7.8190750489345994e-03	0.0000000000000000e+00	1.7295542256644458e+03
7.8365283414545406e-03	0.0000000000000000e+00	1.7284947141348757e+03
7.8539816339744800e-03	0.0000000000000000e+00	1.7274319116707179e+03
7.8714349264944194e-03	0.0000000000000000e+00	1.7263658958497479e+03
7.8888882190143693e-03	0.0000000000000000e+00	1.7252967437876043e+03
7.9063415115343105e-03	0.0000000000000000e+00	1.7242245332741752e+03
7.9237948040542603e-03	0.0000000000000000e+00	1.7231493415394029e+03
7.9412480965741997e-03	0.0000000000000000e+00	1.7220712459962979e+03
7.9587013890941392e-03	0.0000000000000000e+00	1.7209903235555946e+03
7.9761546816140907e-03	0.0000000000000000e+00	1.7199066516424300e+03
7.9936079741340302e-03	0.0000000000000000e+00	1.7188203076363734e+03
8.0110612666539696e-03	0.0000000000000000e+00	1.7177313683852146e+03
8.0285145591739195e-03	0.0000000000000000e+00	1.7166399112217093e+03
8.0459678516938606e-03	0.0000000000000000e+00	1.7155460132852238e+03
8.0634211442138001e-03	0.0000000000000000e+00	1.7144497514398381e+03
8.0808744367337395e-03	0.0000000000000000e+00	1.7133512026300293e+03
8.0983277292536893e-03	0.0000000000000000e+00	1.7122504441019548e+03
8.1157810217736305e-03	0.0000000000000000e+00	1.7111475527274433e+03
8.1332343142935803e-03	0.0000000000000000e+00	1.7100426050563392e+03
8.1506876068135198e-03	0.0000000000000000e+00	1.7089356783230401e+03
8.1681408993334592e-03	0.0000000000000000e+00	1.7078268488073043e+03
8.1855941918534108e-03	0.0000000000000000e+00	1.7067161937998469e+03
8.2030474843733502e-03	0.0000000000000000e+00	1.7056037894628319e+03
8.2205007768932897e-03	0.0000000000000000e+00	1.7044897126211952e+03
8.2379540694132308e-03	0.0000000000000000e+00	1.7033740400878901e+03
8.2554073619331807e-03	0.0000000000000000e+00	1.7022568480356297e+03
8.2728606544531201e-03	0.0000000000000000e+00	1.7011382132780459e+03
8.2903139469730595e-03	0.0000000000000000e+00	1.7000182118342307e+03
8.3077672394930094e-03	0.0000000000000000e+00	1.6988969203973886e+03
8.3252205320129506e-03	0.0000000000000000e+00	1.6977744149391519e+03
8.3426738245328900e-03	0.0000000000000000e+00	1.6966507720305046e+03
8.3601271170528398e-03	0.0000000000000000e+00	1.6955260677137223e+03
8.3775804095727793e-03	0.0000000000000000e+00	1.6944003780508513e+03
8.3950337020927204e-03	0.0000000000000000e+00	1.6932737794160107e+03
8.4124869946126703e-03	0.0000000000000000e+00	1.6921463473821450e+03
8.4299402871326097e-03	0.0000000000000000e+00	1.6910181581343491e+03
8.4473935796525491e-03	0.0000000000000000e+00	1.6898892877802675e+03
8.4648468721725007e-03	0.0000000000000000e+00	1.6887598114651557e+03
8.4823001646924402e-03	0.0000000000000000e+00	1.6876298056850158e+03
8.4997534572123796e-03	0.0000000000000000e+00	1.6864993457183018e+03
8.5172067497323294e-03	0.0000000000000000e+00	1.6853685074798914e+03
8.5346600422522706e-03	0.0000000000000000e+00	1.6842373663814565e+03
8.5521133347722100e-03	0.0000000000000000e+00	1.6831059979385834e+03
8.5695666272921599e-03	0.0000000000000000e+00	1.6819744771945971e+03
8.5870199198120993e-03	0.0000000000000000e+00	1.6808428801364853e+03
8.6044732123320405e-03	0.0000000000000000e+00	1.6797112816967965e+03
8.6219265048519903e-03	0.0000000000000000e+00	1.6785797570541599e+03
8.6393797973719298e-03	0.0000000000000000e+00	1.6774483816348782e+03
8.6568330898918692e-03	0.0000000000000000e+00	1.6763172302671401e+03
8.6742863824118208e-03	0.0000000000000000e+00	1.6751863778796401e+03
8.6917396749317602e-03	0.0000000000000000e+00	1.6740558996270759e+03
8.7091929674516996e-03	0.0000000000000000e+00	1.6729258704508200e+03
8.7266462599716495e-03	0.0000000000000000e+00	1.6717963645292184e+03
8.7440995524915906e-03	0.0000000000000000e+00	1.6706674573963878e+03
8.7615528450115301e-03	0.0000000000000000e+00	1.6695392227083742e+03
8.7790061375314799e-03	0.0000000000000000e+00	1.6684117359674888e+03
8.7964594300514194e-03	0.0000000000000000e+00	1.6672850708518004e+03
8.8139127225713605e-03	0.0000000000000000e+00	1.6661593023499831e+03
8.8313660150913104e-03	0.0000000000000000e+00	1.6650345040484253e+03
8.8488193076112498e-03	0.0000000000000000e+00	1.6639107507824490e+03
8.8662726001311892e-03	0.0000000000000000e+00	1.6627881164423864e+03
8.8837258926511408e-03	0.0000000000000000e+00	1.6616666752093915e+03
8.9011791851710802e-03	0.0000000000000000e+00	1.6605465008763995e+03
8.9186324776910197e-03	0.0000000000000000e+00	1.6594276670995584e+03
8.9360857702109695e-03	0.0000000000000000e+00	1.6583102482507261e+03
8.9535390627309107e-03	0.0000000000000000e+00	1.6571943175349838e+03
8.9709923552508501e-03	0.0000000000000000e+00	1.6560799488468092e+03
8.9884456477708000e-03	0.0000000000000000e+00	1.6549672157565408e+03
9.0058989402907394e-03	0.0000000000000000e+00	1.6538561912103160e+03
9.0233522328106806e-03	0.0000000000000000e+00	1.6527469491096701e+03
9.0408055253306304e-03	0.0000000000000000e+00	1.6516395624658248e+03
9.0582588178505698e-03	0.0000000000000000e+00	1.6505341042688476e+03
9.0757121103705093e-03	0.0000000000000000e+00	1.6494306480890989e+03
9.0931654028904609e-03	0.0000000000000000e+00	1.6483292663774841e+03
9.1106186954104003e-03	0.0000000000000000e+00	1.6472300323296947e+03
9.1280719879303397e-03	0.0000000000000000e+00	1.6461330186631067e+03
9.1455252804502896e-03	0.0000000000000000e+00	1.6450382979821513e+03
9.1629785729702307e-03	0.0000000000000000e+00	1.6439459429823260e+03
9.1804318654901702e-03	0.0000000000000000e+00	1.6428560260436807e+03
9.1978851580101200e-03	0.0000000000000000e+00	1.6417686197038231e+03
9.2153384505300594e-03	0.0000000000000000e+00	1.6406837963386224e+03
9.2327917430500006e-03	0.0000000000000000e+00	1.6396016280248189e+03
9.2502450355699505e-03	0.0000000000000000e+00	1.6385221866533054e+03
9.2676983280898899e-03	0.0000000000000000e+00	1.6374455445104199e+03
9.2851516206098293e-03	0.0000000000000000e+00	1.6363717734185673e+03
9.3026049131297792e-03	0.0000000000000000e+00	1.6353009450477971e+03
9.3200582056497203e-03	0.0000000000000000e+00	1.6342331313950738e+03
9.3375114981696598e-03	0.0000000000000000e+00	1.6331684040264993e+03
9.3549647906896096e-03	0.0000000000000000e+00	1.6321068339724457e+03
9.3724180832095508e-03	0.0000000000000000e+00	1.6310484933886153e+03
9.3898713757294902e-03	0.0000000000000000e+00	1.6299934529276534e+03
9.4073246682494296e-03	0.0000000000000000e+00	1.6289417834938115e+03
9.4247779607693795e-03	0.0000000000000000e+00	1.6278935571516197e+03
9.4422312532893207e-03	0.0000000000000000e+00	1.6268488440600195e+03
9.4596845458092705e-03	0.0000000000000000e+00	1.6258077153841916e+03
9.4771378383292099e-03	0.0000000000000000e+00	1.6247702417374960e+03
9.4945911308491494e-03	0.0000000000000000e+00	1.6237364938706896e+03
9.5120444233690905e-03	0.0000000000000000e+00	1.6227065420708861e+03
9.5294977158890404e-03	0.0000000000000000e+00	1.6216804569785220e+03
9.5469510084089798e-03	0.0000000000000000e+00	1.6206583090178997e+03
9.5644043009289192e-03	0.0000000000000000e+00	1.6196401678918787e+03
9.5818575934488708e-03	0.0000000000000000e+00	1.6186261041641792e+03
9.5993108859688103e-03	0.0000000000000000e+00	1.6176161877441855e+03
9.6167641784887497e-03	0.0000000000000000e+00	1.6166104880612979e+03
9.6342174710086995e-03	0.0000000000000000e+00	1.6156090752187110e+03
9.6516707635286407e-03	0.0000000000000000e+00	1.6146120186040860e+03
9.6691240560485905e-03	0.0000000000000000e+00	1.6136193880442595e+03
9.6865773485685300e-03	0.0000000000000000e+00	1.6126312525715400e+03
9.7040306410884694e-03	0.0000000000000000e+00	1.6116476816187653e+03
9.7214839336084106e-03	0.0000000000000000e+00	1.6106687445815112e+03
9.7389372261283604e-03	0.0000000000000000e+00	1.6096945098553438e+03
9.7563905186482999e-03	0.0000000000000000e+00	1.6087250469169721e+03
9.7738438111682393e-03	0.0000000000000000e+00	1.6077604241866875e+03
9.7912971036881909e-03	0.0000000000000000e+00	1.6068007108343231e+03
9.8087503962081303e-03	0.0000000000000000e+00	1.6058459748331766e+03
9.8262036887280697e-03	0.0000000000000000e+00	1.6048962849946170e+03
9.8436569812480196e-03	0.0000000000000000e+00	1.6039517093801051e+03
9.8611102737679607e-03	0.0000000000000000e+00	1.6030123163045589e+03
9.8785635662879106e-03	0.0000000000000000e+00	1.6020781738654198e+03
9.8960168588078500e-03	0.0000000000000000e+00	1.6011493497964914e+03
9.9134701513277895e-03	0.0000000000000000e+00	1.6002259125428411e+03
9.9309234438477306e-03	0.0000000000000000e+00	1.5993079289549180e+03
9.9483767363676805e-03	0.0000000000000000e+00	1.5983954667442267e+03
9.9658300288876199e-03	0.0000000000000000e+00	1.5974885939438605e+03
9.9832833214075593e-03	0.0000000000000000e+00	1.5965873775136361e+03
1.0000736613927501e-02	0.0000000000000000e+00	1.5956918844011259e+03
1.0018189906447501e-02	0.0000000000000000e+00	1.5948021817355859e+03
1.0035643198967400e-02	0.0000000000000000e+00	1.5939183368858662e+03
1.0053096491487300e-02	0.0000000000000000e+00	1.5930404161991444e+03
1.0070549784007300e-02	0.0000000000000000e+00	1.5921684866478852e+03
1.0088003076527199e-02	0.0000000000000000e+00	1.5913026144253324e+03
1.0105456369047200e-02	0.0000000000000000e+00	1.5904428664571728e+03
1.0122909661567101e-02	0.0000000000000000e+00	1.5895893082931436e+03
1.0140362954087099e-02	0.0000000000000000e+00	1.5887420065729407e+03
1.0157816246607001e-02	0.0000000000000000e+00	1.5879010275134190e+03
1.0175269539126900e-02	0.0000000000000000e+00	1.5870664363182000e+03
1.0192722831646900e-02	0.0000000000000000e+00	1.5862382996408999e+03
1.0210176124166800e-02	0.0000000000000000e+00	1.5854166823147646e+03
1.0227629416686800e-02	0.0000000000000000e+00	1.5846016503212077e+03
1.0245082709206699e-02	0.0000000000000000e+00	1.5837932684962343e+03
1.0262536001726700e-02	0.0000000000000000e+00	1.5829916027610554e+03
1.0279989294246601e-02	0.0000000000000000e+00	1.5821967176773996e+03
1.0297442586766500e-02	0.0000000000000000e+00	1.5814086783413859e+03
1.0314895879286501e-02	0.0000000000000000e+00	1.5806275495674513e+03
1.0332349171806400e-02	0.0000000000000000e+00	1.5798533960662007e+03
1.0349802464326400e-02	0.0000000000000000e+00	1.5790862822564786e+03
1.0367255756846300e-02	0.0000000000000000e+00	1.5783262727835340e+03
1.0384709049366300e-02	0.0000000000000000e+00	1.5775734318086525e+03
1.0402162341886199e-02	0.0000000000000000e+00	1.5768278231806262e+03
1.0419615634406101e-02	0.0000000000000000e+00	1.5760895113755482e+03
1.0437068926926101e-02	0.0000000000000000e+00	1.5753585598672930e+03
1.0454522219446000e-02	0.0000000000000000e+00	1.5746350326674917e+03
1.0471975511966001e-02	0.0000000000000000e+00	1.5739189927831583e+03
1.0489428804485900e-02	0.0000000000000000e+00	1.5732105043470849e+03
1.0506882097005900e-02	0.0000000000000000e+00	1.5725096302397665e+03
1.0524335389525800e-02	0.0000000000000000e+00	1.5718164337583098e+03
1.0541788682045699e-02	0.0000000000000000e+00	1.5711309778317238e+03
1.0559241974565699e-02	0.0000000000000000e+00	1.5704533254319356e+03
1.0576695267085601e-02	0.0000000000000000e+00	1.5697835390382556e+03
1.0594148559605601e-02	0.0000000000000000e+00	1.5691216817840204e+03
1.0611601852125500e-02	0.0000000000000000e+00	1.5684678151856606e+03
1.0629055144645501e-02	0.0000000000000000e+00	1.5678220023950207e+03
1.0646508437165400e-02	0.0000000000000000e+00	1.5671843052721172e+03
1.0663961729685400e-02	0.0000000000000000e+00	1.5665547857913705e+03
1.0681415022205300e-02	0.0000000000000000e+00	1.5659335056875825e+03
1.0698868314725199e-02	0.0000000000000000e+00	1.5653205269342448e+03
1.0716321607245199e-02	0.0000000000000000e+00	1.5647159108388039e+03
1.0733774899765101e-02	0.0000000000000000e+00	1.5641197192626228e+03
1.0751228192285101e-02	0.0000000000000000e+00	1.5635320129064899e+03
1.0768681484805000e-02	0.0000000000000000e+00	1.5629528531565206e+03
1.0786134777325001e-02	0.0000000000000000e+00	1.5623823013029551e+03
1.0803588069844900e-02	0.0000000000000000e+00	1.5618204179014483e+03
1.0821041362364800e-02	0.0000000000000000e+00	1.5612672635813665e+03
1.0838494654884800e-02	0.0000000000000000e+00	1.5607228989350108e+03
1.0855947947404699e-02	0.0000000000000000e+00	1.5601873843994683e+03
1.0873401239924699e-02	0.0000000000000000e+00	1.5596607804363803e+03
1.0890854532444601e-02	0.0000000000000000e+00	1.5591431465727965e+03
1.0908307824964599e-02	0.0000000000000000e+00	1.5586345433929027e+03
1.0925761117484500e-02	0.0000000000000000e+00	1.5581350304501645e+03
1.0943214410004400e-02	0.0000000000000000e+00	1.5576446671793965e+03
1.0960667702524400e-02	0.0000000000000000e+00	1.5571635135583635e+03
1.0978120995044300e-02	0.0000000000000000e+00	1.5566916284874565e+03
1.0995574287564300e-02	0.0000000000000000e+00	1.5562290714370517e+03
1.1013027580084199e-02	0.0000000000000000e+00	1.5557759011750170e+03
1.1030480872604199e-02	0.0000000000000000e+00	1.5553321769906893e+03
1.1047934165124101e-02	0.0000000000000000e+00	1.5548979572331864e+03
1.1065387457644000e-02	0.0000000000000000e+00	1.5544733009226502e+03
1.1082840750164000e-02	0.0000000000000000e+00	1.5540582661778628e+03
1.1100294042683900e-02	0.0000000000000000e+00	1.5536529114085906e+03
1.1117747335203900e-02	0.0000000000000000e+00	1.5532572947070696e+03
1.1135200627723800e-02	0.0000000000000000e+00	1.5528714739964289e+03
1.1152653920243800e-02	0.0000000000000000e+00	1.5524955075561616e+03
1.1170107212763699e-02	0.0000000000000000e+00	1.5521294524474242e+03
1.1187560505283699e-02	0.0000000000000000e+00	1.5517733665885160e+03
1.1205013797803601e-02	0.0000000000000000e+00	1.5514273069389492e+03
1.1222467090323500e-02	0.0000000000000000e+00	1.5510913315314863e+03
1.1239920382843500e-02	0.0000000000000000e+00	1.5507654962695688e+03
1.1257373675363400e-02	0.0000000000000000e+00	1.5504498591211739e+03
1.1274826967883400e-02	0.0000000000000000e+00	1.5501444763079539e+03
1.1292280260403300e-02	0.0000000000000000e+00	1.5498494046023295e+03
1.1309733552923300e-02	0.0000000000000000e+00	1.5495647002425644e+03
1.1327186845443199e-02	0.0000000000000000e+00	1.5492904197567302e+03
1.1344640137963101e-02	0.0000000000000000e+00	1.5490266193593054e+03
1.1362093430483101e-02	0.0000000000000000e+00	1.5487733545554890e+03
1.1379546723003000e-02	0.0000000000000000e+00	1.5485306815576309e+03
1.1397000015523000e-02	0.0000000000000000e+00	1.5482986558414266e+03
1.1414453308042900e-02	0.0000000000000000e+00	1.5480773333542545e+03
1.1431906600562900e-02	0.0000000000000000e+00	1.5478667686771778e+03
1.1449359893082800e-02	0.0000000000000000e+00	1.5476670173494613e+03
1.1466813185602699e-02	0.0000000000000000e+00	1.5474781347103078e+03
1.1484266478122699e-02	0.0000000000000000e+00	1.5473001754266320e+03
1.1501719770642601e-02	0.0000000000000000e+00	1.5471331941752596e+03
1.1519173063162601e-02	0.0000000000000000e+00	1.5469772453179655e+03
1.1536626355682500e-02	0.0000000000000000e+00	1.5468323836909024e+03
1.1554079648202500e-02	0.0000000000000000e+00	1.5466986631620755e+03
1.1571532940722400e-02	0.0000000000000000e+00	1.5465761379837754e+03
1.1588986233242300e-02	0.0000000000000000e+00	1.5464648622981554e+03
1.1606439525762300e-02	0.0000000000000000e+00	1.5463648894477481e+03
1.1623892818282199e-02	0.0000000000000000e+00	1.5462762731605044e+03
1.1641346110802199e-02	0.0000000000000000e+00	1.5461990671830915e+03
1.1658799403322101e-02	0.0000000000000000e+00	1.5461333244409850e+03
1.1676252695842101e-02	0.0000000000000000e+00	1.5460790980702986e+03
1.1693705988362000e-02	0.0000000000000000e+00	1.5460364414102219e+03
1.1711159280882000e-02	0.0000000000000000e+00	1.5460054069487294e+03
1.1728612573401900e-02	0.0000000000000000e+00	1.5459860474739623e+03
1.1746065865921800e-02	0.0000000000000000e+00	1.5459784153950213e+03
1.1763519158441800e-02	0.0000000000000000e+00	1.5459825629701593e+03
1.1780972450961699e-02	0.0000000000000000e+00	1.5459985424992378e+03
1.1798425743481699e-02	0.0000000000000000e+00	1.5460264057694960e+03
1.1815879036001601e-02	0.0000000000000000e+00	1.5460662053339977e+03
1.1833332328521601e-02	0.0000000000000000e+00	1.5461179919253073e+03
1.1850785621041500e-02	0.0000000000000000e+00	1.5461818176407196e+03
1.1868238913561400e-02	0.0000000000000000e+00	1.5462577338106144e+03
1.1885692206081400e-02	0.0000000000000000e+00	1.5463457912799947e+03
1.1903145498601300e-02	0.0000000000000000e+00	1.5464460414666976e+03
1.1920598791121300e-02	0.0000000000000000e+00	1.5465585352599662e+03
1.1938052083641199e-02	0.0000000000000000e+00	1.5466833229875690e+03
1.1955505376161199e-02	0.0000000000000000e+00	1.5468204558101936e+03
1.1972958668681101e-02	0.0000000000000000e+00	1.5469699833387397e+03
1.1990411961201000e-02	0.0000000000000000e+00	1.5471319565329457e+03
1.2007865253721000e-02	0.0000000000000000e+00	1.5473064251697447e+03
1.2025318546240900e-02	0.0000000000000000e+00	1.5474934388404527e+03
1.2042771838760900e-02	0.0000000000000000e+00	1.5476930478154072e+03
1.2060225131280800e-02	0.0000000000000000e+00	1.5479053013690495e+03
1.2077678423800800e-02	0.0000000000000000e+00	1.5481302492009477e+03
1.2095131716320699e-02	0.0000000000000000e+00	1.5483679402074861e+03
1.2112585008840600e-02	0.0000000000000000e+00	1.5486184234782393e+03
1.2130038301360601e-02	0.0000000000000000e+00	1.5488817484046874e+03
1.2147491593880500e-02	0.0000000000000000e+00	1.5491579630935621e+03
1.2164944886400500e-02	0.0000000000000000e+00	1.5494471167576210e+03
1.2182398178920400e-02	0.0000000000000000e+00	1.5497492575140323e+03
1.2199851471440400e-02	0.0000000000000000e+00	1.5500644336458734e+03
1.2217304763960300e-02	0.0000000000000000e+00	1.5503926934481244e+03
1.2234758056480201e-02	0.0000000000000000e+00	1.5507340847056023e+03
1.2252211349000199e-02	0.0000000000000000e+00	1.5510886553195144e+03
1.2269664641520101e-02	0.0000000000000000e+00	1.5514564524796574e+03
1.2287117934040101e-02	0.0000000000000000e+00	1.5518375241805663e+03
1.2304571226560000e-02	0.0000000000000000e+00	1.5522319176354047e+03
1.2322024519080000e-02	0.0000000000000000e+00	1.5526396797998395e+03
1.2339477811599900e-02	0.0000000000000000e+00	1.5530608575301073e+03
1.2356931104119900e-02	0.0000000000000000e+00	1.5534954979626768e+03
1.2374384396639800e-02	0.0000000000000000e+00	1.5539436475016125e+03
1.2391837689159701e-02	0.0000000000000000e+00	1.5544053529185026e+03
1.2409290981679699e-02	0.0000000000000000e+00	1.5548806601156743e+03
1.2426744274199601e-02	0.0000000000000000e+00	1.5553696153530016e+03
1.2444197566719601e-02	0.0000000000000000e+00	1.5558722647778227e+03
1.2461650859239500e-02	0.0000000000000000e+00	1.5563886538802165e+03
1.2479104151759500e-02	0.0000000000000000e+00	1.5569188288264866e+03
1.2496557444279400e-02	0.0000000000000000e+00	1.5574628348000174e+03
1.2514010736799299e-02	0.0000000000000000e+00	1.5580207170578194e+03
1.2531464029319300e-02	0.0000000000000000e+00	1.5585925208112719e+03
1.2548917321839201e-02	0.0000000000000000e+00	1.5591782911005780e+03
1.2566370614359199e-02	0.0000000000000000e+00	1.5597780727114393e+03
1.2583823906879101e-02	0.0000000000000000e+00	1.5603919101980780e+03
1.2601277199399101e-02	0.0000000000000000e+00	1.5610198484044292e+03
1.2618730491919000e-02	0.0000000000000000e+00	1.5616619314437216e+03
1.2636183784438900e-02	0.0000000000000000e+00	1.5623182034015863e+03
1.2653637076958900e-02	0.0000000000000000e+00	1.5629887084125680e+03
1.2671090369478799e-02	0.0000000000000000e+00	1.5636734901694429e+03
1.2688543661998800e-02	0.0000000000000000e+00	1.5643725925777892e+03
1.2705996954518701e-02	0.0000000000000000e+00	1.5650860589960807e+03
1.2723450247038699e-02	0.0000000000000000e+00	1.5658139328856876e+03
1.2740903539558601e-02	0.0000000000000000e+00	1.5665562573301811e+03
1.2758356832078500e-02	0.0000000000000000e+00	1.5673130753199796e+03
1.2775810124598500e-02	0.0000000000000000e+00	1.5680844297646820e+03
1.2793263417118400e-02	0.0000000000000000e+00	1.5688703633202374e+03
1.2810716709638400e-02	0.0000000000000000e+00	1.5696709184770775e+03
1.2828170002158299e-02	0.0000000000000000e+00	1.5704861378392886e+03
1.2845623294678300e-02	0.0000000000000000e+00	1.5713160630906257e+03
1.2863076587198201e-02	0.0000000000000000e+00	1.5721607368967821e+03
1.2880529879718199e-02	0.0000000000000000e+00	1.5730202006319128e+03
1.2897983172238101e-02	0.0000000000000000e+00	1.5738944963467056e+03
1.2915436464758000e-02	0.0000000000000000e+00	1.5747836651782097e+03
1.2932889757278000e-02	0.0000000000000000e+00	1.5756877486511883e+03
1.2950343049797900e-02	0.0000000000000000e+00	1.5766067882028208e+03
1.2967796342317900e-02	0.0000000000000000e+00	1.5775408246301520e+03
1.2985249634837799e-02	0.0000000000000000e+00	1.5784898987307065e+03
1.3002702927357800e-02	0.0000000000000000e+00	1.5794540517459702e+03
1.3020156219877701e-02	0.0000000000000000e+00	1.5804333236814155e+03
1.3037609512397600e-02	0.0000000000000000e+00	1.5814277548674295e+03
1.3055062804917601e-02	0.0000000000000000e+00	1.5824373858492841e+03
1.3072516097437500e-02	0.0000000000000000e+00	1.5834622565877605e+03
1.3089969389957500e-02	0.0000000000000000e+00	1.5845024069980129e+03
1.3107422682477400e-02	0.0000000000000000e+00	1.5855578766861058e+03
1.3124875974997400e-02	0.0000000000000000e+00	1.5866287051105364e+03
1.3142329267517299e-02	0.0000000000000000e+00	1.5877149318484553e+03
1.3159782560037201e-02	0.0000000000000000e+00	1.5888165963871575e+03
1.3177235852557199e-02	0.0000000000000000e+00	1.5899337375674727e+03
1.3194689145077100e-02	0.0000000000000000e+00	1.5910663937133706e+03
1.3212142437597101e-02	0.0000000000000000e+00	1.5922146043552652e+03
1.3229595730117000e-02	0.0000000000000000e+00	1.5933784078925714e+03
1.3247049022637000e-02	0.0000000000000000e+00	1.5945578425572353e+03
1.3264502315156900e-02	0.0000000000000000e+00	1.5957529466118488e+03
1.3281955607676799e-02	0.0000000000000000e+00	1.5969637581368811e+03
1.3299408900196799e-02	0.0000000000000000e+00	1.5981903152727907e+03
1.3316862192716701e-02	0.0000000000000000e+00	1.5994326553687581e+03
1.3334315485236699e-02	0.0000000000000000e+00	1.6006908161902522e+03
1.3351768777756600e-02	0.0000000000000000e+00	1.6019648355091631e+03
1.3369222070276601e-02	0.0000000000000000e+00	1.6032547501543615e+03
1.3386675362796500e-02	0.0000000000000000e+00	1.6045605972881797e+03
1.3404128655316400e-02	0.0000000000000000e+00	1.6058824140681872e+03
1.3421581947836400e-02	0.0000000000000000e+00	1.6072202370892769e+03
1.3439035240356299e-02	0.0000000000000000e+00	1.6085741026829194e+03
1.3456488532876299e-02	0.0000000000000000e+00	1.6099440477633173e+03
1.3473941825396201e-02	0.0000000000000000e+00	1.6113301082751202e+03
1.3491395117916199e-02	0.0000000000000000e+00	1.6127323206805854e+03
1.3508848410436100e-02	0.0000000000000000e+00	1.6141507206730746e+03
1.3526301702956101e-02	0.0000000000000000e+00	1.6155853439600837e+03
1.3543754995476000e-02	0.0000000000000000e+00	1.6170362265645219e+03
1.3561208287995900e-02	0.0000000000000000e+00	1.6185034035243962e+03
1.3578661580515900e-02	0.0000000000000000e+00	1.6199869102290479e+03
1.3596114873035799e-02	0.0000000000000000e+00	1.6214867821215153e+03
1.3613568165555799e-02	0.0000000000000000e+00	1.6230030534761258e+03
1.3631021458075701e-02	0.0000000000000000e+00	1.6245357598481535e+03
1.3648474750595699e-02	0.0000000000000000e+00	1.6260849355890330e+03
1.3665928043115600e-02	0.0000000000000000e+00	1.6276506152806523e+03
1.3683381335635500e-02	0.0000000000000000e+00	1.6292328330626517e+03
1.3700834628155500e-02	0.0000000000000000e+00	1.6308316229717047e+03
1.3718287920675400e-02	0.0000000000000000e+00	1.6324470192398844e+03
1.3735741213195400e-02	0.0000000000000000e+00	1.6340790558276642e+03
1.3753194505715299e-02	0.0000000000000000e+00	1.6357277662466354e+03
1.3770647798235299e-02	0.0000000000000000e+00	1.6373931838711558e+03
1.3788101090755201e-02	0.0000000000000000e+00	1.6390753420822252e+03
1.3805554383275100e-02	0.0000000000000000e+00	1.6407742741786988e+03
1.3823007675795100e-02	0.0000000000000000e+00	1.6424900134899028e+03
1.3840460968315000e-02	0.0000000000000000e+00	1.6442225923532819e+03
1.3857914260835000e-02	0.0000000000000000e+00	1.6459720434639105e+03
1.3875367553354900e-02	0.0000000000000000e+00	1.6477383998850701e+03
1.3892820845874900e-02	0.0000000000000000e+00	1.6495216933955724e+03
1.3910274138394799e-02	0.0000000000000000e+00	1.6513219566650480e+03
1.3927727430914701e-02	0.0000000000000000e+00	1.6531392211672796e+03
1.3945180723434701e-02	0.0000000000000000e+00	1.6549735194109692e+03
1.3962634015954600e-02	0.0000000000000000e+00	1.6568248831290450e+03
1.3980087308474600e-02	0.0000000000000000e+00	1.6586933433180550e+03
1.3997540600994500e-02	0.0000000000000000e+00	1.6605789319497137e+03
1.4014993893514500e-02	0.0000000000000000e+00	1.6624816795953482e+03
1.4032447186034400e-02	0.0000000000000000e+00	1.6644016184115055e+03
1.4049900478554400e-02	0.0000000000000000e+00	1.6663387783436044e+03
1.4067353771074299e-02	0.0000000000000000e+00	1.6682931904895045e+03
1.4084807063594201e-02	0.0000000000000000e+00	1.6702648854065687e+03
1.4102260356114201e-02	0.0000000000000000e+00	1.6722538936306701e+03
1.4119713648634100e-02	0.0000000000000000e+00	1.6742602454842461e+03
1.4137166941154100e-02	0.0000000000000000e+00	1.6762839711394422e+03
1.4154620233674000e-02	0.0000000000000000e+00	1.6783251002230097e+03
1.4172073526194000e-02	0.0000000000000000e+00	1.6803836627190822e+03
1.4189526818713900e-02	0.0000000000000000e+00	1.6824596884229736e+03
1.4206980111233799e-02	0.0000000000000000e+00	1.6845532068136301e+03
1.4224433403753799e-02	0.0000000000000000e+00	1.6866642468268851e+03
1.4241886696273701e-02	0.0000000000000000e+00	1.6887928378383483e+03
1.4259339988793701e-02	0.0000000000000000e+00	1.6909390091486823e+03
1.4276793281313600e-02	0.0000000000000000e+00	1.6931027893151563e+03
1.4294246573833600e-02	0.0000000000000000e+00	1.6952842068397542e+03
1.4311699866353500e-02	0.0000000000000000e+00	1.6974832906788997e+03
1.4329153158873400e-02	0.0000000000000000e+00	1.6997000690216842e+03
1.4346606451393400e-02	0.0000000000000000e+00	1.7019345697394126e+03
1.4364059743913299e-02	0.0000000000000000e+00	1.7041868213801779e+03
1.4381513036433299e-02	0.0000000000000000e+00	1.7064568518438091e+03
1.4398966328953201e-02	0.0000000000000000e+00	1.7087446884549965e+03
1.4416419621473201e-02	0.0000000000000000e+00	1.7110503589092175e+03
1.4433872913993100e-02	0.0000000000000000e+00	1.7133738906258629e+03
1.4451326206513000e-02	0.0000000000000000e+00	1.7157153111521488e+03
1.4468779499033000e-02	0.0000000000000000e+00	1.7180746474260113e+03
1.4486232791552900e-02	0.0000000000000000e+00	1.7204519261797961e+03
1.4503686084072900e-02	0.0000000000000000e+00	1.7228471742132185e+03
1.4521139376592799e-02	0.0000000000000000e+00	1.7252604186658705e+03
1.4538592669112799e-02	0.0000000000000000e+00	1.7276916853054195e+03
1.4556045961632701e-02	0.0000000000000000e+00	1.7301410009322601e+03
1.4573499254152701e-02	0.0000000000000000e+00	1.7326083914690612e+03
1.4590952546672600e-02	0.0000000000000000e+00	1.7350938830488883e+03
1.4608405839192500e-02	0.0000000000000000e+00	1.7375975013826362e+03
1.4625859131712500e-02	0.0000000000000000e+00	1.7401192722470357e+03
1.4643312424232400e-02	0.0000000000000000e+00	1.7426592212591684e+03
1.4660765716752400e-02	0.0000000000000000e+00	1.7452173735062770e+03
1.4678219009272299e-02	0.0000000000000000e+00	1.7477937541286428e+03
1.4695672301792299e-02	0.0000000000000000e+00	1.7503883885973316e+03
1.4713125594312201e-02	0.0000000000000000e+00	1.7530013018874690e+03
1.4730578886832100e-02	0.0000000000000000e+00	1.7556325182609507e+03
1.4748032179352100e-02	0.0000000000000000e+00	1.7582820623468997e+03
1.4765485471872000e-02	0.0000000000000000e+00	1.7609499590919945e+03
1.4782938764392000e-02	0.0000000000000000e+00	1.7636362323114970e+03
1.4800392056911900e-02	0.0000000000000000e+00	1.7663409062099267e+03
1.4817845349431900e-02	0.0000000000000000e+00	1.7690640048171783e+03
1.4835298641951799e-02	0.0000000000000000e+00	1.7718055520356756e+03
1.4852751934471701e-02	0.0000000000000000e+00	1.7745655711629963e+03
1.4870205226991701e-02	0.0000000000000000e+00	1.7773440859955335e+03
1.4887658519511600e-02	0.0000000000000000e+00	1.7801411198494973e+03
1.4905111812031600e-02	0.0000000000000000e+00	1.7829566956788597e+03
1.4922565104551500e-02	0.0000000000000000e+00	1.7857908372793372e+03
1.4940018397071500e-02	0.0000000000000000e+00	1.7886435665988720e+03
1.4957471689591400e-02	0.0000000000000000e+00	1.7915149066317167e+03
1.4974924982111301e-02	0.0000000000000000e+00	1.7944048805474170e+03
1.4992378274631299e-02	0.0000000000000000e+00	1.7973135099380124e+03
1.5009831567151201e-02	0.0000000000000000e+00	1.8002408177283398e+03
1.5027284859671201e-02	0.0000000000000000e+00	1.8031868251744513e+03
1.5044738152191100e-02	0.0000000000000000e+00	1.8061515550941156e+03
1.5062191444711100e-02	0.0000000000000000e+00	1.8091350294010224e+03
1.5079644737231000e-02	0.0000000000000000e+00	1.8121372685103395e+03
1.5097098029750899e-02	0.0000000000000000e+00	1.8151582952736674e+03
1.5114551322270900e-02	0.0000000000000000e+00	1.8181981304318706e+03
1.5132004614790801e-02	0.0000000000000000e+00	1.8212567951724207e+03
1.5149457907310799e-02	0.0000000000000000e+00	1.8243343105984461e+03
1.5166911199830701e-02	0.0000000000000000e+00	1.8274306975893385e+03
1.5184364492350701e-02	0.0000000000000000e+00	1.8305459770833952e+03
1.5201817784870600e-02	0.0000000000000000e+00	1.8336801692649954e+03
1.5219271077390600e-02	0.0000000000000000e+00	1.8368332947053143e+03
1.5236724369910500e-02	0.0000000000000000e+00	1.8400053739695961e+03
1.5254177662430399e-02	0.0000000000000000e+00	1.8431964267009271e+03
1.5271630954950400e-02	0.0000000000000000e+00	1.8464064732012750e+03
1.5289084247470301e-02	0.0000000000000000e+00	1.8496355336593974e+03
1.5306537539990299e-02	0.0000000000000000e+00	1.8528836269168251e+03
1.5323990832510201e-02	0.0000000000000000e+00	1.8561507729943560e+03
1.5341444125030201e-02	0.0000000000000000e+00	1.8594369910982023e+03
1.5358897417550100e-02	0.0000000000000000e+00	1.8627423006601994e+03
1.5376350710070000e-02	0.0000000000000000e+00	1.8660667205218779e+03
1.5393804002590000e-02	0.0000000000000000e+00	1.8694102697371854e+03
1.5411257295109899e-02	0.0000000000000000e+00	1.8727729669081541e+03
1.5428710587629900e-02	0.0000000000000000e+00	1.8761548309516681e+03
1.5446163880149801e-02	0.0000000000000000e+00	1.8795558797580322e+03
1.5463617172669799e-02	0.0000000000000000e+00	1.8829761324968852e+03
1.5481070465189701e-02	0.0000000000000000e+00	1.8864156064942022e+03
1.5498523757709600e-02	0.0000000000000000e+00	1.8898743202836129e+03
1.5515977050229600e-02	0.0000000000000000e+00	1.8933522919140903e+03
1.5533430342749500e-02	0.0000000000000000e+00	1.8968495384883306e+03
1.5550883635269500e-02	0.0000000000000000e+00	1.9003660780752939e+03
1.5568336927789399e-02	0.0000000000000000e+00	1.9039019276840220e+03
1.5585790220309400e-02	0.0000000000000000e+00	1.9074571048539335e+03
1.5603243512829299e-02	0.0000000000000000e+00	1.9110316263561881e+03
1.5620696805349200e-02	0.0000000000000000e+00	1.9146255098964912e+03
1.5638150097869199e-02	0.0000000000000000e+00	1.9182387718382136e+03
1.5655603390389100e-02	0.0000000000000000e+00	1.9218714287512403e+03
1.5673056682909099e-02	0.0000000000000000e+00	1.9255234972199605e+03
1.5690509975429000e-02	0.0000000000000000e+00	1.9291949938378655e+03
1.5707963267949002e-02	0.0000000000000000e+00	1.9328859347572707e+03
1.5725416560468899e-02	0.0000000000000000e+00	1.9365963358701918e+03
1.5742869852988801e-02	0.0000000000000000e+00	1.9403262132016057e+03
1.5760323145508799e-02	0.0000000000000000e+00	1.9440755827635244e+03
1.5777776438028700e-02	0.0000000000000000e+00	1.9478444598939432e+03
1.5795229730548699e-02	0.0000000000000000e+00	1.9516328606062673e+03
1.5812683023068600e-02	0.0000000000000000e+00	1.9554407997624396e+03
1.5830136315588599e-02	0.0000000000000000e+00	1.9592682926002856e+03
1.5847589608108500e-02	0.0000000000000000e+00	1.9631153541255296e+03
1.5865042900628502e-02	0.0000000000000000e+00	1.9669819994629725e+03
1.5882496193148399e-02	0.0000000000000000e+00	1.9708682433123217e+03
1.5899949485668301e-02	0.0000000000000000e+00	1.9747741002350338e+03
1.5917402778188299e-02	0.0000000000000000e+00	1.9786995848126737e+03
1.5934856070708200e-02	0.0000000000000000e+00	1.9826447114237080e+03
1.5952309363228199e-02	0.0000000000000000e+00	1.9866094940401313e+03
1.5969762655748100e-02	0.0000000000000000e+00	1.9905939468062898e+03
1.5987215948268099e-02	0.0000000000000000e+00	1.9945980838162238e+03
1.6004669240788000e-02	0.0000000000000000e+00	1.9986219182081913e+03
1.6022122533307901e-02	0.0000000000000000e+00	2.0026654644981520e+03
1.6039575825827899e-02	0.0000000000000000e+00	2.0067287351985849e+03
1.6057029118347801e-02	0.0000000000000000e+00	2.0108117441907891e+03
1.6074482410867799e-02	0.0000000000000000e+00	2.0149145045375512e+03
1.6091935703387700e-02	0.0000000000000000e+00	2.0190370294570248e+03
1.6109388995907699e-02	0.0000000000000000e+00	2.0231793313335643e+03
1.6126842288427600e-02	0.0000000000000000e+00	2.0273414231021588e+03
1.6144295580947501e-02	0.0000000000000000e+00	2.0315233178852473e+03
1.6161748873467500e-02	0.0000000000000000e+00	2.0357250274509306e+03
1.6179202165987401e-02	0.0000000000000000e+00	2.0399465641972815e+03
1.6196655458507399e-02	0.0000000000000000e+00	2.0441879407412737e+03
1.6214108751027301e-02	0.0000000000000000e+00	2.0484491684407026e+03
1.6231562043547299e-02	0.0000000000000000e+00	2.0527302598038500e+03
1.6249015336067200e-02	0.0000000000000000e+00	2.0570312263544592e+03
1.6266468628587199e-02	0.0000000000000000e+00	2.0613520793695957e+03
1.6283921921107100e-02	0.0000000000000000e+00	2.0656928308283659e+03
1.6301375213627001e-02	0.0000000000000000e+00	2.0700534915976864e+03
1.6318828506147000e-02	0.0000000000000000e+00	2.0744340730825379e+03
1.6336281798666901e-02	0.0000000000000000e+00	2.0788345861889643e+03
1.6353735091186899e-02	0.0000000000000000e+00	2.0832550420550710e+03
1.6371188383706801e-02	0.0000000000000000e+00	2.0876954509296429e+03
1.6388641676226799e-02	0.0000000000000000e+00	2.0921558240925083e+03
1.6406094968746700e-02	0.0000000000000000e+00	2.0966361711232535e+03
1.6423548261266602e-02	0.0000000000000000e+00	2.1011365032848889e+03
1.6441001553786600e-02	0.0000000000000000e+00	2.1056568302094543e+03
1.6458454846306501e-02	0.0000000000000000e+00	2.1101971618257298e+03
1.6475908138826500e-02	0.0000000000000000e+00	2.1147575085811459e+03
1.6493361431346401e-02	0.0000000000000000e+00	2.1193378797899973e+03
1.6510814723866400e-02	0.0000000000000000e+00	2.1239382849569556e+03
1.6528268016386301e-02	0.0000000000000000e+00	2.1285587340249626e+03
1.6545721308906199e-02	0.0000000000000000e+00	2.1331992360710024e+03
1.6563174601426200e-02	0.0000000000000000e+00	2.1378598004245027e+03
1.6580627893946102e-02	0.0000000000000000e+00	2.1425404358727205e+03
1.6598081186466100e-02	0.0000000000000000e+00	2.1472411515101189e+03
1.6615534478986001e-02	0.0000000000000000e+00	2.1519619560633237e+03
1.6632987771506000e-02	0.0000000000000000e+00	2.1567028582397938e+03
1.6650441064025901e-02	0.0000000000000000e+00	2.1614638665255893e+03
1.6667894356545799e-02	0.0000000000000000e+00	2.1662449896606281e+03
1.6685347649065801e-02	0.0000000000000000e+00	2.1710462350604921e+03
1.6702800941585699e-02	0.0000000000000000e+00	2.1758676115378303e+03
1.6720254234105700e-02	0.0000000000000000e+00	2.1807091266201901e+03
1.6737707526625598e-02	0.0000000000000000e+00	2.1855707881028270e+03
1.6755160819145600e-02	0.0000000000000000e+00	2.1904526039877769e+03
1.6772614111665501e-02	0.0000000000000000e+00	2.1953545818002690e+03
1.6790067404185399e-02	0.0000000000000000e+00	2.2002767286498770e+03
1.6807520696705401e-02	0.0000000000000000e+00	2.2052190518804100e+03
1.6824973989225299e-02	0.0000000000000000e+00	2.2101815589813255e+03
1.6842427281745301e-02	0.0000000000000000e+00	2.2151642562704983e+03
1.6859880574265199e-02	0.0000000000000000e+00	2.2201671514520294e+03
1.6877333866785200e-02	0.0000000000000000e+00	2.2251902503177225e+03
1.6894787159305098e-02	0.0000000000000000e+00	2.2302335599232179e+03
1.6912240451825100e-02	0.0000000000000000e+00	2.2352970872253600e+03
1.6929693744345001e-02	0.0000000000000000e+00	2.2403808378223785e+03
1.6947147036864899e-02	0.0000000000000000e+00	2.2454848180632630e+03
1.6964600329384901e-02	0.0000000000000000e+00	2.2506090337829082e+03
1.6982053621904799e-02	0.0000000000000000e+00	2.2557534913171198e+03
1.6999506914424801e-02	0.0000000000000000e+00	2.2609181961152603e+03
1.7016960206944699e-02	0.0000000000000000e+00	2.2661031540094077e+03
1.7034413499464700e-02	0.0000000000000000e+00	2.2713083704682940e+03
1.7051866791984598e-02	0.0000000000000000e+00	2.2765338511989316e+03
1.7069320084504500e-02	0.0000000000000000e+00	2.2817796008193041e+03
1.7086773377024501e-02	0.0000000000000000e+00	2.2870456243406165e+03
1.7104226669544399e-02	0.0000000000000000e+00	2.2923319273038460e+03
1.7121679962064401e-02	0.0000000000000000e+00	2.2976385145939394e+03
1.7139133254584299e-02	0.0000000000000000e+00	2.3029653903101671e+03
1.7156586547104301e-02	0.0000000000000000e+00	2.3083125592332644e+03
1.7174039839624199e-02	0.0000000000000000e+00	2.3136800260253431e+03
1.7191493132144100e-02	0.0000000000000000e+00	2.3190677951727512e+03
1.7208946424664098e-02	0.0000000000000000e+00	2.3244758701396740e+03
1.7226399717184000e-02	0.0000000000000000e+00	2.3299042553324280e+03
1.7243853009704001e-02	0.0000000000000000e+00	2.3353529549603900e+03
1.7261306302223899e-02	0.0000000000000000e+00	2.3408219725333788e+03
1.7278759594743901e-02	0.0000000000000000e+00	2.3463113112309884e+03
1.7296212887263799e-02	0.0000000000000000e+00	2.3518209754042064e+03
1.7313666179783700e-02	0.0000000000000000e+00	2.3573509677953812e+03
1.7331119472303699e-02	0.0000000000000000e+00	2.3629012920936993e+03
1.7348572764823600e-02	0.0000000000000000e+00	2.3684719511087069e+03
1.7366026057343598e-02	0.0000000000000000e+00	2.3740629476888039e+03
1.7383479349863500e-02	0.0000000000000000e+00	2.3796742852491707e+03
1.7400932642383501e-02	0.0000000000000000e+00	2.3853059661294860e+03
1.7418385934903399e-02	0.0000000000000000e+00	2.3909579926134356e+03
1.7435839227423401e-02	0.0000000000000000e+00	2.3966303679035104e+03
1.7453292519943299e-02	0.0000000000000000e+00	2.4023230936755326e+03
1.7470745812463200e-02	0.0000000000000000e+00	2.4080361725996122e+03
1.7488199104983199e-02	0.0000000000000000e+00	2.4137696063705216e+03
1.7505652397503100e-02	0.0000000000000000e+00	2.4195233973153890e+03
1.7523105690023098e-02	0.0000000000000000e+00	2.4252975468009240e+03
1.7540558982543000e-02	0.0000000000000000e+00	2.4310920567260328e+03
1.7558012275063001e-02	0.0000000000000000e+00	2.4369069289405475e+03
1.7575465567582899e-02	0.0000000000000000e+00	2.4427421645614672e+03
1.7592918860102801e-02	0.0000000000000000e+00	2.4485977646190804e+03
1.7610372152622799e-02	0.0000000000000000e+00	2.4544737308984704e+03
1.7627825445142700e-02	0.0000000000000000e+00	2.4603700639659396e+03
1.7645278737662699e-02	0.0000000000000000e+00	2.4662867651731917e+03
1.7662732030182600e-02	0.0000000000000000e+00	2.4722238346420590e+03
1.7680185322702598e-02	0.0000000000000000e+00	2.4781812735292356e+03
1.7697638615222500e-02	0.0000000000000000e+00	2.4841590824377622e+03
1.7715091907742401e-02	0.0000000000000000e+00	2.4901572616302783e+03
1.7732545200262399e-02	0.0000000000000000e+00	2.4961758113886772e+03
1.7749998492782301e-02	0.0000000000000000e+00	2.5022147315761863e+03
1.7767451785302299e-02	0.0000000000000000e+00	2.5082740227937493e+03
1.7784905077822200e-02	0.0000000000000000e+00	2.5143536840912166e+03
1.7802358370342199e-02	0.0000000000000000e+00	2.5204537161796375e+03
1.7819811662862100e-02	0.0000000000000000e+00	2.5265741183085752e+03
1.7837264955382001e-02	0.0000000000000000e+00	2.5327148899648823e+03
1.7854718247902000e-02	0.0000000000000000e+00	2.5388760305349529e+03
1.7872171540421901e-02	0.0000000000000000e+00	2.5450575394734283e+03
1.7889624832941899e-02	0.0000000000000000e+00	2.5512594154353123e+03
1.7907078125461801e-02	0.0000000000000000e+00	2.5574816581647337e+03
1.7924531417981799e-02	0.0000000000000000e+00	2.5637242660490488e+03
1.7941984710501700e-02	0.0000000000000000e+00	2.5699872380128018e+03
1.7959438003021699e-02	0.0000000000000000e+00	2.5762705725715705e+03
1.7976891295541600e-02	0.0000000000000000e+00	2.5825742685260680e+03
1.7994344588061501e-02	0.0000000000000000e+00	2.5888983238313667e+03
1.8011797880581500e-02	0.0000000000000000e+00	2.5952427375332973e+03
1.8029251173101401e-02	0.0000000000000000e+00	2.6016075071879336e+03
1.8046704465621399e-02	0.0000000000000000e+00	2.6079926307905957e+03
1.8064157758141301e-02	0.0000000000000000e+00	2.6143981067084246e+03
1.8081611050661299e-02	0.0000000000000000e+00	2.6208239321227666e+03
1.8099064343181200e-02	0.0000000000000000e+00	2.6272701050451610e+03
1.8116517635701102e-02	0.0000000000000000e+00	2.6337366231826877e+03
1.8133970928221100e-02	0.0000000000000000e+00	2.6402234835424224e+03
1.8151424220741001e-02	0.0000000000000000e+00	2.6467306837188435e+03
1.8168877513261000e-02	0.0000000000000000e+00	2.6532582210779269e+03
1.8186330805780901e-02	0.0000000000000000e+00	2.6598060920290968e+03
1.8203784098300899e-02	0.0000000000000000e+00	2.6663742941539958e+03
1.8221237390820801e-02	0.0000000000000000e+00	2.6729628237836932e+03
1.8238690683340698e-02	0.0000000000000000e+00	2.6795716777721582e+03
1.8256143975860700e-02	0.0000000000000000e+00	2.6862008528550823e+03
1.8273597268380602e-02	0.0000000000000000e+00	2.6928503453391563e+03
1.8291050560900600e-02	0.0000000000000000e+00	2.6995201517685841e+03
1.8308503853420501e-02	0.0000000000000000e+00	2.7062102677552421e+03
1.8325957145940500e-02	0.0000000000000000e+00	2.7129206903022755e+03
1.8343410438460401e-02	0.0000000000000000e+00	2.7196514147101034e+03
1.8360863730980299e-02	0.0000000000000000e+00	2.7264024368785836e+03
1.8378317023500301e-02	0.0000000000000000e+00	2.7331737528938884e+03
1.8395770316020198e-02	0.0000000000000000e+00	2.7399653577922686e+03
1.8413223608540200e-02	0.0000000000000000e+00	2.7467772478050447e+03
1.8430676901060102e-02	0.0000000000000000e+00	2.7536094176147249e+03
1.8448130193580100e-02	0.0000000000000000e+00	2.7604618630971299e+03
1.8465583486100001e-02	0.0000000000000000e+00	2.7673345789561658e+03
1.8483036778619899e-02	0.0000000000000000e+00	2.7742275602581744e+03
1.8500490071139901e-02	0.0000000000000000e+00	2.7811408025051846e+03
1.8517943363659799e-02	0.0000000000000000e+00	2.7880742996416570e+03
1.8535396656179801e-02	0.0000000000000000e+00	2.7950280466508580e+03
1.8552849948699698e-02	0.0000000000000000e+00	2.8020020379737211e+03
1.8570303241219700e-02	0.0000000000000000e+00	2.8089962684313532e+03
1.8587756533739602e-02	0.0000000000000000e+00	2.8160107321628579e+03
1.8605209826259600e-02	0.0000000000000000e+00	2.8230454231328054e+03
1.8622663118779501e-02	0.0000000000000000e+00	2.8301003357743057e+03
1.8640116411299399e-02	0.0000000000000000e+00	2.8371754637570884e+03
1.8657569703819401e-02	0.0000000000000000e+00	2.8442708013505080e+03
1.8675022996339299e-02	0.0000000000000000e+00	2.8513863421417650e+03
1.8692476288859301e-02	0.0000000000000000e+00	2.8585220796086278e+03
1.8709929581379198e-02	0.0000000000000000e+00	2.8656780071886110e+03
1.8727382873899200e-02	0.0000000000000000e+00	2.8728541182621448e+03
1.8744836166419102e-02	0.0000000000000000e+00	2.8800504066815874e+03
1.8762289458938999e-02	0.0000000000000000e+00	2.8872668652405237e+03
1.8779742751459001e-02	0.0000000000000000e+00	2.8945034867540380e+03
1.8797196043978899e-02	0.0000000000000000e+00	2.9017602643652426e+03
1.8814649336498901e-02	0.0000000000000000e+00	2.9090371907701938e+03
1.8832102629018799e-02	0.0000000000000000e+00	2.9163342591950527e+03
1.8849555921538801e-02	0.0000000000000000e+00	2.9236514617366915e+03
1.8867009214058698e-02	0.0000000000000000e+00	2.9309887913163611e+03
1.8884462506578600e-02	0.0000000000000000e+00	2.9383462396703840e+03
1.8901915799098602e-02	0.0000000000000000e+00	2.9457237996586541e+03
1.8919369091618499e-02	0.0000000000000000e+00	2.9531214628928533e+03
1.8936822384138501e-02	0.0000000000000000e+00	2.9605392221256957e+03
1.8954275676658399e-02	0.0000000000000000e+00	2.9679770686714810e+03
1.8971728969178401e-02	0.0000000000000000e+00	2.9754349947094192e+03
1.8989182261698299e-02	0.0000000000000000e+00	2.9829129920137825e+03
1.9006635554218200e-02	0.0000000000000000e+00	2.9904110518420689e+03
1.9024088846738198e-02	0.0000000000000000e+00	2.9979291657622657e+03
1.9041542139258100e-02	0.0000000000000000e+00	3.0054673253080855e+03
1.9058995431778102e-02	0.0000000000000000e+00	3.0130255214567219e+03
1.9076448724297999e-02	0.0000000000000000e+00	3.0206037459529939e+03
1.9093902016818001e-02	0.0000000000000000e+00	3.0282019892387057e+03
1.9111355309337899e-02	0.0000000000000000e+00	3.0358202422853592e+03
1.9128808601857800e-02	0.0000000000000000e+00	3.0434584965446534e+03
1.9146261894377799e-02	0.0000000000000000e+00	3.0511167421740515e+03
1.9163715186897700e-02	0.0000000000000000e+00	3.0587949699511323e+03
1.9181168479417698e-02	0.0000000000000000e+00	3.0664931705303388e+03
1.9198621771937600e-02	0.0000000000000000e+00	3.0742113335957970e+03
1.9216075064457602e-02	0.0000000000000000e+00	3.0819494503664355e+03
1.9233528356977499e-02	0.0000000000000000e+00	3.0897075105334216e+03
1.9250981649497501e-02	0.0000000000000000e+00	3.0974855041597039e+03
1.9268434942017399e-02	0.0000000000000000e+00	3.1052834215877238e+03
1.9285888234537300e-02	0.0000000000000000e+00	3.1131012523018730e+03
1.9303341527057299e-02	0.0000000000000000e+00	3.1209389861176014e+03
1.9320794819577200e-02	0.0000000000000000e+00	3.1287966128742778e+03
1.9338248112097198e-02	0.0000000000000000e+00	3.1366741215171605e+03
1.9355701404617100e-02	0.0000000000000000e+00	3.1445715022992340e+03
1.9373154697137102e-02	0.0000000000000000e+00	3.1524887442092518e+03
1.9390607989656999e-02	0.0000000000000000e+00	3.1604258362966143e+03
1.9408061282176901e-02	0.0000000000000000e+00	3.1683827676468327e+03
1.9425514574696899e-02	0.0000000000000000e+00	3.1763595277137206e+03
1.9442967867216800e-02	0.0000000000000000e+00	3.1843561049305881e+03
1.9460421159736799e-02	0.0000000000000000e+00	3.1923724883454288e+03
1.9477874452256700e-02	0.0000000000000000e+00	3.2004086666493708e+03
1.9495327744776698e-02	0.0000000000000000e+00	3.2084646283657721e+03
1.9512781037296600e-02	0.0000000000000000e+00	3.2165403620472298e+03
1.9530234329816501e-02	0.0000000000000000e+00	3.2246358559379810e+03
1.9547687622336499e-02	0.0000000000000000e+00	3.2327510986469210e+03
1.9565140914856401e-02	0.0000000000000000e+00	3.2408860777686864e+03
1.9582594207376399e-02	0.0000000000000000e+00	3.2490407820469190e+03
1.9600047499896300e-02	0.0000000000000000e+00	3.2572151990391585e+03
1.9617500792416299e-02	0.0000000000000000e+00	3.2654093165044387e+03
1.9634954084936200e-02	0.0000000000000000e+00	3.2736231228318893e+03
1.9652407377456101e-02	0.0000000000000000e+00	3.2818566052947758e+03
1.9669860669976100e-02	0.0000000000000000e+00	3.2901097511448952e+03
1.9687313962496001e-02	0.0000000000000000e+00	3.2983825483395049e+03
1.9704767255015999e-02	0.0000000000000000e+00	3.3066749839730460e+03
1.9722220547535901e-02	0.0000000000000000e+00	3.3149870455598284e+03
1.9739673840055899e-02	0.0000000000000000e+00	3.3233187200701373e+03
1.9757127132575800e-02	0.0000000000000000e+00	3.3316699944828197e+03
1.9774580425095799e-02	0.0000000000000000e+00	3.3400408559936568e+03
1.9792033717615700e-02	0.0000000000000000e+00	3.3484312914892880e+03
1.9809487010135601e-02	0.0000000000000000e+00	3.3568412873391385e+03
1.9826940302655600e-02	0.0000000000000000e+00	3.3652708307130079e+03
1.9844393595175501e-02	0.0000000000000000e+00	3.3737199076815887e+03
1.9861846887695499e-02	0.0000000000000000e+00	3.3821885049208622e+03
1.9879300180215401e-02	0.0000000000000000e+00	3.3906766091691975e+03
1.9896753472735399e-02	0.0000000000000000e+00	3.3991842061840234e+03
1.9914206765255300e-02	0.0000000000000000e+00	3.4077112822332697e+03
1.9931660057775202e-02	0.0000000000000000e+00	3.4162578238028423e+03
1.9949113350295200e-02	0.0000000000000000e+00	3.4248238166016636e+03
1.9966566642815101e-02	0.0000000000000000e+00	3.4334092459730073e+03
1.9984019935335100e-02	0.0000000000000000e+00	3.4420140985800494e+03
2.0001473227855001e-02	0.0000000000000000e+00	3.4506383596280625e+03
2.0018926520374999e-02	0.0000000000000000e+00	3.4592820147672069e+03
2.0036379812894901e-02	0.0000000000000000e+00	3.4679450495393330e+03
2.0053833105414798e-02	0.0000000000000000e+00	3.4766274496129863e+03
2.0071286397934800e-02	0.0000000000000000e+00	3.4853291996888265e+03
2.0088739690454702e-02	0.0000000000000000e+00	3.4940502852661375e+03
2.0106192982974700e-02	0.0000000000000000e+00	3.5027906916735797e+03
2.0123646275494601e-02	0.0000000000000000e+00	3.5115504036218094e+03
2.0141099568014600e-02	0.0000000000000000e+00	3.5203294062650716e+03
2.0158552860534501e-02	0.0000000000000000e+00	3.5291276843347182e+03
2.0176006153054399e-02	0.0000000000000000e+00	3.5379452226612334e+03
2.0193459445574401e-02	0.0000000000000000e+00	3.5467820054658559e+03
2.0210912738094299e-02	0.0000000000000000e+00	3.5556380179385724e+03
2.0228366030614300e-02	0.0000000000000000e+00	3.5645132440639363e+03
2.0245819323134202e-02	0.0000000000000000e+00	3.5734076687022402e+03
2.0263272615654200e-02	0.0000000000000000e+00	3.5823212755922559e+03
2.0280725908174101e-02	0.0000000000000000e+00	3.5912540488410768e+03
2.0298179200694100e-02	0.0000000000000000e+00	3.6002059729657085e+03
2.0315632493214001e-02	0.0000000000000000e+00	3.6091770319546035e+03
2.0333085785733899e-02	0.0000000000000000e+00	3.6181672093792195e+03
2.0350539078253901e-02	0.0000000000000000e+00	3.6271764894330531e+03
2.0367992370773799e-02	0.0000000000000000e+00	3.6362048553824734e+03
2.0385445663293800e-02	0.0000000000000000e+00	3.6452522911350261e+03
2.0402898955813702e-02	0.0000000000000000e+00	3.6543187803874330e+03
2.0420352248333700e-02	0.0000000000000000e+00	3.6634043065506044e+03
2.0437805540853601e-02	0.0000000000000000e+00	3.6725088525202232e+03
2.0455258833373499e-02	0.0000000000000000e+00	3.6816324022225576e+03
2.0472712125893501e-02	0.0000000000000000e+00	3.6907749380064879e+03
2.0490165418413399e-02	0.0000000000000000e+00	3.6999364439035844e+03
2.0507618710933401e-02	0.0000000000000000e+00	3.7091169023098964e+03
2.0525072003453299e-02	0.0000000000000000e+00	3.7183162963806890e+03
2.0542525295973300e-02	0.0000000000000000e+00	3.7275346089818131e+03
2.0559978588493202e-02	0.0000000000000000e+00	3.7367718227408823e+03
2.0577431881013099e-02	0.0000000000000000e+00	3.7460279200856389e+03
2.0594885173533101e-02	0.0000000000000000e+00	3.7553028843967427e+03
2.0612338466052999e-02	0.0000000000000000e+00	3.7645966969887804e+03
2.0629791758573001e-02	0.0000000000000000e+00	3.7739093407938526e+03
2.0647245051092899e-02	0.0000000000000000e+00	3.7832407986991766e+03
2.0664698343612901e-02	0.0000000000000000e+00	3.7925910520387306e+03
2.0682151636132799e-02	0.0000000000000000e+00	3.8019600832623423e+03
2.0699604928652700e-02	0.0000000000000000e+00	3.8113478745618249e+03
2.0717058221172702e-02	0.0000000000000000e+00	3.8207544078503829e+03
2.0734511513692599e-02	0.0000000000000000e+00	3.8301796648264622e+03
2.0751964806212601e-02	0.0000000000000000e+00	3.8396236276650757e+03
2.0769418098732499e-02	0.0000000000000000e+00	3.8490862777126636e+03
2.0786871391252501e-02	0.0000000000000000e+00	3.8585675966669928e+03
2.0804324683772399e-02	0.0000000000000000e+00	3.8680675659643643e+03
2.0821777976292300e-02	0.0000000000000000e+00	3.8775861670955701e+03
2.0839231268812299e-02	0.0000000000000000e+00	3.8871233819176750e+03
2.0856684561332200e-02	0.0000000000000000e+00	3.8966791909795161e+03
2.0874137853852202e-02	0.0000000000000000e+00	3.9062535761520890e+03
2.0891591146372099e-02	0.0000000000000000e+00	3.9158465180446483e+03
2.0909044438892101e-02	0.0000000000000000e+00	3.9254579978687234e+03
2.0926497731411999e-02	0.0000000000000000e+00	3.9350879969679559e+03
2.0943951023932001e-02	0.0000000000000000e+00	3.9447364955279272e+03
