0.0000000000000000e+00	0.0000000000000000e+00	4.5789998607774073e-11
1.7453292519943300e-05	0.0000000000000000e+00	4.5563572447949595e-11
3.4906585039886600e-05	0.0000000000000000e+00	4.5334660139698774e-11
5.2359877559829903e-05	0.0000000000000000e+00	4.5103235946772542e-11
6.9813170079773199e-05	0.0000000000000000e+00	4.4868688540081875e-11
8.7266462599716496e-05	0.0000000000000000e+00	4.4626403910934514e-11
1.0471975511966000e-04	0.0000000000000000e+00	4.4357427505861409e-11
1.2217304763960301e-04	0.0000000000000000e+00	4.4008385025151955e-11
1.3962634015954599e-04	0.0000000000000000e+00	4.3462000348452304e-11
1.5707963267949001e-04	0.0000000000000000e+00	4.2501340903562451e-11
1.7453292519943299e-04	0.0000000000000000e+00	4.0772774622734617e-11
1.9198621771937600e-04	0.0000000000000000e+00	3.7753790618905972e-11
2.0943951023931999e-04	0.0000000000000000e+00	3.2731781702395829e-11
2.2689280275926300e-04	0.0000000000000000e+00	2.4799506901640174e-11
2.4434609527920601e-04	0.0000000000000000e+00	1.2871779098148808e-11
2.6179938779914903e-04	0.0000000000000000e+00	4.2736478833671856e-12
2.7925268031909301e-04	0.0000000000000000e+00	2.7929379258988089e-11
2.9670597283903603e-04	0.0000000000000000e+00	5.9366835473056772e-11
3.1415926535897898e-04	0.0000000000000000e+00	9.9722662003528227e-11
3.3161255787892303e-04	0.0000000000000000e+00	1.4986742534432306e-10
3.4906585039886598e-04	0.0000000000000000e+00	2.1026308279924508e-10
3.6651914291880900e-04	0.0000000000000000e+00	2.8081743921961634e-10
3.8397243543875201e-04	0.0000000000000000e+00	3.6074424899034774e-10
4.0142572795869599e-04	0.0000000000000000e+00	4.4843913271236391e-10
4.1887902047863901e-04	0.0000000000000000e+00	5.4138030261099740e-10
4.3633231299858202e-04	0.0000000000000000e+00	6.3606423934948846e-10
4.5378560551852601e-04	0.0000000000000000e+00	7.2798447810914981e-10
4.7123889803846902e-04	0.0000000000000000e+00	8.1166071295229542e-10
4.8869219055841203e-04	0.0000000000000000e+00	8.8072340277593964e-10
5.0614548307835602e-04	0.0000000000000000e+00	9.2805663344722173e-10
5.2359877559829903e-04	0.0000000000000000e+00	9.4599990813108514e-10
5.4105206811824204e-04	0.0000000000000000e+00	9.2660604496095131e-10
5.5850536063818505e-04	0.0000000000000000e+00	8.6195007318248394e-10
5.7595865315812904e-04	0.0000000000000000e+00	7.4448071315879840e-10
5.9341194567807205e-04	0.0000000000000000e+00	5.6740424001564384e-10
6.1086523819801496e-04	0.0000000000000000e+00	3.2508682736692561e-10
6.2831853071795905e-04	0.0000000000000000e+00	1.3460462836711743e-11
6.4577182323790196e-04	0.0000000000000000e+00	3.6958355149671195e-10
6.6322511575784497e-04	0.0000000000000000e+00	8.2383191795396080e-10
6.8067840827778798e-04	0.0000000000000000e+00	1.3464357372145770e-09
6.9813170079773197e-04	0.0000000000000000e+00	1.9316613500155154e-09
7.1558499331767498e-04	0.0000000000000000e+00	2.5707249252605510e-09
7.3303828583761799e-04	0.0000000000000000e+00	3.2517206610056904e-09
7.5049157835756198e-04	0.0000000000000000e+00	3.9596673789318358e-09
7.6794487087750499e-04	0.0000000000000000e+00	4.6766596967340082e-09
7.8539816339744800e-04	0.0000000000000000e+00	5.3821500302939510e-09
8.0285145591739199e-04	0.0000000000000000e+00	6.0533569645092460e-09
8.2030474843733500e-04	0.0000000000000000e+00	6.6657900757443009e-09
8.3775804095727801e-04	0.0000000000000000e+00	7.1938905610858237e-09
8.5521133347722102e-04	0.0000000000000000e+00	7.6117711993451464e-09
8.7266462599716501e-04	0.0000000000000000e+00	7.8940413158927263e-09
8.9011791851710802e-04	0.0000000000000000e+00	8.0166866402175025e-09
9.0757121103705104e-04	0.0000000000000000e+00	7.9579822569821846e-09
9.2502450355699502e-04	0.0000000000000000e+00	7.6994279614125529e-09
9.4247779607693804e-04	0.0000000000000000e+00	7.2266241443383599e-09
9.5993108859688105e-04	0.0000000000000000e+00	6.5301193149467032e-09
9.7738438111682406e-04	0.0000000000000000e+00	5.6061485411272745e-09
9.9483767363676805e-04	0.0000000000000000e+00	4.4572449264135232e-09
1.0122909661567101e-03	0.0000000000000000e+00	3.0927096990915920e-09
1.0297442586766500e-03	0.0000000000000000e+00	1.5288728439451140e-09
1.0471975511966000e-03	0.0000000000000000e+00	2.1082911657101954e-10
1.0646508437165401e-03	0.0000000000000000e+00	2.0959932395160579e-09
1.0821041362364800e-03	0.0000000000000000e+00	4.0896245022364780e-09
1.0995574287564300e-03	0.0000000000000000e+00	6.1487440405707958e-09
1.1170107212763701e-03	0.0000000000000000e+00	8.2252036086128969e-09
1.1344640137963100e-03	0.0000000000000000e+00	1.0266721673124817e-08
1.1519173063162600e-03	0.0000000000000000e+00	1.2218103943035437e-08
1.1693705988361999e-03	0.0000000000000000e+00	1.4022623892062703e-08
1.1868238913561400e-03	0.0000000000000000e+00	1.5623532018828409e-08
1.2042771838760900e-03	0.0000000000000000e+00	1.6965653309045721e-08
1.2217304763960299e-03	0.0000000000000000e+00	1.7997032625817491e-08
1.2391837689159700e-03	0.0000000000000000e+00	1.8670582691375967e-08
1.2566370614359201e-03	0.0000000000000000e+00	1.8945688779520685e-08
1.2740903539558599e-03	0.0000000000000000e+00	1.8789723552168734e-08
1.2915436464758000e-03	0.0000000000000000e+00	1.8179426075971871e-08
1.3089969389957501e-03	0.0000000000000000e+00	1.7102100832714499e-08
1.3264502315156899e-03	0.0000000000000000e+00	1.5556594864667533e-08
1.3439035240356300e-03	0.0000000000000000e+00	1.3554009602701737e-08
1.3613568165555801e-03	0.0000000000000000e+00	1.1118136816025107e-08
1.3788101090755199e-03	0.0000000000000000e+00	8.2855592595853307e-09
1.3962634015954600e-03	0.0000000000000000e+00	5.1054004966656700e-09
1.4137166941154101e-03	0.0000000000000000e+00	1.6387315535183584e-09
1.4311699866353500e-03	0.0000000000000000e+00	2.0424090780025634e-09
1.4486232791552900e-03	0.0000000000000000e+00	5.8563238868895301e-09
1.4660765716752401e-03	0.0000000000000000e+00	9.7133403414014914e-09
1.4835298641951800e-03	0.0000000000000000e+00	1.3517802250718310e-08
1.5009831567151201e-03	0.0000000000000000e+00	1.7170358014025028e-08
1.5184364492350699e-03	0.0000000000000000e+00	2.0570482026425449e-08
1.5358897417550100e-03	0.0000000000000000e+00	2.3619176511256565e-08
1.5533430342749501e-03	0.0000000000000000e+00	2.6221781006540770e-08
1.5707963267948999e-03	0.0000000000000000e+00	2.8290810313918587e-08
1.5882496193148400e-03	0.0000000000000000e+00	2.9748734610786854e-08
1.6057029118347801e-03	0.0000000000000000e+00	3.0530611001831433e-08
1.6231562043547299e-03	0.0000000000000000e+00	3.0586475321872026e-08
1.6406094968746700e-03	0.0000000000000000e+00	2.9883405331659314e-08
1.6580627893946101e-03	0.0000000000000000e+00	2.8407176949194651e-08
1.6755160819145599e-03	0.0000000000000000e+00	2.6163444052844496e-08
1.6929693744345000e-03	0.0000000000000000e+00	2.3178377532784427e-08
1.7104226669544401e-03	0.0000000000000000e+00	1.9498731063214213e-08
1.7278759594743899e-03	0.0000000000000000e+00	1.5191325065130118e-08
1.7453292519943300e-03	0.0000000000000000e+00	1.0341952372363584e-08
1.7627825445142699e-03	0.0000000000000000e+00	5.0536872794289592e-09
1.7802358370342200e-03	0.0000000000000000e+00	5.5535127278015468e-10
1.7976891295541600e-03	0.0000000000000000e+00	6.3546471165796555e-09
1.8151424220740999e-03	0.0000000000000000e+00	1.2204352706462934e-08
1.8325957145940500e-03	0.0000000000000000e+00	1.7958693833682497e-08
1.8500490071139900e-03	0.0000000000000000e+00	2.3469574045643033e-08
1.8675022996339299e-03	0.0000000000000000e+00	2.8590315091733401e-08
1.8849555921538800e-03	0.0000000000000000e+00	3.3179432949704234e-08
1.9024088846738201e-03	0.0000000000000000e+00	3.7104352134294260e-08
1.9198621771937599e-03	0.0000000000000000e+00	4.0244974513096070e-08
1.9373154697137100e-03	0.0000000000000000e+00	4.2497017517933220e-08
1.9547687622336499e-03	0.0000000000000000e+00	4.3775046657868270e-08
1.9722220547535902e-03	0.0000000000000000e+00	4.4015133595278311e-08
1.9896753472735400e-03	0.0000000000000000e+00	4.3177078896647831e-08
2.0071286397934799e-03	0.0000000000000000e+00	4.1246140164837484e-08
2.0245819323134202e-03	0.0000000000000000e+00	3.8234227500137883e-08
2.0420352248333700e-03	0.0000000000000000e+00	3.4180513654882213e-08
2.0594885173533099e-03	0.0000000000000000e+00	2.9151412408550255e-08
2.0769418098732502e-03	0.0000000000000000e+00	2.3239929108199508e-08
2.0943951023932000e-03	0.0000000000000000e+00	1.6564339752400204e-08
2.1118483949131399e-03	0.0000000000000000e+00	9.2662033742517340e-09
2.1293016874330802e-03	0.0000000000000000e+00	1.5076490784225586e-09
2.1467549799530201e-03	0.0000000000000000e+00	6.5319129168932538e-09
2.1642082724729699e-03	0.0000000000000000e+00	1.4659721294400641e-08
2.1816615649929102e-03	0.0000000000000000e+00	2.2674157936627826e-08
2.1991148575128501e-03	0.0000000000000000e+00	3.0369683753927074e-08
2.2165681500327999e-03	0.0000000000000000e+00	3.7542136686162355e-08
2.2340214425527402e-03	0.0000000000000000e+00	4.3994246422398823e-08
2.2514747350726801e-03	0.0000000000000000e+00	4.9541207778034692e-08
2.2689280275926299e-03	0.0000000000000000e+00	5.4016145014095735e-08
2.2863813201125698e-03	0.0000000000000000e+00	5.7275280390516465e-08
2.3038346126325101e-03	0.0000000000000000e+00	5.9202622171517167e-08
2.3212879051524599e-03	0.0000000000000000e+00	5.9713993930293615e-08
2.3387411976723998e-03	0.0000000000000000e+00	5.8760241281965680e-08
2.3561944901923401e-03	0.0000000000000000e+00	5.6329480911157572e-08
2.3736477827122899e-03	0.0000000000000000e+00	5.2448298693800654e-08
2.3911010752322298e-03	0.0000000000000000e+00	4.7181817590745927e-08
2.4085543677521701e-03	0.0000000000000000e+00	4.0632629872911254e-08
2.4260076602721200e-03	0.0000000000000000e+00	3.2938610531798852e-08
2.4434609527920598e-03	0.0000000000000000e+00	2.4269762559954134e-08
2.4609142453120001e-03	0.0000000000000000e+00	1.4824074205525058e-08
2.4783675378319500e-03	0.0000000000000000e+00	4.8225129518260300e-09
2.4958208303518898e-03	0.0000000000000000e+00	5.4964372534558510e-09
2.5132741228718301e-03	0.0000000000000000e+00	1.5882750243884956e-08
2.5307274153917800e-03	0.0000000000000000e+00	2.6081146297433562e-08
2.5481807079117198e-03	0.0000000000000000e+00	3.5837415006584439e-08
2.5656340004316601e-03	0.0000000000000000e+00	4.4904683908763364e-08
2.5830872929516100e-03	0.0000000000000000e+00	5.3049466833916467e-08
2.6005405854715499e-03	0.0000000000000000e+00	6.0057354739516256e-08
2.6179938779914902e-03	0.0000000000000000e+00	6.5738249022228056e-08
2.6354471705114400e-03	0.0000000000000000e+00	6.9931046129571610e-08
2.6529004630313799e-03	0.0000000000000000e+00	7.2507698833443488e-08
2.6703537555513202e-03	0.0000000000000000e+00	7.3376602302840161e-08
2.6878070480712700e-03	0.0000000000000000e+00	7.2485243305657436e-08
2.7052603405912099e-03	0.0000000000000000e+00	6.9822078284989734e-08
2.7227136331111502e-03	0.0000000000000000e+00	6.5417636831903523e-08
2.7401669256311000e-03	0.0000000000000000e+00	5.9344728773876458e-08
2.7576202181510399e-03	0.0000000000000000e+00	5.1717809778923434e-08
2.7750735106709802e-03	0.0000000000000000e+00	4.2691412901960712e-08
2.7925268031909300e-03	0.0000000000000000e+00	3.2457677402242187e-08
2.8099800957108699e-03	0.0000000000000000e+00	2.1242889194769239e-08
2.8274333882308102e-03	0.0000000000000000e+00	9.3030601333794657e-09
2.8448866807507600e-03	0.0000000000000000e+00	3.0813712103897446e-09
2.8623399732706999e-03	0.0000000000000000e+00	1.5611758370057673e-08
2.8797932657906402e-03	0.0000000000000000e+00	2.7978253038322502e-08
2.8972465583105901e-03	0.0000000000000000e+00	3.9867452722931100e-08
2.9146998508305299e-03	0.0000000000000000e+00	5.0970541862507170e-08
2.9321531433504698e-03	0.0000000000000000e+00	6.0991694704991103e-08
2.9496064358704201e-03	0.0000000000000000e+00	6.9656483182079212e-08
2.9670597283903599e-03	0.0000000000000000e+00	7.6720011221633266e-08
2.9845130209102998e-03	0.0000000000000000e+00	8.1974474274780627e-08
3.0019663134302501e-03	0.0000000000000000e+00	8.5255840912370271e-08
3.0194196059501899e-03	0.0000000000000000e+00	8.6449379735100303e-08
3.0368728984701298e-03	0.0000000000000000e+00	8.5493791118344367e-08
3.0543261909900801e-03	0.0000000000000000e+00	8.2383751140497648e-08
3.0717794835100200e-03	0.0000000000000000e+00	7.7170764259368385e-08
3.0892327760299598e-03	0.0000000000000000e+00	6.9962281554056151e-08
3.1066860685499101e-03	0.0000000000000000e+00	6.0919030453229034e-08
3.1241393610698500e-03	0.0000000000000000e+00	5.0250836668710626e-08
3.1415926535897898e-03	0.0000000000000000e+00	3.8210932017446512e-08
3.1590459461097401e-03	0.0000000000000000e+00	2.5089206341780335e-08
3.1764992386296800e-03	0.0000000000000000e+00	1.1204343137547324e-08
3.1939525311496198e-03	0.0000000000000000e+00	3.1046297711639724e-09
3.2114058236695701e-03	0.0000000000000000e+00	1.7487021142079268e-08
3.2288591161895100e-03	0.0000000000000000e+00	3.1589385737355494e-08
3.2463124087094499e-03	0.0000000000000000e+00	4.5064246417389783e-08
3.2637657012294001e-03	0.0000000000000000e+00	5.7578400474889534e-08
3.2812189937493400e-03	0.0000000000000000e+00	6.8820711042529036e-08
3.2986722862692799e-03	0.0000000000000000e+00	7.8509202154806597e-08
3.3161255787892301e-03	0.0000000000000000e+00	8.6397374566516529e-08
3.3335788713091700e-03	0.0000000000000000e+00	9.2279666666021671e-08
3.3510321638291099e-03	0.0000000000000000e+00	9.5996025190532325e-08
3.3684854563490602e-03	0.0000000000000000e+00	9.7435569070666130e-08
3.3859387488690000e-03	0.0000000000000000e+00	9.6539292559244678e-08
3.4033920413889399e-03	0.0000000000000000e+00	9.3301829086439063e-08
3.4208453339088902e-03	0.0000000000000000e+00	8.7772267913742419e-08
3.4382986264288300e-03	0.0000000000000000e+00	8.0053954866343527e-08
3.4557519189487699e-03	0.0000000000000000e+00	7.0303195826608267e-08
3.4732052114687202e-03	0.0000000000000000e+00	5.8726987711319343e-08
3.4906585039886600e-03	0.0000000000000000e+00	4.5579552791878799e-08
3.5081117965085999e-03	0.0000000000000000e+00	3.1157761727745509e-08
3.5255650890285502e-03	0.0000000000000000e+00	1.5795292310582620e-08
3.5430183815484901e-03	0.0000000000000000e+00	1.4422205226184264e-10
3.5604716740684299e-03	0.0000000000000000e+00	1.6275262241160024e-08
3.5779249665883698e-03	0.0000000000000000e+00	3.2199484983431210e-08
3.5953782591083201e-03	0.0000000000000000e+00	4.7515587096892811e-08
3.6128315516282599e-03	0.0000000000000000e+00	6.1829812232360750e-08
3.6302848441482102e-03	0.0000000000000000e+00	7.4766760476994984e-08
3.6477381366681501e-03	0.0000000000000000e+00	8.5980149654771282e-08
3.6651914291880900e-03	0.0000000000000000e+00	9.5163160403634640e-08
3.6826447217080398e-03	0.0000000000000000e+00	1.0205794669335149e-07
3.7000980142279801e-03	0.0000000000000000e+00	1.0646390179274320e-07
3.7175513067479200e-03	0.0000000000000000e+00	1.0824430519370984e-07
3.7350045992678598e-03	0.0000000000000000e+00	1.0733107727701936e-07
3.7524578917878101e-03	0.0000000000000000e+00	1.0372733756617706e-07
3.7699111843077500e-03	0.0000000000000000e+00	9.7507763876278258e-08
3.7873644768276998e-03	0.0000000000000000e+00	8.8816586909658038e-08
3.8048177693476401e-03	0.0000000000000000e+00	7.7863488242443101e-08
3.8222710618675800e-03	0.0000000000000000e+00	6.4917420429407680e-08
3.8397243543875199e-03	0.0000000000000000e+00	5.0298828680024047e-08
3.8571776469074701e-03	0.0000000000000000e+00	3.4370492374125288e-08
3.8746309394274100e-03	0.0000000000000000e+00	1.7527320939386053e-08
3.8920842319473499e-03	0.0000000000000000e+00	1.8562687120363364e-10
3.9095375244672997e-03	0.0000000000000000e+00	1.7227856367413942e-08
3.9269908169872400e-03	0.0000000000000000e+00	3.4286690363945105e-08
3.9444441095071803e-03	0.0000000000000000e+00	5.0575142417100861e-08
3.9618974020271302e-03	0.0000000000000000e+00	6.5697918831724869e-08
3.9793506945470696e-03	0.0000000000000000e+00	7.9289010211947098e-08
3.9968039870670099e-03	0.0000000000000000e+00	9.1019606695883125e-08
4.0142572795869597e-03	0.0000000000000000e+00	1.0060493718231617e-07
4.0317105721069000e-03	0.0000000000000000e+00	1.0781008021622399e-07
4.0491638646268403e-03	0.0000000000000000e+00	1.1245466634506922e-07
4.0666171571467902e-03	0.0000000000000000e+00	1.1441651873031616e-07
4.0840704496667296e-03	0.0000000000000000e+00	1.1363424960169589e-07
4.1015237421866699e-03	0.0000000000000000e+00	1.1010878113870969e-07
4.1189770347066198e-03	0.0000000000000000e+00	1.0390382783118029e-07
4.1364303272265601e-03	0.0000000000000000e+00	9.5145321553456962e-08
4.1538836197465004e-03	0.0000000000000000e+00	8.4019716499690474e-08
4.1713369122664502e-03	0.0000000000000000e+00	7.0771119465561681e-08
4.1887902047863896e-03	0.0000000000000000e+00	5.5697167449110153e-08
4.2062434973063299e-03	0.0000000000000000e+00	3.9143682039593742e-08
4.2236967898262798e-03	0.0000000000000000e+00	2.1497908538126128e-08
4.2411500823462201e-03	0.0000000000000000e+00	3.1805812616171332e-09
4.2586033748661604e-03	0.0000000000000000e+00	1.5363383316737531e-08
4.2760566673861102e-03	0.0000000000000000e+00	3.3675348089863559e-08
4.2935099599060497e-03	0.0000000000000000e+00	5.1294340851343549e-08
4.3109632524259900e-03	0.0000000000000000e+00	6.7769184181530631e-08
4.3284165449459398e-03	0.0000000000000000e+00	8.2670960364013018e-08
4.3458698374658801e-03	0.0000000000000000e+00	9.5605385678483484e-08
4.3633231299858204e-03	0.0000000000000000e+00	1.0622465499867196e-07
4.3807764225057702e-03	0.0000000000000000e+00	1.1423825913216475e-07
4.3982297150257097e-03	0.0000000000000000e+00	1.1942229406524933e-07
4.4156830075456500e-03	0.0000000000000000e+00	1.2162680104573549e-07
4.4331363000655998e-03	0.0000000000000000e+00	1.2078075722758605e-07
4.4505895925855401e-03	0.0000000000000000e+00	1.1689462346830268e-07
4.4680428851054804e-03	0.0000000000000000e+00	1.1006016708516751e-07
4.4854961776254303e-03	0.0000000000000000e+00	1.0044757381895848e-07
4.5029494701453697e-03	0.0000000000000000e+00	8.8300260337184500e-08
4.5204027626653100e-03	0.0000000000000000e+00	7.3927317869975823e-08
4.5378560551852598e-03	0.0000000000000000e+00	5.7694029025653809e-08
4.5553093477052001e-03	0.0000000000000000e+00	4.0011080855093312e-08
4.5727626402251396e-03	0.0000000000000000e+00	2.1322876307226141e-08
4.5902159327450903e-03	0.0000000000000000e+00	2.0952168124095848e-09
4.6076692252650297e-03	0.0000000000000000e+00	1.7197041911387316e-08
4.6251225177849700e-03	0.0000000000000000e+00	3.6081912774186410e-08
4.6425758103049199e-03	0.0000000000000000e+00	5.4101682577421515e-08
4.6600291028248602e-03	0.0000000000000000e+00	7.0823420165414589e-08
4.6774823953447996e-03	0.0000000000000000e+00	8.5848394659524511e-08
4.6949356878647503e-03	0.0000000000000000e+00	9.8820366098228067e-08
4.7123889803846897e-03	0.0000000000000000e+00	1.0943266466473798e-07
4.7298422729046300e-03	0.0000000000000000e+00	1.1743406335772693e-07
4.7472955654245799e-03	0.0000000000000000e+00	1.2263345452927607e-07
4.7647488579445202e-03	0.0000000000000000e+00	1.2490338645260662e-07
4.7822021504644596e-03	0.0000000000000000e+00	1.2418247962048222e-07
4.7996554429844103e-03	0.0000000000000000e+00	1.2047673272238933e-07
4.8171087355043498e-03	0.0000000000000000e+00	1.1385980595990482e-07
4.8345620280242901e-03	0.0000000000000000e+00	1.0447216775990625e-07
4.8520153205442399e-03	0.0000000000000000e+00	9.2519024559610042e-08
4.8694686130641802e-03	0.0000000000000000e+00	7.8267153300401420e-08
4.8869219055841196e-03	0.0000000000000000e+00	6.2040442533409212e-08
4.9043751981040704e-03	0.0000000000000000e+00	4.4213962957906988e-08
4.9218284906240098e-03	0.0000000000000000e+00	2.5206773277445740e-08
4.9392817831439501e-03	0.0000000000000000e+00	5.4733281474481180e-09
4.9567350756638999e-03	0.0000000000000000e+00	1.4506589536082603e-08
4.9741883681838402e-03	0.0000000000000000e+00	3.4239109311165089e-08
4.9916416607037797e-03	0.0000000000000000e+00	5.3228566910808010e-08
5.0090949532237304e-03	0.0000000000000000e+00	7.0990574154449410e-08
5.0265482457436698e-03	0.0000000000000000e+00	8.7065434582592813e-08
5.0440015382636101e-03	0.0000000000000000e+00	1.0103143560214743e-07
5.0614548307835600e-03	0.0000000000000000e+00	1.1251758111893223e-07
5.0789081233035003e-03	0.0000000000000000e+00	1.2121513428260645e-07
5.0963614158234397e-03	0.0000000000000000e+00	1.2688744638231848e-07
5.1138147083433904e-03	0.0000000000000000e+00	1.2937771095712925e-07
5.1312680008633298e-03	0.0000000000000000e+00	1.2861399666443327e-07
5.1487212933832701e-03	0.0000000000000000e+00	1.2461174279254170e-07
5.1661745859032200e-03	0.0000000000000000e+00	1.1747320092578702e-07
5.1836278784231603e-03	0.0000000000000000e+00	1.0738398443652303e-07
5.2010811709430997e-03	0.0000000000000000e+00	9.4607175210803837e-08
5.2185344634630504e-03	0.0000000000000000e+00	7.9474877114149620e-08
5.2359877559829899e-03	0.0000000000000000e+00	6.2377803356629330e-08
5.2534410485029302e-03	0.0000000000000000e+00	4.3753611109832090e-08
5.2708943410228696e-03	0.0000000000000000e+00	2.4074214163326762e-08
5.2883476335428203e-03	0.0000000000000000e+00	3.8326802590419809e-09
5.3058009260627597e-03	0.0000000000000000e+00	1.6469896644339480e-08
5.3232542185827000e-03	0.0000000000000000e+00	3.6336986096793094e-08
5.3407075111026499e-03	0.0000000000000000e+00	5.5288485132625637e-08
5.3581608036225902e-03	0.0000000000000000e+00	7.2871618629868029e-08
5.3756140961425296e-03	0.0000000000000000e+00	8.8670630655482450e-08
5.3930673886624803e-03	0.0000000000000000e+00	1.0231522756540649e-07
5.4105206811824198e-03	0.0000000000000000e+00	1.1348772421983533e-07
5.4279739737023601e-03	0.0000000000000000e+00	1.2192890507494270e-07
5.4454272662223099e-03	0.0000000000000000e+00	1.2744264526636417e-07
5.4628805587422502e-03	0.0000000000000000e+00	1.2989933647373064e-07
5.4803338512621896e-03	0.0000000000000000e+00	1.2923818374613405e-07
5.4977871437821403e-03	0.0000000000000000e+00	1.2546839394012347e-07
5.5152404363020798e-03	0.0000000000000000e+00	1.1866925035946243e-07
5.5326937288220201e-03	0.0000000000000000e+00	1.0898909211561996e-07
5.5501470213419699e-03	0.0000000000000000e+00	9.6643112228024403e-08
5.5676003138619102e-03	0.0000000000000000e+00	8.1910013201992600e-08
5.5850536063818497e-03	0.0000000000000000e+00	6.5127248117124511e-08
5.6025068989018004e-03	0.0000000000000000e+00	4.6684967926649925e-08
5.6199601914217398e-03	0.0000000000000000e+00	2.7018438913971511e-08
5.6374134839416801e-03	0.0000000000000000e+00	6.5991559503596095e-09
5.6548667764616299e-03	0.0000000000000000e+00	1.4075569245914203e-08
5.6723200689815702e-03	0.0000000000000000e+00	3.4494284557021005e-08
5.6897733615015097e-03	0.0000000000000000e+00	5.4144120535132543e-08
5.7072266540214604e-03	0.0000000000000000e+00	7.2524334877867609e-08
5.7246799465413998e-03	0.0000000000000000e+00	8.9160212338250763e-08
5.7421332390613401e-03	0.0000000000000000e+00	1.0361680610884493e-07
5.7595865315812900e-03	0.0000000000000000e+00	1.1551206863969637e-07
5.7770398241012303e-03	0.0000000000000000e+00	1.2452871934876997e-07
5.7944931166211697e-03	0.0000000000000000e+00	1.3042437167489473e-07
5.8119464091411204e-03	0.0000000000000000e+00	1.3303937457720905e-07
5.8293997016610598e-03	0.0000000000000000e+00	1.3230191992654760e-07
5.8468529941810002e-03	0.0000000000000000e+00	1.2823041908768762e-07
5.8643062867009500e-03	0.0000000000000000e+00	1.2093274065376856e-07
5.8817595792208903e-03	0.0000000000000000e+00	1.1060246855431732e-07
5.8992128717408297e-03	0.0000000000000000e+00	9.7512620124484997e-08
5.9166661642607796e-03	0.0000000000000000e+00	8.2006716617436650e-08
5.9341194567807199e-03	0.0000000000000000e+00	6.4487979592728766e-08
5.9515727493006602e-03	0.0000000000000000e+00	4.5407149801482919e-08
5.9690260418206100e-03	0.0000000000000000e+00	2.5249369636345392e-08
5.9864793343405503e-03	0.0000000000000000e+00	4.5206542682276802e-09
6.0039326268604898e-03	0.0000000000000000e+00	1.6265520054396060e-08
6.0213859193804396e-03	0.0000000000000000e+00	3.6601183314232653e-08
6.0388392119003799e-03	0.0000000000000000e+00	5.5995910917608326e-08
6.0562925044203202e-03	0.0000000000000000e+00	7.3987879121663814e-08
6.0737457969402700e-03	0.0000000000000000e+00	9.0153690158041037e-08
6.0911990894602103e-03	0.0000000000000000e+00	1.0411683782862901e-07
6.1086523819801498e-03	0.0000000000000000e+00	1.1555487185339214e-07
6.1261056745000996e-03	0.0000000000000000e+00	1.2420523978590222e-07
6.1435589670200399e-03	0.0000000000000000e+00	1.2986984484863352e-07
6.1610122595399802e-03	0.0000000000000000e+00	1.3241843155863034e-07
6.1784655520599301e-03	0.0000000000000000e+00	1.3179077627910726e-07
6.1959188445798704e-03	0.0000000000000000e+00	1.2799781230570900e-07
6.2133721370998098e-03	0.0000000000000000e+00	1.2112161977917477e-07
6.2308254296197596e-03	0.0000000000000000e+00	1.1131431177925764e-07
6.2482787221396999e-03	0.0000000000000000e+00	9.8795777516456361e-08
6.2657320146596402e-03	0.0000000000000000e+00	8.3850164012609157e-08
6.2831853071795901e-03	0.0000000000000000e+00	6.6821120316583962e-08
6.3006385996995304e-03	0.0000000000000000e+00	4.8105559593186446e-08
6.3180918922194698e-03	0.0000000000000000e+00	2.8145982750332205e-08
6.3355451847394197e-03	0.0000000000000000e+00	7.4214157010116610e-09
6.3529984772593600e-03	0.0000000000000000e+00	1.3563130426149948e-08
6.3704517697793003e-03	0.0000000000000000e+00	3.4288534461242422e-08
6.3879050622992501e-03	0.0000000000000000e+00	5.4234477158900698e-08
6.4053583548191904e-03	0.0000000000000000e+00	7.2893171818730692e-08
6.4228116473391298e-03	0.0000000000000000e+00	8.9783466212380303e-08
6.4402649398590797e-03	0.0000000000000000e+00	1.0446480167957636e-07
6.4577182323790200e-03	0.0000000000000000e+00	1.1655047693673225e-07
6.4751715248989603e-03	0.0000000000000000e+00	1.2571964608761013e-07
6.4926248174188997e-03	0.0000000000000000e+00	1.3172760003128188e-07
6.5100781099388504e-03	0.0000000000000000e+00	1.3441357228246731e-07
6.5275314024587899e-03	0.0000000000000000e+00	1.3370591163380007e-07
6.5449846949787302e-03	0.0000000000000000e+00	1.2962438071063134e-07
6.5624379874986800e-03	0.0000000000000000e+00	1.2227929691451939e-07
6.5798912800186203e-03	0.0000000000000000e+00	1.1186765569214093e-07
6.5973445725385597e-03	0.0000000000000000e+00	9.8666675182519432e-08
6.6147978650585096e-03	0.0000000000000000e+00	8.3024672056004566e-08
6.6322511575784499e-03	0.0000000000000000e+00	6.5350067580773717e-08
6.6497044500983902e-03	0.0000000000000000e+00	4.6099005686049213e-08
6.6671577426183400e-03	0.0000000000000000e+00	2.5762051117644739e-08
6.6846110351382803e-03	0.0000000000000000e+00	4.8504938607214583e-09
6.7020643276582198e-03	0.0000000000000000e+00	1.6117203256418452e-08
6.7195176201781696e-03	0.0000000000000000e+00	3.6628484481286858e-08
6.7369709126981099e-03	0.0000000000000000e+00	5.6188828049030620e-08
6.7544242052180502e-03	0.0000000000000000e+00	7.4332860928141067e-08
6.7718774977380001e-03	0.0000000000000000e+00	9.0634217536172235e-08
6.7893307902579404e-03	0.0000000000000000e+00	1.0471402029715235e-07
6.8067840827778798e-03	0.0000000000000000e+00	1.1624803891260836e-07
6.8242373752978296e-03	0.0000000000000000e+00	1.2497251866183016e-07
6.8416906678177699e-03	0.0000000000000000e+00	1.3068871012186368e-07
6.8591439603377102e-03	0.0000000000000000e+00	1.3326622366351229e-07
6.8765972528576601e-03	0.0000000000000000e+00	1.3264518661113556e-07
6.8940505453776004e-03	0.0000000000000000e+00	1.2883732750994679e-07
6.9115038378975398e-03	0.0000000000000000e+00	1.2192593452396516e-07
6.9289571304174897e-03	0.0000000000000000e+00	1.1206469730132890e-07
6.9464104229374300e-03	0.0000000000000000e+00	9.9475417446063365e-08
6.9638637154573703e-03	0.0000000000000000e+00	8.4444448739468944e-08
6.9813170079773201e-03	0.0000000000000000e+00	6.7317899312538215e-08
6.9987703004972604e-03	0.0000000000000000e+00	4.8495345056687673e-08
7.0162235930171998e-03	0.0000000000000000e+00	2.8422104696594120e-08
7.0336768855371497e-03	0.0000000000000000e+00	7.5801213688209436e-09
7.0511301780570900e-03	0.0000000000000000e+00	1.3522643046248882e-08
7.0685834705770303e-03	0.0000000000000000e+00	3.4364151487921598e-08
7.0860367630969801e-03	0.0000000000000000e+00	5.4421272197943065e-08
7.1034900556169204e-03	0.0000000000000000e+00	7.3183589704967807e-08
7.1209433481368599e-03	0.0000000000000000e+00	9.0167578250166438e-08
7.1383966406568097e-03	0.0000000000000000e+00	1.0493062789362301e-07
7.1558499331767500e-03	0.0000000000000000e+00	1.1708436224313819e-07
7.1733032256966903e-03	0.0000000000000000e+00	1.2630670080423419e-07
7.1907565182166401e-03	0.0000000000000000e+00	1.3235213110725882e-07
7.2082098107365796e-03	0.0000000000000000e+00	1.3505961260691882e-07
7.2256631032565199e-03	0.0000000000000000e+00	1.3435766740985362e-07
7.2431163957764697e-03	0.0000000000000000e+00	1.3026664159201913e-07
7.2605696882964100e-03	0.0000000000000000e+00	1.2289787709466773e-07
7.2780229808163503e-03	0.0000000000000000e+00	1.1244974962469180e-07
7.2954762733363002e-03	0.0000000000000000e+00	9.9201043677575020e-08
7.3129295658562396e-03	0.0000000000000000e+00	8.3501938794633969e-08
7.3303828583761799e-03	0.0000000000000000e+00	6.5762861452754493e-08
7.3478361508961297e-03	0.0000000000000000e+00	4.6441974153548543e-08
7.3652894434160700e-03	0.0000000000000000e+00	2.6031849624951985e-08
7.3827427359360103e-03	0.0000000000000000e+00	5.0457517948095554e-09
7.4001960284559602e-03	0.0000000000000000e+00	1.5996041484357867e-08
7.4176493209758996e-03	0.0000000000000000e+00	3.6579296467524985e-08
7.4351026134958399e-03	0.0000000000000000e+00	5.6208002046240803e-08
7.4525559060157898e-03	0.0000000000000000e+00	7.4415519661262262e-08
7.4700091985357301e-03	0.0000000000000000e+00	9.0774423605487224e-08
7.4874624910556704e-03	0.0000000000000000e+00	1.0490500411026038e-07
7.5049157835756202e-03	0.0000000000000000e+00	1.1648241674376886e-07
7.5223690760955596e-03	0.0000000000000000e+00	1.2524248935688161e-07
7.5398223686154999e-03	0.0000000000000000e+00	1.3098627252978805e-07
7.5572756611354498e-03	0.0000000000000000e+00	1.3358333516686473e-07
7.5747289536553901e-03	0.0000000000000000e+00	1.3297395159440822e-07
7.5921822461753304e-03	0.0000000000000000e+00	1.2917013726910740e-07
7.6096355386952802e-03	0.0000000000000000e+00	1.2225560698003891e-07
7.6270888312152197e-03	0.0000000000000000e+00	1.1238461313697620e-07
7.6445421237351600e-03	0.0000000000000000e+00	9.9779604845514644e-08
7.6619954162551098e-03	0.0000000000000000e+00	8.4727706755313396e-08
7.6794487087750501e-03	0.0000000000000000e+00	6.7575835639944939e-08
7.6969020012949904e-03	0.0000000000000000e+00	4.8724464226923378e-08
7.7143552938149403e-03	0.0000000000000000e+00	2.8619836717755802e-08
7.7318085863348797e-03	0.0000000000000000e+00	7.7448656375231139e-09
7.7492618788548200e-03	0.0000000000000000e+00	1.3391534526180833e-08
7.7667151713747698e-03	0.0000000000000000e+00	3.4266378754422221e-08
7.7841684638947101e-03	0.0000000000000000e+00	5.4355632164855325e-08
7.8016217564146496e-03	0.0000000000000000e+00	7.3148049190119410e-08
7.8190750489345994e-03	0.0000000000000000e+00	9.0159367827032052e-08
7.8365283414545406e-03	0.0000000000000000e+00	1.0494633049600531e-07
7.8539816339744800e-03	0.0000000000000000e+00	1.1712005634832792e-07
7.8714349264944194e-03	0.0000000000000000e+00	1.2635809830727519e-07
7.8888882190143693e-03	0.0000000000000000e+00	1.3241472944818055e-07
7.9063415115343105e-03	0.0000000000000000e+00	1.3512882142970577e-07
7.9237948040542603e-03	0.0000000000000000e+00	1.3442895688353789e-07
7.9412480965741997e-03	0.0000000000000000e+00	1.3033571470760709e-07
7.9587013890941392e-03	0.0000000000000000e+00	1.2296076469733671e-07
7.9761546816140907e-03	0.0000000000000000e+00	1.1250288855516707e-07
7.9936079741340302e-03	0.0000000000000000e+00	9.9241451189471480e-08
8.0110612666539696e-03	0.0000000000000000e+00	8.3527201630726162e-08
8.0285145591739195e-03	0.0000000000000000e+00	6.5771131614478211e-08
8.0459678516938606e-03	0.0000000000000000e+00	4.6432039313675740e-08
8.0634211442138001e-03	0.0000000000000000e+00	2.6003119122543042e-08
8.0808744367337395e-03	0.0000000000000000e+00	4.9982066427485146e-09
8.0983277292536893e-03	0.0000000000000000e+00	1.6061895461151939e-08
8.1157810217736305e-03	0.0000000000000000e+00	3.6662461342204797e-08
8.1332343142935803e-03	0.0000000000000000e+00	5.6307059943800616e-08
8.1506876068135198e-03	0.0000000000000000e+00	7.4528696158166251e-08
8.1681408993334592e-03	0.0000000000000000e+00	9.0899666681183585e-08
8.1855941918534108e-03	0.0000000000000000e+00	1.0504003740665048e-07
8.2030474843733502e-03	0.0000000000000000e+00	1.1662481977887835e-07
8.2205007768932897e-03	0.0000000000000000e+00	1.2538975168151369e-07
8.2379540694132308e-03	0.0000000000000000e+00	1.3113585634793652e-07
8.2554073619331807e-03	0.0000000000000000e+00	1.3373272559599706e-07
8.2728606544531201e-03	0.0000000000000000e+00	1.3312071171415455e-07
8.2903139469730595e-03	0.0000000000000000e+00	1.2931192778941728e-07
8.3077672394930094e-03	0.0000000000000000e+00	1.2239026767612313e-07
8.3252205320129506e-03	0.0000000000000000e+00	1.1251016460840620e-07
8.3426738245328900e-03	0.0000000000000000e+00	9.9894310175514114e-08
8.3601271170528398e-03	0.0000000000000000e+00	8.4830071925684978e-08
8.3775804095727793e-03	0.0000000000000000e+00	6.7664638965587121e-08
8.3950337020927204e-03	0.0000000000000000e+00	4.8798766712643796e-08
8.4124869946126703e-03	0.0000000000000000e+00	2.8678989025989672e-08
8.4299402871326097e-03	0.0000000000000000e+00	7.7885237666657544e-09
8.4473935796525491e-03	0.0000000000000000e+00	1.3363413317648262e-08
8.4648468721725007e-03	0.0000000000000000e+00	3.4253542811808304e-08
8.4823001646924402e-03	0.0000000000000000e+00	5.4357547278274160e-08
8.4997534572123796e-03	0.0000000000000000e+00	7.3163917143129797e-08
8.5172067497323294e-03	0.0000000000000000e+00	9.0188159297023466e-08
8.5346600422522706e-03	0.0000000000000000e+00	1.0498681304933731e-07
8.5521133347722100e-03	0.0000000000000000e+00	1.1717083316400155e-07
8.5695666272921599e-03	0.0000000000000000e+00	1.2641766570883718e-07
8.5870199198120993e-03	0.0000000000000000e+00	1.3248148416544011e-07
8.6044732123320405e-03	0.0000000000000000e+00	1.3520115604355311e-07
8.6219265048519903e-03	0.0000000000000000e+00	1.3450526156115813e-07
8.6393797973719298e-03	0.0000000000000000e+00	1.3041443738549170e-07
8.6568330898918692e-03	0.0000000000000000e+00	1.2304044164735592e-07
8.6742863824118208e-03	0.0000000000000000e+00	1.1258217738587224e-07
8.6917396749317602e-03	0.0000000000000000e+00	9.9319140957108713e-08
8.7091929674516996e-03	0.0000000000000000e+00	8.3602254777759474e-08
8.7266462599716495e-03	0.0000000000000000e+00	6.5842685169765743e-08
8.7440995524915906e-03	0.0000000000000000e+00	4.6499404609978344e-08
8.7615528450115301e-03	0.0000000000000000e+00	2.6065784540220700e-08
8.7790061375314799e-03	0.0000000000000000e+00	5.0558254291224714e-09
8.7964594300514194e-03	0.0000000000000000e+00	1.6009485938329474e-08
8.8139127225713605e-03	0.0000000000000000e+00	3.6615292804291441e-08
8.8313660150913104e-03	0.0000000000000000e+00	5.6265045682096931e-08
8.8488193076112498e-03	0.0000000000000000e+00	7.4491635456154482e-08
8.8662726001311892e-03	0.0000000000000000e+00	9.0867265514866010e-08
8.8837258926511408e-03	0.0000000000000000e+00	1.0501193504120015e-07
8.9011791851710802e-03	0.0000000000000000e+00	1.1660059909622551e-07
8.9186324776910197e-03	0.0000000000000000e+00	1.2536896413004684e-07
8.9360857702109695e-03	0.0000000000000000e+00	1.3111802890430515e-07
8.9535390627309107e-03	0.0000000000000000e+00	1.3371739145365663e-07
8.9709923552508501e-03	0.0000000000000000e+00	1.3310739906673592e-07
8.9884456477708000e-03	0.0000000000000000e+00	1.2930021944414578e-07
9.0058989402907394e-03	0.0000000000000000e+00	1.2237975044555236e-07
9.0233522328106806e-03	0.0000000000000000e+00	1.1250048182305485e-07
9.0408055253306304e-03	0.0000000000000000e+00	9.9885134881029627e-08
9.0582588178505698e-03	0.0000000000000000e+00	8.4821135151164599e-08
9.0757121103705093e-03	0.0000000000000000e+00	6.7655741070256798e-08
9.0931654028904609e-03	0.0000000000000000e+00	4.8789767715792925e-08
9.1106186954104003e-03	0.0000000000000000e+00	2.8669824159986790e-08
9.1280719879303397e-03	0.0000000000000000e+00	7.7791937469038773e-09
9.1455252804502896e-03	0.0000000000000000e+00	1.3372842594123421e-08
9.1629785729702307e-03	0.0000000000000000e+00	3.4262943003772445e-08
9.1804318654901702e-03	0.0000000000000000e+00	5.4366735461040025e-08
9.1978851580101200e-03	0.0000000000000000e+00	7.3172663804665244e-08
9.2153384505300594e-03	0.0000000000000000e+00	9.0196192501753682e-08
9.2327917430500006e-03	0.0000000000000000e+00	1.0499383103073207e-07
9.2502450355699505e-03	0.0000000000000000e+00	1.1717651564253289e-07
9.2676983280898899e-03	0.0000000000000000e+00	1.2642167442707552e-07
9.2851516206098293e-03	0.0000000000000000e+00	1.3248349855412309e-07
9.3026049131297792e-03	0.0000000000000000e+00	1.3520084885658208e-07
9.3200582056497203e-03	0.0000000000000000e+00	1.3450234045474378e-07
9.3375114981696598e-03	0.0000000000000000e+00	1.3040863877977075e-07
9.3549647906896096e-03	0.0000000000000000e+00	1.2303154326552968e-07
9.3724180832095508e-03	0.0000000000000000e+00	1.1257000432391177e-07
9.3898713757294902e-03	0.0000000000000000e+00	9.9303584256790241e-08
9.4073246682494296e-03	0.0000000000000000e+00	8.3583245368873985e-08
9.4247779607693795e-03	0.0000000000000000e+00	6.5820210604117143e-08
9.4422312532893207e-03	0.0000000000000000e+00	4.6473508440203378e-08
9.4596845458092705e-03	0.0000000000000000e+00	2.6036559895028797e-08
9.4771378383292099e-03	0.0000000000000000e+00	5.0234055322255736e-09
9.4945911308491494e-03	0.0000000000000000e+00	1.6044924383812914e-08
9.5120444233690905e-03	0.0000000000000000e+00	3.6653539723529747e-08
9.5294977158890404e-03	0.0000000000000000e+00	5.6305860440234651e-08
9.5469510084089798e-03	0.0000000000000000e+00	7.4534753066472660e-08
9.5644043009289192e-03	0.0000000000000000e+00	9.0912405372668504e-08
9.5818575934488708e-03	0.0000000000000000e+00	1.0505880439621164e-07
9.5993108859688103e-03	0.0000000000000000e+00	1.1664889581475579e-07
9.6167641784887497e-03	0.0000000000000000e+00	1.2541838788755034e-07
9.6342174710086995e-03	0.0000000000000000e+00	1.3116827417045735e-07
9.6516707635286407e-03	0.0000000000000000e+00	1.3376816288391765e-07
9.6691240560485905e-03	0.0000000000000000e+00	1.3315840832148432e-07
9.6865773485685300e-03	0.0000000000000000e+00	1.2935118677585904e-07
9.7040306410884694e-03	0.0000000000000000e+00	1.2243041101204330e-07
9.7214839336084106e-03	0.0000000000000000e+00	1.1255058070871360e-07
9.7389372261283604e-03	0.0000000000000000e+00	9.9934437629976490e-08
9.7563905186482999e-03	0.0000000000000000e+00	8.4869418394927892e-08
9.7738438111682393e-03	0.0000000000000000e+00	6.7702794847386982e-08
9.7912971036881909e-03	0.0000000000000000e+00	4.8835409668994538e-08
9.8087503962081303e-03	0.0000000000000000e+00	2.8713898421134249e-08
9.8262036887280697e-03	0.0000000000000000e+00	7.8215475423116534e-09
9.8436569812480196e-03	0.0000000000000000e+00	1.3332334042852373e-08
9.8611102737679607e-03	0.0000000000000000e+00	3.4224391178813411e-08
9.8785635662879106e-03	0.0000000000000000e+00	5.4330238891504983e-08
9.8960168588078500e-03	0.0000000000000000e+00	7.3138300137821372e-08
9.9134701513277895e-03	0.0000000000000000e+00	9.0164011422813012e-08
9.9309234438477306e-03	0.0000000000000000e+00	1.0496387834351791e-07
9.9483767363676805e-03	0.0000000000000000e+00	1.1714881838459527e-07
9.9658300288876199e-03	0.0000000000000000e+00	1.2639623641085468e-07
9.9832833214075593e-03	0.0000000000000000e+00	1.3246031171013096e-07
1.0000736613927501e-02	0.0000000000000000e+00	1.3517990168956850e-07
1.0018189906447501e-02	0.0000000000000000e+00	1.3448363137004049e-07
1.0035643198967400e-02	0.0000000000000000e+00	1.3039213721880747e-07
1.0053096491487300e-02	0.0000000000000000e+00	1.2301721929571553e-07
1.0070549784007300e-02	0.0000000000000000e+00	1.1255785204921472e-07
1.0088003076527199e-02	0.0000000000000000e+00	9.9293532193876404e-08
1.0105456369047200e-02	0.0000000000000000e+00	8.3575224786273842e-08
1.0122909661567101e-02	0.0000000000000000e+00	6.5814191810122415e-08
1.0140362954087099e-02	0.0000000000000000e+00	4.6469445298843723e-08
1.0157816246607001e-02	0.0000000000000000e+00	2.6034390840106619e-08
1.0175269539126900e-02	0.0000000000000000e+00	5.0230878516394856e-09
1.0192722831646900e-02	0.0000000000000000e+00	1.6043448877579064e-08
1.0210176124166800e-02	0.0000000000000000e+00	3.6650323801080041e-08
1.0227629416686800e-02	0.0000000000000000e+00	5.6300948652573921e-08
1.0245082709206699e-02	0.0000000000000000e+00	7.4528198855327829e-08
1.0262536001726700e-02	0.0000000000000000e+00	9.0904256330012963e-08
1.0279989294246601e-02	0.0000000000000000e+00	1.0504911255818636e-07
1.0297442586766500e-02	0.0000000000000000e+00	1.1663771397763418e-07
1.0314895879286501e-02	0.0000000000000000e+00	1.2540576504868338e-07
1.0332349171806400e-02	0.0000000000000000e+00	1.3115427231135898e-07
1.0349802464326400e-02	0.0000000000000000e+00	1.3375283345761780e-07
1.0367255756846300e-02	0.0000000000000000e+00	1.3314181747163812e-07
1.0384709049366300e-02	0.0000000000000000e+00	1.2933339378422639e-07
1.0402162341886199e-02	0.0000000000000000e+00	1.2241148438543263e-07
1.0419615634406101e-02	0.0000000000000000e+00	1.1253059413604958e-07
1.0437068926926101e-02	0.0000000000000000e+00	9.9913464876570910e-08
1.0454522219446000e-02	0.0000000000000000e+00	8.4847547669195221e-08
1.0471975511966001e-02	0.0000000000000000e+00	6.7680112145995516e-08
1.0489428804485900e-02	0.0000000000000000e+00	4.8812005356327801e-08
1.0506882097005900e-02	0.0000000000000000e+00	2.8689859392069521e-08
1.0524335389525800e-02	0.0000000000000000e+00	7.7969796465253232e-09
1.0541788682045699e-02	0.0000000000000000e+00	1.3357327895568412e-08
1.0559241974565699e-02	0.0000000000000000e+00	3.4249698314893070e-08
1.0576695267085601e-02	0.0000000000000000e+00	5.4355737018057590e-08
1.0594148559605601e-02	0.0000000000000000e+00	7.3163866065617521e-08
1.0611601852125500e-02	0.0000000000000000e+00	9.0189530309972903e-08
1.0629055144645501e-02	0.0000000000000000e+00	1.0498922192865857e-07
1.0646508437165400e-02	0.0000000000000000e+00	1.1717386185957524e-07
1.0663961729685400e-02	0.0000000000000000e+00	1.2642086582102814e-07
1.0681415022205300e-02	0.0000000000000000e+00	1.3248441640572477e-07
1.0698868314725199e-02	0.0000000000000000e+00	1.3520336786486133e-07
1.0716321607245199e-02	0.0000000000000000e+00	1.3450633220914327e-07
1.0733774899765101e-02	0.0000000000000000e+00	1.3041397420565592e-07
1.0751228192285101e-02	0.0000000000000000e+00	1.2303809573483512e-07
1.0768681484805000e-02	0.0000000000000000e+00	1.1257765104294872e-07
1.0786134777325001e-02	0.0000000000000000e+00	9.9312207958162789e-08
1.0803588069844900e-02	0.0000000000000000e+00	8.3592737225771284e-08
1.0821041362364800e-02	0.0000000000000000e+00	6.5830469348280210e-08
1.0838494654884800e-02	0.0000000000000000e+00	4.6484442059066569e-08
1.0855947947404699e-02	0.0000000000000000e+00	2.6048085606842448e-08
1.0873401239924699e-02	0.0000000000000000e+00	5.0354501091812859e-09
1.0890854532444601e-02	0.0000000000000000e+00	1.6032425776149552e-08
1.0908307824964599e-02	0.0000000000000000e+00	3.6640643345154854e-08
1.0925761117484500e-02	0.0000000000000000e+00	5.6292615306912005e-08
1.0943214410004400e-02	0.0000000000000000e+00	7.4521201398280845e-08
1.0960667702524400e-02	0.0000000000000000e+00	9.0898583891161559e-08
1.0978120995044300e-02	0.0000000000000000e+00	1.0504474474955337e-07
1.0995574287564300e-02	0.0000000000000000e+00	1.1663462684823055e-07
1.1013027580084199e-02	0.0000000000000000e+00	1.2540393406042371e-07
1.1030480872604199e-02	0.0000000000000000e+00	1.3115366071702752e-07
1.1047934165124101e-02	0.0000000000000000e+00	1.3375341215183688e-07
1.1065387457644000e-02	0.0000000000000000e+00	1.3314354350112727e-07
1.1082840750164000e-02	0.0000000000000000e+00	1.2933623190040746e-07
1.1100294042683900e-02	0.0000000000000000e+00	1.2241538984533180e-07
1.1117747335203900e-02	0.0000000000000000e+00	1.1253552031591055e-07
1.1135200627723800e-02	0.0000000000000000e+00	9.9919365586776499e-08
1.1152653920243800e-02	0.0000000000000000e+00	8.4854365965621134e-08
1.1170107212763699e-02	0.0000000000000000e+00	6.7687794997619084e-08
1.1187560505283699e-02	0.0000000000000000e+00	4.8820498636256305e-08
1.1205013797803601e-02	0.0000000000000000e+00	2.8699116386252114e-08
1.1222467090323500e-02	0.0000000000000000e+00	7.8069365338415798e-09
1.1239920382843500e-02	0.0000000000000000e+00	1.3346729697701823e-08
1.1257373675363400e-02	0.0000000000000000e+00	3.4238524203777506e-08
1.1274826967883400e-02	0.0000000000000000e+00	5.4344062466973089e-08
1.1292280260403300e-02	0.0000000000000000e+00	7.3151762254520406e-08
1.1309733552923300e-02	0.0000000000000000e+00	9.0177063403020729e-08
1.1327186845443199e-02	0.0000000000000000e+00	1.0497646520242342e-07
1.1344640137963101e-02	0.0000000000000000e+00	1.1716089248483184e-07
1.1362093430483101e-02	0.0000000000000000e+00	1.2640776961575302e-07
1.1379546723003000e-02	0.0000000000000000e+00	1.3247130086420450e-07
1.1397000015523000e-02	0.0000000000000000e+00	1.3519029008258500e-07
1.1414453308042900e-02	0.0000000000000000e+00	1.3449337194992027e-07
1.1431906600562900e-02	0.0000000000000000e+00	1.3040121988582359e-07
1.1449359893082800e-02	0.0000000000000000e+00	1.2302560061851874e-07
1.1466813185602699e-02	0.0000000000000000e+00	1.1256549823907122e-07
1.1484266478122699e-02	0.0000000000000000e+00	9.9300484307764026e-08
1.1501719770642601e-02	0.0000000000000000e+00	8.3581525806057025e-08
1.1519173063162601e-02	0.0000000000000000e+00	6.5819852884699532e-08
1.1536626355682500e-02	0.0000000000000000e+00	4.6474482761038640e-08
1.1554079648202500e-02	0.0000000000000000e+00	2.6038842342158451e-08
1.1571532940722400e-02	0.0000000000000000e+00	5.0269915656733015e-09
1.1588986233242300e-02	0.0000000000000000e+00	1.6040055817972588e-08
1.1606439525762300e-02	0.0000000000000000e+00	3.6647404279767578e-08
1.1623892818282199e-02	0.0000000000000000e+00	5.6298469249220862e-08
1.1641346110802199e-02	0.0000000000000000e+00	7.4526124836873834e-08
1.1658799403322101e-02	0.0000000000000000e+00	9.0902549294360131e-08
1.1676252695842101e-02	0.0000000000000000e+00	1.0504773077301241e-07
1.1693705988362000e-02	0.0000000000000000e+00	1.1663661233451375e-07
1.1711159280882000e-02	0.0000000000000000e+00	1.2540490120401169e-07
1.1728612573401900e-02	0.0000000000000000e+00	1.3115359875472683e-07
1.1746065865921800e-02	0.0000000000000000e+00	1.3375230693251370e-07
1.1763519158441800e-02	0.0000000000000000e+00	1.3314138261150530e-07
1.1780972450961699e-02	0.0000000000000000e+00	1.2933300234905279e-07
1.1798425743481699e-02	0.0000000000000000e+00	1.2241109542308872e-07
1.1815879036001601e-02	0.0000000000000000e+00	1.1253015386253427e-07
1.1833332328521601e-02	0.0000000000000000e+00	9.9912931405584036e-08
1.1850785621041500e-02	0.0000000000000000e+00	8.4846865464243173e-08
1.1868238913561400e-02	0.0000000000000000e+00	6.7679244356641414e-08
1.1885692206081400e-02	0.0000000000000000e+00	4.8810901443524144e-08
1.1903145498601300e-02	0.0000000000000000e+00	2.8688481394638020e-08
1.1920598791121300e-02	0.0000000000000000e+00	7.7952827255097542e-09
1.1938052083641199e-02	0.0000000000000000e+00	1.3359382697341887e-08
1.1955505376161199e-02	0.0000000000000000e+00	3.4252154979552639e-08
1.1972958668681101e-02	0.0000000000000000e+00	5.4358640998610931e-08
1.1990411961201000e-02	0.0000000000000000e+00	7.3167261613053784e-08
1.2007865253721000e-02	0.0000000000000000e+00	9.0193454067365984e-08
1.2025318546240900e-02	0.0000000000000000e+00	1.0499372327153171e-07
1.2042771838760900e-02	0.0000000000000000e+00	1.1717896897299295e-07
1.2060225131280800e-02	0.0000000000000000e+00	1.2642661622722522e-07
1.2077678423800800e-02	0.0000000000000000e+00	1.3249084011817954e-07
1.2095131716320699e-02	0.0000000000000000e+00	1.3521049069116251e-07
1.2112585008840600e-02	0.0000000000000000e+00	1.3451419278678431e-07
1.2130038301360601e-02	0.0000000000000000e+00	1.3042260124250869e-07
1.2147491593880500e-02	0.0000000000000000e+00	1.2304751153654328e-07
1.2164944886400500e-02	0.0000000000000000e+00	1.1258789844511277e-07
1.2182398178920400e-02	0.0000000000000000e+00	9.9323274764519640e-08
1.2199851471440400e-02	0.0000000000000000e+00	8.3604626194257669e-08
1.2217304763960300e-02	0.0000000000000000e+00	6.5843209608091524e-08
1.2234758056480201e-02	0.0000000000000000e+00	4.6498030096306958e-08
1.2252211349000199e-02	0.0000000000000000e+00	2.6062520031599456e-08
1.2269664641520101e-02	0.0000000000000000e+00	5.0507343236864125e-09
1.2287117934040101e-02	0.0000000000000000e+00	1.6016295534656369e-08
1.2304571226560000e-02	0.0000000000000000e+00	3.6623668375613886e-08
1.2322024519080000e-02	0.0000000000000000e+00	5.6274801573723538e-08
1.2339477811599900e-02	0.0000000000000000e+00	7.4502561333359304e-08
1.2356931104119900e-02	0.0000000000000000e+00	9.0879123850182241e-08
1.2374384396639800e-02	0.0000000000000000e+00	1.0502447971717117e-07
1.2391837689159701e-02	0.0000000000000000e+00	1.1661357067805979e-07
1.2409290981679699e-02	0.0000000000000000e+00	1.2538209799382319e-07
1.2426744274199601e-02	0.0000000000000000e+00	1.3113106638563561e-07
1.2444197566719601e-02	0.0000000000000000e+00	1.3373007118521351e-07
1.2461650859239500e-02	0.0000000000000000e+00	1.3311948141937563e-07
1.2479104151759500e-02	0.0000000000000000e+00	1.2931146525931930e-07
1.2496557444279400e-02	0.0000000000000000e+00	1.2238993897775513e-07
1.2514010736799299e-02	0.0000000000000000e+00	1.1250940761909819e-07
1.2531464029319300e-02	0.0000000000000000e+00	9.9892600978156968e-08
1.2548917321839201e-02	0.0000000000000000e+00	8.4826982969288875e-08
1.2566370614359199e-02	0.0000000000000000e+00	6.7659822874529703e-08
1.2583823906879101e-02	0.0000000000000000e+00	4.8791965647063539e-08
1.2601277199399101e-02	0.0000000000000000e+00	2.8670040780080066e-08
1.2618730491919000e-02	0.0000000000000000e+00	7.7773498366924215e-09
1.2636183784438900e-02	0.0000000000000000e+00	1.3376798405279493e-08
1.2653637076958900e-02	0.0000000000000000e+00	3.4269045620387344e-08
1.2671090369478799e-02	0.0000000000000000e+00	5.4374997469673520e-08
1.2688543661998800e-02	0.0000000000000000e+00	7.3183078346383343e-08
1.2705996954518701e-02	0.0000000000000000e+00	9.0208733948601325e-08
1.2723450247038699e-02	0.0000000000000000e+00	1.0500846213222888e-07
1.2740903539558601e-02	0.0000000000000000e+00	1.1719317653946781e-07
1.2758356832078500e-02	0.0000000000000000e+00	1.2644030983206140e-07
1.2775810124598500e-02	0.0000000000000000e+00	1.3250402209521961e-07
1.2793263417118400e-02	0.0000000000000000e+00	1.3522319036520720e-07
1.2810716709638400e-02	0.0000000000000000e+00	1.3452641975501844e-07
1.2828170002158299e-02	0.0000000000000000e+00	1.3043437982771545e-07
1.2845623294678300e-02	0.0000000000000000e+00	1.2305886992347716e-07
1.2863076587198201e-02	0.0000000000000000e+00	1.1259884498445306e-07
1.2880529879718199e-02	0.0000000000000000e+00	9.9333855192903851e-08
1.2897983172238101e-02	0.0000000000000000e+00	8.3614883548371059e-08
1.2915436464758000e-02	0.0000000000000000e+00	6.5853160611297748e-08
1.2932889757278000e-02	0.0000000000000000e+00	4.6507714826976190e-08
1.2950343049797900e-02	0.0000000000000000e+00	2.6071974974656919e-08
1.2967796342317900e-02	0.0000000000000000e+00	5.0599944232476449e-09
1.2985249634837799e-02	0.0000000000000000e+00	1.6007193257559510e-08
1.3002702927357800e-02	0.0000000000000000e+00	3.6614690899407034e-08
1.3020156219877701e-02	0.0000000000000000e+00	5.6265915075438361e-08
1.3037609512397600e-02	0.0000000000000000e+00	7.4493729178119489e-08
1.3055062804917601e-02	0.0000000000000000e+00	9.0870316006687908e-08
1.3072516097437500e-02	0.0000000000000000e+00	1.0501566053405883e-07
1.3089969389957500e-02	0.0000000000000000e+00	1.1660470877451804e-07
1.3107422682477400e-02	0.0000000000000000e+00	1.2537316530244715e-07
1.3124875974997400e-02	0.0000000000000000e+00	1.3112202843735124e-07
1.3142329267517299e-02	0.0000000000000000e+00	1.3372090305216135e-07
1.3159782560037201e-02	0.0000000000000000e+00	1.3311014746074877e-07
1.3177235852557199e-02	0.0000000000000000e+00	1.2930194101878711e-07
1.3194689145077100e-02	0.0000000000000000e+00	1.2238019770514216e-07
1.3212142437597101e-02	0.0000000000000000e+00	1.1249941846770236e-07
1.3229595730117000e-02	0.0000000000000000e+00	9.9882341735909729e-08
1.3247049022637000e-02	0.0000000000000000e+00	8.4816427259173444e-08
1.3264502315156900e-02	0.0000000000000000e+00	6.7648952880817396e-08
1.3281955607676799e-02	0.0000000000000000e+00	4.8780752514768940e-08
1.3299408900196799e-02	0.0000000000000000e+00	2.8658459616343115e-08
1.3316862192716701e-02	0.0000000000000000e+00	7.7653800771176307e-09
1.3334315485236699e-02	0.0000000000000000e+00	1.3389180734353722e-08
1.3351768777756600e-02	0.0000000000000000e+00	3.4281858551835907e-08
1.3369222070276601e-02	0.0000000000000000e+00	5.4388263418957899e-08
1.3386675362796500e-02	0.0000000000000000e+00	7.3196824387442942e-08
1.3404128655316400e-02	0.0000000000000000e+00	9.0222980941571492e-08
1.3421581947836400e-02	0.0000000000000000e+00	1.0502322863618763e-07
1.3439035240356299e-02	0.0000000000000000e+00	1.1720847898103521e-07
1.3456488532876299e-02	0.0000000000000000e+00	1.2645614226109528e-07
1.3473941825396201e-02	0.0000000000000000e+00	1.3252040133405349e-07
1.3491395117916199e-02	0.0000000000000000e+00	1.3524011229683742e-07
1.3508848410436100e-02	0.0000000000000000e+00	1.3454390449998085e-07
1.3526301702956101e-02	0.0000000000000000e+00	1.3045242146416469e-07
1.3543754995476000e-02	0.0000000000000000e+00	1.2307746586655158e-07
1.3561208287995900e-02	0.0000000000000000e+00	1.1261802001701618e-07
1.3578661580515900e-02	0.0000000000000000e+00	9.9353581705281474e-08
1.3596114873035799e-02	0.0000000000000000e+00	8.3635131579671226e-08
1.3613568165555799e-02	0.0000000000000000e+00	6.5873934368008046e-08
1.3631021458075701e-02	0.0000000000000000e+00	4.6529005801261375e-08
1.3648474750595699e-02	0.0000000000000000e+00	2.6093760717430843e-08
1.3665928043115600e-02	0.0000000000000000e+00	5.0822637929734979e-09
1.3683381335635500e-02	0.0000000000000000e+00	1.5984465981267564e-08
1.3700834628155500e-02	0.0000000000000000e+00	3.6591527651134627e-08
1.3718287920675400e-02	0.0000000000000000e+00	5.6242328565785617e-08
1.3735741213195400e-02	0.0000000000000000e+00	7.4469740578058284e-08
1.3753194505715299e-02	0.0000000000000000e+00	9.0845942380276335e-08
1.3770647798235299e-02	0.0000000000000000e+00	1.0499092308850653e-07
1.3788101090755201e-02	0.0000000000000000e+00	1.1657962663172085e-07
1.3805554383275100e-02	0.0000000000000000e+00	1.2534775603400023e-07
1.3823007675795100e-02	0.0000000000000000e+00	1.3109631649490704e-07
1.3840460968315000e-02	0.0000000000000000e+00	1.3369490331571790e-07
1.3857914260835000e-02	0.0000000000000000e+00	1.3308388762672237e-07
1.3875367553354900e-02	0.0000000000000000e+00	1.2927543621034540e-07
1.3892820845874900e-02	0.0000000000000000e+00	1.2235347208186370e-07
1.3910274138394799e-02	0.0000000000000000e+00	1.1247249662952712e-07
1.3927727430914701e-02	0.0000000000000000e+00	9.9855244919751098e-08
1.3945180723434701e-02	0.0000000000000000e+00	8.4789173840311765e-08
1.3962634015954600e-02	0.0000000000000000e+00	6.7621562420552779e-08
1.3980087308474600e-02	0.0000000000000000e+00	4.8753249515472478e-08
1.3997540600994500e-02	0.0000000000000000e+00	2.8630868796909545e-08
1.4014993893514500e-02	0.0000000000000000e+00	7.7377216000286967e-09
1.4032447186034400e-02	0.0000000000000000e+00	1.3416881889540752e-08
1.4049900478554400e-02	0.0000000000000000e+00	3.4309583707116197e-08
1.4067353771074299e-02	0.0000000000000000e+00	5.4415988210393493e-08
1.4084807063594201e-02	0.0000000000000000e+00	7.3224517225458456e-08
1.4102260356114201e-02	0.0000000000000000e+00	9.0250612504039450e-08
1.4119713648634100e-02	0.0000000000000000e+00	1.0505077804636745e-07
1.4137166941154100e-02	0.0000000000000000e+00	1.1723591825742557e-07
1.4154620233674000e-02	0.0000000000000000e+00	1.2648346196271606e-07
1.4172073526194000e-02	0.0000000000000000e+00	1.3254758401960185e-07
1.4189526818713900e-02	0.0000000000000000e+00	1.3526714684985297e-07
1.4206980111233799e-02	0.0000000000000000e+00	1.3457076665073856e-07
1.4224433403753799e-02	0.0000000000000000e+00	1.3047910300285023e-07
1.4241886696273701e-02	0.0000000000000000e+00	1.2310395539094359e-07
1.4259339988793701e-02	0.0000000000000000e+00	1.1264428847797235e-07
1.4276793281313600e-02	0.0000000000000000e+00	9.9379632102291162e-08
1.4294246573833600e-02	0.0000000000000000e+00	8.3660971026566048e-08
1.4311699866353500e-02	0.0000000000000000e+00	6.5899552037619847e-08
1.4329153158873400e-02	0.0000000000000000e+00	4.6554388663996578e-08
1.4346606451393400e-02	0.0000000000000000e+00	2.6118913508414532e-08
1.4364059743913299e-02	0.0000000000000000e+00	5.1071810528216782e-09
1.4381513036433299e-02	0.0000000000000000e+00	1.5959778430455295e-08
1.4398966328953201e-02	0.0000000000000000e+00	3.6567064058596634e-08
1.4416419621473201e-02	0.0000000000000000e+00	5.6218091908823227e-08
1.4433872913993100e-02	0.0000000000000000e+00	7.4445726011862421e-08
1.4451326206513000e-02	0.0000000000000000e+00	9.0822147865119663e-08
1.4468779499033000e-02	0.0000000000000000e+00	1.0496734232839315e-07
1.4486232791552900e-02	0.0000000000000000e+00	1.1655625369524919e-07
1.4503686084072900e-02	0.0000000000000000e+00	1.2532458865721639e-07
1.4521139376592799e-02	0.0000000000000000e+00	1.3107334057382815e-07
1.4538592669112799e-02	0.0000000000000000e+00	1.3367211723004532e-07
1.4556045961632701e-02	0.0000000000000000e+00	1.3306127944820948e-07
1.4573499254152701e-02	0.0000000000000000e+00	1.2925299789852687e-07
1.4590952546672600e-02	0.0000000000000000e+00	1.2233119390291049e-07
1.4608405839192500e-02	0.0000000000000000e+00	1.1245034230051358e-07
1.4625859131712500e-02	0.0000000000000000e+00	9.9833214412375317e-08
1.4643312424232400e-02	0.0000000000000000e+00	8.4767261768619879e-08
1.4660765716752400e-02	0.0000000000000000e+00	6.7599765254563779e-08
1.4678219009272299e-02	0.0000000000000000e+00	4.8731552038741757e-08
1.4695672301792299e-02	0.0000000000000000e+00	2.8609255647447673e-08
1.4713125594312201e-02	0.0000000000000000e+00	7.7161824695590533e-09
1.4730578886832100e-02	0.0000000000000000e+00	1.3438363384875768e-08
1.4748032179352100e-02	0.0000000000000000e+00	3.4331018024628652e-08
1.4765485471872000e-02	0.0000000000000000e+00	5.4437392082298534e-08
1.4782938764392000e-02	0.0000000000000000e+00	7.3245916972685738e-08
1.4800392056911900e-02	0.0000000000000000e+00	9.0272032560671423e-08
1.4817845349431900e-02	0.0000000000000000e+00	1.0507223660578159e-07
1.4835298641951799e-02	0.0000000000000000e+00	1.1725743058536464e-07
1.4852751934471701e-02	0.0000000000000000e+00	1.2650503956669272e-07
1.4870205226991701e-02	0.0000000000000000e+00	1.3256924562393161e-07
1.4887658519511600e-02	0.0000000000000000e+00	1.3528889635766449e-07
1.4905111812031600e-02	0.0000000000000000e+00	1.3459262528971257e-07
1.4922565104551500e-02	0.0000000000000000e+00	1.3050108293124514e-07
1.4940018397071500e-02	0.0000000000000000e+00	1.2312606630578402e-07
1.4957471689591400e-02	0.0000000000000000e+00	1.1266656098796105e-07
1.4974924982111301e-02	0.0000000000000000e+00	9.9402066829513692e-08
1.4992378274631299e-02	0.0000000000000000e+00	8.3683569903460319e-08
1.5009831567151201e-02	0.0000000000000000e+00	6.5922331921566218e-08
1.5027284859671201e-02	0.0000000000000000e+00	4.6577365830728894e-08
1.5044738152191100e-02	0.0000000000000000e+00	2.6142091373523698e-08
1.5062191444711100e-02	0.0000000000000000e+00	5.1305727353310107e-09
1.5079644737231000e-02	0.0000000000000000e+00	1.5936171905965426e-08
1.5097098029750899e-02	0.0000000000000000e+00	3.6543241052474577e-08
1.5114551322270900e-02	0.0000000000000000e+00	5.6194041804317364e-08
1.5132004614790801e-02	0.0000000000000000e+00	7.4421446113779135e-08
1.5149457907310799e-02	0.0000000000000000e+00	9.0797632097379916e-08
1.5166911199830701e-02	0.0000000000000000e+00	1.0494259029352080e-07
1.5184364492350701e-02	0.0000000000000000e+00	1.1653126214365655e-07
1.5201817784870600e-02	0.0000000000000000e+00	1.2529935488623816e-07
1.5219271077390600e-02	0.0000000000000000e+00	1.3104787055737172e-07
1.5236724369910500e-02	0.0000000000000000e+00	1.3364640496656884e-07
1.5254177662430399e-02	0.0000000000000000e+00	1.3303533208929007e-07
1.5271630954950400e-02	0.0000000000000000e+00	1.2922681457262353e-07
1.5289084247470301e-02	0.0000000000000000e+00	1.2230477997490544e-07
1.5306537539990299e-02	0.0000000000000000e+00	1.1242372380239659e-07
1.5323990832510201e-02	0.0000000000000000e+00	9.9806390162393976e-08
1.5341444125030201e-02	0.0000000000000000e+00	8.4740223656090669e-08
1.5358897417550100e-02	0.0000000000000000e+00	6.7572512080084658e-08
1.5376350710070000e-02	0.0000000000000000e+00	4.8704093070309218e-08
1.5393804002590000e-02	0.0000000000000000e+00	2.8581600842200825e-08
1.5411257295109899e-02	0.0000000000000000e+00	7.6883351587319428e-09
1.5428710587629900e-02	0.0000000000000000e+00	1.3466393438018014e-08
1.5446163880149801e-02	0.0000000000000000e+00	3.4359227244272073e-08
1.5463617172669799e-02	0.0000000000000000e+00	5.4465771908374752e-08
1.5481070465189701e-02	0.0000000000000000e+00	7.3274448785381928e-08
1.5498523757709600e-02	0.0000000000000000e+00	9.0300698676298632e-08
1.5515977050229600e-02	0.0000000000000000e+00	1.0510102608005581e-07
1.5533430342749500e-02	0.0000000000000000e+00	1.1728633444759709e-07
1.5550883635269500e-02	0.0000000000000000e+00	1.2653405192518311e-07
1.5568336927789399e-02	0.0000000000000000e+00	1.3259835221600713e-07
1.5585790220309400e-02	0.0000000000000000e+00	1.3531809430656493e-07
1.5603243512829299e-02	0.0000000000000000e+00	1.3462189532984380e-07
1.5620696805349200e-02	0.0000000000000000e+00	1.3053041543474873e-07
1.5638150097869199e-02	0.0000000000000000e+00	1.2315545265185085e-07
1.5655603390389100e-02	0.0000000000000000e+00	1.1269597066178789e-07
1.5673056682909099e-02	0.0000000000000000e+00	9.9431499186048533e-08
1.5690509975429000e-02	0.0000000000000000e+00	8.3713022461298964e-08
1.5707963267949002e-02	0.0000000000000000e+00	6.5951787194985716e-08
1.5725416560468899e-02	0.0000000000000000e+00	4.6606805672152536e-08
1.5742869852988801e-02	0.0000000000000000e+00	2.6171510124808664e-08
1.5760323145508799e-02	0.0000000000000000e+00	5.1599545528962761e-09
1.5777776438028700e-02	0.0000000000000000e+00	1.5906831788926521e-08
1.5795229730548699e-02	0.0000000000000000e+00	3.6513948136448301e-08
1.5812683023068600e-02	0.0000000000000000e+00	5.6164811077836322e-08
1.5830136315588599e-02	0.0000000000000000e+00	7.4392285452496379e-08
1.5847589608108500e-02	0.0000000000000000e+00	9.0768552660999419e-08
1.5865042900628502e-02	0.0000000000000000e+00	1.0491359776835262e-07
1.5882496193148399e-02	0.0000000000000000e+00	1.1650236610380725e-07
1.5899949485668301e-02	0.0000000000000000e+00	1.2527056346109121e-07
1.5917402778188299e-02	0.0000000000000000e+00	1.3101918470294695e-07
1.5934856070708200e-02	0.0000000000000000e+00	1.3361783645742891e-07
1.5952309363228199e-02	0.0000000000000000e+00	1.3300687767985289e-07
1.5969762655748100e-02	0.0000000000000000e+00	1.2919848442088429e-07
1.5987215948268099e-02	0.0000000000000000e+00	1.2227657553152919e-07
1.6004669240788000e-02	0.0000000000000000e+00	1.1239564193354692e-07
1.6022122533307901e-02	0.0000000000000000e+00	9.9778433098069783e-08
1.6039575825827899e-02	0.0000000000000000e+00	8.4712397981611430e-08
1.6057029118347801e-02	0.0000000000000000e+00	6.7544827333774889e-08
1.6074482410867799e-02	0.0000000000000000e+00	4.8676542438021793e-08
1.6091935703387700e-02	0.0000000000000000e+00	2.8554183104376860e-08
1.6109388995907699e-02	0.0000000000000000e+00	7.6610550929743788e-09
1.6126842288427600e-02	0.0000000000000000e+00	1.3493536524679537e-08
1.6144295580947501e-02	0.0000000000000000e+00	3.4386227182161374e-08
1.6161748873467500e-02	0.0000000000000000e+00	5.4492630448070071e-08
1.6179202165987401e-02	0.0000000000000000e+00	7.3301178644142761e-08
1.6196655458507399e-02	0.0000000000000000e+00	9.0327311256444600e-08
1.6214108751027301e-02	0.0000000000000000e+00	1.0512752352746611e-07
1.6231562043547299e-02	0.0000000000000000e+00	1.1731271228568142e-07
1.6249015336067200e-02	0.0000000000000000e+00	1.2656030937249513e-07
1.6266468628587199e-02	0.0000000000000000e+00	1.3262449343661417e-07
1.6283921921107100e-02	0.0000000000000000e+00	1.3534411562969725e-07
1.6301375213627001e-02	0.0000000000000000e+00	1.3464780379121118e-07
1.6318828506147000e-02	0.0000000000000000e+00	1.3055621317302972e-07
1.6336281798666901e-02	0.0000000000000000e+00	1.2318114078065069e-07
1.6353735091186899e-02	0.0000000000000000e+00	1.1272156725327364e-07
1.6371188383706801e-02	0.0000000000000000e+00	9.9457000435958053e-08
1.6388641676226799e-02	0.0000000000000000e+00	8.3738427297262288e-08
1.6406094968746700e-02	0.0000000000000000e+00	6.5977107845825873e-08
1.6423548261266602e-02	0.0000000000000000e+00	4.6632050055938598e-08
1.6441001553786600e-02	0.0000000000000000e+00	2.6196681721362044e-08
1.6458454846306501e-02	0.0000000000000000e+00	5.1850593699057256e-09
1.6475908138826500e-02	0.0000000000000000e+00	1.5881784955083984e-08
1.6493361431346401e-02	0.0000000000000000e+00	3.6488951576432851e-08
1.6510814723866400e-02	0.0000000000000000e+00	5.6139859016382507e-08
1.6528268016386301e-02	0.0000000000000000e+00	7.4367373590955190e-08
1.6545721308906199e-02	0.0000000000000000e+00	9.0743673099169096e-08
1.6563174601426200e-02	0.0000000000000000e+00	1.0488874728621285e-07
1.6580627893946102e-02	0.0000000000000000e+00	1.1647753977005334e-07
1.6598081186466100e-02	0.0000000000000000e+00	1.2524575326408659e-07
1.6615534478986001e-02	0.0000000000000000e+00	1.3099439082428702e-07
1.6632987771506000e-02	0.0000000000000000e+00	1.3359305173628272e-07
1.6650441064025901e-02	0.0000000000000000e+00	1.3298209975191010e-07
1.6667894356545799e-02	0.0000000000000000e+00	1.2917371079356071e-07
1.6685347649065801e-02	0.0000000000000000e+00	1.2225179817664992e-07
1.6702800941585699e-02	0.0000000000000000e+00	1.1237085603717387e-07
1.6720254234105700e-02	0.0000000000000000e+00	9.9753627906212497e-08
1.6737707526625598e-02	0.0000000000000000e+00	8.4687587664650853e-08
1.6755160819145600e-02	0.0000000000000000e+00	6.7520003309114109e-08
1.6772614111665501e-02	0.0000000000000000e+00	4.8651714968404324e-08
1.6790067404185399e-02	0.0000000000000000e+00	2.8529350491355954e-08
1.6807520696705401e-02	0.0000000000000000e+00	7.6362075891456000e-09
1.6824973989225299e-02	0.0000000000000000e+00	1.3518406284979172e-08
1.6842427281745301e-02	0.0000000000000000e+00	3.4411129015193304e-08
1.6859880574265199e-02	0.0000000000000000e+00	5.4517575182599107e-08
1.6877333866785200e-02	0.0000000000000000e+00	7.3326174649293185e-08
1.6894787159305098e-02	0.0000000000000000e+00	9.0352365206185516e-08
1.6912240451825100e-02	0.0000000000000000e+00	1.0515263793216515e-07
1.6929693744345001e-02	0.0000000000000000e+00	1.1733788589225754e-07
1.6947147036864899e-02	0.0000000000000000e+00	1.2658554075812863e-07
1.6964600329384901e-02	0.0000000000000000e+00	1.3264977568894446e-07
1.6982053621904799e-02	0.0000000000000000e+00	1.3536941580766044e-07
1.6999506914424801e-02	0.0000000000000000e+00	1.3467315053152754e-07
1.7016960206944699e-02	0.0000000000000000e+00	1.3058160196881821e-07
1.7034413499464700e-02	0.0000000000000000e+00	1.2320656138316416e-07
1.7051866791984598e-02	0.0000000000000000e+00	1.1274703442148692e-07
1.7069320084504500e-02	0.0000000000000000e+00	9.9482508351362958e-08
1.7086773377024501e-02	0.0000000000000000e+00	8.3763951465874198e-08
1.7104226669544399e-02	0.0000000000000000e+00	6.6002618748209457e-08
1.7121679962064401e-02	0.0000000000000000e+00	4.6657556056976198e-08
1.7139133254584299e-02	0.0000000000000000e+00	2.6222178848776610e-08
1.7156586547104301e-02	0.0000000000000000e+00	5.2105335880936579e-09
1.7174039839624199e-02	0.0000000000000000e+00	1.5856340953955341e-08
1.7191493132144100e-02	0.0000000000000000e+00	3.6463546557549375e-08
1.7208946424664098e-02	0.0000000000000000e+00	5.6114497758029000e-08
1.7226399717184000e-02	0.0000000000000000e+00	7.4342059133663143e-08
1.7243853009704001e-02	0.0000000000000000e+00	9.0718411759234396e-08
1.7261306302223899e-02	0.0000000000000000e+00	1.0486354446758288e-07
1.7278759594743901e-02	0.0000000000000000e+00	1.1645239608233009e-07
1.7296212887263799e-02	0.0000000000000000e+00	1.2522067739738003e-07
1.7313666179783700e-02	0.0000000000000000e+00	1.3096938552930020e-07
1.7331119472303699e-02	0.0000000000000000e+00	1.3356811822842493e-07
1.7348572764823600e-02	0.0000000000000000e+00	1.3295724785068267e-07
1.7366026057343598e-02	0.0000000000000000e+00	1.2914894026851308e-07
1.7383479349863500e-02	0.0000000000000000e+00	1.2222711078093701e-07
1.7400932642383501e-02	0.0000000000000000e+00	1.1234624623204469e-07
1.7418385934903399e-02	0.0000000000000000e+00	9.9729114731034772e-08
1.7435839227423401e-02	0.0000000000000000e+00	8.4663166029367283e-08
1.7453292519943299e-02	0.0000000000000000e+00	6.7495692140730956e-08
1.7470745812463200e-02	0.0000000000000000e+00	4.8627501939293861e-08
1.7488199104983199e-02	0.0000000000000000e+00	2.8505238738531805e-08
1.7505652397503100e-02	0.0000000000000000e+00	7.6122122455544051e-09
1.7523105690023098e-02	0.0000000000000000e+00	1.3542273906284054e-08
1.7540558982543000e-02	0.0000000000000000e+00	3.4434855357064152e-08
1.7558012275063001e-02	0.0000000000000000e+00	5.4541147705975216e-08
1.7575465567582899e-02	0.0000000000000000e+00	7.3349584813866609e-08
1.7592918860102801e-02	0.0000000000000000e+00	9.0375609001799044e-08
1.7610372152622799e-02	0.0000000000000000e+00	1.0517569840147499e-07
1.7627825445142700e-02	0.0000000000000000e+00	1.1736076992019989e-07
1.7645278737662699e-02	0.0000000000000000e+00	1.2660824885004419e-07
1.7662732030182600e-02	0.0000000000000000e+00	1.3267229291534900e-07
1.7680185322702598e-02	0.0000000000000000e+00	1.3539177214763596e-07
1.7697638615222500e-02	0.0000000000000000e+00	1.3469532922423340e-07
1.7715091907742401e-02	0.0000000000000000e+00	1.3060359924612670e-07
1.7732545200262399e-02	0.0000000000000000e+00	1.2322838641275343e-07
1.7749998492782301e-02	0.0000000000000000e+00	1.1276867407250568e-07
1.7767451785302299e-02	0.0000000000000000e+00	9.9503976588701114e-08
1.7784905077822200e-02	0.0000000000000000e+00	8.3785237322949593e-08
1.7802358370342199e-02	0.0000000000000000e+00	6.6023741001990868e-08
1.7819811662862100e-02	0.0000000000000000e+00	4.6678515939085105e-08
1.7837264955382001e-02	0.0000000000000000e+00	2.6242970440859132e-08
1.7854718247902000e-02	0.0000000000000000e+00	5.2311639926489600e-09
1.7872171540421901e-02	0.0000000000000000e+00	1.5835872931452085e-08
1.7889624832941899e-02	0.0000000000000000e+00	3.6443240960642434e-08
1.7907078125461801e-02	0.0000000000000000e+00	5.6094350320212572e-08
1.7924531417981799e-02	0.0000000000000000e+00	7.4322069791623209e-08
1.7941984710501700e-02	0.0000000000000000e+00	9.0698576540231427e-08
1.7959438003021699e-02	0.0000000000000000e+00	1.0484386246913291e-07
1.7976891295541600e-02	0.0000000000000000e+00	1.1643286605887542e-07
1.7994344588061501e-02	0.0000000000000000e+00	1.2520129714288178e-07
1.8011797880581500e-02	0.0000000000000000e+00	1.3095015462070269e-07
1.8029251173101401e-02	0.0000000000000000e+00	1.3354903489593752e-07
1.8046704465621399e-02	0.0000000000000000e+00	1.3293830976393815e-07
1.8064157758141301e-02	0.0000000000000000e+00	1.2913014358119582e-07
1.8081611050661299e-02	0.0000000000000000e+00	1.2220846361123355e-07
1.8099064343181200e-02	0.0000000000000000e+00	1.1232776542103678e-07
1.8116517635701102e-02	0.0000000000000000e+00	9.9710791361842253e-08
1.8133970928221100e-02	0.0000000000000000e+00	8.4644987911832484e-08
1.8151424220741001e-02	0.0000000000000000e+00	6.7477641845544166e-08
1.8168877513261000e-02	0.0000000000000000e+00	4.8609590929184242e-08
1.8186330805780901e-02	0.0000000000000000e+00	2.8487468291111340e-08
1.8203784098300899e-02	0.0000000000000000e+00	7.5945740084370299e-09
1.8221237390820801e-02	0.0000000000000000e+00	1.3559781894574230e-08
1.8238690683340698e-02	0.0000000000000000e+00	3.4452241838319649e-08
1.8256143975860700e-02	0.0000000000000000e+00	5.4558411394249248e-08
1.8273597268380602e-02	0.0000000000000000e+00	7.3366712612598327e-08
1.8291050560900600e-02	0.0000000000000000e+00	9.0392587357666774e-08
1.8308503853420501e-02	0.0000000000000000e+00	1.0519253879369793e-07
1.8325957145940500e-02	0.0000000000000000e+00	1.1737747229261976e-07
1.8343410438460401e-02	0.0000000000000000e+00	1.2662481713402974e-07
1.8360863730980299e-02	0.0000000000000000e+00	1.3268874369214614e-07
1.8378317023500301e-02	0.0000000000000000e+00	1.3540811304640523e-07
1.8395770316020198e-02	0.0000000000000000e+00	1.3471154030989685e-07
1.8413223608540200e-02	0.0000000000000000e+00	1.3061968914419277e-07
1.8430676901060102e-02	0.0000000000000000e+00	1.2324435623063639e-07
1.8448130193580100e-02	0.0000000000000000e+00	1.1278450721353682e-07
1.8465583486100001e-02	0.0000000000000000e+00	9.9519669680708443e-08
1.8483036778619899e-02	0.0000000000000000e+00	8.3800828119143636e-08
1.8500490071139901e-02	0.0000000000000000e+00	6.6039231664997511e-08
1.8517943363659799e-02	0.0000000000000000e+00	4.6693890008408052e-08
1.8535396656179801e-02	0.0000000000000000e+00	2.6258235527066544e-08
1.8552849948699698e-02	0.0000000000000000e+00	5.2463292282095176e-09
1.8570303241219700e-02	0.0000000000000000e+00	1.5820817281621029e-08
1.8587756533739602e-02	0.0000000000000000e+00	3.6428297706406664e-08
1.8605209826259600e-02	0.0000000000000000e+00	5.6079518503791277e-08
1.8622663118779501e-02	0.0000000000000000e+00	7.4307350652543228e-08
1.8640116411299399e-02	0.0000000000000000e+00	9.0683975937892301e-08
1.8657569703819401e-02	0.0000000000000000e+00	1.0482937756240064e-07
1.8675022996339299e-02	0.0000000000000000e+00	1.1641850424506914e-07
1.8692476288859301e-02	0.0000000000000000e+00	1.2518705691526880e-07
1.8709929581379198e-02	0.0000000000000000e+00	1.3093604060254553e-07
1.8727382873899200e-02	0.0000000000000000e+00	1.3353505189329859e-07
1.8744836166419102e-02	0.0000000000000000e+00	1.3292446030610694e-07
1.8762289458938999e-02	0.0000000000000000e+00	1.2911643399641733e-07
1.8779742751459001e-02	0.0000000000000000e+00	1.2219489297476294e-07
1.8797196043978899e-02	0.0000000000000000e+00	1.1231434175608787e-07
1.8814649336498901e-02	0.0000000000000000e+00	9.9697521728994545e-08
1.8832102629018799e-02	0.0000000000000000e+00	8.4631883169310596e-08
1.8849555921538801e-02	0.0000000000000000e+00	6.7464694609399367e-08
1.8867009214058698e-02	0.0000000000000000e+00	4.8596802738920936e-08
1.8884462506578600e-02	0.0000000000000000e+00	2.8474838919455339e-08
1.8901915799098602e-02	0.0000000000000000e+00	7.5821073392410752e-09
1.8919369091618499e-02	0.0000000000000000e+00	1.3572086524902008e-08
1.8936822384138501e-02	0.0000000000000000e+00	3.4464378836431064e-08
1.8954275676658399e-02	0.0000000000000000e+00	5.4570376178658286e-08
1.8971728969178401e-02	0.0000000000000000e+00	7.3378500696033599e-08
1.8989182261698299e-02	0.0000000000000000e+00	9.0404198468705043e-08
1.9006635554218200e-02	0.0000000000000000e+00	1.0520396149208520e-07
1.9024088846738198e-02	0.0000000000000000e+00	1.1738871068526135e-07
1.9041542139258100e-02	0.0000000000000000e+00	1.2663586462636081e-07
1.9058995431778102e-02	0.0000000000000000e+00	1.3269960043237797e-07
1.9076448724297999e-02	0.0000000000000000e+00	1.3541877592370090e-07
1.9093902016818001e-02	0.0000000000000000e+00	1.3472200093071973e-07
1.9111355309337899e-02	0.0000000000000000e+00	1.3062993802279878e-07
1.9128808601857800e-02	0.0000000000000000e+00	1.2325438905773184e-07
1.9146261894377799e-02	0.0000000000000000e+00	1.1279430515380508e-07
1.9163715186897700e-02	0.0000000000000000e+00	9.9529249563499012e-08
1.9181168479417698e-02	0.0000000000000000e+00	8.3810193796425236e-08
1.9198621771937600e-02	0.0000000000000000e+00	6.6048363437586621e-08
1.9216075064457602e-02	0.0000000000000000e+00	4.6702793855984585e-08
1.9233528356977499e-02	0.0000000000000000e+00	2.6266912015873720e-08
1.9250981649497501e-02	0.0000000000000000e+00	5.2547660610653593e-09
1.9268434942017399e-02	0.0000000000000000e+00	1.5812609048149821e-08
1.9285888234537300e-02	0.0000000000000000e+00	3.6420316871102010e-08
1.9303341527057299e-02	0.0000000000000000e+00	5.6071773356479081e-08
1.9320794819577200e-02	0.0000000000000000e+00	7.4299841391413954e-08
1.9338248112097198e-02	0.0000000000000000e+00	9.0676705353890710e-08
1.9355701404617100e-02	0.0000000000000000e+00	1.0482234933626351e-07
1.9373154697137102e-02	0.0000000000000000e+00	1.1641172011618541e-07
1.9390607989656999e-02	0.0000000000000000e+00	1.2518052067532131e-07
1.9408061282176901e-02	0.0000000000000000e+00	1.3092975207369634e-07
1.9425514574696899e-02	0.0000000000000000e+00	1.3352901719117553e-07
1.9442967867216800e-02	0.0000000000000000e+00	1.3291867432968874e-07
1.9460421159736799e-02	0.0000000000000000e+00	1.2911090277581030e-07
1.9477874452256700e-02	0.0000000000000000e+00	1.2218961456683962e-07
1.9495327744776698e-02	0.0000000000000000e+00	1.1230931888596501e-07
1.9512781037296600e-02	0.0000000000000000e+00	9.9692755553564992e-08
1.9530234329816501e-02	0.0000000000000000e+00	8.4627374018602102e-08
1.9547687622336499e-02	0.0000000000000000e+00	6.7460447358549024e-08
1.9565140914856401e-02	0.0000000000000000e+00	4.8592814987604236e-08
1.9582594207376399e-02	0.0000000000000000e+00	2.8471111314502218e-08
1.9600047499896300e-02	0.0000000000000000e+00	7.5786415306056441e-09
1.9617500792416299e-02	0.0000000000000000e+00	1.3575289573110754e-08
1.9634954084936200e-02	0.0000000000000000e+00	3.4467317551399998e-08
1.9652407377456101e-02	0.0000000000000000e+00	5.4573050632103993e-08
1.9669860669976100e-02	0.0000000000000000e+00	7.3380915998391299e-08
1.9687313962496001e-02	0.0000000000000000e+00	9.0406355578989675e-08
1.9704767255015999e-02	0.0000000000000000e+00	1.0520586410841975e-07
1.9722220547535901e-02	0.0000000000000000e+00	1.1739035975072043e-07
1.9739673840055899e-02	0.0000000000000000e+00	1.2663724755141495e-07
1.9757127132575800e-02	0.0000000000000000e+00	1.3270070940855485e-07
1.9774580425095799e-02	0.0000000000000000e+00	1.3541961153078356e-07
1.9792033717615700e-02	0.0000000000000000e+00	1.3472258405291026e-07
1.9809487010135601e-02	0.0000000000000000e+00	1.3063026441025337e-07
1.9826940302655600e-02	0.0000000000000000e+00	1.2325446257349417e-07
1.9844393595175501e-02	0.0000000000000000e+00	1.1279415754821315e-07
1.9861846887695499e-02	0.0000000000000000e+00	9.9528858890556814e-08
1.9879300180215401e-02	0.0000000000000000e+00	8.3809527754540641e-08
1.9896753472735399e-02	0.0000000000000000e+00	6.6047439143302424e-08
1.9914206765255300e-02	0.0000000000000000e+00	4.6701615959967370e-08
1.9931660057775202e-02	0.0000000000000000e+00	2.6265466850569257e-08
1.9949113350295200e-02	0.0000000000000000e+00	5.2530578472371309e-09
1.9966566642815101e-02	0.0000000000000000e+00	1.5814587383077847e-08
1.9984019935335100e-02	0.0000000000000000e+00	3.6422567753449782e-08
2.0001473227855001e-02	0.0000000000000000e+00	5.6074291612340658e-08
2.0018926520374999e-02	0.0000000000000000e+00	7.4302629637212276e-08
2.0036379812894901e-02	0.0000000000000000e+00	9.0679758634303466e-08
2.0053833105414798e-02	0.0000000000000000e+00	1.0482567072093048e-07
2.0071286397934800e-02	0.0000000000000000e+00	1.1641530424502449e-07
2.0088739690454702e-02	0.0000000000000000e+00	1.2518436984368424e-07
2.0106192982974700e-02	0.0000000000000000e+00	1.3093386506832360e-07
2.0123646275494601e-02	0.0000000000000000e+00	1.3353338936684951e-07
2.0141099568014600e-02	0.0000000000000000e+00	1.3292331359649945e-07
2.0158552860534501e-02	0.0000000000000000e+00	1.2911580052349420e-07
2.0176006153054399e-02	0.0000000000000000e+00	1.2219477923057177e-07
2.0193459445574401e-02	0.0000000000000000e+00	1.1231474253095506e-07
2.0210912738094299e-02	0.0000000000000000e+00	9.9698440462544713e-08
2.0228366030614300e-02	0.0000000000000000e+00	8.4633312308086775e-08
2.0245819323134202e-02	0.0000000000000000e+00	6.7466644828359587e-08
2.0263272615654200e-02	0.0000000000000000e+00	4.8599273226829555e-08
2.0280725908174101e-02	0.0000000000000000e+00	2.8477835337187705e-08
2.0298179200694100e-02	0.0000000000000000e+00	7.5856302093834811e-09
2.0315632493214001e-02	0.0000000000000000e+00	1.3568032188603152e-08
2.0333085785733899e-02	0.0000000000000000e+00	3.4459794065201102e-08
2.0350539078253901e-02	0.0000000000000000e+00	5.4565261244837791e-08
2.0367992370773799e-02	0.0000000000000000e+00	7.3372855083492363e-08
2.0385445663293800e-02	0.0000000000000000e+00	9.0398016037876367e-08
2.0402898955813702e-02	0.0000000000000000e+00	1.0519725006129664e-07
2.0420352248333700e-02	0.0000000000000000e+00	1.1738145977322134e-07
2.0437805540853601e-02	0.0000000000000000e+00	1.2662807283657967e-07
2.0455258833373499e-02	0.0000000000000000e+00	1.3269126579005515e-07
2.0472712125893501e-02	0.0000000000000000e+00	1.3540989484465967e-07
2.0490165418413399e-02	0.0000000000000000e+00	1.3471258300636055e-07
2.0507618710933401e-02	0.0000000000000000e+00	1.3061998598506802e-07
2.0525072003453299e-02	0.0000000000000000e+00	1.2324390136806784e-07
2.0542525295973300e-02	0.0000000000000000e+00	1.1278330341184277e-07
2.0559978588493202e-02	0.0000000000000000e+00	9.9517707356748705e-08
2.0577431881013099e-02	0.0000000000000000e+00	8.3798098972403596e-08
2.0594885173533101e-02	0.0000000000000000e+00	6.6035733581947853e-08
2.0612338466052999e-02	0.0000000000000000e+00	4.6689617450682346e-08
2.0629791758573001e-02	0.0000000000000000e+00	2.6253182883749141e-08
2.0647245051092899e-02	0.0000000000000000e+00	5.2404843448587390e-09
2.0664698343612901e-02	0.0000000000000000e+00	1.5827447596179965e-08
2.0682151636132799e-02	0.0000000000000000e+00	3.6435711664483616e-08
2.0699604928652700e-02	0.0000000000000000e+00	5.6087725567116961e-08
2.0717058221172702e-02	0.0000000000000000e+00	7.4316356422134866e-08
2.0734511513692599e-02	0.0000000000000000e+00	9.0693781249594382e-08
2.0751964806212601e-02	0.0000000000000000e+00	1.0483999142990495e-07
2.0769418098732499e-02	0.0000000000000000e+00	1.1642992952761756e-07
2.0786871391252501e-02	0.0000000000000000e+00	1.2519929777310854e-07
2.0804324683772399e-02	0.0000000000000000e+00	1.3094910167158279e-07
2.0821777976292300e-02	0.0000000000000000e+00	1.3354893657722091e-07
2.0839231268812299e-02	0.0000000000000000e+00	1.3293917299905444e-07
2.0856684561332200e-02	0.0000000000000000e+00	1.2913197820116177e-07
2.0874137853852202e-02	0.0000000000000000e+00	1.2221127289959271e-07
2.0891591146372099e-02	0.0000000000000000e+00	1.1233156019580680e-07
2.0909044438892101e-02	0.0000000000000000e+00	9.9715571970898727e-08
2.0926497731411999e-02	0.0000000000000000e+00	8.4650768831084522e-08
2.0943951023932001e-02	0.0000000000000000e+00	6.7484432934412922e-08
