0.0000000000000000e+00	0.0000000000000000e+00	0.0000000000000000e+00
1.7453292519943300e-05	0.0000000000000000e+00	2.4890707957233741e-08
3.4906585039886600e-05	0.0000000000000000e+00	4.9387478648978742e-08
5.2359877559829903e-05	0.0000000000000000e+00	7.3495151575875164e-08
6.9813170079773199e-05	0.0000000000000000e+00	9.7218536338009109e-08
8.7266462599716496e-05	0.0000000000000000e+00	1.2056241267144509e-07
1.0471975511966000e-04	0.0000000000000000e+00	1.4353153048530558e-07
1.2217304763960301e-04	0.0000000000000000e+00	1.6613060989948023e-07
1.3962634015954599e-04	0.0000000000000000e+00	1.8836434128289050e-07
1.5707963267949001e-04	0.0000000000000000e+00	2.1023738529229942e-07
1.7453292519943299e-04	0.0000000000000000e+00	2.3175437291173803e-07
1.9198621771937600e-04	0.0000000000000000e+00	2.5291990549249772e-07
2.0943951023931999e-04	0.0000000000000000e+00	2.7373855479368619e-07
2.2689280275926300e-04	0.0000000000000000e+00	2.9421486302336969e-07
2.4434609527920601e-04	0.0000000000000000e+00	3.1435334288026693e-07
2.6179938779914903e-04	0.0000000000000000e+00	3.3415847759605232e-07
2.7925268031909301e-04	0.0000000000000000e+00	3.5363472097821786e-07
2.9670597283903603e-04	0.0000000000000000e+00	3.7278649745347808e-07
3.1415926535897898e-04	0.0000000000000000e+00	3.9161820211181338e-07
3.3161255787892303e-04	0.0000000000000000e+00	4.1013420075103380e-07
3.4906585039886598e-04	0.0000000000000000e+00	4.2833882992192111e-07
3.6651914291880900e-04	0.0000000000000000e+00	4.4623639697397371e-07
3.8397243543875201e-04	0.0000000000000000e+00	4.6383118010168190e-07
4.0142572795869599e-04	0.0000000000000000e+00	4.8112742839140377e-07
4.1887902047863901e-04	0.0000000000000000e+00	4.9812936186880142e-07
4.3633231299858202e-04	0.0000000000000000e+00	5.1484117154684445e-07
4.5378560551852601e-04	0.0000000000000000e+00	5.3126701947438515e-07
4.7123889803846902e-04	0.0000000000000000e+00	5.4741103878530178e-07
4.8869219055841203e-04	0.0000000000000000e+00	5.6327733374822064e-07
5.0614548307835602e-04	0.0000000000000000e+00	5.7886997981679125e-07
5.2359877559829903e-04	0.0000000000000000e+00	5.9419302368051957e-07
5.4105206811824204e-04	0.0000000000000000e+00	6.0925048331619145e-07
5.5850536063818505e-04	0.0000000000000000e+00	6.2404634803984768e-07
5.7595865315812904e-04	0.0000000000000000e+00	6.3858457855932706e-07
5.9341194567807205e-04	0.0000000000000000e+00	6.5286910702736910e-07
6.1086523819801496e-04	0.0000000000000000e+00	6.6690383709528111e-07
6.2831853071795905e-04	0.0000000000000000e+00	6.8069264396716932e-07
6.4577182323790196e-04	0.0000000000000000e+00	6.9423937445472631e-07
6.6322511575784497e-04	0.0000000000000000e+00	7.0754784703258539e-07
6.8067840827778798e-04	0.0000000000000000e+00	7.2062185189422729e-07
6.9813170079773197e-04	0.0000000000000000e+00	7.3346515100844339e-07
7.1558499331767498e-04	0.0000000000000000e+00	7.4608147817636654e-07
7.3303828583761799e-04	0.0000000000000000e+00	7.5847453908905926e-07
7.5049157835756198e-04	0.0000000000000000e+00	7.7064801138563617e-07
7.6794487087750499e-04	0.0000000000000000e+00	7.8260554471195208e-07
7.8539816339744800e-04	0.0000000000000000e+00	7.9435076077986161e-07
8.0285145591739199e-04	0.0000000000000000e+00	8.0588725342700107e-07
8.2030474843733500e-04	0.0000000000000000e+00	8.1721858867712636e-07
8.3775804095727801e-04	0.0000000000000000e+00	8.2834830480102536e-07
8.5521133347722102e-04	0.0000000000000000e+00	8.3927991237795789e-07
8.7266462599716501e-04	0.0000000000000000e+00	8.5001689435763964e-07
8.9011791851710802e-04	0.0000000000000000e+00	8.6056270612276641e-07
9.0757121103705104e-04	0.0000000000000000e+00	8.7092077555211447e-07
9.2502450355699502e-04	0.0000000000000000e+00	8.8109450308415790e-07
9.4247779607693804e-04	0.0000000000000000e+00	8.9108726178121953e-07
9.5993108859688105e-04	0.0000000000000000e+00	9.0090239739419255e-07
9.7738438111682406e-04	0.0000000000000000e+00	9.1054322842777664e-07
9.9483767363676805e-04	0.0000000000000000e+00	9.2001304620626383e-07
1.0122909661567101e-03	0.0000000000000000e+00	9.2931511493985179e-07
1.0297442586766500e-03	0.0000000000000000e+00	9.3845267179148806e-07
1.0471975511966000e-03	0.0000000000000000e+00	9.4742892694427892e-07
1.0646508437165401e-03	0.0000000000000000e+00	9.5624706366937116e-07
1.0821041362364800e-03	0.0000000000000000e+00	9.6491023839443142e-07
1.0995574287564300e-03	0.0000000000000000e+00	9.7342158077261243e-07
1.1170107212763701e-03	0.0000000000000000e+00	9.8178419375202614e-07
1.1344640137963100e-03	0.0000000000000000e+00	9.9000115364580852e-07
1.1519173063162600e-03	0.0000000000000000e+00	9.9807551020265593e-07
1.1693705988361999e-03	0.0000000000000000e+00	1.0060102866778769e-06
1.1868238913561400e-03	0.0000000000000000e+00	1.0138084799050101e-06
1.2042771838760900e-03	0.0000000000000000e+00	1.0214730603679267e-06
1.2217304763960299e-03	0.0000000000000000e+00	1.0290069722734363e-06
1.2391837689159700e-03	0.0000000000000000e+00	1.0364131336244484e-06
1.2566370614359201e-03	0.0000000000000000e+00	1.0436944362936216e-06
1.2740903539558599e-03	0.0000000000000000e+00	1.0508537460975095e-06
1.2915436464758000e-03	0.0000000000000000e+00	1.0578939028712557e-06
1.3089969389957501e-03	0.0000000000000000e+00	1.0648177205437613e-06
1.3264502315156899e-03	0.0000000000000000e+00	1.0716279872133558e-06
1.3439035240356300e-03	0.0000000000000000e+00	1.0783274652240071e-06
1.3613568165555801e-03	0.0000000000000000e+00	1.0849188912419980e-06
1.3788101090755199e-03	0.0000000000000000e+00	1.0914049763330983e-06
1.3962634015954600e-03	0.0000000000000000e+00	1.0977884060402694e-06
1.4137166941154101e-03	0.0000000000000000e+00	1.1040718404618314e-06
1.4311699866353500e-03	0.0000000000000000e+00	1.1102579143301218e-06
1.4486232791552900e-03	0.0000000000000000e+00	1.1163492370906753e-06
1.4660765716752401e-03	0.0000000000000000e+00	1.1223483929818618e-06
1.4835298641951800e-03	0.0000000000000000e+00	1.1282579411150113e-06
1.5009831567151201e-03	0.0000000000000000e+00	1.1340804155550481e-06
1.5184364492350699e-03	0.0000000000000000e+00	1.1398183254015791e-06
1.5358897417550100e-03	0.0000000000000000e+00	1.1454741548704635e-06
1.5533430342749501e-03	0.0000000000000000e+00	1.1510503633758826e-06
1.5707963267948999e-03	0.0000000000000000e+00	1.1565493856128624e-06
1.5882496193148400e-03	0.0000000000000000e+00	1.1619736316402663e-06
1.6057029118347801e-03	0.0000000000000000e+00	1.1673254869642760e-06
1.6231562043547299e-03	0.0000000000000000e+00	1.1726073126223226e-06
1.6406094968746700e-03	0.0000000000000000e+00	1.1778214452674815e-06
1.6580627893946101e-03	0.0000000000000000e+00	1.1829701972533502e-06
1.6755160819145599e-03	0.0000000000000000e+00	1.1880558567193644e-06
1.6929693744345000e-03	0.0000000000000000e+00	1.1930806876765661e-06
1.7104226669544401e-03	0.0000000000000000e+00	1.1980469300938527e-06
1.7278759594743899e-03	0.0000000000000000e+00	1.2029567999846589e-06
1.7453292519943300e-03	0.0000000000000000e+00	1.2078124894940857e-06
1.7627825445142699e-03	0.0000000000000000e+00	1.2126161669864906e-06
1.7802358370342200e-03	0.0000000000000000e+00	1.2173699771335070e-06
1.7976891295541600e-03	0.0000000000000000e+00	1.2220760410025078e-06
1.8151424220740999e-03	0.0000000000000000e+00	1.2267364561455174e-06
1.8325957145940500e-03	0.0000000000000000e+00	1.2313532966885435e-06
1.8500490071139900e-03	0.0000000000000000e+00	1.2359286134213498e-06
1.8675022996339299e-03	0.0000000000000000e+00	1.2404644338876684e-06
1.8849555921538800e-03	0.0000000000000000e+00	1.2449627624758184e-06
1.9024088846738201e-03	0.0000000000000000e+00	1.2494255805097526e-06
1.9198621771937599e-03	0.0000000000000000e+00	1.2538548463405507e-06
1.9373154697137100e-03	0.0000000000000000e+00	1.2582524954383002e-06
1.9547687622336499e-03	0.0000000000000000e+00	1.2626204404843983e-06
1.9722220547535902e-03	0.0000000000000000e+00	1.2669605714642890e-06
1.9896753472735400e-03	0.0000000000000000e+00	1.2712747557605772e-06
2.0071286397934799e-03	0.0000000000000000e+00	1.2755648382465612e-06
2.0245819323134202e-03	0.0000000000000000e+00	1.2798326413801869e-06
2.0420352248333700e-03	0.0000000000000000e+00	1.2840799652983779e-06
2.0594885173533099e-03	0.0000000000000000e+00	1.2883085879117587e-06
2.0769418098732502e-03	0.0000000000000000e+00	1.2925202649998054e-06
2.0943951023932000e-03	0.0000000000000000e+00	1.2967167303063554e-06
2.1118483949131399e-03	0.0000000000000000e+00	1.3008996956355002e-06
2.1293016874330802e-03	0.0000000000000000e+00	1.3050708509478961e-06
2.1467549799530201e-03	0.0000000000000000e+00	1.3092318644574277e-06
2.1642082724729699e-03	0.0000000000000000e+00	1.3133843827282568e-06
2.1816615649929102e-03	0.0000000000000000e+00	1.3175300307722388e-06
2.1991148575128501e-03	0.0000000000000000e+00	1.3216704121467275e-06
2.2165681500327999e-03	0.0000000000000000e+00	1.3258071090527294e-06
2.2340214425527402e-03	0.0000000000000000e+00	1.3299416824334308e-06
2.2514747350726801e-03	0.0000000000000000e+00	1.3340756720730855e-06
2.2689280275926299e-03	0.0000000000000000e+00	1.3382105966962590e-06
2.2863813201125698e-03	0.0000000000000000e+00	1.3423479540674174e-06
2.3038346126325101e-03	0.0000000000000000e+00	1.3464892210908829e-06
2.3212879051524599e-03	0.0000000000000000e+00	1.3506358539111311e-06
2.3387411976723998e-03	0.0000000000000000e+00	1.3547892880134139e-06
2.3561944901923401e-03	0.0000000000000000e+00	1.3589509383247515e-06
2.3736477827122899e-03	0.0000000000000000e+00	1.3631221993152448e-06
2.3911010752322298e-03	0.0000000000000000e+00	1.3673044450997038e-06
2.4085543677521701e-03	0.0000000000000000e+00	1.3714990295396410e-06
2.4260076602721200e-03	0.0000000000000000e+00	1.3757072863455646e-06
2.4434609527920598e-03	0.0000000000000000e+00	1.3799305291795937e-06
2.4609142453120001e-03	0.0000000000000000e+00	1.3841700517584089e-06
2.4783675378319500e-03	0.0000000000000000e+00	1.3884271279564941e-06
2.4958208303518898e-03	0.0000000000000000e+00	1.3927030119097058e-06
2.5132741228718301e-03	0.0000000000000000e+00	1.3969989381191482e-06
2.5307274153917800e-03	0.0000000000000000e+00	1.4013161215553317e-06
2.5481807079117198e-03	0.0000000000000000e+00	1.4056557577626512e-06
2.5656340004316601e-03	0.0000000000000000e+00	1.4100190229641586e-06
2.5830872929516100e-03	0.0000000000000000e+00	1.4144070741666126e-06
2.6005405854715499e-03	0.0000000000000000e+00	1.4188210492658189e-06
2.6179938779914902e-03	0.0000000000000000e+00	1.4232620671522734e-06
2.6354471705114400e-03	0.0000000000000000e+00	1.4277312278170643e-06
2.6529004630313799e-03	0.0000000000000000e+00	1.4322296124580448e-06
2.6703537555513202e-03	0.0000000000000000e+00	1.4367582835862979e-06
2.6878070480712700e-03	0.0000000000000000e+00	1.4413182851328597e-06
2.7052603405912099e-03	0.0000000000000000e+00	1.4459106425556969e-06
2.7227136331111502e-03	0.0000000000000000e+00	1.4505363629469647e-06
2.7401669256311000e-03	0.0000000000000000e+00	1.4551964351404948e-06
2.7576202181510399e-03	0.0000000000000000e+00	1.4598918298195422e-06
2.7750735106709802e-03	0.0000000000000000e+00	1.4646234996248093e-06
2.7925268031909300e-03	0.0000000000000000e+00	1.4693923792626641e-06
2.8099800957108699e-03	0.0000000000000000e+00	1.4741993856136182e-06
2.8274333882308102e-03	0.0000000000000000e+00	1.4790454178410731e-06
2.8448866807507600e-03	0.0000000000000000e+00	1.4839313575002391e-06
2.8623399732706999e-03	0.0000000000000000e+00	1.4888580686473038e-06
2.8797932657906402e-03	0.0000000000000000e+00	1.4938263979488494e-06
2.8972465583105901e-03	0.0000000000000000e+00	1.4988371747914506e-06
2.9146998508305299e-03	0.0000000000000000e+00	1.5038912113914966e-06
2.9321531433504698e-03	0.0000000000000000e+00	1.5089893029052375e-06
2.9496064358704201e-03	0.0000000000000000e+00	1.5141322275390210e-06
2.9670597283903599e-03	0.0000000000000000e+00	1.5193207466597176e-06
2.9845130209102998e-03	0.0000000000000000e+00	1.5245556049053811e-06
3.0019663134302501e-03	0.0000000000000000e+00	1.5298375302960706e-06
3.0194196059501899e-03	0.0000000000000000e+00	1.5351672343448566e-06
3.0368728984701298e-03	0.0000000000000000e+00	1.5405454121690378e-06
3.0543261909900801e-03	0.0000000000000000e+00	1.5459727426015060e-06
3.0717794835100200e-03	0.0000000000000000e+00	1.5514498883023012e-06
3.0892327760299598e-03	0.0000000000000000e+00	1.5569774958703374e-06
3.1066860685499101e-03	0.0000000000000000e+00	1.5625561959552862e-06
3.1241393610698500e-03	0.0000000000000000e+00	1.5681866033696270e-06
3.1415926535897898e-03	0.0000000000000000e+00	1.5738693172008631e-06
3.1590459461097401e-03	0.0000000000000000e+00	1.5796049209238677e-06
3.1764992386296800e-03	0.0000000000000000e+00	1.5853939825133825e-06
3.1939525311496198e-03	0.0000000000000000e+00	1.5912370545566860e-06
3.2114058236695701e-03	0.0000000000000000e+00	1.5971346743663692e-06
3.2288591161895100e-03	0.0000000000000000e+00	1.6030873640932362e-06
3.2463124087094499e-03	0.0000000000000000e+00	1.6090956308393838e-06
3.2637657012294001e-03	0.0000000000000000e+00	1.6151599667713692e-06
3.2812189937493400e-03	0.0000000000000000e+00	1.6212808492334714e-06
3.2986722862692799e-03	0.0000000000000000e+00	1.6274587408611334e-06
3.3161255787892301e-03	0.0000000000000000e+00	1.6336940896944802e-06
3.3335788713091700e-03	0.0000000000000000e+00	1.6399873292919175e-06
3.3510321638291099e-03	0.0000000000000000e+00	1.6463388788438822e-06
3.3684854563490602e-03	0.0000000000000000e+00	1.6527491432866615e-06
3.3859387488690000e-03	0.0000000000000000e+00	1.6592185134162786e-06
3.4033920413889399e-03	0.0000000000000000e+00	1.6657473660025350e-06
3.4208453339088902e-03	0.0000000000000000e+00	1.6723360639030810e-06
3.4382986264288300e-03	0.0000000000000000e+00	1.6789849561775584e-06
3.4557519189487699e-03	0.0000000000000000e+00	1.6856943782018598e-06
3.4732052114687202e-03	0.0000000000000000e+00	1.6924646517824125e-06
3.4906585039886600e-03	0.0000000000000000e+00	1.6992960852705437e-06
3.5081117965085999e-03	0.0000000000000000e+00	1.7061889736769282e-06
3.5255650890285502e-03	0.0000000000000000e+00	1.7131435987860467e-06
3.5430183815484901e-03	0.0000000000000000e+00	1.7201602292706972e-06
3.5604716740684299e-03	0.0000000000000000e+00	1.7272391208065996e-06
3.5779249665883698e-03	0.0000000000000000e+00	1.7343805161869915e-06
3.5953782591083201e-03	0.0000000000000000e+00	1.7415846454372747e-06
3.6128315516282599e-03	0.0000000000000000e+00	1.7488517259296703e-06
3.6302848441482102e-03	0.0000000000000000e+00	1.7561819624979525e-06
3.6477381366681501e-03	0.0000000000000000e+00	1.7635755475521283e-06
3.6651914291880900e-03	0.0000000000000000e+00	1.7710326611931990e-06
3.6826447217080398e-03	0.0000000000000000e+00	1.7785534713279041e-06
3.7000980142279801e-03	0.0000000000000000e+00	1.7861381337834408e-06
3.7175513067479200e-03	0.0000000000000000e+00	1.7937867924222464e-06
3.7350045992678598e-03	0.0000000000000000e+00	1.8014995792567294e-06
3.7524578917878101e-03	0.0000000000000000e+00	1.8092766145639940e-06
3.7699111843077500e-03	0.0000000000000000e+00	1.8171180070005698e-06
3.7873644768276998e-03	0.0000000000000000e+00	1.8250238537171249e-06
3.8048177693476401e-03	0.0000000000000000e+00	1.8329942404731078e-06
3.8222710618675800e-03	0.0000000000000000e+00	1.8410292417514340e-06
3.8397243543875199e-03	0.0000000000000000e+00	1.8491289208730702e-06
3.8571776469074701e-03	0.0000000000000000e+00	1.8572933301116213e-06
3.8746309394274100e-03	0.0000000000000000e+00	1.8655225108078427e-06
3.8920842319473499e-03	0.0000000000000000e+00	1.8738164934841458e-06
3.9095375244672997e-03	0.0000000000000000e+00	1.8821752979590056e-06
3.9269908169872400e-03	0.0000000000000000e+00	1.8905989334613151e-06
3.9444441095071803e-03	0.0000000000000000e+00	1.8990873987447200e-06
3.9618974020271302e-03	0.0000000000000000e+00	1.9076406822018434e-06
3.9793506945470696e-03	0.0000000000000000e+00	1.9162587619784124e-06
3.9968039870670099e-03	0.0000000000000000e+00	1.9249416060873667e-06
4.0142572795869597e-03	0.0000000000000000e+00	1.9336891725228564e-06
4.0317105721069000e-03	0.0000000000000000e+00	1.9425014093741272e-06
4.0491638646268403e-03	0.0000000000000000e+00	1.9513782549393580e-06
4.0666171571467902e-03	0.0000000000000000e+00	1.9603196378393606e-06
4.0840704496667296e-03	0.0000000000000000e+00	1.9693254771311714e-06
4.1015237421866699e-03	0.0000000000000000e+00	1.9783956824215859e-06
4.1189770347066198e-03	0.0000000000000000e+00	1.9875301539805250e-06
4.1364303272265601e-03	0.0000000000000000e+00	1.9967287828542991e-06
4.1538836197465004e-03	0.0000000000000000e+00	2.0059914509787559e-06
4.1713369122664502e-03	0.0000000000000000e+00	2.0153180312922838e-06
4.1887902047863896e-03	0.0000000000000000e+00	2.0247083878487036e-06
4.2062434973063299e-03	0.0000000000000000e+00	2.0341623759300065e-06
4.2236967898262798e-03	0.0000000000000000e+00	2.0436798421589338e-06
4.2411500823462201e-03	0.0000000000000000e+00	2.0532606246114347e-06
4.2586033748661604e-03	0.0000000000000000e+00	2.0629045529289713e-06
4.2760566673861102e-03	0.0000000000000000e+00	2.0726114484306280e-06
4.2935099599060497e-03	0.0000000000000000e+00	2.0823811242250794e-06
4.3109632524259900e-03	0.0000000000000000e+00	2.0922133853224136e-06
4.3284165449459398e-03	0.0000000000000000e+00	2.1021080287457275e-06
4.3458698374658801e-03	0.0000000000000000e+00	2.1120648436425733e-06
4.3633231299858204e-03	0.0000000000000000e+00	2.1220836113962487e-06
4.3807764225057702e-03	0.0000000000000000e+00	2.1321641057368494e-06
4.3982297150257097e-03	0.0000000000000000e+00	2.1423060928521354e-06
4.4156830075456500e-03	0.0000000000000000e+00	2.1525093314982364e-06
4.4331363000655998e-03	0.0000000000000000e+00	2.1627735731101012e-06
4.4505895925855401e-03	0.0000000000000000e+00	2.1730985619117638e-06
4.4680428851054804e-03	0.0000000000000000e+00	2.1834840350264212e-06
4.4854961776254303e-03	0.0000000000000000e+00	2.1939297225862344e-06
4.5029494701453697e-03	0.0000000000000000e+00	2.2044353478419271e-06
4.5204027626653100e-03	0.0000000000000000e+00	2.2150006272722070e-06
4.5378560551852598e-03	0.0000000000000000e+00	2.2256252706928872e-06
4.5553093477052001e-03	0.0000000000000000e+00	2.2363089813657746e-06
4.5727626402251396e-03	0.0000000000000000e+00	2.2470514561073658e-06
4.5902159327450903e-03	0.0000000000000000e+00	2.2578523853972385e-06
4.6076692252650297e-03	0.0000000000000000e+00	2.2687114534861930e-06
4.6251225177849700e-03	0.0000000000000000e+00	2.2796283385042013e-06
4.6425758103049199e-03	0.0000000000000000e+00	2.2906027125680214e-06
4.6600291028248602e-03	0.0000000000000000e+00	2.3016342418885462e-06
4.6774823953447996e-03	0.0000000000000000e+00	2.3127225868779262e-06
4.6949356878647503e-03	0.0000000000000000e+00	2.3238674022563880e-06
4.7123889803846897e-03	0.0000000000000000e+00	2.3350683371587468e-06
4.7298422729046300e-03	0.0000000000000000e+00	2.3463250352406778e-06
4.7472955654245799e-03	0.0000000000000000e+00	2.3576371347846493e-06
4.7647488579445202e-03	0.0000000000000000e+00	2.3690042688055947e-06
4.7822021504644596e-03	0.0000000000000000e+00	2.3804260651562798e-06
4.7996554429844103e-03	0.0000000000000000e+00	2.3919021466323227e-06
4.8171087355043498e-03	0.0000000000000000e+00	2.4034321310769520e-06
4.8345620280242901e-03	0.0000000000000000e+00	2.4150156314854230e-06
4.8520153205442399e-03	0.0000000000000000e+00	2.4266522561091021e-06
4.8694686130641802e-03	0.0000000000000000e+00	2.4383416085592579e-06
4.8869219055841196e-03	0.0000000000000000e+00	2.4500832879105038e-06
4.9043751981040704e-03	0.0000000000000000e+00	2.4618768888038954e-06
4.9218284906240098e-03	0.0000000000000000e+00	2.4737220015496806e-06
4.9392817831439501e-03	0.0000000000000000e+00	2.4856182122297704e-06
4.9567350756638999e-03	0.0000000000000000e+00	2.4975651027997722e-06
4.9741883681838402e-03	0.0000000000000000e+00	2.5095622511906993e-06
4.9916416607037797e-03	0.0000000000000000e+00	2.5216092314103674e-06
5.0090949532237304e-03	0.0000000000000000e+00	2.5337056136443764e-06
5.0265482457436698e-03	0.0000000000000000e+00	2.5458509643567068e-06
5.0440015382636101e-03	0.0000000000000000e+00	2.5580448463900093e-06
5.0614548307835600e-03	0.0000000000000000e+00	2.5702868190654917e-06
5.0789081233035003e-03	0.0000000000000000e+00	2.5825764382823783e-06
5.0963614158234397e-03	0.0000000000000000e+00	2.5949132566170437e-06
5.1138147083433904e-03	0.0000000000000000e+00	2.6072968234217398e-06
5.1312680008633298e-03	0.0000000000000000e+00	2.6197266849228813e-06
5.1487212933832701e-03	0.0000000000000000e+00	2.6322023843190122e-06
5.1661745859032200e-03	0.0000000000000000e+00	2.6447234618783077e-06
5.1836278784231603e-03	0.0000000000000000e+00	2.6572894550356630e-06
5.2010811709430997e-03	0.0000000000000000e+00	2.6698998984894460e-06
5.2185344634630504e-03	0.0000000000000000e+00	2.6825543242977341e-06
5.2359877559829899e-03	0.0000000000000000e+00	2.6952522619741465e-06
5.2534410485029302e-03	0.0000000000000000e+00	2.7079932385833639e-06
5.2708943410228696e-03	0.0000000000000000e+00	2.7207767788360504e-06
5.2883476335428203e-03	0.0000000000000000e+00	2.7336024051834526e-06
5.3058009260627597e-03	0.0000000000000000e+00	2.7464696379115055e-06
5.3232542185827000e-03	0.0000000000000000e+00	2.7593779952345448e-06
5.3407075111026499e-03	0.0000000000000000e+00	2.7723269933885396e-06
5.3581608036225902e-03	0.0000000000000000e+00	2.7853161467238423e-06
5.3756140961425296e-03	0.0000000000000000e+00	2.7983449677975532e-06
5.3930673886624803e-03	0.0000000000000000e+00	2.8114129674653807e-06
5.4105206811824198e-03	0.0000000000000000e+00	2.8245196549730030e-06
5.4279739737023601e-03	0.0000000000000000e+00	2.8376645380470631e-06
5.4454272662223099e-03	0.0000000000000000e+00	2.8508471229856053e-06
5.4628805587422502e-03	0.0000000000000000e+00	2.8640669147480303e-06
5.4803338512621896e-03	0.0000000000000000e+00	2.8773234170446438e-06
5.4977871437821403e-03	0.0000000000000000e+00	2.8906161324256506e-06
5.5152404363020798e-03	0.0000000000000000e+00	2.9039445623696608e-06
5.5326937288220201e-03	0.0000000000000000e+00	2.9173082073717888e-06
5.5501470213419699e-03	0.0000000000000000e+00	2.9307065670311454e-06
5.5676003138619102e-03	0.0000000000000000e+00	2.9441391401378588e-06
5.5850536063818497e-03	0.0000000000000000e+00	2.9576054247596624e-06
5.6025068989018004e-03	0.0000000000000000e+00	2.9711049183278899e-06
5.6199601914217398e-03	0.0000000000000000e+00	2.9846371177229710e-06
5.6374134839416801e-03	0.0000000000000000e+00	2.9982015193594787e-06
5.6548667764616299e-03	0.0000000000000000e+00	3.0117976192705508e-06
5.6723200689815702e-03	0.0000000000000000e+00	3.0254249131918508e-06
5.6897733615015097e-03	0.0000000000000000e+00	3.0390828966450300e-06
5.7072266540214604e-03	0.0000000000000000e+00	3.0527710650205992e-06
5.7246799465413998e-03	0.0000000000000000e+00	3.0664889136602610e-06
5.7421332390613401e-03	0.0000000000000000e+00	3.0802359379387700e-06
5.7595865315812900e-03	0.0000000000000000e+00	3.0940116333451965e-06
5.7770398241012303e-03	0.0000000000000000e+00	3.1078154955636277e-06
5.7944931166211697e-03	0.0000000000000000e+00	3.1216470205533994e-06
5.8119464091411204e-03	0.0000000000000000e+00	3.1355057046287117e-06
5.8293997016610598e-03	0.0000000000000000e+00	3.1493910445376639e-06
5.8468529941810002e-03	0.0000000000000000e+00	3.1633025375408217e-06
5.8643062867009500e-03	0.0000000000000000e+00	3.1772396814891320e-06
5.8817595792208903e-03	0.0000000000000000e+00	3.1912019749013119e-06
5.8992128717408297e-03	0.0000000000000000e+00	3.2051889170406963e-06
5.9166661642607796e-03	0.0000000000000000e+00	3.2192000079914344e-06
5.9341194567807199e-03	0.0000000000000000e+00	3.2332347487341439e-06
5.9515727493006602e-03	0.0000000000000000e+00	3.2472926412210537e-06
5.9690260418206100e-03	0.0000000000000000e+00	3.2613731884504707e-06
5.9864793343405503e-03	0.0000000000000000e+00	3.2754758945406639e-06
6.0039326268604898e-03	0.0000000000000000e+00	3.2896002648032582e-06
6.0213859193804396e-03	0.0000000000000000e+00	3.3037458058159264e-06
6.0388392119003799e-03	0.0000000000000000e+00	3.3179120254945050e-06
6.0562925044203202e-03	0.0000000000000000e+00	3.3320984331645827e-06
6.0737457969402700e-03	0.0000000000000000e+00	3.3463045396324063e-06
6.0911990894602103e-03	0.0000000000000000e+00	3.3605298572552043e-06
6.1086523819801498e-03	0.0000000000000000e+00	3.3747739000109539e-06
6.1261056745000996e-03	0.0000000000000000e+00	3.3890361835674728e-06
6.1435589670200399e-03	0.0000000000000000e+00	3.4033162253508842e-06
6.1610122595399802e-03	0.0000000000000000e+00	3.4176135446135611e-06
6.1784655520599301e-03	0.0000000000000000e+00	3.4319276625013663e-06
6.1959188445798704e-03	0.0000000000000000e+00	3.4462581021202746e-06
6.2133721370998098e-03	0.0000000000000000e+00	3.4606043886024346e-06
6.2308254296197596e-03	0.0000000000000000e+00	3.4749660491715468e-06
6.2482787221396999e-03	0.0000000000000000e+00	3.4893426132076036e-06
6.2657320146596402e-03	0.0000000000000000e+00	3.5037336123110631e-06
6.2831853071795901e-03	0.0000000000000000e+00	3.5181385803663108e-06
6.3006385996995304e-03	0.0000000000000000e+00	3.5325570536045082e-06
6.3180918922194698e-03	0.0000000000000000e+00	3.5469885706658737e-06
6.3355451847394197e-03	0.0000000000000000e+00	3.5614326726612022e-06
6.3529984772593600e-03	0.0000000000000000e+00	3.5758889032327803e-06
6.3704517697793003e-03	0.0000000000000000e+00	3.5903568086147464e-06
6.3879050622992501e-03	0.0000000000000000e+00	3.6048359376926815e-06
6.4053583548191904e-03	0.0000000000000000e+00	3.6193258420625701e-06
6.4228116473391298e-03	0.0000000000000000e+00	3.6338260760891710e-06
6.4402649398590797e-03	0.0000000000000000e+00	3.6483361969636828e-06
6.4577182323790200e-03	0.0000000000000000e+00	3.6628557647607374e-06
6.4751715248989603e-03	0.0000000000000000e+00	3.6773843424947866e-06
6.4926248174188997e-03	0.0000000000000000e+00	3.6919214961757689e-06
6.5100781099388504e-03	0.0000000000000000e+00	3.7064667948641553e-06
6.5275314024587899e-03	0.0000000000000000e+00	3.7210198107252814e-06
6.5449846949787302e-03	0.0000000000000000e+00	3.7355801190831120e-06
6.5624379874986800e-03	0.0000000000000000e+00	3.7501472984731871e-06
6.5798912800186203e-03	0.0000000000000000e+00	3.7647209306949804e-06
6.5973445725385597e-03	0.0000000000000000e+00	3.7793006008636310e-06
6.6147978650585096e-03	0.0000000000000000e+00	3.7938858974609060e-06
6.6322511575784499e-03	0.0000000000000000e+00	3.8084764123855152e-06
6.6497044500983902e-03	0.0000000000000000e+00	3.8230717410027873e-06
6.6671577426183400e-03	0.0000000000000000e+00	3.8376714821936150e-06
6.6846110351382803e-03	0.0000000000000000e+00	3.8522752384027215e-06
6.7020643276582198e-03	0.0000000000000000e+00	3.8668826156863003e-06
6.7195176201781696e-03	0.0000000000000000e+00	3.8814932237589073e-06
6.7369709126981099e-03	0.0000000000000000e+00	3.8961066760396478e-06
6.7544242052180502e-03	0.0000000000000000e+00	3.9107225896977766e-06
6.7718774977380001e-03	0.0000000000000000e+00	3.9253405856975186e-06
6.7893307902579404e-03	0.0000000000000000e+00	3.9399602888421849e-06
6.8067840827778798e-03	0.0000000000000000e+00	3.9545813278177145e-06
6.8242373752978296e-03	0.0000000000000000e+00	3.9692033352353955e-06
6.8416906678177699e-03	0.0000000000000000e+00	3.9838259476739190e-06
6.8591439603377102e-03	0.0000000000000000e+00	3.9984488057208272e-06
6.8765972528576601e-03	0.0000000000000000e+00	4.0130715540131448e-06
6.8940505453776004e-03	0.0000000000000000e+00	4.0276938412773588e-06
6.9115038378975398e-03	0.0000000000000000e+00	4.0423153203687455e-06
6.9289571304174897e-03	0.0000000000000000e+00	4.0569356483099291e-06
6.9464104229374300e-03	0.0000000000000000e+00	4.0715544863287440e-06
6.9638637154573703e-03	0.0000000000000000e+00	4.0861714998954705e-06
6.9813170079773201e-03	0.0000000000000000e+00	4.1007863587592783e-06
6.9987703004972604e-03	0.0000000000000000e+00	4.1153987369839906e-06
7.0162235930171998e-03	0.0000000000000000e+00	4.1300083129832087e-06
7.0336768855371497e-03	0.0000000000000000e+00	4.1446147695546370e-06
7.0511301780570900e-03	0.0000000000000000e+00	4.1592177939137372e-06
7.0685834705770303e-03	0.0000000000000000e+00	4.1738170777267278e-06
7.0860367630969801e-03	0.0000000000000000e+00	4.1884123171428065e-06
7.1034900556169204e-03	0.0000000000000000e+00	4.2030032128256899e-06
7.1209433481368599e-03	0.0000000000000000e+00	4.2175894699844580e-06
7.1383966406568097e-03	0.0000000000000000e+00	4.2321707984036782e-06
7.1558499331767500e-03	0.0000000000000000e+00	4.2467469124728191e-06
7.1733032256966903e-03	0.0000000000000000e+00	4.2613175312149782e-06
7.1907565182166401e-03	0.0000000000000000e+00	4.2758823783148619e-06
7.2082098107365796e-03	0.0000000000000000e+00	4.2904411821460727e-06
7.2256631032565199e-03	0.0000000000000000e+00	4.3049936757977427e-06
7.2431163957764697e-03	0.0000000000000000e+00	4.3195395971003652e-06
7.2605696882964100e-03	0.0000000000000000e+00	4.3340786886509469e-06
7.2780229808163503e-03	0.0000000000000000e+00	4.3486106978375109e-06
7.2954762733363002e-03	0.0000000000000000e+00	4.3631353768628074e-06
7.3129295658562396e-03	0.0000000000000000e+00	4.3776524827673388e-06
7.3303828583761799e-03	0.0000000000000000e+00	4.3921617774517530e-06
7.3478361508961297e-03	0.0000000000000000e+00	4.4066630276984188e-06
7.3652894434160700e-03	0.0000000000000000e+00	4.4211560051923016e-06
7.3827427359360103e-03	0.0000000000000000e+00	4.4356404865412355e-06
7.4001960284559602e-03	0.0000000000000000e+00	4.4501162532953938e-06
7.4176493209758996e-03	0.0000000000000000e+00	4.4645830919660370e-06
7.4351026134958399e-03	0.0000000000000000e+00	4.4790407940436554e-06
7.4525559060157898e-03	0.0000000000000000e+00	4.4934891560153181e-06
7.4700091985357301e-03	0.0000000000000000e+00	4.5079279793813059e-06
7.4874624910556704e-03	0.0000000000000000e+00	4.5223570706711351e-06
7.5049157835756202e-03	0.0000000000000000e+00	4.5367762414587836e-06
7.5223690760955596e-03	0.0000000000000000e+00	4.5511853083772086e-06
7.5398223686154999e-03	0.0000000000000000e+00	4.5655840931322783e-06
7.5572756611354498e-03	0.0000000000000000e+00	4.5799724225158671e-06
7.5747289536553901e-03	0.0000000000000000e+00	4.5943501284182648e-06
7.5921822461753304e-03	0.0000000000000000e+00	4.6087170478400078e-06
7.6096355386952802e-03	0.0000000000000000e+00	4.6230730229028783e-06
7.6270888312152197e-03	0.0000000000000000e+00	4.6374179008602162e-06
7.6445421237351600e-03	0.0000000000000000e+00	4.6517515341066252e-06
7.6619954162551098e-03	0.0000000000000000e+00	4.6660737801869057e-06
7.6794487087750501e-03	0.0000000000000000e+00	4.6803845018042803e-06
7.6969020012949904e-03	0.0000000000000000e+00	4.6946835668279967e-06
7.7143552938149403e-03	0.0000000000000000e+00	4.7089708483001752e-06
7.7318085863348797e-03	0.0000000000000000e+00	4.7232462244419588e-06
7.7492618788548200e-03	0.0000000000000000e+00	4.7375095786590490e-06
7.7667151713747698e-03	0.0000000000000000e+00	4.7517607995464622e-06
7.7841684638947101e-03	0.0000000000000000e+00	4.7659997808926230e-06
7.8016217564146496e-03	0.0000000000000000e+00	4.7802264216828352e-06
7.8190750489345994e-03	0.0000000000000000e+00	4.7944406261019955e-06
7.8365283414545406e-03	0.0000000000000000e+00	4.8086423035366071e-06
7.8539816339744800e-03	0.0000000000000000e+00	4.8228313685761993e-06
7.8714349264944194e-03	0.0000000000000000e+00	4.8370077410140045e-06
7.8888882190143693e-03	0.0000000000000000e+00	4.8511713458469728e-06
7.9063415115343105e-03	0.0000000000000000e+00	4.8653221132750611e-06
7.9237948040542603e-03	0.0000000000000000e+00	4.8794599786999651e-06
7.9412480965741997e-03	0.0000000000000000e+00	4.8935848827230570e-06
7.9587013890941392e-03	0.0000000000000000e+00	4.9076967711427368e-06
7.9761546816140907e-03	0.0000000000000000e+00	4.9217955949510485e-06
7.9936079741340302e-03	0.0000000000000000e+00	4.9358813103296472e-06
8.0110612666539696e-03	0.0000000000000000e+00	4.9499538786451780e-06
8.0285145591739195e-03	0.0000000000000000e+00	4.9640132664438824e-06
8.0459678516938606e-03	0.0000000000000000e+00	4.9780594454455740e-06
8.0634211442138001e-03	0.0000000000000000e+00	4.9920923925370193e-06
8.0808744367337395e-03	0.0000000000000000e+00	5.0061120897645924e-06
8.0983277292536893e-03	0.0000000000000000e+00	5.0201185243263011e-06
8.1157810217736305e-03	0.0000000000000000e+00	5.0341116885631234e-06
8.1332343142935803e-03	0.0000000000000000e+00	5.0480915799497950e-06
8.1506876068135198e-03	0.0000000000000000e+00	5.0620582010848376e-06
8.1681408993334592e-03	0.0000000000000000e+00	5.0760115596800170e-06
8.1855941918534108e-03	0.0000000000000000e+00	5.0899516685491187e-06
8.2030474843733502e-03	0.0000000000000000e+00	5.1038785455960858e-06
8.2205007768932897e-03	0.0000000000000000e+00	5.1177922138025730e-06
8.2379540694132308e-03	0.0000000000000000e+00	5.1316927012147983e-06
8.2554073619331807e-03	0.0000000000000000e+00	5.1455800409298075e-06
8.2728606544531201e-03	0.0000000000000000e+00	5.1594542710810637e-06
8.2903139469730595e-03	0.0000000000000000e+00	5.1733154348234871e-06
8.3077672394930094e-03	0.0000000000000000e+00	5.1871635803178158e-06
8.3252205320129506e-03	0.0000000000000000e+00	5.2009987607143346e-06
8.3426738245328900e-03	0.0000000000000000e+00	5.2148210341360524e-06
8.3601271170528398e-03	0.0000000000000000e+00	5.2286304636612095e-06
8.3775804095727793e-03	0.0000000000000000e+00	5.2424271173051589e-06
8.3950337020927204e-03	0.0000000000000000e+00	5.2562110680017276e-06
8.4124869946126703e-03	0.0000000000000000e+00	5.2699823935838890e-06
8.4299402871326097e-03	0.0000000000000000e+00	5.2837411767638503e-06
8.4473935796525491e-03	0.0000000000000000e+00	5.2974875051125973e-06
8.4648468721725007e-03	0.0000000000000000e+00	5.3112214710387701e-06
8.4823001646924402e-03	0.0000000000000000e+00	5.3249431717669609e-06
8.4997534572123796e-03	0.0000000000000000e+00	5.3386527093154949e-06
8.5172067497323294e-03	0.0000000000000000e+00	5.3523501904735521e-06
8.5346600422522706e-03	0.0000000000000000e+00	5.3660357267777001e-06
8.5521133347722100e-03	0.0000000000000000e+00	5.3797094344879270e-06
8.5695666272921599e-03	0.0000000000000000e+00	5.3933714345630324e-06
8.5870199198120993e-03	0.0000000000000000e+00	5.4070218526354443e-06
8.6044732123320405e-03	0.0000000000000000e+00	5.4206608189855470e-06
8.6219265048519903e-03	0.0000000000000000e+00	5.4342884685153559e-06
8.6393797973719298e-03	0.0000000000000000e+00	5.4479049407216540e-06
8.6568330898918692e-03	0.0000000000000000e+00	5.4615103796686417e-06
8.6742863824118208e-03	0.0000000000000000e+00	5.4751049339599546e-06
8.6917396749317602e-03	0.0000000000000000e+00	5.4886887567101151e-06
8.7091929674516996e-03	0.0000000000000000e+00	5.5022620055155643e-06
8.7266462599716495e-03	0.0000000000000000e+00	5.5158248424250368e-06
8.7440995524915906e-03	0.0000000000000000e+00	5.5293774339093989e-06
8.7615528450115301e-03	0.0000000000000000e+00	5.5429199508310626e-06
8.7790061375314799e-03	0.0000000000000000e+00	5.5564525684127769e-06
8.7964594300514194e-03	0.0000000000000000e+00	5.5699754662058762e-06
8.8139127225713605e-03	0.0000000000000000e+00	5.5834888280581121e-06
8.8313660150913104e-03	0.0000000000000000e+00	5.5969928420808874e-06
8.8488193076112498e-03	0.0000000000000000e+00	5.6104877006159723e-06
8.8662726001311892e-03	0.0000000000000000e+00	5.6239736002017910e-06
8.8837258926511408e-03	0.0000000000000000e+00	5.6374507415391388e-06
8.9011791851710802e-03	0.0000000000000000e+00	5.6509193294563785e-06
8.9186324776910197e-03	0.0000000000000000e+00	5.6643795728742417e-06
8.9360857702109695e-03	0.0000000000000000e+00	5.6778316847700515e-06
8.9535390627309107e-03	0.0000000000000000e+00	5.6912758821414651e-06
8.9709923552508501e-03	0.0000000000000000e+00	5.7047123859698063e-06
8.9884456477708000e-03	0.0000000000000000e+00	5.7181414211828581e-06
9.0058989402907394e-03	0.0000000000000000e+00	5.7315632166171625e-06
9.0233522328106806e-03	0.0000000000000000e+00	5.7449780049799370e-06
9.0408055253306304e-03	0.0000000000000000e+00	5.7583860228104700e-06
9.0582588178505698e-03	0.0000000000000000e+00	5.7717875104410341e-06
9.0757121103705093e-03	0.0000000000000000e+00	5.7851827119574367e-06
9.0931654028904609e-03	0.0000000000000000e+00	5.7985718751590393e-06
9.1106186954104003e-03	0.0000000000000000e+00	5.8119552515183282e-06
9.1280719879303397e-03	0.0000000000000000e+00	5.8253330961401396e-06
9.1455252804502896e-03	0.0000000000000000e+00	5.8387056677203549e-06
9.1629785729702307e-03	0.0000000000000000e+00	5.8520732285041838e-06
9.1804318654901702e-03	0.0000000000000000e+00	5.8654360442440773e-06
9.1978851580101200e-03	0.0000000000000000e+00	5.8787943841571690e-06
9.2153384505300594e-03	0.0000000000000000e+00	5.8921485208822904e-06
9.2327917430500006e-03	0.0000000000000000e+00	5.9054987304366547e-06
9.2502450355699505e-03	0.0000000000000000e+00	5.9188452921720463e-06
9.2676983280898899e-03	0.0000000000000000e+00	5.9321884887306357e-06
9.2851516206098293e-03	0.0000000000000000e+00	5.9455286060004564e-06
9.3026049131297792e-03	0.0000000000000000e+00	5.9588659330704289e-06
9.3200582056497203e-03	0.0000000000000000e+00	5.9722007621849956e-06
9.3375114981696598e-03	0.0000000000000000e+00	5.9855333886984465e-06
9.3549647906896096e-03	0.0000000000000000e+00	5.9988641110288087e-06
9.3724180832095508e-03	0.0000000000000000e+00	6.0121932306113613e-06
9.3898713757294902e-03	0.0000000000000000e+00	6.0255210518518479e-06
9.4073246682494296e-03	0.0000000000000000e+00	6.0388478820792716e-06
9.4247779607693795e-03	0.0000000000000000e+00	6.0521740314983787e-06
9.4422312532893207e-03	0.0000000000000000e+00	6.0654998131417474e-06
9.4596845458092705e-03	0.0000000000000000e+00	6.0788255428216040e-06
9.4771378383292099e-03	0.0000000000000000e+00	6.0921515390812088e-06
9.4945911308491494e-03	0.0000000000000000e+00	6.1054781231460316e-06
9.5120444233690905e-03	0.0000000000000000e+00	6.1188056188744934e-06
9.5294977158890404e-03	0.0000000000000000e+00	6.1321343527084374e-06
9.5469510084089798e-03	0.0000000000000000e+00	6.1454646536232675e-06
9.5644043009289192e-03	0.0000000000000000e+00	6.1587968530778226e-06
9.5818575934488708e-03	0.0000000000000000e+00	6.1721312849638881e-06
9.5993108859688103e-03	0.0000000000000000e+00	6.1854682855554160e-06
9.6167641784887497e-03	0.0000000000000000e+00	6.1988081934575242e-06
9.6342174710086995e-03	0.0000000000000000e+00	6.2121513495551208e-06
9.6516707635286407e-03	0.0000000000000000e+00	6.2254980969612789e-06
9.6691240560485905e-03	0.0000000000000000e+00	6.2388487809653768e-06
9.6865773485685300e-03	0.0000000000000000e+00	6.2522037489808824e-06
9.7040306410884694e-03	0.0000000000000000e+00	6.2655633504929749e-06
9.7214839336084106e-03	0.0000000000000000e+00	6.2789279370058345e-06
9.7389372261283604e-03	0.0000000000000000e+00	6.2922978619897119e-06
9.7563905186482999e-03	0.0000000000000000e+00	6.3056734808277113e-06
9.7738438111682393e-03	0.0000000000000000e+00	6.3190551507624172e-06
9.7912971036881909e-03	0.0000000000000000e+00	6.3324432308422117e-06
9.8087503962081303e-03	0.0000000000000000e+00	6.3458380818673497e-06
9.8262036887280697e-03	0.0000000000000000e+00	6.3592400663359031e-06
9.8436569812480196e-03	0.0000000000000000e+00	6.3726495483894127e-06
9.8611102737679607e-03	0.0000000000000000e+00	6.3860668937583204e-06
9.8785635662879106e-03	0.0000000000000000e+00	6.3994924697072657e-06
9.8960168588078500e-03	0.0000000000000000e+00	6.4129266449800998e-06
9.9134701513277895e-03	0.0000000000000000e+00	6.4263697897447795e-06
9.9309234438477306e-03	0.0000000000000000e+00	6.4398222755380253e-06
9.9483767363676805e-03	0.0000000000000000e+00	6.4532844752098222e-06
9.9658300288876199e-03	0.0000000000000000e+00	6.4667567628676981e-06
9.9832833214075593e-03	0.0000000000000000e+00	6.4802395138209425e-06
1.0000736613927501e-02	0.0000000000000000e+00	6.4937331045245412e-06
1.0018189906447501e-02	0.0000000000000000e+00	6.5072379125230408e-06
1.0035643198967400e-02	0.0000000000000000e+00	6.5207543163940340e-06
1.0053096491487300e-02	0.0000000000000000e+00	6.5342826956920537e-06
1.0070549784007300e-02	0.0000000000000000e+00	6.5478234308917562e-06
1.0088003076527199e-02	0.0000000000000000e+00	6.5613769033309520e-06
1.0105456369047200e-02	0.0000000000000000e+00	6.5749434951542721e-06
1.0122909661567101e-02	0.0000000000000000e+00	6.5885235892555604e-06
1.0140362954087099e-02	0.0000000000000000e+00	6.6021175692213894e-06
1.0157816246607001e-02	0.0000000000000000e+00	6.6157258192732238e-06
1.0175269539126900e-02	0.0000000000000000e+00	6.6293487242106481e-06
1.0192722831646900e-02	0.0000000000000000e+00	6.6429866693537248e-06
1.0210176124166800e-02	0.0000000000000000e+00	6.6566400404852426e-06
1.0227629416686800e-02	0.0000000000000000e+00	6.6703092237936881e-06
1.0245082709206699e-02	0.0000000000000000e+00	6.6839946058149546e-06
1.0262536001726700e-02	0.0000000000000000e+00	6.6976965733752293e-06
1.0279989294246601e-02	0.0000000000000000e+00	6.7114155135325572e-06
1.0297442586766500e-02	0.0000000000000000e+00	6.7251518135195302e-06
1.0314895879286501e-02	0.0000000000000000e+00	6.7389058606851459e-06
1.0332349171806400e-02	0.0000000000000000e+00	6.7526780424366035e-06
1.0349802464326400e-02	0.0000000000000000e+00	6.7664687461818489e-06
1.0367255756846300e-02	0.0000000000000000e+00	6.7802783592709058e-06
1.0384709049366300e-02	0.0000000000000000e+00	6.7941072689384469e-06
1.0402162341886199e-02	0.0000000000000000e+00	6.8079558622450696e-06
1.0419615634406101e-02	0.0000000000000000e+00	6.8218245260197493e-06
1.0437068926926101e-02	0.0000000000000000e+00	6.8357136468014780e-06
1.0454522219446000e-02	0.0000000000000000e+00	6.8496236107809241e-06
1.0471975511966001e-02	0.0000000000000000e+00	6.8635548037428609e-06
1.0489428804485900e-02	0.0000000000000000e+00	6.8775076110074263e-06
1.0506882097005900e-02	0.0000000000000000e+00	6.8914824173726852e-06
1.0524335389525800e-02	0.0000000000000000e+00	6.9054796070559046e-06
1.0541788682045699e-02	0.0000000000000000e+00	6.9194995636360699e-06
1.0559241974565699e-02	0.0000000000000000e+00	6.9335426699956511e-06
1.0576695267085601e-02	0.0000000000000000e+00	6.9476093082623808e-06
1.0594148559605601e-02	0.0000000000000000e+00	6.9616998597519012e-06
1.0611601852125500e-02	0.0000000000000000e+00	6.9758147049092562e-06
1.0629055144645501e-02	0.0000000000000000e+00	6.9899542232517183e-06
1.0646508437165400e-02	0.0000000000000000e+00	7.0041187933103972e-06
1.0663961729685400e-02	0.0000000000000000e+00	7.0183087925732083e-06
1.0681415022205300e-02	0.0000000000000000e+00	7.0325245974266354e-06
1.0698868314725199e-02	0.0000000000000000e+00	7.0467665830987797e-06
1.0716321607245199e-02	0.0000000000000000e+00	7.0610351236017003e-06
1.0733774899765101e-02	0.0000000000000000e+00	7.0753305916738303e-06
1.0751228192285101e-02	0.0000000000000000e+00	7.0896533587233124e-06
1.0768681484805000e-02	0.0000000000000000e+00	7.1040037947702410e-06
1.0786134777325001e-02	0.0000000000000000e+00	7.1183822683903085e-06
1.0803588069844900e-02	0.0000000000000000e+00	7.1327891466572636e-06
1.0821041362364800e-02	0.0000000000000000e+00	7.1472247950867262e-06
1.0838494654884800e-02	0.0000000000000000e+00	7.1616895775793140e-06
1.0855947947404699e-02	0.0000000000000000e+00	7.1761838563639039e-06
1.0873401239924699e-02	0.0000000000000000e+00	7.1907079919418756e-06
1.0890854532444601e-02	0.0000000000000000e+00	7.2052623430302541e-06
1.0908307824964599e-02	0.0000000000000000e+00	7.2198472665063369e-06
1.0925761117484500e-02	0.0000000000000000e+00	7.2344631173511594e-06
1.0943214410004400e-02	0.0000000000000000e+00	7.2491102485943627e-06
1.0960667702524400e-02	0.0000000000000000e+00	7.2637890112584381e-06
1.0978120995044300e-02	0.0000000000000000e+00	7.2784997543031053e-06
1.0995574287564300e-02	0.0000000000000000e+00	7.2932428245707480e-06
1.1013027580084199e-02	0.0000000000000000e+00	7.3080185667307759e-06
1.1030480872604199e-02	0.0000000000000000e+00	7.3228273232255290e-06
1.1047934165124101e-02	0.0000000000000000e+00	7.3376694342150328e-06
1.1065387457644000e-02	0.0000000000000000e+00	7.3525452375232377e-06
1.1082840750164000e-02	0.0000000000000000e+00	7.3674550685836424e-06
1.1100294042683900e-02	0.0000000000000000e+00	7.3823992603851087e-06
1.1117747335203900e-02	0.0000000000000000e+00	7.3973781434187762e-06
1.1135200627723800e-02	0.0000000000000000e+00	7.4123920456239323e-06
1.1152653920243800e-02	0.0000000000000000e+00	7.4274412923354857e-06
1.1170107212763699e-02	0.0000000000000000e+00	7.4425262062303073e-06
1.1187560505283699e-02	0.0000000000000000e+00	7.4576471072752157e-06
1.1205013797803601e-02	0.0000000000000000e+00	7.4728043126738293e-06
1.1222467090323500e-02	0.0000000000000000e+00	7.4879981368149712e-06
1.1239920382843500e-02	0.0000000000000000e+00	7.5032288912204999e-06
1.1257373675363400e-02	0.0000000000000000e+00	7.5184968844933868e-06
1.1274826967883400e-02	0.0000000000000000e+00	7.5338024222669698e-06
1.1292280260403300e-02	0.0000000000000000e+00	7.5491458071531691e-06
1.1309733552923300e-02	0.0000000000000000e+00	7.5645273386923961e-06
1.1327186845443199e-02	0.0000000000000000e+00	7.5799473133023603e-06
1.1344640137963101e-02	0.0000000000000000e+00	7.5954060242285015e-06
1.1362093430483101e-02	0.0000000000000000e+00	7.6109037614938344e-06
1.1379546723003000e-02	0.0000000000000000e+00	7.6264408118491246e-06
1.1397000015523000e-02	0.0000000000000000e+00	7.6420174587242609e-06
1.1414453308042900e-02	0.0000000000000000e+00	7.6576339821786291e-06
1.1431906600562900e-02	0.0000000000000000e+00	7.6732906588532303e-06
1.1449359893082800e-02	0.0000000000000000e+00	7.6889877619217027e-06
1.1466813185602699e-02	0.0000000000000000e+00	7.7047255610430462e-06
1.1484266478122699e-02	0.0000000000000000e+00	7.7205043223137895e-06
1.1501719770642601e-02	0.0000000000000000e+00	7.7363243082205068e-06
1.1519173063162601e-02	0.0000000000000000e+00	7.7521857775935851e-06
1.1536626355682500e-02	0.0000000000000000e+00	7.7680889855600103e-06
1.1554079648202500e-02	0.0000000000000000e+00	7.7840341834979787e-06
1.1571532940722400e-02	0.0000000000000000e+00	7.8000216189904044e-06
1.1588986233242300e-02	0.0000000000000000e+00	7.8160515357801915e-06
1.1606439525762300e-02	0.0000000000000000e+00	7.8321241737249783e-06
1.1623892818282199e-02	0.0000000000000000e+00	7.8482397687522533e-06
1.1641346110802199e-02	0.0000000000000000e+00	7.8643985528157972e-06
1.1658799403322101e-02	0.0000000000000000e+00	7.8806007538511411e-06
1.1676252695842101e-02	0.0000000000000000e+00	7.8968465957328996e-06
1.1693705988362000e-02	0.0000000000000000e+00	7.9131362982310416e-06
1.1711159280882000e-02	0.0000000000000000e+00	7.9294700769690543e-06
1.1728612573401900e-02	0.0000000000000000e+00	7.9458481433810353e-06
1.1746065865921800e-02	0.0000000000000000e+00	7.9622707046706184e-06
1.1763519158441800e-02	0.0000000000000000e+00	7.9787379637693881e-06
1.1780972450961699e-02	0.0000000000000000e+00	7.9952501192957114e-06
1.1798425743481699e-02	0.0000000000000000e+00	8.0118073655149872e-06
1.1815879036001601e-02	0.0000000000000000e+00	8.0284098922988865e-06
1.1833332328521601e-02	0.0000000000000000e+00	8.0450578850865607e-06
1.1850785621041500e-02	0.0000000000000000e+00	8.0617515248448065e-06
1.1868238913561400e-02	0.0000000000000000e+00	8.0784909880301075e-06
1.1885692206081400e-02	0.0000000000000000e+00	8.0952764465501620e-06
1.1903145498601300e-02	0.0000000000000000e+00	8.1121080677259000e-06
1.1920598791121300e-02	0.0000000000000000e+00	8.1289860142549322e-06
1.1938052083641199e-02	0.0000000000000000e+00	8.1459104441740115e-06
1.1955505376161199e-02	0.0000000000000000e+00	8.1628815108235416e-06
1.1972958668681101e-02	0.0000000000000000e+00	8.1798993628110131e-06
1.1990411961201000e-02	0.0000000000000000e+00	8.1969641439763644e-06
1.2007865253721000e-02	0.0000000000000000e+00	8.2140759933569027e-06
1.2025318546240900e-02	0.0000000000000000e+00	8.2312350451526947e-06
1.2042771838760900e-02	0.0000000000000000e+00	8.2484414286934434e-06
1.2060225131280800e-02	0.0000000000000000e+00	8.2656952684043978e-06
1.2077678423800800e-02	0.0000000000000000e+00	8.2829966837743559e-06
1.2095131716320699e-02	0.0000000000000000e+00	8.3003457893225907e-06
1.2112585008840600e-02	0.0000000000000000e+00	8.3177426945677874e-06
1.2130038301360601e-02	0.0000000000000000e+00	8.3351875039965151e-06
1.2147491593880500e-02	0.0000000000000000e+00	8.3526803170322137e-06
1.2164944886400500e-02	0.0000000000000000e+00	8.3702212280057186e-06
1.2182398178920400e-02	0.0000000000000000e+00	8.3878103261248119e-06
1.2199851471440400e-02	0.0000000000000000e+00	8.4054476954459264e-06
1.2217304763960300e-02	0.0000000000000000e+00	8.4231334148447681e-06
1.2234758056480201e-02	0.0000000000000000e+00	8.4408675579890159e-06
1.2252211349000199e-02	0.0000000000000000e+00	8.4586501933105393e-06
1.2269664641520101e-02	0.0000000000000000e+00	8.4764813839781994e-06
1.2287117934040101e-02	0.0000000000000000e+00	8.4943611878721799e-06
1.2304571226560000e-02	0.0000000000000000e+00	8.5122896575573907e-06
1.2322024519080000e-02	0.0000000000000000e+00	8.5302668402590560e-06
1.2339477811599900e-02	0.0000000000000000e+00	8.5482927778372170e-06
1.2356931104119900e-02	0.0000000000000000e+00	8.5663675067634760e-06
1.2374384396639800e-02	0.0000000000000000e+00	8.5844910580966457e-06
1.2391837689159701e-02	0.0000000000000000e+00	8.6026634574605366e-06
1.2409290981679699e-02	0.0000000000000000e+00	8.6208847250212769e-06
1.2426744274199601e-02	0.0000000000000000e+00	8.6391548754652440e-06
1.2444197566719601e-02	0.0000000000000000e+00	8.6574739179785880e-06
1.2461650859239500e-02	0.0000000000000000e+00	8.6758418562258158e-06
1.2479104151759500e-02	0.0000000000000000e+00	8.6942586883306207e-06
1.2496557444279400e-02	0.0000000000000000e+00	8.7127244068556365e-06
1.2514010736799299e-02	0.0000000000000000e+00	8.7312389987843726e-06
1.2531464029319300e-02	0.0000000000000000e+00	8.7498024455027004e-06
1.2548917321839201e-02	0.0000000000000000e+00	8.7684147227809292e-06
1.2566370614359199e-02	0.0000000000000000e+00	8.7870758007575681e-06
1.2583823906879101e-02	0.0000000000000000e+00	8.8057856439221073e-06
1.2601277199399101e-02	0.0000000000000000e+00	8.8245442111000976e-06
1.2618730491919000e-02	0.0000000000000000e+00	8.8433514554371593e-06
1.2636183784438900e-02	0.0000000000000000e+00	8.8622073243852131e-06
1.2653637076958900e-02	0.0000000000000000e+00	8.8811117596882536e-06
1.2671090369478799e-02	0.0000000000000000e+00	8.9000646973687370e-06
1.2688543661998800e-02	0.0000000000000000e+00	8.9190660677157095e-06
1.2705996954518701e-02	0.0000000000000000e+00	8.9381157952719084e-06
1.2723450247038699e-02	0.0000000000000000e+00	8.9572137988232473e-06
1.2740903539558601e-02	0.0000000000000000e+00	8.9763599913871978e-06
1.2758356832078500e-02	0.0000000000000000e+00	8.9955542802034303e-06
1.2775810124598500e-02	0.0000000000000000e+00	9.0147965667240235e-06
1.2793263417118400e-02	0.0000000000000000e+00	9.0340867466042797e-06
1.2810716709638400e-02	0.0000000000000000e+00	9.0534247096953227e-06
1.2828170002158299e-02	0.0000000000000000e+00	9.0728103400356622e-06
1.2845623294678300e-02	0.0000000000000000e+00	9.0922435158451825e-06
1.2863076587198201e-02	0.0000000000000000e+00	9.1117241095180060e-06
1.2880529879718199e-02	0.0000000000000000e+00	9.1312519876177798e-06
1.2897983172238101e-02	0.0000000000000000e+00	9.1508270108718570e-06
1.2915436464758000e-02	0.0000000000000000e+00	9.1704490341677677e-06
1.2932889757278000e-02	0.0000000000000000e+00	9.1901179065492736e-06
1.2950343049797900e-02	0.0000000000000000e+00	9.2098334712130392e-06
1.2967796342317900e-02	0.0000000000000000e+00	9.2295955655071174e-06
1.2985249634837799e-02	0.0000000000000000e+00	9.2494040209283910e-06
1.3002702927357800e-02	0.0000000000000000e+00	9.2692586631224920e-06
1.3020156219877701e-02	0.0000000000000000e+00	9.2891593118825679e-06
1.3037609512397600e-02	0.0000000000000000e+00	9.3091057811504204e-06
1.3055062804917601e-02	0.0000000000000000e+00	9.3290978790171776e-06
1.3072516097437500e-02	0.0000000000000000e+00	9.3491354077246242e-06
1.3089969389957500e-02	0.0000000000000000e+00	9.3692181636683623e-06
1.3107422682477400e-02	0.0000000000000000e+00	9.3893459373998937e-06
1.3124875974997400e-02	0.0000000000000000e+00	9.4095185136312496e-06
1.3142329267517299e-02	0.0000000000000000e+00	9.4297356712384296e-06
1.3159782560037201e-02	0.0000000000000000e+00	9.4499971832672531e-06
1.3177235852557199e-02	0.0000000000000000e+00	9.4703028169387139e-06
1.3194689145077100e-02	0.0000000000000000e+00	9.4906523336550455e-06
1.3212142437597101e-02	0.0000000000000000e+00	9.5110454890075812e-06
1.3229595730117000e-02	0.0000000000000000e+00	9.5314820327835878e-06
1.3247049022637000e-02	0.0000000000000000e+00	9.5519617089756140e-06
1.3264502315156900e-02	0.0000000000000000e+00	9.5724842557896621e-06
1.3281955607676799e-02	0.0000000000000000e+00	9.5930494056557914e-06
1.3299408900196799e-02	0.0000000000000000e+00	9.6136568852382349e-06
1.3316862192716701e-02	0.0000000000000000e+00	9.6343064154461859e-06
1.3334315485236699e-02	0.0000000000000000e+00	9.6549977114464556e-06
1.3351768777756600e-02	0.0000000000000000e+00	9.6757304826750418e-06
1.3369222070276601e-02	0.0000000000000000e+00	9.6965044328512514e-06
1.3386675362796500e-02	0.0000000000000000e+00	9.7173192599906421e-06
1.3404128655316400e-02	0.0000000000000000e+00	9.7381746564203983e-06
1.3421581947836400e-02	0.0000000000000000e+00	9.7590703087942253e-06
1.3439035240356299e-02	0.0000000000000000e+00	9.7800058981079022e-06
1.3456488532876299e-02	0.0000000000000000e+00	9.8009810997167296e-06
1.3473941825396201e-02	0.0000000000000000e+00	9.8219955833518532e-06
1.3491395117916199e-02	0.0000000000000000e+00	9.8430490131391983e-06
1.3508848410436100e-02	0.0000000000000000e+00	9.8641410476171733e-06
1.3526301702956101e-02	0.0000000000000000e+00	9.8852713397569386e-06
1.3543754995476000e-02	0.0000000000000000e+00	9.9064395369814909e-06
1.3561208287995900e-02	0.0000000000000000e+00	9.9276452811871925e-06
1.3578661580515900e-02	0.0000000000000000e+00	9.9488882087647930e-06
1.3596114873035799e-02	0.0000000000000000e+00	9.9701679506211291e-06
1.3613568165555799e-02	0.0000000000000000e+00	9.9914841322027174e-06
1.3631021458075701e-02	0.0000000000000000e+00	1.0012836373518203e-05
1.3648474750595699e-02	0.0000000000000000e+00	1.0034224289163438e-05
1.3665928043115600e-02	0.0000000000000000e+00	1.0055647488345298e-05
1.3683381335635500e-02	0.0000000000000000e+00	1.0077105574907978e-05
1.3700834628155500e-02	0.0000000000000000e+00	1.0098598147358776e-05
1.3718287920675400e-02	0.0000000000000000e+00	1.0120124798894537e-05
1.3735741213195400e-02	0.0000000000000000e+00	1.0141685117430007e-05
1.3753194505715299e-02	0.0000000000000000e+00	1.0163278685625003e-05
1.3770647798235299e-02	0.0000000000000000e+00	1.0184905080914249e-05
1.3788101090755201e-02	0.0000000000000000e+00	1.0206563875535889e-05
1.3805554383275100e-02	0.0000000000000000e+00	1.0228254636562545e-05
1.3823007675795100e-02	0.0000000000000000e+00	1.0249976925931799e-05
1.3840460968315000e-02	0.0000000000000000e+00	1.0271730300477334e-05
1.3857914260835000e-02	0.0000000000000000e+00	1.0293514311962008e-05
1.3875367553354900e-02	0.0000000000000000e+00	1.0315328507109704e-05
1.3892820845874900e-02	0.0000000000000000e+00	1.0337172427639862e-05
1.3910274138394799e-02	0.0000000000000000e+00	1.0359045610300657e-05
1.3927727430914701e-02	0.0000000000000000e+00	1.0380947586904732e-05
1.3945180723434701e-02	0.0000000000000000e+00	1.0402877884364322e-05
1.3962634015954600e-02	0.0000000000000000e+00	1.0424836024727059e-05
1.3980087308474600e-02	0.0000000000000000e+00	1.0446821525213672e-05
1.3997540600994500e-02	0.0000000000000000e+00	1.0468833898254462e-05
1.4014993893514500e-02	0.0000000000000000e+00	1.0490872651528451e-05
1.4032447186034400e-02	0.0000000000000000e+00	1.0512937288001160e-05
1.4049900478554400e-02	0.0000000000000000e+00	1.0535027305965064e-05
1.4067353771074299e-02	0.0000000000000000e+00	1.0557142199078654e-05
1.4084807063594201e-02	0.0000000000000000e+00	1.0579281456408074e-05
1.4102260356114201e-02	0.0000000000000000e+00	1.0601444562468109e-05
1.4119713648634100e-02	0.0000000000000000e+00	1.0623630997263830e-05
1.4137166941154100e-02	0.0000000000000000e+00	1.0645840236334149e-05
1.4154620233674000e-02	0.0000000000000000e+00	1.0668071750794085e-05
1.4172073526194000e-02	0.0000000000000000e+00	1.0690325007379734e-05
1.4189526818713900e-02	0.0000000000000000e+00	1.0712599468491808e-05
1.4206980111233799e-02	0.0000000000000000e+00	1.0734894592241733e-05
1.4224433403753799e-02	0.0000000000000000e+00	1.0757209832497095e-05
1.4241886696273701e-02	0.0000000000000000e+00	1.0779544638927700e-05
1.4259339988793701e-02	0.0000000000000000e+00	1.0801898457053549e-05
1.4276793281313600e-02	0.0000000000000000e+00	1.0824270728291520e-05
1.4294246573833600e-02	0.0000000000000000e+00	1.0846660890004712e-05
1.4311699866353500e-02	0.0000000000000000e+00	1.0869068375550338e-05
1.4329153158873400e-02	0.0000000000000000e+00	1.0891492614330178e-05
1.4346606451393400e-02	0.0000000000000000e+00	1.0913933031840347e-05
1.4364059743913299e-02	0.0000000000000000e+00	1.0936389049721672e-05
1.4381513036433299e-02	0.0000000000000000e+00	1.0958860085811961e-05
1.4398966328953201e-02	0.0000000000000000e+00	1.0981345554196938e-05
1.4416419621473201e-02	0.0000000000000000e+00	1.1003844865263842e-05
1.4433872913993100e-02	0.0000000000000000e+00	1.1026357425753566e-05
1.4451326206513000e-02	0.0000000000000000e+00	1.1048882638815307e-05
1.4468779499033000e-02	0.0000000000000000e+00	1.1071419904060522e-05
1.4486232791552900e-02	0.0000000000000000e+00	1.1093968617617470e-05
1.4503686084072900e-02	0.0000000000000000e+00	1.1116528172187647e-05
1.4521139376592799e-02	0.0000000000000000e+00	1.1139097957100821e-05
1.4538592669112799e-02	0.0000000000000000e+00	1.1161677358372749e-05
1.4556045961632701e-02	0.0000000000000000e+00	1.1184265758761379e-05
1.4573499254152701e-02	0.0000000000000000e+00	1.1206862537825698e-05
1.4590952546672600e-02	0.0000000000000000e+00	1.1229467071983075e-05
1.4608405839192500e-02	0.0000000000000000e+00	1.1252078734569108e-05
1.4625859131712500e-02	0.0000000000000000e+00	1.1274696895896728e-05
1.4643312424232400e-02	0.0000000000000000e+00	1.1297320923315868e-05
1.4660765716752400e-02	0.0000000000000000e+00	1.1319950181274978e-05
1.4678219009272299e-02	0.0000000000000000e+00	1.1342584031381134e-05
1.4695672301792299e-02	0.0000000000000000e+00	1.1365221832462781e-05
1.4713125594312201e-02	0.0000000000000000e+00	1.1387862940630924e-05
1.4730578886832100e-02	0.0000000000000000e+00	1.1410506709342814e-05
1.4748032179352100e-02	0.0000000000000000e+00	1.1433152489464871e-05
1.4765485471872000e-02	0.0000000000000000e+00	1.1455799629336120e-05
1.4782938764392000e-02	0.0000000000000000e+00	1.1478447474833472e-05
1.4800392056911900e-02	0.0000000000000000e+00	1.1501095369435551e-05
1.4817845349431900e-02	0.0000000000000000e+00	1.1523742654289139e-05
1.4835298641951799e-02	0.0000000000000000e+00	1.1546388668274039e-05
1.4852751934471701e-02	0.0000000000000000e+00	1.1569032748070420e-05
1.4870205226991701e-02	0.0000000000000000e+00	1.1591674228225328e-05
1.4887658519511600e-02	0.0000000000000000e+00	1.1614312441219728e-05
1.4905111812031600e-02	0.0000000000000000e+00	1.1636946717537339e-05
1.4922565104551500e-02	0.0000000000000000e+00	1.1659576385731988e-05
1.4940018397071500e-02	0.0000000000000000e+00	1.1682200772497554e-05
1.4957471689591400e-02	0.0000000000000000e+00	1.1704819202736308e-05
1.4974924982111301e-02	0.0000000000000000e+00	1.1727430999629674e-05
1.4992378274631299e-02	0.0000000000000000e+00	1.1750035484708175e-05
1.5009831567151201e-02	0.0000000000000000e+00	1.1772631977921846e-05
1.5027284859671201e-02	0.0000000000000000e+00	1.1795219797712391e-05
1.5044738152191100e-02	0.0000000000000000e+00	1.1817798261083881e-05
1.5062191444711100e-02	0.0000000000000000e+00	1.1840366683675979e-05
1.5079644737231000e-02	0.0000000000000000e+00	1.1862924379835515e-05
1.5097098029750899e-02	0.0000000000000000e+00	1.1885470662690481e-05
1.5114551322270900e-02	0.0000000000000000e+00	1.1908004844223166e-05
1.5132004614790801e-02	0.0000000000000000e+00	1.1930526235343706e-05
1.5149457907310799e-02	0.0000000000000000e+00	1.1953034145965378e-05
1.5166911199830701e-02	0.0000000000000000e+00	1.1975527885078394e-05
1.5184364492350701e-02	0.0000000000000000e+00	1.1998006760826148e-05
1.5201817784870600e-02	0.0000000000000000e+00	1.2020470080579849e-05
1.5219271077390600e-02	0.0000000000000000e+00	1.2042917151015618e-05
1.5236724369910500e-02	0.0000000000000000e+00	1.2065347278189914e-05
1.5254177662430399e-02	0.0000000000000000e+00	1.2087759767617321e-05
1.5271630954950400e-02	0.0000000000000000e+00	1.2110153924347429e-05
1.5289084247470301e-02	0.0000000000000000e+00	1.2132529053042110e-05
1.5306537539990299e-02	0.0000000000000000e+00	1.2154884458054460e-05
1.5323990832510201e-02	0.0000000000000000e+00	1.2177219443506214e-05
1.5341444125030201e-02	0.0000000000000000e+00	1.2199533313367566e-05
1.5358897417550100e-02	0.0000000000000000e+00	1.2221825371535343e-05
1.5376350710070000e-02	0.0000000000000000e+00	1.2244094921913417e-05
1.5393804002590000e-02	0.0000000000000000e+00	1.2266341268492245e-05
1.5411257295109899e-02	0.0000000000000000e+00	1.2288563715428745e-05
1.5428710587629900e-02	0.0000000000000000e+00	1.2310761567127800e-05
1.5446163880149801e-02	0.0000000000000000e+00	1.2332934128322186e-05
1.5463617172669799e-02	0.0000000000000000e+00	1.2355080704154891e-05
1.5481070465189701e-02	0.0000000000000000e+00	1.2377200600259740e-05
1.5498523757709600e-02	0.0000000000000000e+00	1.2399293122844210e-05
1.5515977050229600e-02	0.0000000000000000e+00	1.2421357578771360e-05
1.5533430342749500e-02	0.0000000000000000e+00	1.2443393275642039e-05
1.5550883635269500e-02	0.0000000000000000e+00	1.2465399521878676e-05
1.5568336927789399e-02	0.0000000000000000e+00	1.2487375626807493e-05
1.5585790220309400e-02	0.0000000000000000e+00	1.2509320900743037e-05
1.5603243512829299e-02	0.0000000000000000e+00	1.2531234655070974e-05
1.5620696805349200e-02	0.0000000000000000e+00	1.2553116202333083e-05
1.5638150097869199e-02	0.0000000000000000e+00	1.2574964856311255e-05
1.5655603390389100e-02	0.0000000000000000e+00	1.2596779932111803e-05
1.5673056682909099e-02	0.0000000000000000e+00	1.2618560746251246e-05
1.5690509975429000e-02	0.0000000000000000e+00	1.2640306616740550e-05
1.5707963267949002e-02	0.0000000000000000e+00	1.2662016863171568e-05
1.5725416560468899e-02	0.0000000000000000e+00	1.2683690806801770e-05
1.5742869852988801e-02	0.0000000000000000e+00	1.2705327770641105e-05
1.5760323145508799e-02	0.0000000000000000e+00	1.2726927079537811e-05
1.5777776438028700e-02	0.0000000000000000e+00	1.2748488060264536e-05
1.5795229730548699e-02	0.0000000000000000e+00	1.2770010041605859e-05
1.5812683023068600e-02	0.0000000000000000e+00	1.2791492354444243e-05
1.5830136315588599e-02	0.0000000000000000e+00	1.2812934331848131e-05
1.5847589608108500e-02	0.0000000000000000e+00	1.2834335309158329e-05
1.5865042900628502e-02	0.0000000000000000e+00	1.2855694624076540e-05
1.5882496193148399e-02	0.0000000000000000e+00	1.2877011616752137e-05
1.5899949485668301e-02	0.0000000000000000e+00	1.2898285629871003e-05
1.5917402778188299e-02	0.0000000000000000e+00	1.2919516008743280e-05
1.5934856070708200e-02	0.0000000000000000e+00	1.2940702101391367e-05
1.5952309363228199e-02	0.0000000000000000e+00	1.2961843258639264e-05
1.5969762655748100e-02	0.0000000000000000e+00	1.2982938834200308e-05
1.5987215948268099e-02	0.0000000000000000e+00	1.3003988184766973e-05
1.6004669240788000e-02	0.0000000000000000e+00	1.3024990670098946e-05
1.6022122533307901e-02	0.0000000000000000e+00	1.3045945653113116e-05
1.6039575825827899e-02	0.0000000000000000e+00	1.3066852499972545e-05
1.6057029118347801e-02	0.0000000000000000e+00	1.3087710580175577e-05
1.6074482410867799e-02	0.0000000000000000e+00	1.3108519266646257e-05
1.6091935703387700e-02	0.0000000000000000e+00	1.3129277935823127e-05
1.6109388995907699e-02	0.0000000000000000e+00	1.3149985967750016e-05
1.6126842288427600e-02	0.0000000000000000e+00	1.3170642746165085e-05
1.6144295580947501e-02	0.0000000000000000e+00	1.3191247658591718e-05
1.6161748873467500e-02	0.0000000000000000e+00	1.3211800096428380e-05
1.6179202165987401e-02	0.0000000000000000e+00	1.3232299455038552e-05
1.6196655458507399e-02	0.0000000000000000e+00	1.3252745133841928e-05
1.6214108751027301e-02	0.0000000000000000e+00	1.3273136536403987e-05
1.6231562043547299e-02	0.0000000000000000e+00	1.3293473070527446e-05
1.6249015336067200e-02	0.0000000000000000e+00	1.3313754148341990e-05
1.6266468628587199e-02	0.0000000000000000e+00	1.3333979186395882e-05
1.6283921921107100e-02	0.0000000000000000e+00	1.3354147605745836e-05
1.6301375213627001e-02	0.0000000000000000e+00	1.3374258832048623e-05
1.6318828506147000e-02	0.0000000000000000e+00	1.3394312295651601e-05
1.6336281798666901e-02	0.0000000000000000e+00	1.3414307431683307e-05
1.6353735091186899e-02	0.0000000000000000e+00	1.3434243680145195e-05
1.6371188383706801e-02	0.0000000000000000e+00	1.3454120486001745e-05
1.6388641676226799e-02	0.0000000000000000e+00	1.3473937299272366e-05
1.6406094968746700e-02	0.0000000000000000e+00	1.3493693575121546e-05
1.6423548261266602e-02	0.0000000000000000e+00	1.3513388773950681e-05
1.6441001553786600e-02	0.0000000000000000e+00	1.3533022361488801e-05
1.6458454846306501e-02	0.0000000000000000e+00	1.3552593808883309e-05
1.6475908138826500e-02	0.0000000000000000e+00	1.3572102592791799e-05
1.6493361431346401e-02	0.0000000000000000e+00	1.3591548195472238e-05
1.6510814723866400e-02	0.0000000000000000e+00	1.3610930104874860e-05
1.6528268016386301e-02	0.0000000000000000e+00	1.3630247814732310e-05
1.6545721308906199e-02	0.0000000000000000e+00	1.3649500824651378e-05
1.6563174601426200e-02	0.0000000000000000e+00	1.3668688640203633e-05
1.6580627893946102e-02	0.0000000000000000e+00	1.3687810773015968e-05
1.6598081186466100e-02	0.0000000000000000e+00	1.3706866740862236e-05
1.6615534478986001e-02	0.0000000000000000e+00	1.3725856067753184e-05
1.6632987771506000e-02	0.0000000000000000e+00	1.3744778284028046e-05
1.6650441064025901e-02	0.0000000000000000e+00	1.3763632926444367e-05
1.6667894356545799e-02	0.0000000000000000e+00	1.3782419538269344e-05
1.6685347649065801e-02	0.0000000000000000e+00	1.3801137669370045e-05
1.6702800941585699e-02	0.0000000000000000e+00	1.3819786876303502e-05
1.6720254234105700e-02	0.0000000000000000e+00	1.3838366722407843e-05
1.6737707526625598e-02	0.0000000000000000e+00	1.3856876777891651e-05
1.6755160819145600e-02	0.0000000000000000e+00	1.3875316619924996e-05
1.6772614111665501e-02	0.0000000000000000e+00	1.3893685832728605e-05
1.6790067404185399e-02	0.0000000000000000e+00	1.3911984007664531e-05
1.6807520696705401e-02	0.0000000000000000e+00	1.3930210743325655e-05
1.6824973989225299e-02	0.0000000000000000e+00	1.3948365645625020e-05
1.6842427281745301e-02	0.0000000000000000e+00	1.3966448327886137e-05
1.6859880574265199e-02	0.0000000000000000e+00	1.3984458410931524e-05
1.6877333866785200e-02	0.0000000000000000e+00	1.4002395523172820e-05
1.6894787159305098e-02	0.0000000000000000e+00	1.4020259300699041e-05
1.6912240451825100e-02	0.0000000000000000e+00	1.4038049387366379e-05
1.6929693744345001e-02	0.0000000000000000e+00	1.4055765434886145e-05
1.6947147036864899e-02	0.0000000000000000e+00	1.4073407102914112e-05
1.6964600329384901e-02	0.0000000000000000e+00	1.4090974059138653e-05
1.6982053621904799e-02	0.0000000000000000e+00	1.4108465979368680e-05
1.6999506914424801e-02	0.0000000000000000e+00	1.4125882547622449e-05
1.7016960206944699e-02	0.0000000000000000e+00	1.4143223456214602e-05
1.7034413499464700e-02	0.0000000000000000e+00	1.4160488405844683e-05
1.7051866791984598e-02	0.0000000000000000e+00	1.4177677105683784e-05
1.7069320084504500e-02	0.0000000000000000e+00	1.4194789273462535e-05
1.7086773377024501e-02	0.0000000000000000e+00	1.4211824635557822e-05
1.7104226669544399e-02	0.0000000000000000e+00	1.4228782927079328e-05
1.7121679962064401e-02	0.0000000000000000e+00	1.4245663891956839e-05
1.7139133254584299e-02	0.0000000000000000e+00	1.4262467283025786e-05
1.7156586547104301e-02	0.0000000000000000e+00	1.4279192862114174e-05
1.7174039839624199e-02	0.0000000000000000e+00	1.4295840400127665e-05
1.7191493132144100e-02	0.0000000000000000e+00	1.4312409677135899e-05
1.7208946424664098e-02	0.0000000000000000e+00	1.4328900482457542e-05
1.7226399717184000e-02	0.0000000000000000e+00	1.4345312614745135e-05
1.7243853009704001e-02	0.0000000000000000e+00	1.4361645882070571e-05
1.7261306302223899e-02	0.0000000000000000e+00	1.4377900102008913e-05
1.7278759594743901e-02	0.0000000000000000e+00	1.4394075101723431e-05
1.7296212887263799e-02	0.0000000000000000e+00	1.4410170718048823e-05
1.7313666179783700e-02	0.0000000000000000e+00	1.4426186797575611e-05
1.7331119472303699e-02	0.0000000000000000e+00	1.4442123196733231e-05
1.7348572764823600e-02	0.0000000000000000e+00	1.4457979781872890e-05
1.7366026057343598e-02	0.0000000000000000e+00	1.4473756429350986e-05
1.7383479349863500e-02	0.0000000000000000e+00	1.4489453025610873e-05
1.7400932642383501e-02	0.0000000000000000e+00	1.4505069467265754e-05
1.7418385934903399e-02	0.0000000000000000e+00	1.4520605661179783e-05
1.7435839227423401e-02	0.0000000000000000e+00	1.4536061524550314e-05
1.7453292519943299e-02	0.0000000000000000e+00	1.4551436984988342e-05
1.7470745812463200e-02	0.0000000000000000e+00	1.4566731980599984e-05
1.7488199104983199e-02	0.0000000000000000e+00	1.4581946460066673e-05
1.7505652397503100e-02	0.0000000000000000e+00	1.4597080382725062e-05
1.7523105690023098e-02	0.0000000000000000e+00	1.4612133718647395e-05
1.7540558982543000e-02	0.0000000000000000e+00	1.4627106448720241e-05
1.7558012275063001e-02	0.0000000000000000e+00	1.4641998564724231e-05
1.7575465567582899e-02	0.0000000000000000e+00	1.4656810069412054e-05
1.7592918860102801e-02	0.0000000000000000e+00	1.4671540976587370e-05
1.7610372152622799e-02	0.0000000000000000e+00	1.4686191311182448e-05
1.7627825445142700e-02	0.0000000000000000e+00	1.4700761109335474e-05
1.7645278737662699e-02	0.0000000000000000e+00	1.4715250418468250e-05
1.7662732030182600e-02	0.0000000000000000e+00	1.4729659297362297e-05
1.7680185322702598e-02	0.0000000000000000e+00	1.4743987816235826e-05
1.7697638615222500e-02	0.0000000000000000e+00	1.4758236056819038e-05
1.7715091907742401e-02	0.0000000000000000e+00	1.4772404112430197e-05
1.7732545200262399e-02	0.0000000000000000e+00	1.4786492088050486e-05
1.7749998492782301e-02	0.0000000000000000e+00	1.4800500100398454e-05
1.7767451785302299e-02	0.0000000000000000e+00	1.4814428278004816e-05
1.7784905077822200e-02	0.0000000000000000e+00	1.4828276761285635e-05
1.7802358370342199e-02	0.0000000000000000e+00	1.4842045702616335e-05
1.7819811662862100e-02	0.0000000000000000e+00	1.4855735266404015e-05
1.7837264955382001e-02	0.0000000000000000e+00	1.4869345629160477e-05
1.7854718247902000e-02	0.0000000000000000e+00	1.4882876979574039e-05
1.7872171540421901e-02	0.0000000000000000e+00	1.4896329518580888e-05
1.7889624832941899e-02	0.0000000000000000e+00	1.4909703459436732e-05
1.7907078125461801e-02	0.0000000000000000e+00	1.4922999027786858e-05
1.7924531417981799e-02	0.0000000000000000e+00	1.4936216461736906e-05
1.7941984710501700e-02	0.0000000000000000e+00	1.4949356011922001e-05
1.7959438003021699e-02	0.0000000000000000e+00	1.4962417941576572e-05
1.7976891295541600e-02	0.0000000000000000e+00	1.4975402526602512e-05
1.7994344588061501e-02	0.0000000000000000e+00	1.4988310055637958e-05
1.8011797880581500e-02	0.0000000000000000e+00	1.5001140830124832e-05
1.8029251173101401e-02	0.0000000000000000e+00	1.5013895164375907e-05
1.8046704465621399e-02	0.0000000000000000e+00	1.5026573385642074e-05
1.8064157758141301e-02	0.0000000000000000e+00	1.5039175834178046e-05
1.8081611050661299e-02	0.0000000000000000e+00	1.5051702863308679e-05
1.8099064343181200e-02	0.0000000000000000e+00	1.5064154839493651e-05
1.8116517635701102e-02	0.0000000000000000e+00	1.5076532142392677e-05
1.8133970928221100e-02	0.0000000000000000e+00	1.5088835164929506e-05
1.8151424220741001e-02	0.0000000000000000e+00	1.5101064313355395e-05
1.8168877513261000e-02	0.0000000000000000e+00	1.5113220007312735e-05
1.8186330805780901e-02	0.0000000000000000e+00	1.5125302679897114e-05
1.8203784098300899e-02	0.0000000000000000e+00	1.5137312777719942e-05
1.8221237390820801e-02	0.0000000000000000e+00	1.5149250760969445e-05
1.8238690683340698e-02	0.0000000000000000e+00	1.5161117103472116e-05
1.8256143975860700e-02	0.0000000000000000e+00	1.5172912292752968e-05
1.8273597268380602e-02	0.0000000000000000e+00	1.5184636830095196e-05
1.8291050560900600e-02	0.0000000000000000e+00	1.5196291230599984e-05
1.8308503853420501e-02	0.0000000000000000e+00	1.5207876023244749e-05
1.8325957145940500e-02	0.0000000000000000e+00	1.5219391750941856e-05
1.8343410438460401e-02	0.0000000000000000e+00	1.5230838970595732e-05
1.8360863730980299e-02	0.0000000000000000e+00	1.5242218253160383e-05
1.8378317023500301e-02	0.0000000000000000e+00	1.5253530183695696e-05
1.8395770316020198e-02	0.0000000000000000e+00	1.5264775361423133e-05
1.8413223608540200e-02	0.0000000000000000e+00	1.5275954399781524e-05
1.8430676901060102e-02	0.0000000000000000e+00	1.5287067926481288e-05
1.8448130193580100e-02	0.0000000000000000e+00	1.5298116583559086e-05
1.8465583486100001e-02	0.0000000000000000e+00	1.5309101027430886e-05
1.8483036778619899e-02	0.0000000000000000e+00	1.5320021928945350e-05
1.8500490071139901e-02	0.0000000000000000e+00	1.5330879973436018e-05
1.8517943363659799e-02	0.0000000000000000e+00	1.5341675860772876e-05
1.8535396656179801e-02	0.0000000000000000e+00	1.5352410305413958e-05
1.8552849948699698e-02	0.0000000000000000e+00	1.5363084036455371e-05
1.8570303241219700e-02	0.0000000000000000e+00	1.5373697797681752e-05
1.8587756533739602e-02	0.0000000000000000e+00	1.5384252347615071e-05
1.8605209826259600e-02	0.0000000000000000e+00	1.5394748459563836e-05
1.8622663118779501e-02	0.0000000000000000e+00	1.5405186921670697e-05
1.8640116411299399e-02	0.0000000000000000e+00	1.5415568536960299e-05
1.8657569703819401e-02	0.0000000000000000e+00	1.5425894123385959e-05
1.8675022996339299e-02	0.0000000000000000e+00	1.5436164513875673e-05
1.8692476288859301e-02	0.0000000000000000e+00	1.5446380556378115e-05
1.8709929581379198e-02	0.0000000000000000e+00	1.5456543113907081e-05
1.8727382873899200e-02	0.0000000000000000e+00	1.5466653064586279e-05
1.8744836166419102e-02	0.0000000000000000e+00	1.5476711301692503e-05
1.8762289458938999e-02	0.0000000000000000e+00	1.5486718733699059e-05
1.8779742751459001e-02	0.0000000000000000e+00	1.5496676284317970e-05
1.8797196043978899e-02	0.0000000000000000e+00	1.5506584892541511e-05
1.8814649336498901e-02	0.0000000000000000e+00	1.5516445512683699e-05
1.8832102629018799e-02	0.0000000000000000e+00	1.5526259114420238e-05
1.8849555921538801e-02	0.0000000000000000e+00	1.5536026682828759e-05
1.8867009214058698e-02	0.0000000000000000e+00	1.5545749218427456e-05
1.8884462506578600e-02	0.0000000000000000e+00	1.5555427737213951e-05
1.8901915799098602e-02	0.0000000000000000e+00	1.5565063270702887e-05
1.8919369091618499e-02	0.0000000000000000e+00	1.5574656865962898e-05
1.8936822384138501e-02	0.0000000000000000e+00	1.5584209585653464e-05
1.8954275676658399e-02	0.0000000000000000e+00	1.5593722508060231e-05
1.8971728969178401e-02	0.0000000000000000e+00	1.5603196727130604e-05
1.8989182261698299e-02	0.0000000000000000e+00	1.5612633352507727e-05
1.9006635554218200e-02	0.0000000000000000e+00	1.5622033509564658e-05
1.9024088846738198e-02	0.0000000000000000e+00	1.5631398339437288e-05
1.9041542139258100e-02	0.0000000000000000e+00	1.5640728999056616e-05
1.9058995431778102e-02	0.0000000000000000e+00	1.5650026661180846e-05
1.9076448724297999e-02	0.0000000000000000e+00	1.5659292514426035e-05
1.9093902016818001e-02	0.0000000000000000e+00	1.5668527763296888e-05
1.9111355309337899e-02	0.0000000000000000e+00	1.5677733628216020e-05
1.9128808601857800e-02	0.0000000000000000e+00	1.5686911345553346e-05
1.9146261894377799e-02	0.0000000000000000e+00	1.5696062167654224e-05
1.9163715186897700e-02	0.0000000000000000e+00	1.5705187362866940e-05
1.9181168479417698e-02	0.0000000000000000e+00	1.5714288215570007e-05
1.9198621771937600e-02	0.0000000000000000e+00	1.5723366026197990e-05
1.9216075064457602e-02	0.0000000000000000e+00	1.5732422111267473e-05
1.9233528356977499e-02	0.0000000000000000e+00	1.5741457803401512e-05
1.9250981649497501e-02	0.0000000000000000e+00	1.5750474451354205e-05
1.9268434942017399e-02	0.0000000000000000e+00	1.5759473420033735e-05
1.9285888234537300e-02	0.0000000000000000e+00	1.5768456090525511e-05
1.9303341527057299e-02	0.0000000000000000e+00	1.5777423860114065e-05
1.9320794819577200e-02	0.0000000000000000e+00	1.5786378142304274e-05
1.9338248112097198e-02	0.0000000000000000e+00	1.5795320366842376e-05
1.9355701404617100e-02	0.0000000000000000e+00	1.5804251979735522e-05
1.9373154697137102e-02	0.0000000000000000e+00	1.5813174443271445e-05
1.9390607989656999e-02	0.0000000000000000e+00	1.5822089236036602e-05
1.9408061282176901e-02	0.0000000000000000e+00	1.5830997852934381e-05
1.9425514574696899e-02	0.0000000000000000e+00	1.5839901805202083e-05
1.9442967867216800e-02	0.0000000000000000e+00	1.5848802620427207e-05
1.9460421159736799e-02	0.0000000000000000e+00	1.5857701842563532e-05
1.9477874452256700e-02	0.0000000000000000e+00	1.5866601031945723e-05
1.9495327744776698e-02	0.0000000000000000e+00	1.5875501765304053e-05
1.9512781037296600e-02	0.0000000000000000e+00	1.5884405635777598e-05
1.9530234329816501e-02	0.0000000000000000e+00	1.5893314252927468e-05
1.9547687622336499e-02	0.0000000000000000e+00	1.5902229242748849e-05
1.9565140914856401e-02	0.0000000000000000e+00	1.5911152247682307e-05
1.9582594207376399e-02	0.0000000000000000e+00	1.5920084926624903e-05
1.9600047499896300e-02	0.0000000000000000e+00	1.5929028954939842e-05
1.9617500792416299e-02	0.0000000000000000e+00	1.5937986024466185e-05
1.9634954084936200e-02	0.0000000000000000e+00	1.5946957843527095e-05
1.9652407377456101e-02	0.0000000000000000e+00	1.5955946136938082e-05
1.9669860669976100e-02	0.0000000000000000e+00	1.5964952646014047e-05
1.9687313962496001e-02	0.0000000000000000e+00	1.5973979128575616e-05
1.9704767255015999e-02	0.0000000000000000e+00	1.5983027358955263e-05
1.9722220547535901e-02	0.0000000000000000e+00	1.5992099128001965e-05
1.9739673840055899e-02	0.0000000000000000e+00	1.6001196243085955e-05
1.9757127132575800e-02	0.0000000000000000e+00	1.6010320528101935e-05
1.9774580425095799e-02	0.0000000000000000e+00	1.6019473823472415e-05
1.9792033717615700e-02	0.0000000000000000e+00	1.6028657986149510e-05
1.9809487010135601e-02	0.0000000000000000e+00	1.6037874889616790e-05
1.9826940302655600e-02	0.0000000000000000e+00	1.6047126423889912e-05
1.9844393595175501e-02	0.0000000000000000e+00	1.6056414495516537e-05
1.9861846887695499e-02	0.0000000000000000e+00	1.6065741027576049e-05
1.9879300180215401e-02	0.0000000000000000e+00	1.6075107959677799e-05
1.9896753472735399e-02	0.0000000000000000e+00	1.6084517247959457e-05
1.9914206765255300e-02	0.0000000000000000e+00	1.6093970865083812e-05
1.9931660057775202e-02	0.0000000000000000e+00	1.6103470800235678e-05
1.9949113350295200e-02	0.0000000000000000e+00	1.6113019059117545e-05
1.9966566642815101e-02	0.0000000000000000e+00	1.6122617663944506e-05
1.9984019935335100e-02	0.0000000000000000e+00	1.6132268653439058e-05
2.0001473227855001e-02	0.0000000000000000e+00	1.6141974082824336e-05
2.0018926520374999e-02	0.0000000000000000e+00	1.6151736023817542e-05
2.0036379812894901e-02	0.0000000000000000e+00	1.6161556564621779e-05
2.0053833105414798e-02	0.0000000000000000e+00	1.6171437809918017e-05
2.0071286397934800e-02	0.0000000000000000e+00	1.6181381880855808e-05
2.0088739690454702e-02	0.0000000000000000e+00	1.6191390915043264e-05
2.0106192982974700e-02	0.0000000000000000e+00	1.6201467066536932e-05
2.0123646275494601e-02	0.0000000000000000e+00	1.6211612505830111e-05
2.0141099568014600e-02	0.0000000000000000e+00	1.6221829419841368e-05
2.0158552860534501e-02	0.0000000000000000e+00	1.6232120011901448e-05
2.0176006153054399e-02	0.0000000000000000e+00	1.6242486501740353e-05
2.0193459445574401e-02	0.0000000000000000e+00	1.6252931125473159e-05
2.0210912738094299e-02	0.0000000000000000e+00	1.6263456135585086e-05
2.0228366030614300e-02	0.0000000000000000e+00	1.6274063800916539e-05
2.0245819323134202e-02	0.0000000000000000e+00	1.6284756406646484e-05
2.0263272615654200e-02	0.0000000000000000e+00	1.6295536254276172e-05
2.0280725908174101e-02	0.0000000000000000e+00	1.6306405661611161e-05
2.0298179200694100e-02	0.0000000000000000e+00	1.6317366962743609e-05
2.0315632493214001e-02	0.0000000000000000e+00	1.6328422508032955e-05
2.0333085785733899e-02	0.0000000000000000e+00	1.6339574664086791e-05
2.0350539078253901e-02	0.0000000000000000e+00	1.6350825813740457e-05
2.0367992370773799e-02	0.0000000000000000e+00	1.6362178356035917e-05
2.0385445663293800e-02	0.0000000000000000e+00	1.6373634706200657e-05
2.0402898955813702e-02	0.0000000000000000e+00	1.6385197295624868e-05
2.0420352248333700e-02	0.0000000000000000e+00	1.6396868571839042e-05
2.0437805540853601e-02	0.0000000000000000e+00	1.6408650998489808e-05
2.0455258833373499e-02	0.0000000000000000e+00	1.6420547055316122e-05
2.0472712125893501e-02	0.0000000000000000e+00	1.6432559238124103e-05
2.0490165418413399e-02	0.0000000000000000e+00	1.6444690058761177e-05
2.0507618710933401e-02	0.0000000000000000e+00	1.6456942045090288e-05
2.0525072003453299e-02	0.0000000000000000e+00	1.6469317740962333e-05
2.0542525295973300e-02	0.0000000000000000e+00	1.6481819706189133e-05
2.0559978588493202e-02	0.0000000000000000e+00	1.6494450516514548e-05
2.0577431881013099e-02	0.0000000000000000e+00	1.6507212763586043e-05
2.0594885173533101e-02	0.0000000000000000e+00	1.6520109054924855e-05
2.0612338466052999e-02	0.0000000000000000e+00	1.6533142013895502e-05
2.0629791758573001e-02	0.0000000000000000e+00	1.6546314279675422e-05
2.0647245051092899e-02	0.0000000000000000e+00	1.6559628507222746e-05
2.0664698343612901e-02	0.0000000000000000e+00	1.6573087367244738e-05
2.0682151636132799e-02	0.0000000000000000e+00	1.6586693546164296e-05
2.0699604928652700e-02	0.0000000000000000e+00	1.6600449746086988e-05
2.0717058221172702e-02	0.0000000000000000e+00	1.6614358684766679e-05
2.0734511513692599e-02	0.0000000000000000e+00	1.6628423095570498e-05
2.0751964806212601e-02	0.0000000000000000e+00	1.6642645727443989e-05
2.0769418098732499e-02	0.0000000000000000e+00	1.6657029344874377e-05
2.0786871391252501e-02	0.0000000000000000e+00	1.6671576727854550e-05
2.0804324683772399e-02	0.0000000000000000e+00	1.6686290671845086e-05
2.0821777976292300e-02	0.0000000000000000e+00	1.6701173987736871e-05
2.0839231268812299e-02	0.0000000000000000e+00	1.6716229501812286e-05
2.0856684561332200e-02	0.0000000000000000e+00	1.6731460055705774e-05
2.0874137853852202e-02	0.0000000000000000e+00	1.6746868506364607e-05
2.0891591146372099e-02	0.0000000000000000e+00	1.6762457726007772e-05
2.0909044438892101e-02	0.0000000000000000e+00	1.6778230602085649e-05
2.0926497731411999e-02	0.0000000000000000e+00	1.6794190037237613e-05
2.0943951023932001e-02	0.0000000000000000e+00	1.6810338949250547e-05
