0.0000000000000000e+00	0.0000000000000000e+00	3.4324527657686515e-03
1.7453292519943300e-05	0.0000000000000000e+00	3.4273195414160152e-03
3.4906585039886600e-05	0.0000000000000000e+00	3.4222000781222403e-03
5.2359877559829903e-05	0.0000000000000000e+00	3.4170943596339579e-03
6.9813170079773199e-05	0.0000000000000000e+00	3.4121411845646744e-03
8.7266462599716496e-05	0.0000000000000000e+00	3.4073127336532766e-03
1.0471975511966000e-04	0.0000000000000000e+00	3.4024978389889486e-03
1.2217304763960301e-04	0.0000000000000000e+00	3.3976964794908355e-03
1.3962634015954599e-04	0.0000000000000000e+00	3.3929086338530807e-03
1.5707963267949001e-04	0.0000000000000000e+00	3.3881342805452169e-03
1.7453292519943299e-04	0.0000000000000000e+00	3.3834870540848847e-03
1.9198621771937600e-04	0.0000000000000000e+00	3.3789986201835450e-03
2.0943951023931999e-04	0.0000000000000000e+00	3.3745234079191134e-03
2.2689280275926300e-04	0.0000000000000000e+00	3.3700613909040337e-03
2.4434609527920601e-04	0.0000000000000000e+00	3.3656125425318151e-03
2.6179938779914903e-04	0.0000000000000000e+00	3.3611768359740838e-03
2.7925268031909301e-04	0.0000000000000000e+00	3.3569455064271715e-03
2.9670597283903603e-04	0.0000000000000000e+00	3.3528032911369948e-03
3.1415926535897898e-04	0.0000000000000000e+00	3.3486738641606527e-03
3.3161255787892303e-04	0.0000000000000000e+00	3.3445571938023394e-03
3.4906585039886598e-04	0.0000000000000000e+00	3.3404532481534919e-03
3.6651914291880900e-04	0.0000000000000000e+00	3.3364491168689594e-03
3.8397243543875201e-04	0.0000000000000000e+00	3.3326455423697177e-03
4.0142572795869599e-04	0.0000000000000000e+00	3.3288542604784292e-03
4.1887902047863901e-04	0.0000000000000000e+00	3.3250752344201658e-03
4.3633231299858202e-04	0.0000000000000000e+00	3.3213084272161017e-03
4.5378560551852601e-04	0.0000000000000000e+00	3.3176068792091489e-03
4.7123889803846902e-04	0.0000000000000000e+00	3.3141463738897634e-03
4.8869219055841203e-04	0.0000000000000000e+00	3.3106975764786036e-03
5.0614548307835602e-04	0.0000000000000000e+00	3.3072604451521606e-03
5.2359877559829903e-04	0.0000000000000000e+00	3.3038349378866970e-03
5.4105206811824204e-04	0.0000000000000000e+00	3.3005028737753297e-03
5.5850536063818505e-04	0.0000000000000000e+00	3.2973886438738800e-03
5.7595865315812904e-04	0.0000000000000000e+00	3.2942854481996108e-03
5.9341194567807205e-04	0.0000000000000000e+00	3.2911932399181812e-03
6.1086523819801496e-04	0.0000000000000000e+00	3.2881119720135029e-03
6.2831853071795905e-04	0.0000000000000000e+00	3.2852077115118881e-03
6.4577182323790196e-04	0.0000000000000000e+00	3.2824417372472711e-03
6.6322511575784497e-04	0.0000000000000000e+00	3.2796860347756199e-03
6.8067840827778798e-04	0.0000000000000000e+00	3.2769405523255329e-03
6.9813170079773197e-04	0.0000000000000000e+00	3.2742052379526954e-03
7.1558499331767498e-04	0.0000000000000000e+00	3.2717784464424333e-03
7.3303828583761799e-04	0.0000000000000000e+00	3.2693614810156155e-03
7.5049157835756198e-04	0.0000000000000000e+00	3.2669539366750994e-03
7.6794487087750499e-04	0.0000000000000000e+00	3.2645557567973224e-03
7.8539816339744800e-04	0.0000000000000000e+00	3.2623354955166619e-03
8.0285145591739199e-04	0.0000000000000000e+00	3.2602585229984243e-03
8.2030474843733500e-04	0.0000000000000000e+00	3.2581900945317585e-03
8.3775804095727801e-04	0.0000000000000000e+00	3.2561301488881959e-03
8.5521133347722102e-04	0.0000000000000000e+00	3.2541435629126498e-03
8.7266462599716501e-04	0.0000000000000000e+00	3.2524068659514557e-03
8.9011791851710802e-04	0.0000000000000000e+00	3.2506777585530862e-03
9.0757121103705104e-04	0.0000000000000000e+00	3.2489561749789978e-03
9.2502450355699502e-04	0.0000000000000000e+00	3.2472420493607798e-03
9.4247779607693804e-04	0.0000000000000000e+00	3.2458269718900873e-03
9.5993108859688105e-04	0.0000000000000000e+00	3.2444364224519665e-03
9.7738438111682406e-04	0.0000000000000000e+00	3.2430523613177853e-03
9.9483767363676805e-04	0.0000000000000000e+00	3.2416747182334020e-03
1.0122909661567101e-03	0.0000000000000000e+00	3.2405300764112711e-03
1.0297442586766500e-03	0.0000000000000000e+00	3.2394763597324953e-03
1.0471975511966000e-03	0.0000000000000000e+00	3.2384280203219119e-03
1.0646508437165401e-03	0.0000000000000000e+00	3.2373849836701851e-03
1.0821041362364800e-03	0.0000000000000000e+00	3.2365182262795037e-03
1.0995574287564300e-03	0.0000000000000000e+00	3.2357986632118086e-03
1.1170107212763701e-03	0.0000000000000000e+00	3.2350832920464844e-03
1.1344640137963100e-03	0.0000000000000000e+00	3.2343720341575432e-03
1.1519173063162600e-03	0.0000000000000000e+00	3.2337843376731294e-03
1.1693705988361999e-03	0.0000000000000000e+00	3.2333953052008694e-03
1.1868238913561400e-03	0.0000000000000000e+00	3.2330092062859933e-03
1.2042771838760900e-03	0.0000000000000000e+00	3.2326259583456965e-03
1.2217304763960299e-03	0.0000000000000000e+00	3.2323122749094973e-03
1.2391837689159700e-03	0.0000000000000000e+00	3.2322492181406141e-03
1.2566370614359201e-03	0.0000000000000000e+00	3.2321877651281801e-03
1.2740903539558599e-03	0.0000000000000000e+00	3.2321278295067610e-03
1.2915436464758000e-03	0.0000000000000000e+00	3.2320769493795263e-03
1.3089969389957501e-03	0.0000000000000000e+00	3.2323343954279381e-03
1.3264502315156899e-03	0.0000000000000000e+00	3.2325920456721916e-03
1.3439035240356300e-03	0.0000000000000000e+00	3.2328498101522373e-03
1.3613568165555801e-03	0.0000000000000000e+00	3.2331075988982598e-03
1.3788101090755199e-03	0.0000000000000000e+00	3.2336160121307742e-03
1.3962634015954600e-03	0.0000000000000000e+00	3.2341863226026737e-03
1.4137166941154101e-03	0.0000000000000000e+00	3.2347552764579218e-03
1.4311699866353500e-03	0.0000000000000000e+00	3.2353227803612471e-03
1.4486232791552900e-03	0.0000000000000000e+00	3.2360505651914287e-03
1.4660765716752401e-03	0.0000000000000000e+00	3.2369262102293207e-03
1.4835298641951800e-03	0.0000000000000000e+00	3.2377989621405214e-03
1.5009831567151201e-03	0.0000000000000000e+00	3.2386687244468221e-03
1.5184364492350699e-03	0.0000000000000000e+00	3.2395860327030439e-03
1.5358897417550100e-03	0.0000000000000000e+00	3.2407588235543196e-03
1.5533430342749501e-03	0.0000000000000000e+00	3.2419271213118563e-03
1.5707963267948999e-03	0.0000000000000000e+00	3.2430908265904269e-03
1.5882496193148400e-03	0.0000000000000000e+00	3.2442498400760060e-03
1.6057029118347801e-03	0.0000000000000000e+00	3.2456229578742115e-03
1.6231562043547299e-03	0.0000000000000000e+00	3.2470777098298023e-03
1.6406094968746700e-03	0.0000000000000000e+00	3.2485262055807784e-03
1.6580627893946101e-03	0.0000000000000000e+00	3.2499683431856017e-03
1.6755160819145599e-03	0.0000000000000000e+00	3.2514492863722558e-03
1.6929693744345000e-03	0.0000000000000000e+00	3.2531805845819012e-03
1.7104226669544401e-03	0.0000000000000000e+00	3.2549039045392668e-03
1.7278759594743899e-03	0.0000000000000000e+00	3.2566191419379216e-03
1.7453292519943300e-03	0.0000000000000000e+00	3.2583261926090457e-03
1.7627825445142699e-03	0.0000000000000000e+00	3.2601577201234891e-03
1.7802358370342200e-03	0.0000000000000000e+00	3.2621451091899194e-03
1.7976891295541600e-03	0.0000000000000000e+00	3.2641226359123804e-03
1.8151424220740999e-03	0.0000000000000000e+00	3.2660901940690487e-03
1.8325957145940500e-03	0.0000000000000000e+00	3.2680476776081229e-03
1.8500490071139900e-03	0.0000000000000000e+00	3.2701633827585622e-03
1.8675022996339299e-03	0.0000000000000000e+00	3.2723916288533140e-03
1.8849555921538800e-03	0.0000000000000000e+00	3.2746080722921346e-03
1.9024088846738201e-03	0.0000000000000000e+00	3.2768126052979884e-03
1.9198621771937599e-03	0.0000000000000000e+00	3.2790051202980955e-03
1.9373154697137100e-03	0.0000000000000000e+00	3.2813315810200443e-03
1.9547687622336499e-03	0.0000000000000000e+00	3.2837845592052629e-03
1.9722220547535902e-03	0.0000000000000000e+00	3.2862237421751620e-03
1.9896753472735400e-03	0.0000000000000000e+00	3.2886490209704045e-03
2.0071286397934799e-03	0.0000000000000000e+00	3.2910602868778940e-03
2.0245819323134202e-03	0.0000000000000000e+00	3.2935173404725127e-03
2.0420352248333700e-03	0.0000000000000000e+00	3.2961780784333517e-03
2.0594885173533099e-03	0.0000000000000000e+00	3.2988229805266159e-03
2.0769418098732502e-03	0.0000000000000000e+00	3.3014519370067985e-03
2.0943951023932000e-03	0.0000000000000000e+00	3.3040648384050088e-03
2.1118483949131399e-03	0.0000000000000000e+00	3.3066615755409190e-03
2.1293016874330802e-03	0.0000000000000000e+00	3.3094165963418638e-03
2.1467549799530201e-03	0.0000000000000000e+00	3.3122493999693300e-03
2.1642082724729699e-03	0.0000000000000000e+00	3.3150641731875341e-03
2.1816615649929102e-03	0.0000000000000000e+00	3.3178608061888697e-03
2.1991148575128501e-03	0.0000000000000000e+00	3.3206391894845997e-03
2.2165681500327999e-03	0.0000000000000000e+00	3.3233992139133431e-03
2.2340214425527402e-03	0.0000000000000000e+00	3.3263373853053249e-03
2.2514747350726801e-03	0.0000000000000000e+00	3.3293193696784327e-03
2.2689280275926299e-03	0.0000000000000000e+00	3.3322810902727154e-03
2.2863813201125698e-03	0.0000000000000000e+00	3.3352224377191523e-03
2.3038346126325101e-03	0.0000000000000000e+00	3.3381433030106808e-03
2.3212879051524599e-03	0.0000000000000000e+00	3.3410435775097871e-03
2.3387411976723998e-03	0.0000000000000000e+00	3.3440425051693141e-03
2.3561944901923401e-03	0.0000000000000000e+00	3.3471499794255960e-03
2.3736477827122899e-03	0.0000000000000000e+00	3.3502349237739476e-03
2.3911010752322298e-03	0.0000000000000000e+00	3.3532972298010175e-03
2.4085543677521701e-03	0.0000000000000000e+00	3.3563367895001884e-03
2.4260076602721200e-03	0.0000000000000000e+00	3.3593534952761151e-03
2.4434609527920598e-03	0.0000000000000000e+00	3.3623472399486611e-03
2.4609142453120001e-03	0.0000000000000000e+00	3.3654922317528837e-03
2.4783675378319500e-03	0.0000000000000000e+00	3.3686759500115588e-03
2.4958208303518898e-03	0.0000000000000000e+00	3.3718347388071415e-03
2.5132741228718301e-03	0.0000000000000000e+00	3.3749684916632478e-03
2.5307274153917800e-03	0.0000000000000000e+00	3.3780771025587780e-03
2.5481807079117198e-03	0.0000000000000000e+00	3.3811604659329275e-03
2.5656340004316601e-03	0.0000000000000000e+00	3.3842184766840235e-03
2.5830872929516100e-03	0.0000000000000000e+00	3.3873444051709580e-03
2.6005405854715499e-03	0.0000000000000000e+00	3.3905745571066030e-03
2.6179938779914902e-03	0.0000000000000000e+00	3.3937773645104194e-03
2.6354471705114400e-03	0.0000000000000000e+00	3.3969527234785015e-03
2.6529004630313799e-03	0.0000000000000000e+00	3.4001005306095082e-03
2.6703537555513202e-03	0.0000000000000000e+00	3.4032206830106682e-03
2.6878070480712700e-03	0.0000000000000000e+00	3.4063130782967430e-03
2.7052603405912099e-03	0.0000000000000000e+00	3.4093776145973204e-03
2.7227136331111502e-03	0.0000000000000000e+00	3.4124933819388867e-03
2.7401669256311000e-03	0.0000000000000000e+00	3.4157097795091910e-03
2.7576202181510399e-03	0.0000000000000000e+00	3.4188963096554248e-03
2.7750735106709802e-03	0.0000000000000000e+00	3.4220528722455428e-03
2.7925268031909300e-03	0.0000000000000000e+00	3.4251793676993015e-03
2.8099800957108699e-03	0.0000000000000000e+00	3.4282756969945538e-03
2.8274333882308102e-03	0.0000000000000000e+00	3.4313417616720445e-03
2.8448866807507600e-03	0.0000000000000000e+00	3.4343774638332571e-03
2.8623399732706999e-03	0.0000000000000000e+00	3.4373827061461881e-03
2.8797932657906402e-03	0.0000000000000000e+00	3.4404355706015633e-03
2.8972465583105901e-03	0.0000000000000000e+00	3.4435699726495126e-03
2.9146998508305299e-03	0.0000000000000000e+00	3.4466718985285655e-03
2.9321531433504698e-03	0.0000000000000000e+00	3.4497412532319294e-03
2.9496064358704201e-03	0.0000000000000000e+00	3.4527779423667256e-03
2.9670597283903599e-03	0.0000000000000000e+00	3.4557818721492311e-03
2.9845130209102998e-03	0.0000000000000000e+00	3.4587529494095018e-03
3.0019663134302501e-03	0.0000000000000000e+00	3.4616910815961121e-03
3.0194196059501899e-03	0.0000000000000000e+00	3.4645961767744977e-03
3.0368728984701298e-03	0.0000000000000000e+00	3.4674681436357786e-03
3.0543261909900801e-03	0.0000000000000000e+00	3.4703363722754337e-03
3.0717794835100200e-03	0.0000000000000000e+00	3.4733124454900096e-03
3.0892327760299598e-03	0.0000000000000000e+00	3.4762533765657268e-03
3.1066860685499101e-03	0.0000000000000000e+00	3.4791590771554026e-03
3.1241393610698500e-03	0.0000000000000000e+00	3.4820294595781665e-03
3.1415926535897898e-03	0.0000000000000000e+00	3.4848644368192833e-03
3.1590459461097401e-03	0.0000000000000000e+00	3.4876639225358873e-03
3.1764992386296800e-03	0.0000000000000000e+00	3.4904278310573587e-03
3.1939525311496198e-03	0.0000000000000000e+00	3.4931560773863520e-03
3.2114058236695701e-03	0.0000000000000000e+00	3.4958485772069287e-03
3.2288591161895100e-03	0.0000000000000000e+00	3.4985052468816552e-03
3.2463124087094499e-03	0.0000000000000000e+00	3.5011260034555902e-03
3.2637657012294001e-03	0.0000000000000000e+00	3.5037249741550094e-03
3.2812189937493400e-03	0.0000000000000000e+00	3.5064206373168305e-03
3.2986722862692799e-03	0.0000000000000000e+00	3.5090783912484821e-03
3.3161255787892301e-03	0.0000000000000000e+00	3.5116981566802445e-03
3.3335788713091700e-03	0.0000000000000000e+00	3.5142798550661151e-03
3.3510321638291099e-03	0.0000000000000000e+00	3.5168234085867674e-03
3.3684854563490602e-03	0.0000000000000000e+00	3.5193287401533400e-03
3.3859387488690000e-03	0.0000000000000000e+00	3.5217957734115231e-03
3.4033920413889399e-03	0.0000000000000000e+00	3.5242244327392792e-03
3.4208453339088902e-03	0.0000000000000000e+00	3.5266146432540424e-03
3.4382986264288300e-03	0.0000000000000000e+00	3.5289663308118845e-03
3.4557519189487699e-03	0.0000000000000000e+00	3.5312794220112190e-03
3.4732052114687202e-03	0.0000000000000000e+00	3.5335538441958378e-03
3.4906585039886600e-03	0.0000000000000000e+00	3.5357895254573305e-03
3.5081117965085999e-03	0.0000000000000000e+00	3.5379863946344617e-03
3.5255650890285502e-03	0.0000000000000000e+00	3.5401454758106233e-03
3.5430183815484901e-03	0.0000000000000000e+00	3.5423822654894362e-03
3.5604716740684299e-03	0.0000000000000000e+00	3.5445782875617180e-03
3.5779249665883698e-03	0.0000000000000000e+00	3.5467334753801309e-03
3.5953782591083201e-03	0.0000000000000000e+00	3.5488477630902016e-03
3.6128315516282599e-03	0.0000000000000000e+00	3.5509210856280848e-03
3.6302848441482102e-03	0.0000000000000000e+00	3.5529533787258720e-03
3.6477381366681501e-03	0.0000000000000000e+00	3.5549445789122744e-03
3.6651914291880900e-03	0.0000000000000000e+00	3.5568946235162956e-03
3.6826447217080398e-03	0.0000000000000000e+00	3.5588034506681713e-03
3.7000980142279801e-03	0.0000000000000000e+00	3.5606709993001437e-03
3.7175513067479200e-03	0.0000000000000000e+00	3.5624972091530204e-03
3.7350045992678598e-03	0.0000000000000000e+00	3.5642820207727813e-03
3.7524578917878101e-03	0.0000000000000000e+00	3.5660253755182671e-03
3.7699111843077500e-03	0.0000000000000000e+00	3.5677272155584592e-03
3.7873644768276998e-03	0.0000000000000000e+00	3.5693874838769722e-03
3.8048177693476401e-03	0.0000000000000000e+00	3.5710061242756230e-03
3.8222710618675800e-03	0.0000000000000000e+00	3.5725830813710404e-03
3.8397243543875199e-03	0.0000000000000000e+00	3.5741183006030510e-03
3.8571776469074701e-03	0.0000000000000000e+00	3.5756117282346499e-03
3.8746309394274100e-03	0.0000000000000000e+00	3.5770633113505145e-03
3.8920842319473499e-03	0.0000000000000000e+00	3.5784729978635575e-03
3.9095375244672997e-03	0.0000000000000000e+00	3.5798828608513129e-03
3.9269908169872400e-03	0.0000000000000000e+00	3.5812849646691168e-03
3.9444441095071803e-03	0.0000000000000000e+00	3.5826433053354266e-03
3.9618974020271302e-03	0.0000000000000000e+00	3.5839578363509052e-03
3.9793506945470696e-03	0.0000000000000000e+00	3.5852285120842645e-03
3.9968039870670099e-03	0.0000000000000000e+00	3.5864552877670252e-03
4.0142572795869597e-03	0.0000000000000000e+00	3.5876381195031242e-03
4.0317105721069000e-03	0.0000000000000000e+00	3.5887769642643252e-03
4.0491638646268403e-03	0.0000000000000000e+00	3.5898717798971851e-03
4.0666171571467902e-03	0.0000000000000000e+00	3.5909225251197488e-03
4.0840704496667296e-03	0.0000000000000000e+00	3.5919291595295300e-03
4.1015237421866699e-03	0.0000000000000000e+00	3.5928916435975051e-03
4.1189770347066198e-03	0.0000000000000000e+00	3.5938099386766064e-03
4.1364303272265601e-03	0.0000000000000000e+00	3.5946840069998529e-03
4.1538836197465004e-03	0.0000000000000000e+00	3.5955138116837626e-03
4.1713369122664502e-03	0.0000000000000000e+00	3.5962993167274397e-03
4.1887902047863896e-03	0.0000000000000000e+00	3.5970404870179795e-03
4.2062434973063299e-03	0.0000000000000000e+00	3.5977372883289134e-03
4.2236967898262798e-03	0.0000000000000000e+00	3.5983896873230583e-03
4.2411500823462201e-03	0.0000000000000000e+00	3.5989976515540911e-03
4.2586033748661604e-03	0.0000000000000000e+00	3.5995611494667240e-03
4.2760566673861102e-03	0.0000000000000000e+00	3.6000801504025783e-03
4.2935099599060497e-03	0.0000000000000000e+00	3.6005546245950907e-03
4.3109632524259900e-03	0.0000000000000000e+00	3.6009845431772061e-03
4.3284165449459398e-03	0.0000000000000000e+00	3.6013698781787421e-03
4.3458698374658801e-03	0.0000000000000000e+00	3.6017106025287514e-03
4.3633231299858204e-03	0.0000000000000000e+00	3.6020066900587133e-03
4.3807764225057702e-03	0.0000000000000000e+00	3.6022581155028470e-03
4.3982297150257097e-03	0.0000000000000000e+00	3.6024648544978385e-03
4.4156830075456500e-03	0.0000000000000000e+00	3.6026268835866134e-03
4.4331363000655998e-03	0.0000000000000000e+00	3.6027441802198071e-03
4.4505895925855401e-03	0.0000000000000000e+00	3.6028167227537904e-03
4.4680428851054804e-03	0.0000000000000000e+00	3.6028444904554892e-03
4.4854961776254303e-03	0.0000000000000000e+00	3.6028274635034260e-03
4.5029494701453697e-03	0.0000000000000000e+00	3.6027656229859935e-03
4.5204027626653100e-03	0.0000000000000000e+00	3.6026589509069360e-03
4.5378560551852598e-03	0.0000000000000000e+00	3.6025074301812565e-03
4.5553093477052001e-03	0.0000000000000000e+00	3.6023110446435215e-03
4.5727626402251396e-03	0.0000000000000000e+00	3.6020697790409948e-03
4.5902159327450903e-03	0.0000000000000000e+00	3.6017836190419075e-03
4.6076692252650297e-03	0.0000000000000000e+00	3.6014525512326010e-03
4.6251225177849700e-03	0.0000000000000000e+00	3.6010765631183128e-03
4.6425758103049199e-03	0.0000000000000000e+00	3.6006556431277940e-03
4.6600291028248602e-03	0.0000000000000000e+00	3.6001897806098226e-03
4.6774823953447996e-03	0.0000000000000000e+00	3.5996789658381116e-03
4.6949356878647503e-03	0.0000000000000000e+00	3.5991231900100429e-03
4.7123889803846897e-03	0.0000000000000000e+00	3.5985224452495315e-03
4.7298422729046300e-03	0.0000000000000000e+00	3.5978767246054384e-03
4.7472955654245799e-03	0.0000000000000000e+00	3.5971860220554517e-03
4.7647488579445202e-03	0.0000000000000000e+00	3.5964503325036554e-03
4.7822021504644596e-03	0.0000000000000000e+00	3.5956696517852956e-03
4.7996554429844103e-03	0.0000000000000000e+00	3.5948439766658596e-03
4.8171087355043498e-03	0.0000000000000000e+00	3.5939733048400298e-03
4.8345620280242901e-03	0.0000000000000000e+00	3.5930576349359157e-03
4.8520153205442399e-03	0.0000000000000000e+00	3.5920969665145211e-03
4.8694686130641802e-03	0.0000000000000000e+00	3.5910913000691451e-03
4.8869219055841196e-03	0.0000000000000000e+00	3.5900406370286096e-03
4.9043751981040704e-03	0.0000000000000000e+00	3.5889449797567711e-03
4.9218284906240098e-03	0.0000000000000000e+00	3.5878043315530927e-03
4.9392817831439501e-03	0.0000000000000000e+00	3.5866186966528502e-03
4.9567350756638999e-03	0.0000000000000000e+00	3.5853880802310580e-03
4.9741883681838402e-03	0.0000000000000000e+00	3.5841124883976248e-03
4.9916416607037797e-03	0.0000000000000000e+00	3.5827919282047796e-03
5.0090949532237304e-03	0.0000000000000000e+00	3.5814264076403915e-03
5.0265482457436698e-03	0.0000000000000000e+00	3.5800159356344083e-03
5.0440015382636101e-03	0.0000000000000000e+00	3.5785605220566194e-03
5.0614548307835600e-03	0.0000000000000000e+00	3.5770601777194710e-03
5.0789081233035003e-03	0.0000000000000000e+00	3.5755149143740458e-03
5.0963614158234397e-03	0.0000000000000000e+00	3.5739247447169166e-03
5.1138147083433904e-03	0.0000000000000000e+00	3.5722896823853919e-03
5.1312680008633298e-03	0.0000000000000000e+00	3.5706097419594927e-03
5.1487212933832701e-03	0.0000000000000000e+00	3.5688849389655950e-03
5.1661745859032200e-03	0.0000000000000000e+00	3.5671152898712147e-03
5.1836278784231603e-03	0.0000000000000000e+00	3.5653008120905246e-03
5.2010811709430997e-03	0.0000000000000000e+00	3.5634415239804173e-03
5.2185344634630504e-03	0.0000000000000000e+00	3.5615374448457141e-03
5.2359877559829899e-03	0.0000000000000000e+00	3.5595885949353170e-03
5.2534410485029302e-03	0.0000000000000000e+00	3.5575949954433869e-03
5.2708943410228696e-03	0.0000000000000000e+00	3.5555566685127491e-03
5.2883476335428203e-03	0.0000000000000000e+00	3.5534736372301212e-03
5.3058009260627597e-03	0.0000000000000000e+00	3.5513459256319691e-03
5.3232542185827000e-03	0.0000000000000000e+00	3.5491735586979855e-03
5.3407075111026499e-03	0.0000000000000000e+00	3.5469565623584354e-03
5.3581608036225902e-03	0.0000000000000000e+00	3.5446949634900284e-03
5.3756140961425296e-03	0.0000000000000000e+00	3.5423887899166456e-03
5.3930673886624803e-03	0.0000000000000000e+00	3.5400380704105300e-03
5.4105206811824198e-03	0.0000000000000000e+00	3.5376428346906895e-03
5.4279739737023601e-03	0.0000000000000000e+00	3.5352031134268337e-03
5.4454272662223099e-03	0.0000000000000000e+00	3.5327189382330366e-03
5.4628805587422502e-03	0.0000000000000000e+00	3.5301903416744989e-03
5.4803338512621896e-03	0.0000000000000000e+00	3.5276173572637466e-03
5.4977871437821403e-03	0.0000000000000000e+00	3.5250000194604393e-03
5.5152404363020798e-03	0.0000000000000000e+00	3.5223383636743197e-03
5.5326937288220201e-03	0.0000000000000000e+00	3.5196324262612034e-03
5.5501470213419699e-03	0.0000000000000000e+00	3.5168822445261769e-03
5.5676003138619102e-03	0.0000000000000000e+00	3.5140878567219260e-03
5.5850536063818497e-03	0.0000000000000000e+00	3.5112803494549939e-03
5.6025068989018004e-03	0.0000000000000000e+00	3.5084716342418257e-03
5.6199601914217398e-03	0.0000000000000000e+00	3.5056202052304369e-03
5.6374134839416801e-03	0.0000000000000000e+00	3.5027260996383066e-03
5.6548667764616299e-03	0.0000000000000000e+00	3.4997893556046565e-03
5.6723200689815702e-03	0.0000000000000000e+00	3.4968100121933084e-03
5.6897733615015097e-03	0.0000000000000000e+00	3.4937881093914983e-03
5.7072266540214604e-03	0.0000000000000000e+00	3.4907236881097032e-03
5.7246799465413998e-03	0.0000000000000000e+00	3.4876167901818460e-03
5.7421332390613401e-03	0.0000000000000000e+00	3.4844674583658975e-03
5.7595865315812900e-03	0.0000000000000000e+00	3.4812757363401367e-03
5.7770398241012303e-03	0.0000000000000000e+00	3.4780416687068298e-03
5.7944931166211697e-03	0.0000000000000000e+00	3.4747653009899251e-03
5.8119464091411204e-03	0.0000000000000000e+00	3.4714466796370211e-03
5.8293997016610598e-03	0.0000000000000000e+00	3.4680858520141442e-03
5.8468529941810002e-03	0.0000000000000000e+00	3.4646828664106704e-03
5.8643062867009500e-03	0.0000000000000000e+00	3.4612377720354042e-03
5.8817595792208903e-03	0.0000000000000000e+00	3.4577506190198669e-03
5.8992128717408297e-03	0.0000000000000000e+00	3.4542214584134551e-03
5.9166661642607796e-03	0.0000000000000000e+00	3.4506503421849284e-03
5.9341194567807199e-03	0.0000000000000000e+00	3.4470373232228816e-03
5.9515727493006602e-03	0.0000000000000000e+00	3.4433824553350648e-03
5.9690260418206100e-03	0.0000000000000000e+00	3.4396857932468680e-03
5.9864793343405503e-03	0.0000000000000000e+00	3.4359473925995340e-03
6.0039326268604898e-03	0.0000000000000000e+00	3.4321673099543177e-03
6.0213859193804396e-03	0.0000000000000000e+00	3.4283456027860313e-03
6.0388392119003799e-03	0.0000000000000000e+00	3.4244823294862698e-03
6.0562925044203202e-03	0.0000000000000000e+00	3.4205775493631459e-03
6.0737457969402700e-03	0.0000000000000000e+00	3.4166456095230413e-03
6.0911990894602103e-03	0.0000000000000000e+00	3.4127650172005503e-03
6.1086523819801498e-03	0.0000000000000000e+00	3.4088443359289503e-03
6.1261056745000996e-03	0.0000000000000000e+00	3.4048836233258142e-03
6.1435589670200399e-03	0.0000000000000000e+00	3.4008829378976125e-03
6.1610122595399802e-03	0.0000000000000000e+00	3.3968423390421795e-03
6.1784655520599301e-03	0.0000000000000000e+00	3.3927618870466104e-03
6.1959188445798704e-03	0.0000000000000000e+00	3.3886416430854507e-03
6.2133721370998098e-03	0.0000000000000000e+00	3.3844816692212756e-03
6.2308254296197596e-03	0.0000000000000000e+00	3.3802820284051733e-03
6.2482787221396999e-03	0.0000000000000000e+00	3.3760427844726523e-03
6.2657320146596402e-03	0.0000000000000000e+00	3.3717640021469980e-03
6.2831853071795901e-03	0.0000000000000000e+00	3.3674457470325089e-03
6.3006385996995304e-03	0.0000000000000000e+00	3.3630880856212598e-03
6.3180918922194698e-03	0.0000000000000000e+00	3.3586910852864728e-03
6.3355451847394197e-03	0.0000000000000000e+00	3.3542548142837009e-03
6.3529984772593600e-03	0.0000000000000000e+00	3.3497793417494727e-03
6.3704517697793003e-03	0.0000000000000000e+00	3.3452647377006628e-03
6.3879050622992501e-03	0.0000000000000000e+00	3.3407110730346449e-03
6.4053583548191904e-03	0.0000000000000000e+00	3.3361184195259278e-03
6.4228116473391298e-03	0.0000000000000000e+00	3.3314868498271950e-03
6.4402649398590797e-03	0.0000000000000000e+00	3.3268164374663290e-03
6.4577182323790200e-03	0.0000000000000000e+00	3.3221307211624613e-03
6.4751715248989603e-03	0.0000000000000000e+00	3.3175123910512937e-03
6.4926248174188997e-03	0.0000000000000000e+00	3.3128565641591850e-03
6.5100781099388504e-03	0.0000000000000000e+00	3.3081633118243478e-03
6.5275314024587899e-03	0.0000000000000000e+00	3.3034327062366384e-03
6.5449846949787302e-03	0.0000000000000000e+00	3.2986648204384175e-03
6.5624379874986800e-03	0.0000000000000000e+00	3.2938597283208946e-03
6.5798912800186203e-03	0.0000000000000000e+00	3.2890175046237412e-03
6.5973445725385597e-03	0.0000000000000000e+00	3.2841382249351012e-03
6.6147978650585096e-03	0.0000000000000000e+00	3.2792219656884876e-03
6.6322511575784499e-03	0.0000000000000000e+00	3.2742688041639836e-03
6.6497044500983902e-03	0.0000000000000000e+00	3.2692788184854452e-03
6.6671577426183400e-03	0.0000000000000000e+00	3.2642520876196607e-03
6.6846110351382803e-03	0.0000000000000000e+00	3.2591886913752085e-03
6.7020643276582198e-03	0.0000000000000000e+00	3.2540887104017184e-03
6.7195176201781696e-03	0.0000000000000000e+00	3.2489522261877359e-03
6.7369709126981099e-03	0.0000000000000000e+00	3.2437793210607596e-03
6.7544242052180502e-03	0.0000000000000000e+00	3.2385700781847162e-03
6.7718774977380001e-03	0.0000000000000000e+00	3.2333245815580275e-03
6.7893307902579404e-03	0.0000000000000000e+00	3.2280712831546472e-03
6.8067840827778798e-03	0.0000000000000000e+00	3.2229000812580896e-03
6.8242373752978296e-03	0.0000000000000000e+00	3.2176939004988493e-03
6.8416906678177699e-03	0.0000000000000000e+00	3.2124528222702889e-03
6.8591439603377102e-03	0.0000000000000000e+00	3.2071769287764598e-03
6.8765972528576601e-03	0.0000000000000000e+00	3.2018663030326006e-03
6.8940505453776004e-03	0.0000000000000000e+00	3.1965210288616257e-03
6.9115038378975398e-03	0.0000000000000000e+00	3.1911411908948383e-03
6.9289571304174897e-03	0.0000000000000000e+00	3.1857268745678667e-03
6.9464104229374300e-03	0.0000000000000000e+00	3.1802781661226559e-03
6.9638637154573703e-03	0.0000000000000000e+00	3.1747951526031023e-03
6.9813170079773201e-03	0.0000000000000000e+00	3.1692779218558554e-03
6.9987703004972604e-03	0.0000000000000000e+00	3.1637265625269711e-03
7.0162235930171998e-03	0.0000000000000000e+00	3.1581411640611732e-03
7.0336768855371497e-03	0.0000000000000000e+00	3.1525218167025634e-03
7.0511301780570900e-03	0.0000000000000000e+00	3.1468686114885088e-03
7.0685834705770303e-03	0.0000000000000000e+00	3.1411816402515998e-03
7.0860367630969801e-03	0.0000000000000000e+00	3.1354609956182858e-03
7.1034900556169204e-03	0.0000000000000000e+00	3.1298656562098841e-03
7.1209433481368599e-03	0.0000000000000000e+00	3.1242386886379679e-03
7.1383966406568097e-03	0.0000000000000000e+00	3.1185792488655538e-03
7.1558499331767500e-03	0.0000000000000000e+00	3.1128874265334582e-03
7.1733032256966903e-03	0.0000000000000000e+00	3.1071633120525713e-03
7.1907565182166401e-03	0.0000000000000000e+00	3.1014069966012097e-03
7.2082098107365796e-03	0.0000000000000000e+00	3.0956185721213308e-03
7.2256631032565199e-03	0.0000000000000000e+00	3.0897981313222460e-03
7.2431163957764697e-03	0.0000000000000000e+00	3.0839457676739481e-03
7.2605696882964100e-03	0.0000000000000000e+00	3.0780615754081920e-03
7.2780229808163503e-03	0.0000000000000000e+00	3.0721456495165327e-03
7.2954762733363002e-03	0.0000000000000000e+00	3.0661980857476937e-03
7.3129295658562396e-03	0.0000000000000000e+00	3.0602189806065530e-03
7.3303828583761799e-03	0.0000000000000000e+00	3.0542084313530653e-03
7.3478361508961297e-03	0.0000000000000000e+00	3.0481665359988219e-03
7.3652894434160700e-03	0.0000000000000000e+00	3.0420936813128695e-03
7.3827427359360103e-03	0.0000000000000000e+00	3.0361601165551258e-03
7.4001960284559602e-03	0.0000000000000000e+00	3.0301963400022800e-03
7.4176493209758996e-03	0.0000000000000000e+00	3.0242024463876900e-03
7.4351026134958399e-03	0.0000000000000000e+00	3.0181785311726417e-03
7.4525559060157898e-03	0.0000000000000000e+00	3.0121246905462809e-03
7.4700091985357301e-03	0.0000000000000000e+00	3.0060410214240441e-03
7.4874624910556704e-03	0.0000000000000000e+00	2.9999276214470053e-03
7.5049157835756202e-03	0.0000000000000000e+00	2.9937845889752316e-03
7.5223690760955596e-03	0.0000000000000000e+00	2.9876120230934366e-03
7.5398223686154999e-03	0.0000000000000000e+00	2.9814100236037647e-03
7.5572756611354498e-03	0.0000000000000000e+00	2.9751786910260838e-03
7.5747289536553901e-03	0.0000000000000000e+00	2.9689181265954412e-03
7.5921822461753304e-03	0.0000000000000000e+00	2.9626284322592494e-03
7.6096355386952802e-03	0.0000000000000000e+00	2.9563097106794192e-03
7.6270888312152197e-03	0.0000000000000000e+00	2.9499620652258971e-03
7.6445421237351600e-03	0.0000000000000000e+00	2.9437433260116985e-03
7.6619954162551098e-03	0.0000000000000000e+00	2.9375184156889391e-03
7.6794487087750501e-03	0.0000000000000000e+00	2.9312656413455745e-03
7.6969020012949904e-03	0.0000000000000000e+00	2.9249851027710141e-03
7.7143552938149403e-03	0.0000000000000000e+00	2.9186769004409833e-03
7.7318085863348797e-03	0.0000000000000000e+00	2.9123411355168340e-03
7.7492618788548200e-03	0.0000000000000000e+00	2.9059779098443029e-03
7.7667151713747698e-03	0.0000000000000000e+00	2.8995873259503322e-03
7.7841684638947101e-03	0.0000000000000000e+00	2.8931694870415674e-03
7.8016217564146496e-03	0.0000000000000000e+00	2.8867244970031108e-03
7.8190750489345994e-03	0.0000000000000000e+00	2.8802524603964187e-03
7.8365283414545406e-03	0.0000000000000000e+00	2.8737534824566984e-03
7.8539816339744800e-03	0.0000000000000000e+00	2.8672276690904414e-03
7.8714349264944194e-03	0.0000000000000000e+00	2.8606751268761684e-03
7.8888882190143693e-03	0.0000000000000000e+00	2.8541713701819797e-03
7.9063415115343105e-03	0.0000000000000000e+00	2.8477528037198557e-03
7.9237948040542603e-03	0.0000000000000000e+00	2.8413084993786247e-03
7.9412480965741997e-03	0.0000000000000000e+00	2.8348385599117195e-03
7.9587013890941392e-03	0.0000000000000000e+00	2.8283430887200227e-03
7.9761546816140907e-03	0.0000000000000000e+00	2.8218221898512388e-03
7.9936079741340302e-03	0.0000000000000000e+00	2.8152759679974898e-03
8.0110612666539696e-03	0.0000000000000000e+00	2.8087045284940480e-03
8.0285145591739195e-03	0.0000000000000000e+00	2.8021079773164329e-03
8.0459678516938606e-03	0.0000000000000000e+00	2.7954864210777064e-03
8.0634211442138001e-03	0.0000000000000000e+00	2.7888399670296746e-03
8.0808744367337395e-03	0.0000000000000000e+00	2.7821687230568277e-03
8.0983277292536893e-03	0.0000000000000000e+00	2.7754727976777383e-03
8.1157810217736305e-03	0.0000000000000000e+00	2.7687523000398664e-03
8.1332343142935803e-03	0.0000000000000000e+00	2.7620889793032767e-03
8.1506876068135198e-03	0.0000000000000000e+00	2.7555125796013646e-03
8.1681408993334592e-03	0.0000000000000000e+00	2.7489125275023405e-03
8.1855941918534108e-03	0.0000000000000000e+00	2.7422889281033358e-03
8.2030474843733502e-03	0.0000000000000000e+00	2.7356418871104103e-03
8.2205007768932897e-03	0.0000000000000000e+00	2.7289715108374676e-03
8.2379540694132308e-03	0.0000000000000000e+00	2.7222779062045879e-03
8.2554073619331807e-03	0.0000000000000000e+00	2.7155611807338940e-03
8.2728606544531201e-03	0.0000000000000000e+00	2.7088214425512271e-03
8.2903139469730595e-03	0.0000000000000000e+00	2.7020588003788724e-03
8.3077672394930094e-03	0.0000000000000000e+00	2.6952733635380206e-03
8.3252205320129506e-03	0.0000000000000000e+00	2.6884652419452331e-03
8.3426738245328900e-03	0.0000000000000000e+00	2.6816345461100444e-03
8.3601271170528398e-03	0.0000000000000000e+00	2.6747813871315276e-03
8.3775804095727793e-03	0.0000000000000000e+00	2.6680683166574177e-03
8.3950337020927204e-03	0.0000000000000000e+00	2.6613682435414070e-03
8.4124869946126703e-03	0.0000000000000000e+00	2.6546465541179747e-03
8.4299402871326097e-03	0.0000000000000000e+00	2.6479033552254082e-03
8.4473935796525491e-03	0.0000000000000000e+00	2.6411387542753973e-03
8.4648468721725007e-03	0.0000000000000000e+00	2.6343528592486509e-03
8.4823001646924402e-03	0.0000000000000000e+00	2.6275457786908651e-03
8.4997534572123796e-03	0.0000000000000000e+00	2.6207176217140464e-03
8.5172067497323294e-03	0.0000000000000000e+00	2.6138684979925592e-03
8.5346600422522706e-03	0.0000000000000000e+00	2.6069985177604458e-03
8.5521133347722100e-03	0.0000000000000000e+00	2.6001077918110667e-03
8.5695666272921599e-03	0.0000000000000000e+00	2.5931964314931458e-03
8.5870199198120993e-03	0.0000000000000000e+00	2.5862645487098679e-03
8.6044732123320405e-03	0.0000000000000000e+00	2.5794151761710585e-03
8.6219265048519903e-03	0.0000000000000000e+00	2.5726435575615567e-03
8.6393797973719298e-03	0.0000000000000000e+00	2.5658521936779799e-03
8.6568330898918692e-03	0.0000000000000000e+00	2.5590411919917087e-03
8.6742863824118208e-03	0.0000000000000000e+00	2.5522106605068225e-03
8.6917396749317602e-03	0.0000000000000000e+00	2.5453607077613682e-03
8.7091929674516996e-03	0.0000000000000000e+00	2.5384914428240937e-03
8.7266462599716495e-03	0.0000000000000000e+00	2.5316029752934675e-03
8.7440995524915906e-03	0.0000000000000000e+00	2.5246954152928665e-03
8.7615528450115301e-03	0.0000000000000000e+00	2.5177688734711683e-03
8.7790061375314799e-03	0.0000000000000000e+00	2.5108234609992220e-03
8.7964594300514194e-03	0.0000000000000000e+00	2.5038592895682082e-03
8.8139127225713605e-03	0.0000000000000000e+00	2.4968764713869970e-03
8.8313660150913104e-03	0.0000000000000000e+00	2.4899601757523864e-03
8.8488193076112498e-03	0.0000000000000000e+00	2.4831437973821956e-03
8.8662726001311892e-03	0.0000000000000000e+00	2.4763094787929223e-03
8.8837258926511408e-03	0.0000000000000000e+00	2.4694573276039769e-03
8.9011791851710802e-03	0.0000000000000000e+00	2.4625874519355320e-03
8.9186324776910197e-03	0.0000000000000000e+00	2.4556999604056326e-03
8.9360857702109695e-03	0.0000000000000000e+00	2.4487949621280055e-03
8.9535390627309107e-03	0.0000000000000000e+00	2.4418725667101526e-03
8.9709923552508501e-03	0.0000000000000000e+00	2.4349328842512190e-03
8.9884456477708000e-03	0.0000000000000000e+00	2.4279760253382646e-03
9.0058989402907394e-03	0.0000000000000000e+00	2.4210021010479246e-03
9.0233522328106806e-03	0.0000000000000000e+00	2.4140112229399254e-03
9.0408055253306304e-03	0.0000000000000000e+00	2.4070035030569954e-03
9.0582588178505698e-03	0.0000000000000000e+00	2.4000771242148476e-03
9.0757121103705093e-03	0.0000000000000000e+00	2.3932410183065611e-03
9.0931654028904609e-03	0.0000000000000000e+00	2.3863887057582012e-03
9.1106186954104003e-03	0.0000000000000000e+00	2.3795202938868580e-03
9.1280719879303397e-03	0.0000000000000000e+00	2.3726358904748702e-03
9.1455252804502896e-03	0.0000000000000000e+00	2.3657356037683152e-03
9.1629785729702307e-03	0.0000000000000000e+00	2.3588195424749966e-03
9.1804318654901702e-03	0.0000000000000000e+00	2.3518878157637283e-03
9.1978851580101200e-03	0.0000000000000000e+00	2.3449405332589051e-03
9.2153384505300594e-03	0.0000000000000000e+00	2.3379778050413120e-03
9.2327917430500006e-03	0.0000000000000000e+00	2.3309997416451531e-03
9.2502450355699505e-03	0.0000000000000000e+00	2.3240064540548046e-03
9.2676983280898899e-03	0.0000000000000000e+00	2.3169980537033905e-03
9.2851516206098293e-03	0.0000000000000000e+00	2.3101060468381654e-03
9.3026049131297792e-03	0.0000000000000000e+00	2.3032734387479323e-03
9.3200582056497203e-03	0.0000000000000000e+00	2.2964262811881755e-03
9.3375114981696598e-03	0.0000000000000000e+00	2.2895646807468122e-03
9.3549647906896096e-03	0.0000000000000000e+00	2.2826887444444563e-03
9.3724180832095508e-03	0.0000000000000000e+00	2.2757985797339751e-03
9.3898713757294902e-03	0.0000000000000000e+00	2.2688942944958357e-03
9.4073246682494296e-03	0.0000000000000000e+00	2.2619759970376511e-03
9.4247779607693795e-03	0.0000000000000000e+00	2.2550437960927811e-03
9.4422312532893207e-03	0.0000000000000000e+00	2.2480978008156639e-03
9.4596845458092705e-03	0.0000000000000000e+00	2.2411381207818755e-03
9.4771378383292099e-03	0.0000000000000000e+00	2.2341648659853514e-03
9.4945911308491494e-03	0.0000000000000000e+00	2.2271781468353705e-03
9.5120444233690905e-03	0.0000000000000000e+00	2.2203528018109485e-03
9.5294977158890404e-03	0.0000000000000000e+00	2.2135450673604318e-03
9.5469510084089798e-03	0.0000000000000000e+00	2.2067243598493627e-03
9.5644043009289192e-03	0.0000000000000000e+00	2.1998907847411717e-03
9.5818575934488708e-03	0.0000000000000000e+00	2.1930444479018002e-03
9.5993108859688103e-03	0.0000000000000000e+00	2.1861854555968421e-03
9.6167641784887497e-03	0.0000000000000000e+00	2.1793139144887794e-03
9.6342174710086995e-03	0.0000000000000000e+00	2.1724299316359550e-03
9.6516707635286407e-03	0.0000000000000000e+00	2.1655336144903712e-03
9.6691240560485905e-03	0.0000000000000000e+00	2.1586250708940575e-03
9.6865773485685300e-03	0.0000000000000000e+00	2.1517044090791915e-03
9.7040306410884694e-03	0.0000000000000000e+00	2.1447717376643881e-03
9.7214839336084106e-03	0.0000000000000000e+00	2.1378406731197143e-03
9.7389372261283604e-03	0.0000000000000000e+00	2.1310888916296023e-03
9.7563905186482999e-03	0.0000000000000000e+00	2.1243255253700615e-03
9.7738438111682393e-03	0.0000000000000000e+00	2.1175506779437239e-03
9.7912971036881909e-03	0.0000000000000000e+00	2.1107644533267409e-03
9.8087503962081303e-03	0.0000000000000000e+00	2.1039669558684340e-03
9.8262036887280697e-03	0.0000000000000000e+00	2.0971582902860534e-03
9.8436569812480196e-03	0.0000000000000000e+00	2.0903385616663234e-03
9.8611102737679607e-03	0.0000000000000000e+00	2.0835078754597447e-03
9.8785635662879106e-03	0.0000000000000000e+00	2.0766663374816052e-03
9.8960168588078500e-03	0.0000000000000000e+00	2.0698140539074767e-03
9.9134701513277895e-03	0.0000000000000000e+00	2.0629511312727799e-03
9.9309234438477306e-03	0.0000000000000000e+00	2.0560776764696580e-03
9.9483767363676805e-03	0.0000000000000000e+00	2.0492426985236458e-03
9.9658300288876199e-03	0.0000000000000000e+00	2.0425514718247456e-03
9.9832833214075593e-03	0.0000000000000000e+00	2.0358500663849801e-03
1.0000736613927501e-02	0.0000000000000000e+00	2.0291385840175815e-03
1.0018189906447501e-02	0.0000000000000000e+00	2.0224171268816179e-03
1.0035643198967400e-02	0.0000000000000000e+00	2.0156857974802885e-03
1.0053096491487300e-02	0.0000000000000000e+00	2.0089446986560084e-03
1.0070549784007300e-02	0.0000000000000000e+00	2.0021939335932168e-03
1.0088003076527199e-02	0.0000000000000000e+00	1.9954336058119011e-03
1.0105456369047200e-02	0.0000000000000000e+00	1.9886638191667187e-03
1.0122909661567101e-02	0.0000000000000000e+00	1.9818846778473435e-03
1.0140362954087099e-02	0.0000000000000000e+00	1.9750962863726899e-03
1.0157816246607001e-02	0.0000000000000000e+00	1.9682987495917691e-03
1.0175269539126900e-02	0.0000000000000000e+00	1.9615584587249057e-03
1.0192722831646900e-02	0.0000000000000000e+00	1.9549435579033036e-03
1.0210176124166800e-02	0.0000000000000000e+00	1.9483197944956199e-03
1.0227629416686800e-02	0.0000000000000000e+00	1.9416872682281210e-03
1.0245082709206699e-02	0.0000000000000000e+00	1.9350460791460855e-03
1.0262536001726700e-02	0.0000000000000000e+00	1.9283963276110893e-03
1.0279989294246601e-02	0.0000000000000000e+00	1.9217381142989582e-03
1.0297442586766500e-02	0.0000000000000000e+00	1.9150715401993802e-03
1.0314895879286501e-02	0.0000000000000000e+00	1.9083967066115871e-03
1.0332349171806400e-02	0.0000000000000000e+00	1.9017137151437773e-03
1.0349802464326400e-02	0.0000000000000000e+00	1.8950226677113707e-03
1.0367255756846300e-02	0.0000000000000000e+00	1.8883236665332946e-03
1.0384709049366300e-02	0.0000000000000000e+00	1.8816168141328410e-03
1.0402162341886199e-02	0.0000000000000000e+00	1.8749591415860517e-03
1.0419615634406101e-02	0.0000000000000000e+00	1.8684344298878026e-03
1.0437068926926101e-02	0.0000000000000000e+00	1.8619020799578779e-03
1.0454522219446000e-02	0.0000000000000000e+00	1.8553621891725944e-03
1.0471975511966001e-02	0.0000000000000000e+00	1.8488148552001729e-03
1.0489428804485900e-02	0.0000000000000000e+00	1.8422601760017475e-03
1.0506882097005900e-02	0.0000000000000000e+00	1.8356982498277425e-03
1.0524335389525800e-02	0.0000000000000000e+00	1.8291291752166486e-03
1.0541788682045699e-02	0.0000000000000000e+00	1.8225530509920539e-03
1.0559241974565699e-02	0.0000000000000000e+00	1.8159699762627739e-03
1.0576695267085601e-02	0.0000000000000000e+00	1.8093800504184864e-03
1.0594148559605601e-02	0.0000000000000000e+00	1.8027833731302197e-03
1.0611601852125500e-02	0.0000000000000000e+00	1.7961800443462514e-03
1.0629055144645501e-02	0.0000000000000000e+00	1.7895827874116971e-03
1.0646508437165400e-02	0.0000000000000000e+00	1.7831602323064113e-03
1.0663961729685400e-02	0.0000000000000000e+00	1.7767311702208480e-03
1.0681415022205300e-02	0.0000000000000000e+00	1.7702956959511006e-03
1.0698868314725199e-02	0.0000000000000000e+00	1.7638539045629843e-03
1.0716321607245199e-02	0.0000000000000000e+00	1.7574058913910069e-03
1.0733774899765101e-02	0.0000000000000000e+00	1.7509517520367245e-03
1.0751228192285101e-02	0.0000000000000000e+00	1.7444915823659108e-03
1.0768681484805000e-02	0.0000000000000000e+00	1.7380254785085833e-03
1.0786134777325001e-02	0.0000000000000000e+00	1.7315535368543644e-03
1.0803588069844900e-02	0.0000000000000000e+00	1.7250758540536494e-03
1.0821041362364800e-02	0.0000000000000000e+00	1.7185925270128799e-03
1.0838494654884800e-02	0.0000000000000000e+00	1.7121036528954677e-03
1.0855947947404699e-02	0.0000000000000000e+00	1.7056093291179127e-03
1.0873401239924699e-02	0.0000000000000000e+00	1.6992247659417133e-03
1.0890854532444601e-02	0.0000000000000000e+00	1.6929089925201701e-03
1.0908307824964599e-02	0.0000000000000000e+00	1.6865878416003561e-03
1.0925761117484500e-02	0.0000000000000000e+00	1.6802614054548827e-03
1.0943214410004400e-02	0.0000000000000000e+00	1.6739297766009413e-03
1.0960667702524400e-02	0.0000000000000000e+00	1.6675930478031191e-03
1.0978120995044300e-02	0.0000000000000000e+00	1.6612513120696272e-03
1.0995574287564300e-02	0.0000000000000000e+00	1.6549046626494499e-03
1.1013027580084199e-02	0.0000000000000000e+00	1.6566433228176604e-03
1.1030480872604199e-02	0.0000000000000000e+00	1.6638291504060803e-03
1.1047934165124101e-02	0.0000000000000000e+00	1.6709986748033910e-03
1.1065387457644000e-02	0.0000000000000000e+00	1.6781517776241321e-03
1.1082840750164000e-02	0.0000000000000000e+00	1.6852883408877248e-03
1.1100294042683900e-02	0.0000000000000000e+00	1.6924082470254852e-03
1.1117747335203900e-02	0.0000000000000000e+00	1.6995802728458442e-03
1.1135200627723800e-02	0.0000000000000000e+00	1.7068854712895122e-03
1.1152653920243800e-02	0.0000000000000000e+00	1.7141735754678230e-03
1.1170107212763699e-02	0.0000000000000000e+00	1.7214444626958544e-03
1.1187560505283699e-02	0.0000000000000000e+00	1.7286980107141154e-03
1.1205013797803601e-02	0.0000000000000000e+00	1.7359340976877999e-03
1.1222467090323500e-02	0.0000000000000000e+00	1.7431526022120946e-03
1.1239920382843500e-02	0.0000000000000000e+00	1.7503534033128456e-03
1.1257373675363400e-02	0.0000000000000000e+00	1.7575363804492811e-03
1.1274826967883400e-02	0.0000000000000000e+00	1.7647014135162358e-03
1.1292280260403300e-02	0.0000000000000000e+00	1.7718483828477007e-03
1.1309733552923300e-02	0.0000000000000000e+00	1.7789771692179861e-03
1.1327186845443199e-02	0.0000000000000000e+00	1.7861673161318453e-03
1.1344640137963101e-02	0.0000000000000000e+00	1.7934795983700017e-03
1.1362093430483101e-02	0.0000000000000000e+00	1.8007731922678807e-03
1.1379546723003000e-02	0.0000000000000000e+00	1.8080479735633032e-03
1.1397000015523000e-02	0.0000000000000000e+00	1.8153038184488804e-03
1.1414453308042900e-02	0.0000000000000000e+00	1.8225406035765471e-03
1.1431906600562900e-02	0.0000000000000000e+00	1.8297582060579399e-03
1.1449359893082800e-02	0.0000000000000000e+00	1.8369565034676214e-03
1.1466813185602699e-02	0.0000000000000000e+00	1.8441353738465141e-03
1.1484266478122699e-02	0.0000000000000000e+00	1.8512946957020323e-03
1.1501719770642601e-02	0.0000000000000000e+00	1.8584343480138334e-03
1.1519173063162601e-02	0.0000000000000000e+00	1.8655542102324857e-03
1.1536626355682500e-02	0.0000000000000000e+00	1.8727486507449827e-03
1.1554079648202500e-02	0.0000000000000000e+00	1.8800493523979445e-03
1.1571532940722400e-02	0.0000000000000000e+00	1.8873296902085269e-03
1.1588986233242300e-02	0.0000000000000000e+00	1.8945895386858951e-03
1.1606439525762300e-02	0.0000000000000000e+00	1.9018287728290359e-03
1.1623892818282199e-02	0.0000000000000000e+00	1.9090472681285303e-03
1.1641346110802199e-02	0.0000000000000000e+00	1.9162449005676687e-03
1.1658799403322101e-02	0.0000000000000000e+00	1.9234215466268647e-03
1.1676252695842101e-02	0.0000000000000000e+00	1.9305770832849030e-03
1.1693705988362000e-02	0.0000000000000000e+00	1.9377113880224492e-03
1.1711159280882000e-02	0.0000000000000000e+00	1.9448243388228033e-03
1.1728612573401900e-02	0.0000000000000000e+00	1.9519158141763217e-03
1.1746065865921800e-02	0.0000000000000000e+00	1.9590910789400316e-03
1.1763519158441800e-02	0.0000000000000000e+00	1.9663598652015211e-03
1.1780972450961699e-02	0.0000000000000000e+00	1.9736065340095056e-03
1.1798425743481699e-02	0.0000000000000000e+00	1.9808309590254912e-03
1.1815879036001601e-02	0.0000000000000000e+00	1.9880330144330760e-03
1.1833332328521601e-02	0.0000000000000000e+00	1.9952125749427728e-03
1.1850785621041500e-02	0.0000000000000000e+00	2.0023695157914876e-03
1.1868238913561400e-02	0.0000000000000000e+00	2.0095037127496477e-03
1.1885692206081400e-02	0.0000000000000000e+00	2.0166150421188429e-03
1.1903145498601300e-02	0.0000000000000000e+00	2.0237033807369085e-03
1.1920598791121300e-02	0.0000000000000000e+00	2.0307686059802452e-03
1.1938052083641199e-02	0.0000000000000000e+00	2.0378105957657572e-03
1.1955505376161199e-02	0.0000000000000000e+00	2.0449333551386811e-03
1.1972958668681101e-02	0.0000000000000000e+00	2.0521482466569880e-03
1.1990411961201000e-02	0.0000000000000000e+00	2.0593391928154501e-03
1.2007865253721000e-02	0.0000000000000000e+00	2.0665060668314372e-03
1.2025318546240900e-02	0.0000000000000000e+00	2.0736487424800306e-03
1.2042771838760900e-02	0.0000000000000000e+00	2.0807670940978253e-03
1.2060225131280800e-02	0.0000000000000000e+00	2.0878609965858290e-03
1.2077678423800800e-02	0.0000000000000000e+00	2.0949303254111417e-03
1.2095131716320699e-02	0.0000000000000000e+00	2.1019749566103404e-03
1.2112585008840600e-02	0.0000000000000000e+00	2.1089947667893238e-03
1.2130038301360601e-02	0.0000000000000000e+00	2.1159896331305536e-03
1.2147491593880500e-02	0.0000000000000000e+00	2.1229594333898841e-03
1.2164944886400500e-02	0.0000000000000000e+00	2.1299863278855685e-03
1.2182398178920400e-02	0.0000000000000000e+00	2.1371237350296672e-03
1.2199851471440400e-02	0.0000000000000000e+00	2.1442352988999156e-03
1.2217304763960300e-02	0.0000000000000000e+00	2.1513208926984520e-03
1.2234758056480201e-02	0.0000000000000000e+00	2.1583803902230319e-03
1.2252211349000199e-02	0.0000000000000000e+00	2.1654136658695094e-03
1.2269664641520101e-02	0.0000000000000000e+00	2.1724205946333638e-03
1.2287117934040101e-02	0.0000000000000000e+00	2.1794010521140883e-03
1.2304571226560000e-02	0.0000000000000000e+00	2.1863549145157610e-03
1.2322024519080000e-02	0.0000000000000000e+00	2.1932820586507184e-03
1.2339477811599900e-02	0.0000000000000000e+00	2.2001823619413156e-03
1.2356931104119900e-02	0.0000000000000000e+00	2.2070557024220744e-03
1.2374384396639800e-02	0.0000000000000000e+00	2.2139332217322102e-03
1.2391837689159701e-02	0.0000000000000000e+00	2.2209679870513021e-03
1.2409290981679699e-02	0.0000000000000000e+00	2.2279749459203227e-03
1.2426744274199601e-02	0.0000000000000000e+00	2.2349539719799956e-03
1.2444197566719601e-02	0.0000000000000000e+00	2.2419049395049151e-03
1.2461650859239500e-02	0.0000000000000000e+00	2.2488277234033816e-03
1.2479104151759500e-02	0.0000000000000000e+00	2.2557221992227142e-03
1.2496557444279400e-02	0.0000000000000000e+00	2.2625882431496240e-03
1.2514010736799299e-02	0.0000000000000000e+00	2.2694257320140781e-03
1.2531464029319300e-02	0.0000000000000000e+00	2.2762345432917543e-03
1.2548917321839201e-02	0.0000000000000000e+00	2.2830145551036383e-03
1.2566370614359199e-02	0.0000000000000000e+00	2.2897656462225117e-03
1.2583823906879101e-02	0.0000000000000000e+00	2.2964876960719408e-03
1.2601277199399101e-02	0.0000000000000000e+00	2.3033355048369159e-03
1.2618730491919000e-02	0.0000000000000000e+00	2.3102111237691425e-03
1.2636183784438900e-02	0.0000000000000000e+00	2.3170567875521598e-03
1.2653637076958900e-02	0.0000000000000000e+00	2.3238723714095410e-03
1.2671090369478799e-02	0.0000000000000000e+00	2.3306577512395661e-03
1.2688543661998800e-02	0.0000000000000000e+00	2.3374128036173746e-03
1.2705996954518701e-02	0.0000000000000000e+00	2.3441374057941314e-03
1.2723450247038699e-02	0.0000000000000000e+00	2.3508314357041059e-03
1.2740903539558601e-02	0.0000000000000000e+00	2.3574947719610662e-03
1.2758356832078500e-02	0.0000000000000000e+00	2.3641272938681214e-03
1.2775810124598500e-02	0.0000000000000000e+00	2.3707288814127751e-03
1.2793263417118400e-02	0.0000000000000000e+00	2.3772994152726941e-03
1.2810716709638400e-02	0.0000000000000000e+00	2.3838541959133991e-03
1.2828170002158299e-02	0.0000000000000000e+00	2.3905702862449529e-03
1.2845623294678300e-02	0.0000000000000000e+00	2.3972543450981681e-03
1.2863076587198201e-02	0.0000000000000000e+00	2.4039062491424557e-03
1.2880529879718199e-02	0.0000000000000000e+00	2.4105258757605281e-03
1.2897983172238101e-02	0.0000000000000000e+00	2.4171131030491675e-03
1.2915436464758000e-02	0.0000000000000000e+00	2.4236678098206454e-03
1.2932889757278000e-02	0.0000000000000000e+00	2.4301898756081577e-03
1.2950343049797900e-02	0.0000000000000000e+00	2.4366791806639224e-03
1.2967796342317900e-02	0.0000000000000000e+00	2.4431356059652271e-03
1.2985249634837799e-02	0.0000000000000000e+00	2.4495590332138952e-03
1.3002702927357800e-02	0.0000000000000000e+00	2.4559493448402434e-03
1.3020156219877701e-02	0.0000000000000000e+00	2.4623064240055456e-03
1.3037609512397600e-02	0.0000000000000000e+00	2.4686530469792251e-03
1.3055062804917601e-02	0.0000000000000000e+00	2.4751458763181242e-03
1.3072516097437500e-02	0.0000000000000000e+00	2.4816044284894927e-03
1.3089969389957500e-02	0.0000000000000000e+00	2.4880285828714674e-03
1.3107422682477400e-02	0.0000000000000000e+00	2.4944182195946142e-03
1.3124875974997400e-02	0.0000000000000000e+00	2.5007732195442126e-03
1.3142329267517299e-02	0.0000000000000000e+00	2.5070934643646368e-03
1.3159782560037201e-02	0.0000000000000000e+00	2.5133788364586729e-03
1.3177235852557199e-02	0.0000000000000000e+00	2.5196292189915578e-03
1.3194689145077100e-02	0.0000000000000000e+00	2.5258444958926782e-03
1.3212142437597101e-02	0.0000000000000000e+00	2.5320245518570508e-03
1.3229595730117000e-02	0.0000000000000000e+00	2.5381692723491266e-03
1.3247049022637000e-02	0.0000000000000000e+00	2.5442785436029457e-03
1.3264502315156900e-02	0.0000000000000000e+00	2.5503522526254810e-03
1.3281955607676799e-02	0.0000000000000000e+00	2.5565398904932829e-03
1.3299408900196799e-02	0.0000000000000000e+00	2.5627375575149455e-03
1.3316862192716701e-02	0.0000000000000000e+00	2.5688985484957237e-03
1.3334315485236699e-02	0.0000000000000000e+00	2.5750227469197749e-03
1.3351768777756600e-02	0.0000000000000000e+00	2.5811100370694501e-03
1.3369222070276601e-02	0.0000000000000000e+00	2.5871603040235579e-03
1.3386675362796500e-02	0.0000000000000000e+00	2.5931734336621048e-03
1.3404128655316400e-02	0.0000000000000000e+00	2.5991493126679573e-03
1.3421581947836400e-02	0.0000000000000000e+00	2.6050878285286488e-03
1.3439035240356299e-02	0.0000000000000000e+00	2.6109888695368222e-03
1.3456488532876299e-02	0.0000000000000000e+00	2.6168523247944411e-03
1.3473941825396201e-02	0.0000000000000000e+00	2.6226780842153086e-03
1.3491395117916199e-02	0.0000000000000000e+00	2.6284660385242167e-03
1.3508848410436100e-02	0.0000000000000000e+00	2.6342160792614134e-03
1.3526301702956101e-02	0.0000000000000000e+00	2.6401007198456170e-03
1.3543754995476000e-02	0.0000000000000000e+00	2.6459618195758591e-03
1.3561208287995900e-02	0.0000000000000000e+00	2.6517838256253142e-03
1.3578661580515900e-02	0.0000000000000000e+00	2.6575666262868545e-03
1.3596114873035799e-02	0.0000000000000000e+00	2.6633101106932839e-03
1.3613568165555799e-02	0.0000000000000000e+00	2.6690141688180350e-03
1.3631021458075701e-02	0.0000000000000000e+00	2.6746786914758126e-03
1.3648474750595699e-02	0.0000000000000000e+00	2.6803035703273090e-03
1.3665928043115600e-02	0.0000000000000000e+00	2.6858886978791022e-03
1.3683381335635500e-02	0.0000000000000000e+00	2.6914339674866030e-03
1.3700834628155500e-02	0.0000000000000000e+00	2.6969392733549834e-03
1.3718287920675400e-02	0.0000000000000000e+00	2.7024045105422034e-03
1.3735741213195400e-02	0.0000000000000000e+00	2.7078295749592106e-03
1.3753194505715299e-02	0.0000000000000000e+00	2.7132143633748032e-03
1.3770647798235299e-02	0.0000000000000000e+00	2.7186365408643290e-03
1.3788101090755201e-02	0.0000000000000000e+00	2.7241184123708712e-03
1.3805554383275100e-02	0.0000000000000000e+00	2.7295587645316650e-03
1.3823007675795100e-02	0.0000000000000000e+00	2.7349574911560560e-03
1.3840460968315000e-02	0.0000000000000000e+00	2.7403144869331850e-03
1.3857914260835000e-02	0.0000000000000000e+00	2.7456296474360903e-03
1.3875367553354900e-02	0.0000000000000000e+00	2.7509028691187726e-03
1.3892820845874900e-02	0.0000000000000000e+00	2.7561340493246237e-03
1.3910274138394799e-02	0.0000000000000000e+00	2.7613230862819382e-03
1.3927727430914701e-02	0.0000000000000000e+00	2.7664698791091632e-03
1.3945180723434701e-02	0.0000000000000000e+00	2.7715743278159581e-03
1.3962634015954600e-02	0.0000000000000000e+00	2.7766363333045197e-03
1.3980087308474600e-02	0.0000000000000000e+00	2.7816557973709835e-03
1.3997540600994500e-02	0.0000000000000000e+00	2.7866326227068599e-03
1.4014993893514500e-02	0.0000000000000000e+00	2.7915667129033189e-03
1.4032447186034400e-02	0.0000000000000000e+00	2.7964766465670490e-03
1.4049900478554400e-02	0.0000000000000000e+00	2.8014915945020849e-03
1.4067353771074299e-02	0.0000000000000000e+00	2.8064625004702278e-03
1.4084807063594201e-02	0.0000000000000000e+00	2.8113892654242569e-03
1.4102260356114201e-02	0.0000000000000000e+00	2.8162717912428126e-03
1.4119713648634100e-02	0.0000000000000000e+00	2.8211099807264142e-03
1.4137166941154100e-02	0.0000000000000000e+00	2.8259037376031212e-03
1.4154620233674000e-02	0.0000000000000000e+00	2.8306529665264998e-03
1.4172073526194000e-02	0.0000000000000000e+00	2.8353575730808924e-03
1.4189526818713900e-02	0.0000000000000000e+00	2.8400174637786377e-03
1.4206980111233799e-02	0.0000000000000000e+00	2.8446325460665545e-03
1.4224433403753799e-02	0.0000000000000000e+00	2.8492027283222483e-03
1.4241886696273701e-02	0.0000000000000000e+00	2.8537279198599360e-03
1.4259339988793701e-02	0.0000000000000000e+00	2.8582080309303994e-03
1.4276793281313600e-02	0.0000000000000000e+00	2.8626429727186559e-03
1.4294246573833600e-02	0.0000000000000000e+00	2.8670326573529146e-03
1.4311699866353500e-02	0.0000000000000000e+00	2.8713769978988405e-03
1.4329153158873400e-02	0.0000000000000000e+00	2.8757731819319217e-03
1.4346606451393400e-02	0.0000000000000000e+00	2.8801784594252124e-03
1.4364059743913299e-02	0.0000000000000000e+00	2.8845370201477194e-03
1.4381513036433299e-02	0.0000000000000000e+00	2.8888487749109378e-03
1.4398966328953201e-02	0.0000000000000000e+00	2.8931136354938009e-03
1.4416419621473201e-02	0.0000000000000000e+00	2.8973315146421548e-03
1.4433872913993100e-02	0.0000000000000000e+00	2.9015023260688419e-03
1.4451326206513000e-02	0.0000000000000000e+00	2.9056259844567334e-03
1.4468779499033000e-02	0.0000000000000000e+00	2.9097024054584898e-03
1.4486232791552900e-02	0.0000000000000000e+00	2.9137315057012527e-03
1.4503686084072900e-02	0.0000000000000000e+00	2.9177132027830791e-03
1.4521139376592799e-02	0.0000000000000000e+00	2.9216474152768302e-03
1.4538592669112799e-02	0.0000000000000000e+00	2.9255340627316749e-03
1.4556045961632701e-02	0.0000000000000000e+00	2.9293730656718545e-03
1.4573499254152701e-02	0.0000000000000000e+00	2.9331643456014891e-03
1.4590952546672600e-02	0.0000000000000000e+00	2.9369078250022704e-03
1.4608405839192500e-02	0.0000000000000000e+00	2.9406034273357310e-03
1.4625859131712500e-02	0.0000000000000000e+00	2.9442510770455069e-03
1.4643312424232400e-02	0.0000000000000000e+00	2.9478506995560655e-03
1.4660765716752400e-02	0.0000000000000000e+00	2.9514022212760180e-03
1.4678219009272299e-02	0.0000000000000000e+00	2.9549055695971102e-03
1.4695672301792299e-02	0.0000000000000000e+00	2.9583606728967541e-03
1.4713125594312201e-02	0.0000000000000000e+00	2.9617674605375496e-03
1.4730578886832100e-02	0.0000000000000000e+00	2.9651258628695990e-03
1.4748032179352100e-02	0.0000000000000000e+00	2.9684358112306774e-03
1.4765485471872000e-02	0.0000000000000000e+00	2.9716972379468330e-03
1.4782938764392000e-02	0.0000000000000000e+00	2.9749100763336758e-03
1.4800392056911900e-02	0.0000000000000000e+00	2.9780742606967084e-03
1.4817845349431900e-02	0.0000000000000000e+00	2.9811897263326893e-03
1.4835298641951799e-02	0.0000000000000000e+00	2.9842564095299735e-03
1.4852751934471701e-02	0.0000000000000000e+00	2.9872742475708794e-03
1.4870205226991701e-02	0.0000000000000000e+00	2.9902431787286491e-03
1.4887658519511600e-02	0.0000000000000000e+00	2.9931631422716164e-03
1.4905111812031600e-02	0.0000000000000000e+00	2.9960340784637675e-03
1.4922565104551500e-02	0.0000000000000000e+00	2.9988559285612153e-03
1.4940018397071500e-02	0.0000000000000000e+00	3.0016286348197676e-03
1.4957471689591400e-02	0.0000000000000000e+00	3.0043521404879052e-03
1.4974924982111301e-02	0.0000000000000000e+00	3.0070263898157603e-03
1.4992378274631299e-02	0.0000000000000000e+00	3.0096513280463187e-03
1.5009831567151201e-02	0.0000000000000000e+00	3.0122269014233858e-03
1.5027284859671201e-02	0.0000000000000000e+00	3.0147530571883172e-03
1.5044738152191100e-02	0.0000000000000000e+00	3.0172297435821210e-03
1.5062191444711100e-02	0.0000000000000000e+00	3.0196569098458752e-03
1.5079644737231000e-02	0.0000000000000000e+00	3.0220345062187048e-03
1.5097098029750899e-02	0.0000000000000000e+00	3.0243624839430463e-03
1.5114551322270900e-02	0.0000000000000000e+00	3.0266407952594917e-03
1.5132004614790801e-02	0.0000000000000000e+00	3.0288693934110221e-03
1.5149457907310799e-02	0.0000000000000000e+00	3.0310482326405051e-03
1.5166911199830701e-02	0.0000000000000000e+00	3.0331772681948372e-03
1.5184364492350701e-02	0.0000000000000000e+00	3.0352564563223333e-03
1.5201817784870600e-02	0.0000000000000000e+00	3.0372857542717863e-03
1.5219271077390600e-02	0.0000000000000000e+00	3.0392651202969397e-03
1.5236724369910500e-02	0.0000000000000000e+00	3.0411945136528742e-03
1.5254177662430399e-02	0.0000000000000000e+00	3.0430738945981832e-03
1.5271630954950400e-02	0.0000000000000000e+00	3.0449032243944863e-03
1.5289084247470301e-02	0.0000000000000000e+00	3.0466824653058071e-03
1.5306537539990299e-02	0.0000000000000000e+00	3.0484115806013617e-03
1.5323990832510201e-02	0.0000000000000000e+00	3.0500905345510055e-03
1.5341444125030201e-02	0.0000000000000000e+00	3.0517192924322443e-03
1.5358897417550100e-02	0.0000000000000000e+00	3.0532978205220144e-03
1.5376350710070000e-02	0.0000000000000000e+00	3.0548260861028389e-03
1.5393804002590000e-02	0.0000000000000000e+00	3.0563040574606670e-03
1.5411257295109899e-02	0.0000000000000000e+00	3.0577317038847618e-03
1.5428710587629900e-02	0.0000000000000000e+00	3.0591089956678820e-03
1.5446163880149801e-02	0.0000000000000000e+00	3.0604359041068322e-03
1.5463617172669799e-02	0.0000000000000000e+00	3.0617124015009062e-03
1.5481070465189701e-02	0.0000000000000000e+00	3.0629384611532565e-03
1.5498523757709600e-02	0.0000000000000000e+00	3.0641140573690281e-03
1.5515977050229600e-02	0.0000000000000000e+00	3.0652391654570946e-03
1.5533430342749500e-02	0.0000000000000000e+00	3.0663137617306974e-03
1.5550883635269500e-02	0.0000000000000000e+00	3.0673378235008138e-03
1.5568336927789399e-02	0.0000000000000000e+00	3.0683113290857328e-03
1.5585790220309400e-02	0.0000000000000000e+00	3.0692342578026422e-03
1.5603243512829299e-02	0.0000000000000000e+00	3.0701065899720651e-03
1.5620696805349200e-02	0.0000000000000000e+00	3.0709283069143283e-03
1.5638150097869199e-02	0.0000000000000000e+00	3.0716993909522140e-03
1.5655603390389100e-02	0.0000000000000000e+00	3.0724198254086801e-03
1.5673056682909099e-02	0.0000000000000000e+00	3.0730895946055057e-03
1.5690509975429000e-02	0.0000000000000000e+00	3.0737086838673842e-03
1.5707963267949002e-02	0.0000000000000000e+00	3.0742770795157185e-03
1.5725416560468899e-02	0.0000000000000000e+00	3.0747947688720264e-03
1.5742869852988801e-02	0.0000000000000000e+00	3.0752617402563759e-03
1.5760323145508799e-02	0.0000000000000000e+00	3.0756779829859385e-03
1.5777776438028700e-02	0.0000000000000000e+00	3.0760434873767723e-03
1.5795229730548699e-02	0.0000000000000000e+00	3.0763582447407511e-03
1.5812683023068600e-02	0.0000000000000000e+00	3.0766222473866569e-03
1.5830136315588599e-02	0.0000000000000000e+00	3.0768354886183979e-03
1.5847589608108500e-02	0.0000000000000000e+00	3.0769979627358335e-03
1.5865042900628502e-02	0.0000000000000000e+00	3.0771096650323054e-03
1.5882496193148399e-02	0.0000000000000000e+00	3.0771705917957645e-03
1.5899949485668301e-02	0.0000000000000000e+00	3.0771807403075892e-03
1.5917402778188299e-02	0.0000000000000000e+00	3.0771401088397444e-03
1.5934856070708200e-02	0.0000000000000000e+00	3.0770486966580930e-03
1.5952309363228199e-02	0.0000000000000000e+00	3.0769065040185352e-03
1.5969762655748100e-02	0.0000000000000000e+00	3.0767135321660799e-03
1.5987215948268099e-02	0.0000000000000000e+00	3.0764697833368174e-03
1.6004669240788000e-02	0.0000000000000000e+00	3.0761752607539597e-03
1.6022122533307901e-02	0.0000000000000000e+00	3.0758299686287583e-03
1.6039575825827899e-02	0.0000000000000000e+00	3.0754339121603570e-03
1.6057029118347801e-02	0.0000000000000000e+00	3.0749870975309377e-03
1.6074482410867799e-02	0.0000000000000000e+00	3.0744895319108488e-03
1.6091935703387700e-02	0.0000000000000000e+00	3.0739412234523180e-03
1.6109388995907699e-02	0.0000000000000000e+00	3.0733421812912040e-03
1.6126842288427600e-02	0.0000000000000000e+00	3.0726924155461718e-03
1.6144295580947501e-02	0.0000000000000000e+00	3.0719919373149614e-03
1.6161748873467500e-02	0.0000000000000000e+00	3.0712407586781670e-03
1.6179202165987401e-02	0.0000000000000000e+00	3.0704388926920249e-03
1.6196655458507399e-02	0.0000000000000000e+00	3.0695863533931837e-03
1.6214108751027301e-02	0.0000000000000000e+00	3.0686831557944537e-03
1.6231562043547299e-02	0.0000000000000000e+00	3.0677293158836213e-03
1.6249015336067200e-02	0.0000000000000000e+00	3.0667248506221442e-03
1.6266468628587199e-02	0.0000000000000000e+00	3.0656697779472826e-03
1.6283921921107100e-02	0.0000000000000000e+00	3.0645641167669694e-03
1.6301375213627001e-02	0.0000000000000000e+00	3.0634078869603790e-03
1.6318828506147000e-02	0.0000000000000000e+00	3.0622011093753821e-03
1.6336281798666901e-02	0.0000000000000000e+00	3.0609438058288824e-03
1.6353735091186899e-02	0.0000000000000000e+00	3.0596359991047002e-03
1.6371188383706801e-02	0.0000000000000000e+00	3.0582777129536357e-03
1.6388641676226799e-02	0.0000000000000000e+00	3.0568689720896192e-03
1.6406094968746700e-02	0.0000000000000000e+00	3.0554098021907308e-03
1.6423548261266602e-02	0.0000000000000000e+00	3.0539002298958636e-03
1.6441001553786600e-02	0.0000000000000000e+00	3.0523402828045200e-03
1.6458454846306501e-02	0.0000000000000000e+00	3.0507299894755391e-03
1.6475908138826500e-02	0.0000000000000000e+00	3.0490693794255710e-03
1.6493361431346401e-02	0.0000000000000000e+00	3.0473584831267214e-03
1.6510814723866400e-02	0.0000000000000000e+00	3.0455973320058743e-03
1.6528268016386301e-02	0.0000000000000000e+00	3.0437859584429290e-03
1.6545721308906199e-02	0.0000000000000000e+00	3.0419243957704296e-03
1.6563174601426200e-02	0.0000000000000000e+00	3.0400126782696340e-03
1.6580627893946102e-02	0.0000000000000000e+00	3.0380508411701496e-03
1.6598081186466100e-02	0.0000000000000000e+00	3.0360389206500484e-03
1.6615534478986001e-02	0.0000000000000000e+00	3.0339769538314859e-03
1.6632987771506000e-02	0.0000000000000000e+00	3.0318649787802548e-03
1.6650441064025901e-02	0.0000000000000000e+00	3.0297030345054462e-03
1.6667894356545799e-02	0.0000000000000000e+00	3.0274911609544470e-03
1.6685347649065801e-02	0.0000000000000000e+00	3.0252293990147968e-03
1.6702800941585699e-02	0.0000000000000000e+00	3.0229177905113733e-03
1.6720254234105700e-02	0.0000000000000000e+00	3.0205563782039406e-03
1.6737707526625598e-02	0.0000000000000000e+00	3.0181452057839570e-03
1.6755160819145600e-02	0.0000000000000000e+00	3.0156843178767542e-03
1.6772614111665501e-02	0.0000000000000000e+00	3.0131737600372966e-03
1.6790067404185399e-02	0.0000000000000000e+00	3.0106135787481849e-03
1.6807520696705401e-02	0.0000000000000000e+00	3.0080038214185369e-03
1.6824973989225299e-02	0.0000000000000000e+00	3.0053445363821115e-03
1.6842427281745301e-02	0.0000000000000000e+00	3.0026357728945761e-03
1.6859880574265199e-02	0.0000000000000000e+00	2.9998775811322462e-03
1.6877333866785200e-02	0.0000000000000000e+00	2.9970700121916445e-03
1.6894787159305098e-02	0.0000000000000000e+00	2.9942131180837688e-03
1.6912240451825100e-02	0.0000000000000000e+00	2.9913069517367510e-03
1.6929693744345001e-02	0.0000000000000000e+00	2.9883515669914540e-03
1.6947147036864899e-02	0.0000000000000000e+00	2.9853470185973300e-03
1.6964600329384901e-02	0.0000000000000000e+00	2.9822933622154521e-03
1.6982053621904799e-02	0.0000000000000000e+00	2.9791906544125719e-03
1.6999506914424801e-02	0.0000000000000000e+00	2.9760389526601750e-03
1.7016960206944699e-02	0.0000000000000000e+00	2.9728383153325953e-03
1.7034413499464700e-02	0.0000000000000000e+00	2.9695888017054074e-03
1.7051866791984598e-02	0.0000000000000000e+00	2.9662904719520563e-03
1.7069320084504500e-02	0.0000000000000000e+00	2.9629433871428959e-03
1.7086773377024501e-02	0.0000000000000000e+00	2.9595476092424580e-03
1.7104226669544399e-02	0.0000000000000000e+00	2.9561032011066971e-03
1.7121679962064401e-02	0.0000000000000000e+00	2.9526102264831626e-03
1.7139133254584299e-02	0.0000000000000000e+00	2.9490687500057814e-03
1.7156586547104301e-02	0.0000000000000000e+00	2.9454788371933872e-03
1.7174039839624199e-02	0.0000000000000000e+00	2.9418405544506545e-03
1.7191493132144100e-02	0.0000000000000000e+00	2.9381539690613509e-03
1.7208946424664098e-02	0.0000000000000000e+00	2.9344191491878081e-03
1.7226399717184000e-02	0.0000000000000000e+00	2.9306361638698013e-03
1.7243853009704001e-02	0.0000000000000000e+00	2.9268050830211774e-03
1.7261306302223899e-02	0.0000000000000000e+00	2.9229259774275493e-03
1.7278759594743901e-02	0.0000000000000000e+00	2.9189989187431119e-03
1.7296212887263799e-02	0.0000000000000000e+00	2.9150239794898647e-03
1.7313666179783700e-02	0.0000000000000000e+00	2.9110012330558739e-03
1.7331119472303699e-02	0.0000000000000000e+00	2.9069307536880146e-03
1.7348572764823600e-02	0.0000000000000000e+00	2.9028126164972333e-03
1.7366026057343598e-02	0.0000000000000000e+00	2.8986468974485425e-03
1.7383479349863500e-02	0.0000000000000000e+00	2.8944336733639155e-03
1.7400932642383501e-02	0.0000000000000000e+00	2.8901730219185336e-03
1.7418385934903399e-02	0.0000000000000000e+00	2.8858650216346047e-03
1.7435839227423401e-02	0.0000000000000000e+00	2.8815097518846331e-03
1.7453292519943299e-02	0.0000000000000000e+00	2.8771072928854601e-03
1.7470745812463200e-02	0.0000000000000000e+00	2.8726577256957772e-03
1.7488199104983199e-02	0.0000000000000000e+00	2.8681611322146005e-03
1.7505652397503100e-02	0.0000000000000000e+00	2.8636175951798726e-03
1.7523105690023098e-02	0.0000000000000000e+00	2.8590271981609296e-03
1.7540558982543000e-02	0.0000000000000000e+00	2.8543900255618530e-03
1.7558012275063001e-02	0.0000000000000000e+00	2.8497061626158266e-03
1.7575465567582899e-02	0.0000000000000000e+00	2.8449756953827887e-03
1.7592918860102801e-02	0.0000000000000000e+00	2.8401987107458597e-03
1.7610372152622799e-02	0.0000000000000000e+00	2.8353752964125271e-03
1.7627825445142700e-02	0.0000000000000000e+00	2.8305055409055895e-03
1.7645278737662699e-02	0.0000000000000000e+00	2.8255895335673156e-03
1.7662732030182600e-02	0.0000000000000000e+00	2.8206273645508097e-03
1.7680185322702598e-02	0.0000000000000000e+00	2.8156191248209792e-03
1.7697638615222500e-02	0.0000000000000000e+00	2.8105649061521119e-03
1.7715091907742401e-02	0.0000000000000000e+00	2.8054648011206565e-03
1.7732545200262399e-02	0.0000000000000000e+00	2.8003189031085788e-03
1.7749998492782301e-02	0.0000000000000000e+00	2.7951273062951122e-03
1.7767451785302299e-02	0.0000000000000000e+00	2.7898901056583156e-03
1.7784905077822200e-02	0.0000000000000000e+00	2.7846073969688481e-03
1.7802358370342199e-02	0.0000000000000000e+00	2.7792792767884272e-03
1.7819811662862100e-02	0.0000000000000000e+00	2.7739058424682364e-03
1.7837264955382001e-02	0.0000000000000000e+00	2.7684871921435385e-03
1.7854718247902000e-02	0.0000000000000000e+00	2.7630234247339788e-03
1.7872171540421901e-02	0.0000000000000000e+00	2.7575146399373093e-03
1.7889624832941899e-02	0.0000000000000000e+00	2.7519609382277961e-03
1.7907078125461801e-02	0.0000000000000000e+00	2.7463624208551333e-03
1.7924531417981799e-02	0.0000000000000000e+00	2.7407191898366906e-03
1.7941984710501700e-02	0.0000000000000000e+00	2.7350313479620357e-03
1.7959438003021699e-02	0.0000000000000000e+00	2.7292989987824832e-03
1.7976891295541600e-02	0.0000000000000000e+00	2.7235222466132978e-03
1.7994344588061501e-02	0.0000000000000000e+00	2.7177011965267331e-03
1.8011797880581500e-02	0.0000000000000000e+00	2.7119338104825736e-03
1.8029251173101401e-02	0.0000000000000000e+00	2.7062056845369603e-03
1.8046704465621399e-02	0.0000000000000000e+00	2.7004354226650897e-03
1.8064157758141301e-02	0.0000000000000000e+00	2.6946231333525345e-03
1.8081611050661299e-02	0.0000000000000000e+00	2.6887689257984212e-03
1.8099064343181200e-02	0.0000000000000000e+00	2.6828729099140280e-03
1.8116517635701102e-02	0.0000000000000000e+00	2.6769351963188033e-03
1.8133970928221100e-02	0.0000000000000000e+00	2.6709558963323586e-03
1.8151424220741001e-02	0.0000000000000000e+00	2.6649351219810566e-03
1.8168877513261000e-02	0.0000000000000000e+00	2.6588729859862588e-03
1.8186330805780901e-02	0.0000000000000000e+00	2.6529491847616742e-03
1.8203784098300899e-02	0.0000000000000000e+00	2.6470070308885806e-03
1.8221237390820801e-02	0.0000000000000000e+00	2.6410256853971739e-03
1.8238690683340698e-02	0.0000000000000000e+00	2.6350052637552860e-03
1.8256143975860700e-02	0.0000000000000000e+00	2.6289458820855064e-03
1.8273597268380602e-02	0.0000000000000000e+00	2.6228476571589008e-03
1.8291050560900600e-02	0.0000000000000000e+00	2.6167107063940096e-03
1.8308503853420501e-02	0.0000000000000000e+00	2.6105351478523564e-03
1.8325957145940500e-02	0.0000000000000000e+00	2.6044172653793820e-03
1.8343410438460401e-02	0.0000000000000000e+00	2.5983842802006210e-03
1.8360863730980299e-02	0.0000000000000000e+00	2.5923148527462001e-03
1.8378317023500301e-02	0.0000000000000000e+00	2.5862091032492975e-03
1.8395770316020198e-02	0.0000000000000000e+00	2.5800671525365417e-03
1.8413223608540200e-02	0.0000000000000000e+00	2.5738891220339873e-03
1.8430676901060102e-02	0.0000000000000000e+00	2.5676751337551525e-03
1.8448130193580100e-02	0.0000000000000000e+00	2.5614253103052385e-03
1.8465583486100001e-02	0.0000000000000000e+00	2.5553451351860291e-03
1.8483036778619899e-02	0.0000000000000000e+00	2.5492600339667611e-03
1.8500490071139901e-02	0.0000000000000000e+00	2.5431412513698278e-03
1.8517943363659799e-02	0.0000000000000000e+00	2.5369889115985354e-03
1.8535396656179801e-02	0.0000000000000000e+00	2.5308031393998661e-03
1.8552849948699698e-02	0.0000000000000000e+00	2.5245840600603910e-03
1.8570303241219700e-02	0.0000000000000000e+00	2.5183326868130477e-03
1.8587756533739602e-02	0.0000000000000000e+00	2.5122959316484883e-03
1.8605209826259600e-02	0.0000000000000000e+00	2.5062280032388112e-03
1.8622663118779501e-02	0.0000000000000000e+00	2.5001290279919267e-03
1.8640116411299399e-02	0.0000000000000000e+00	2.4939991328108545e-03
1.8657569703819401e-02	0.0000000000000000e+00	2.4878384450918727e-03
1.8675022996339299e-02	0.0000000000000000e+00	2.4816470927202000e-03
1.8692476288859301e-02	0.0000000000000000e+00	2.4756040752705009e-03
1.8709929581379198e-02	0.0000000000000000e+00	2.4696141231651822e-03
1.8727382873899200e-02	0.0000000000000000e+00	2.4635956154982312e-03
1.8744836166419102e-02	0.0000000000000000e+00	2.4575486807649652e-03
1.8762289458938999e-02	0.0000000000000000e+00	2.4514734479082643e-03
1.8779742751459001e-02	0.0000000000000000e+00	2.4453700463106217e-03
1.8797196043978899e-02	0.0000000000000000e+00	2.4394625841388214e-03
1.8814649336498901e-02	0.0000000000000000e+00	2.4335770863009951e-03
1.8832102629018799e-02	0.0000000000000000e+00	2.4276654984832957e-03
1.8849555921538801e-02	0.0000000000000000e+00	2.4217279502224912e-03
1.8867009214058698e-02	0.0000000000000000e+00	2.4157645714538794e-03
1.8884462506578600e-02	0.0000000000000000e+00	2.4098709863242460e-03
1.8901915799098602e-02	0.0000000000000000e+00	2.4041394846257258e-03
1.8919369091618499e-02	0.0000000000000000e+00	2.3983841966917809e-03
1.8936822384138501e-02	0.0000000000000000e+00	2.3926052522033497e-03
1.8954275676658399e-02	0.0000000000000000e+00	2.3868027812020336e-03
1.8971728969178401e-02	0.0000000000000000e+00	2.3810277413182108e-03
1.8989182261698299e-02	0.0000000000000000e+00	2.3754705326130962e-03
1.9006635554218200e-02	0.0000000000000000e+00	2.3698918032600122e-03
1.9024088846738198e-02	0.0000000000000000e+00	2.3642916826476044e-03
1.9041542139258100e-02	0.0000000000000000e+00	2.3586703004830779e-03
1.9058995431778102e-02	0.0000000000000000e+00	2.3531125346265593e-03
1.9076448724297999e-02	0.0000000000000000e+00	2.3477491745367458e-03
1.9093902016818001e-02	0.0000000000000000e+00	2.3423665165616123e-03
1.9111355309337899e-02	0.0000000000000000e+00	2.3369646893753931e-03
1.9128808601857800e-02	0.0000000000000000e+00	2.3315438219271888e-03
1.9146261894377799e-02	0.0000000000000000e+00	2.3262957829096008e-03
1.9163715186897700e-02	0.0000000000000000e+00	2.3211450358554160e-03
1.9181168479417698e-02	0.0000000000000000e+00	2.3159771663539769e-03
1.9198621771937600e-02	0.0000000000000000e+00	2.3107923019529764e-03
1.9216075064457602e-02	0.0000000000000000e+00	2.3056431967630087e-03
1.9233528356977499e-02	0.0000000000000000e+00	2.3007381124415965e-03
1.9250981649497501e-02	0.0000000000000000e+00	2.2958179036334666e-03
1.9268434942017399e-02	0.0000000000000000e+00	2.2908826961618566e-03
1.9285888234537300e-02	0.0000000000000000e+00	2.2859326160509065e-03
1.9303341527057299e-02	0.0000000000000000e+00	2.2812494363044665e-03
1.9320794819577200e-02	0.0000000000000000e+00	2.2765898604610157e-03
1.9338248112097198e-02	0.0000000000000000e+00	2.2719172299746422e-03
1.9355701404617100e-02	0.0000000000000000e+00	2.2672316688082416e-03
1.9373154697137102e-02	0.0000000000000000e+00	2.2627752286851779e-03
1.9390607989656999e-02	0.0000000000000000e+00	2.2583884977213651e-03
1.9408061282176901e-02	0.0000000000000000e+00	2.2539906009725547e-03
1.9425514574696899e-02	0.0000000000000000e+00	2.2495816600401966e-03
1.9442967867216800e-02	0.0000000000000000e+00	2.2454039702406148e-03
1.9460421159736799e-02	0.0000000000000000e+00	2.2413015075906429e-03
1.9477874452256700e-02	0.0000000000000000e+00	2.2371897100376390e-03
1.9495327744776698e-02	0.0000000000000000e+00	2.2330686965420341e-03
1.9512781037296600e-02	0.0000000000000000e+00	2.2292161449514788e-03
1.9530234329816501e-02	0.0000000000000000e+00	2.2254085589991602e-03
1.9547687622336499e-02	0.0000000000000000e+00	2.2215934083864857e-03
1.9565140914856401e-02	0.0000000000000000e+00	2.2177809709941700e-03
1.9582594207376399e-02	0.0000000000000000e+00	2.2142840005481461e-03
1.9600047499896300e-02	0.0000000000000000e+00	2.2107810596833483e-03
1.9617500792416299e-02	0.0000000000000000e+00	2.2072722612488742e-03
1.9634954084936200e-02	0.0000000000000000e+00	2.2038563913490436e-03
1.9652407377456101e-02	0.0000000000000000e+00	2.2006713261671948e-03
1.9669860669976100e-02	0.0000000000000000e+00	2.1974819355188814e-03
1.9687313962496001e-02	0.0000000000000000e+00	2.1942883288860195e-03
1.9704767255015999e-02	0.0000000000000000e+00	2.1912983200073331e-03
1.9722220547535901e-02	0.0000000000000000e+00	2.1884332479059528e-03
1.9739673840055899e-02	0.0000000000000000e+00	2.1855654278138672e-03
1.9757127132575800e-02	0.0000000000000000e+00	2.1826949656205560e-03
1.9774580425095799e-02	0.0000000000000000e+00	2.1801539365956762e-03
1.9792033717615700e-02	0.0000000000000000e+00	2.1776160429007032e-03
1.9809487010135601e-02	0.0000000000000000e+00	2.1750769091664827e-03
1.9826940302655600e-02	0.0000000000000000e+00	2.1726659719358233e-03
1.9844393595175501e-02	0.0000000000000000e+00	2.1704614230392306e-03
1.9861846887695499e-02	0.0000000000000000e+00	2.1682569724967410e-03
1.9879300180215401e-02	0.0000000000000000e+00	2.1660527184619934e-03
1.9896753472735399e-02	0.0000000000000000e+00	2.1641169598618630e-03
1.9914206765255300e-02	0.0000000000000000e+00	2.1622498144776448e-03
1.9931660057775202e-02	0.0000000000000000e+00	2.1603841350261829e-03
1.9949113350295200e-02	0.0000000000000000e+00	2.1585921206163290e-03
1.9966566642815101e-02	0.0000000000000000e+00	2.1570641608040088e-03
1.9984019935335100e-02	0.0000000000000000e+00	2.1555388702203275e-03
2.0001473227855001e-02	0.0000000000000000e+00	2.1540163386594207e-03
2.0018926520374999e-02	0.0000000000000000e+00	2.1527027493566191e-03
2.0036379812894901e-02	0.0000000000000000e+00	2.1515189118154216e-03
2.0053833105414798e-02	0.0000000000000000e+00	2.1503389651549615e-03
2.0071286397934800e-02	0.0000000000000000e+00	2.1491629947336197e-03
2.0088739690454702e-02	0.0000000000000000e+00	2.1483202103814531e-03
2.0106192982974700e-02	0.0000000000000000e+00	2.1474830883731937e-03
2.0123646275494601e-02	0.0000000000000000e+00	2.1466510019489790e-03
2.0141099568014600e-02	0.0000000000000000e+00	2.1459326490545932e-03
2.0158552860534501e-02	0.0000000000000000e+00	2.1454378293652592e-03
2.0176006153054399e-02	0.0000000000000000e+00	2.1449490357104929e-03
2.0193459445574401e-02	0.0000000000000000e+00	2.1444663443464947e-03
2.0210912738094299e-02	0.0000000000000000e+00	2.1441862197063835e-03
2.0228366030614300e-02	0.0000000000000000e+00	2.1440393612627800e-03
2.0245819323134202e-02	0.0000000000000000e+00	2.1438995214560228e-03
2.0263272615654200e-02	0.0000000000000000e+00	2.1437667717757406e-03
2.0280725908174101e-02	0.0000000000000000e+00	2.1438981469019017e-03
2.0298179200694100e-02	0.0000000000000000e+00	2.1440989624499501e-03
2.0315632493214001e-02	0.0000000000000000e+00	2.1443077097488472e-03
2.0333085785733899e-02	0.0000000000000000e+00	2.1445244554413956e-03
2.0350539078253901e-02	0.0000000000000000e+00	2.1450339767852822e-03
2.0367992370773799e-02	0.0000000000000000e+00	2.1455811844394370e-03
2.0385445663293800e-02	0.0000000000000000e+00	2.1461371569357185e-03
2.0402898955813702e-02	0.0000000000000000e+00	2.1467019559946502e-03
2.0420352248333700e-02	0.0000000000000000e+00	2.1475496671144014e-03
2.0437805540853601e-02	0.0000000000000000e+00	2.1484409892289129e-03
2.0455258833373499e-02	0.0000000000000000e+00	2.1493418288776882e-03
2.0472712125893501e-02	0.0000000000000000e+00	2.1502522428093981e-03
2.0490165418413399e-02	0.0000000000000000e+00	2.1513916222512443e-03
2.0507618710933401e-02	0.0000000000000000e+00	2.1526237862378090e-03
2.0525072003453299e-02	0.0000000000000000e+00	2.1538661398563773e-03
2.0542525295973300e-02	0.0000000000000000e+00	2.1551187348445105e-03
2.0559978588493202e-02	0.0000000000000000e+00	2.1564967496757173e-03
2.0577431881013099e-02	0.0000000000000000e+00	2.1580654907730435e-03
2.0594885173533101e-02	0.0000000000000000e+00	2.1596450129758599e-03
2.0612338466052999e-02	0.0000000000000000e+00	2.1612353629868971e-03
2.0629791758573001e-02	0.0000000000000000e+00	2.1628365872913080e-03
2.0647245051092899e-02	0.0000000000000000e+00	2.1646926038548413e-03
2.0664698343612901e-02	0.0000000000000000e+00	2.1666039619061238e-03
2.0682151636132799e-02	0.0000000000000000e+00	2.1685266537074289e-03
2.0699604928652700e-02	0.0000000000000000e+00	2.1704607206930022e-03
2.0717058221172702e-02	0.0000000000000000e+00	2.1724223131807502e-03
2.0734511513692599e-02	0.0000000000000000e+00	2.1746591937402814e-03
2.0751964806212601e-02	0.0000000000000000e+00	2.1769078338053026e-03
2.0769418098732499e-02	0.0000000000000000e+00	2.1791682697690959e-03
2.0786871391252501e-02	0.0000000000000000e+00	2.1814405377971443e-03
2.0804324683772399e-02	0.0000000000000000e+00	2.1837246738231017e-03
2.0821777976292300e-02	0.0000000000000000e+00	2.1862849559473418e-03
2.0839231268812299e-02	0.0000000000000000e+00	2.1888643161387606e-03
2.0856684561332200e-02	0.0000000000000000e+00	2.1914558443934351e-03
2.0874137853852202e-02	0.0000000000000000e+00	2.1940595716149311e-03
2.0891591146372099e-02	0.0000000000000000e+00	2.1966755284778313e-03
2.0909044438892101e-02	0.0000000000000000e+00	2.1994449239913817e-03
2.0926497731411999e-02	0.0000000000000000e+00	2.2023472283873415e-03
2.0943951023932001e-02	0.0000000000000000e+00	2.2052619837421446e-03
