0.0000000000000000e+00	0.0000000000000000e+00	2.3324106408196886e-03
1.7453292519943300e-05	0.0000000000000000e+00	2.3410758510538478e-03
3.4906585039886600e-05	0.0000000000000000e+00	2.3497243747661028e-03
5.2359877559829903e-05	0.0000000000000000e+00	2.3583510547751617e-03
6.9813170079773199e-05	0.0000000000000000e+00	2.3668875700237992e-03
8.7266462599716496e-05	0.0000000000000000e+00	2.3749828697023213e-03
1.0471975511966000e-04	0.0000000000000000e+00	2.3816028756969065e-03
1.2217304763960301e-04	0.0000000000000000e+00	2.3845692964365763e-03
1.3962634015954599e-04	0.0000000000000000e+00	2.3801839192186345e-03
1.5707963267949001e-04	0.0000000000000000e+00	2.3630452728453299e-03
1.7453292519943299e-04	0.0000000000000000e+00	2.3261268799418633e-03
1.9198621771937600e-04	0.0000000000000000e+00	2.2611387089983516e-03
2.0943951023931999e-04	0.0000000000000000e+00	2.1591635401427447e-03
2.2689280275926300e-04	0.0000000000000000e+00	2.0115307610819298e-03
2.4434609527920601e-04	0.0000000000000000e+00	1.8108671050425236e-03
2.6179938779914903e-04	0.0000000000000000e+00	1.5522487489411847e-03
2.7925268031909301e-04	0.0000000000000000e+00	1.2343692043133988e-03
2.9670597283903603e-04	0.0000000000000000e+00	8.6062801657629134e-04
3.1415926535897898e-04	0.0000000000000000e+00	4.4005208998285431e-04
3.3161255787892303e-04	0.0000000000000000e+00	1.2037198307820584e-05
3.4906585039886598e-04	0.0000000000000000e+00	4.7368770715723726e-04
3.6651914291880900e-04	0.0000000000000000e+00	9.1636659148490321e-04
3.8397243543875201e-04	0.0000000000000000e+00	1.3054415231773969e-03
4.0142572795869599e-04	0.0000000000000000e+00	1.6011146036564164e-03
4.1887902047863901e-04	0.0000000000000000e+00	1.7597841498108156e-03
4.3633231299858202e-04	0.0000000000000000e+00	1.7358346097156186e-03
4.5378560551852601e-04	0.0000000000000000e+00	1.4837790234111387e-03
4.7123889803846902e-04	0.0000000000000000e+00	9.6068899410220411e-04
4.8869219055841203e-04	0.0000000000000000e+00	1.2881221237040540e-04
5.0614548307835602e-04	0.0000000000000000e+00	1.0417326830329226e-03
5.2359877559829903e-04	0.0000000000000000e+00	2.5703072584223104e-03
5.4105206811824204e-04	0.0000000000000000e+00	4.4632821877494244e-03
5.5850536063818505e-04	0.0000000000000000e+00	6.7118746604551242e-03
5.7595865315812904e-04	0.0000000000000000e+00	9.2904193895970329e-03
5.9341194567807205e-04	0.0000000000000000e+00	1.2155194978058661e-02
6.1086523819801496e-04	0.0000000000000000e+00	1.5243906104347185e-02
6.2831853071795905e-04	0.0000000000000000e+00	1.8475893209454201e-02
6.4577182323790196e-04	0.0000000000000000e+00	2.1753125358127949e-02
6.6322511575784497e-04	0.0000000000000000e+00	2.4962039149218410e-02
6.8067840827778798e-04	0.0000000000000000e+00	2.7976169841681185e-02
6.9813170079773197e-04	0.0000000000000000e+00	3.0659552682794477e-02
7.1558499331767498e-04	0.0000000000000000e+00	3.2870838734650201e-02
7.3303828583761799e-04	0.0000000000000000e+00	3.4468071273925073e-02
7.5049157835756198e-04	0.0000000000000000e+00	3.5313836287190432e-02
7.6794487087750499e-04	0.0000000000000000e+00	3.5280777441919452e-02
7.8539816339744800e-04	0.0000000000000000e+00	3.4257271502847818e-02
8.0285145591739199e-04	0.0000000000000000e+00	3.2153046357849428e-02
8.2030474843733500e-04	0.0000000000000000e+00	2.8904456904382182e-02
8.3775804095727801e-04	0.0000000000000000e+00	2.4479330099253523e-02
8.5521133347722102e-04	0.0000000000000000e+00	1.8881085309660293e-02
8.7266462599716501e-04	0.0000000000000000e+00	1.2151955679296488e-02
8.9011791851710802e-04	0.0000000000000000e+00	4.3751047452031989e-03
9.0757121103705104e-04	0.0000000000000000e+00	4.3244854527528676e-03
9.2502450355699502e-04	0.0000000000000000e+00	1.3780494944427974e-02
9.4247779607693804e-04	0.0000000000000000e+00	2.3787189853657662e-02
9.5993108859688105e-04	0.0000000000000000e+00	3.4102838340478059e-02
9.7738438111682406e-04	0.0000000000000000e+00	4.4454592102952863e-02
9.9483767363676805e-04	0.0000000000000000e+00	5.4544755311350883e-02
1.0122909661567101e-03	0.0000000000000000e+00	6.4058416467433460e-02
1.0297442586766500e-03	0.0000000000000000e+00	7.2672024632512697e-02
1.0471975511966000e-03	0.0000000000000000e+00	8.0062897532787489e-02
1.0646508437165401e-03	0.0000000000000000e+00	8.5919369574948640e-02
1.0821041362364800e-03	0.0000000000000000e+00	8.9951206098127803e-02
1.0995574287564300e-03	0.0000000000000000e+00	9.1900013012603726e-02
1.1170107212763701e-03	0.0000000000000000e+00	9.1549268803154199e-02
1.1344640137963100e-03	0.0000000000000000e+00	8.8733677841900824e-02
1.1519173063162600e-03	0.0000000000000000e+00	8.3347484148597439e-02
1.1693705988361999e-03	0.0000000000000000e+00	7.5351444471197238e-02
1.1868238913561400e-03	0.0000000000000000e+00	6.4778179567778996e-02
1.2042771838760900e-03	0.0000000000000000e+00	5.1735663237916445e-02
1.2217304763960299e-03	0.0000000000000000e+00	3.6408658873364301e-02
1.2391837689159700e-03	0.0000000000000000e+00	1.9057965755107278e-02
1.2566370614359201e-03	0.0000000000000000e+00	1.7397316371334237e-05
1.2740903539558599e-03	0.0000000000000000e+00	2.0311523950808770e-02
1.2915436464758000e-03	0.0000000000000000e+00	4.1467107486331395e-02
1.3089969389957501e-03	0.0000000000000000e+00	6.2937158547078070e-02
1.3264502315156899e-03	0.0000000000000000e+00	8.4170593708939825e-02
1.3439035240356300e-03	0.0000000000000000e+00	1.0459079278045579e-01
1.3613568165555801e-03	0.0000000000000000e+00	1.2361029586757537e-01
1.3788101090755199e-03	0.0000000000000000e+00	1.4064666552917821e-01
1.3962634015954600e-03	0.0000000000000000e+00	1.5513908356620060e-01
1.4137166941154101e-03	0.0000000000000000e+00	1.6656514252719165e-01
1.4311699866353500e-03	0.0000000000000000e+00	1.7445745448792113e-01
1.4486232791552900e-03	0.0000000000000000e+00	1.7841959403664795e-01
1.4660765716752401e-03	0.0000000000000000e+00	1.7814089176100462e-01
1.4835298641951800e-03	0.0000000000000000e+00	1.7340958516488711e-01
1.5009831567151201e-03	0.0000000000000000e+00	1.6412383103825987e-01
1.5184364492350699e-03	0.0000000000000000e+00	1.5030014807382741e-01
1.5358897417550100e-03	0.0000000000000000e+00	1.3207889321220306e-01
1.5533430342749501e-03	0.0000000000000000e+00	1.0972644148189842e-01
1.5707963267948999e-03	0.0000000000000000e+00	8.3633823514153952e-02
1.5882496193148400e-03	0.0000000000000000e+00	5.4311673517869023e-02
1.6057029118347801e-03	0.0000000000000000e+00	2.2381455496663552e-02
1.6231562043547299e-03	0.0000000000000000e+00	1.1436947919831632e-02
1.6406094968746700e-03	0.0000000000000000e+00	4.6341069863111747e-02
1.6580627893946101e-03	0.0000000000000000e+00	8.1464756028681543e-02
1.6755160819145599e-03	0.0000000000000000e+00	1.1589966968303411e-01
1.6929693744345000e-03	0.0000000000000000e+00	1.4871889959246776e-01
1.7104226669544401e-03	0.0000000000000000e+00	1.7900190909344127e-01
1.7278759594743899e-03	0.0000000000000000e+00	2.0586015166812238e-01
1.7453292519943300e-03	0.0000000000000000e+00	2.2846262842917883e-01
1.7627825445142699e-03	0.0000000000000000e+00	2.4606069314166529e-01
1.7802358370342200e-03	0.0000000000000000e+00	2.5801107221460945e-01
1.7976891295541600e-03	0.0000000000000000e+00	2.6379666764115400e-01
1.8151424220740999e-03	0.0000000000000000e+00	2.6304452116886129e-01
1.8325957145940500e-03	0.0000000000000000e+00	2.5554021968067608e-01
1.8500490071139900e-03	0.0000000000000000e+00	2.4123838633123584e-01
1.8675022996339299e-03	0.0000000000000000e+00	2.2026895606441618e-01
1.8849555921538800e-03	0.0000000000000000e+00	1.9293895409289644e-01
1.9024088846738201e-03	0.0000000000000000e+00	1.5972972300166086e-01
1.9198621771937599e-03	0.0000000000000000e+00	1.2128956656263380e-01
1.9373154697137100e-03	0.0000000000000000e+00	7.8421958935538050e-02
1.9547687622336499e-03	0.0000000000000000e+00	3.2069531774554454e-02
1.9722220547535902e-03	0.0000000000000000e+00	1.6705857904680623e-02
1.9896753472735400e-03	0.0000000000000000e+00	6.6746572827277709e-02
2.0071286397934799e-03	0.0000000000000000e+00	1.1682570752742223e-01
2.0245819323134202e-03	0.0000000000000000e+00	1.6567606367137772e-01
2.0420352248333700e-03	0.0000000000000000e+00	2.1202108529529404e-01
2.0594885173533099e-03	0.0000000000000000e+00	2.5460704142105228e-01
2.0769418098732502e-03	0.0000000000000000e+00	2.9223569565489554e-01
2.0943951023932000e-03	0.0000000000000000e+00	3.2379681120945064e-01
2.1118483949131399e-03	0.0000000000000000e+00	3.4829965649566508e-01
2.1293016874330802e-03	0.0000000000000000e+00	3.6490263567030740e-01
2.1467549799530201e-03	0.0000000000000000e+00	3.7294026070817382e-01
2.1642082724729699e-03	0.0000000000000000e+00	3.7194667542637666e-01
2.1816615649929102e-03	0.0000000000000000e+00	3.6167482529808753e-01
2.1991148575128501e-03	0.0000000000000000e+00	3.4211055694883757e-01
2.2165681500327999e-03	0.0000000000000000e+00	3.1348098288460546e-01
2.2340214425527402e-03	0.0000000000000000e+00	2.7625651192363765e-01
2.2514747350726801e-03	0.0000000000000000e+00	2.3114619611675080e-01
2.2689280275926299e-03	0.0000000000000000e+00	1.7908617271910143e-01
2.2863813201125698e-03	0.0000000000000000e+00	1.2122123288957162e-01
2.3038346126325101e-03	0.0000000000000000e+00	5.8879792899233639e-02
2.3212879051524599e-03	0.0000000000000000e+00	6.4571958562142893e-03
2.3387411976723998e-03	0.0000000000000000e+00	7.3192628844993890e-02
2.3561944901923401e-03	0.0000000000000000e+00	1.3965390773908615e-01
2.3736477827122899e-03	0.0000000000000000e+00	2.0413665011391863e-01
2.3911010752322298e-03	0.0000000000000000e+00	2.6495023842491527e-01
2.4085543677521701e-03	0.0000000000000000e+00	3.2046368091183453e-01
2.4260076602721200e-03	0.0000000000000000e+00	3.6915034163877125e-01
2.4434609527920598e-03	0.0000000000000000e+00	4.0963046595840152e-01
2.4609142453120001e-03	0.0000000000000000e+00	4.4071001502487117e-01
2.4783675378319500e-03	0.0000000000000000e+00	4.6141431276114114e-01
2.4958208303518898e-03	0.0000000000000000e+00	4.7101643074697336e-01
2.5132741228718301e-03	0.0000000000000000e+00	4.6905921914070137e-01
2.5307274153917800e-03	0.0000000000000000e+00	4.5537018650226829e-01
2.5481807079117198e-03	0.0000000000000000e+00	4.3006929455826542e-01
2.5656340004316601e-03	0.0000000000000000e+00	3.9356949603130370e-01
2.5830872929516100e-03	0.0000000000000000e+00	3.4657000486176737e-01
2.6005405854715499e-03	0.0000000000000000e+00	2.9004267597125688e-01
2.6179938779914902e-03	0.0000000000000000e+00	2.2521172238555498e-01
2.6354471705114400e-03	0.0000000000000000e+00	1.5352739241026006e-01
2.6529004630313799e-03	0.0000000000000000e+00	7.6634132298567526e-02
2.6703537555513202e-03	0.0000000000000000e+00	3.6660633940055975e-03
2.6878070480712700e-03	0.0000000000000000e+00	8.5454441255623056e-02
2.7052603405912099e-03	0.0000000000000000e+00	1.6673954840163702e-01
2.7227136331111502e-03	0.0000000000000000e+00	2.4550369029278321e-01
2.7401669256311000e-03	0.0000000000000000e+00	3.1975110231009557e-01
2.7576202181510399e-03	0.0000000000000000e+00	3.8755668775629515e-01
2.7750735106709802e-03	0.0000000000000000e+00	4.4711440383110279e-01
2.7925268031909300e-03	0.0000000000000000e+00	4.9678433347728029e-01
2.8099800957108699e-03	0.0000000000000000e+00	5.3513727930778110e-01
2.8274333882308102e-03	0.0000000000000000e+00	5.6099575249932676e-01
2.8448866807507600e-03	0.0000000000000000e+00	5.7347033879171638e-01
2.8623399732706999e-03	0.0000000000000000e+00	5.7199011279851741e-01
2.8797932657906402e-03	0.0000000000000000e+00	5.5632603364845257e-01
2.8972465583105901e-03	0.0000000000000000e+00	5.2660625296189367e-01
2.9146998508305299e-03	0.0000000000000000e+00	4.8332238855897580e-01
2.9321531433504698e-03	0.0000000000000000e+00	4.2732603737895447e-01
2.9496064358704201e-03	0.0000000000000000e+00	3.5981504929018110e-01
2.9670597283903599e-03	0.0000000000000000e+00	2.8230952981337043e-01
2.9845130209102998e-03	0.0000000000000000e+00	1.9661778289945675e-01
3.0019663134302501e-03	0.0000000000000000e+00	1.0479288720255840e-01
3.0194196059501899e-03	0.0000000000000000e+00	9.0810984310987740e-03
3.0368728984701298e-03	0.0000000000000000e+00	8.8136435175012837e-02
3.0543261909900801e-03	0.0000000000000000e+00	1.8440681491403463e-01
3.0717794835100200e-03	0.0000000000000000e+00	2.7727130923734183e-01
3.0892327760299598e-03	0.0000000000000000e+00	3.6433188016989343e-01
3.1066860685499101e-03	0.0000000000000000e+00	4.4331626310921068e-01
3.1241393610698500e-03	0.0000000000000000e+00	5.1213929170954298e-01
3.1415926535897898e-03	0.0000000000000000e+00	5.6895852080691545e-01
3.1590459461097401e-03	0.0000000000000000e+00	6.1222365303293746e-01
3.1764992386296800e-03	0.0000000000000000e+00	6.4071670618622711e-01
3.1939525311496198e-03	0.0000000000000000e+00	6.5358301441990829e-01
3.2114058236695701e-03	0.0000000000000000e+00	6.5035355104127412e-01
3.2288591161895100e-03	0.0000000000000000e+00	6.3095661412413384e-01
3.2463124087094499e-03	0.0000000000000000e+00	5.9571945507817192e-01
3.2637657012294001e-03	0.0000000000000000e+00	5.4536076757449470e-01
3.2812189937493400e-03	0.0000000000000000e+00	4.8097385279328725e-01
3.2986722862692799e-03	0.0000000000000000e+00	4.0400120380606563e-01
3.3161255787892301e-03	0.0000000000000000e+00	3.1620155708850256e-01
3.3335788713091700e-03	0.0000000000000000e+00	2.1960984699991218e-01
3.3510321638291099e-03	0.0000000000000000e+00	1.1649121697804471e-01
3.3684854563490602e-03	0.0000000000000000e+00	9.2899890325306086e-03
3.3859387488690000e-03	0.0000000000000000e+00	9.9425588987197625e-02
3.4033920413889399e-03	0.0000000000000000e+00	2.0702161084160733e-01
3.4208453339088902e-03	0.0000000000000000e+00	3.1085887663202405e-01
3.4382986264288300e-03	0.0000000000000000e+00	4.0835432845975272e-01
3.4557519189487699e-03	0.0000000000000000e+00	4.9704251805989103e-01
3.4732052114687202e-03	0.0000000000000000e+00	5.7463583999086587e-01
3.4906585039886600e-03	0.0000000000000000e+00	6.3908230054176529e-01
3.5081117965085999e-03	0.0000000000000000e+00	6.8861992871877120e-01
3.5255650890285502e-03	0.0000000000000000e+00	7.2182577624595279e-01
3.5430183815484901e-03	0.0000000000000000e+00	7.3765900066184997e-01
3.5604716740684299e-03	0.0000000000000000e+00	7.3549592730502000e-01
3.5779249665883698e-03	0.0000000000000000e+00	7.1515582446248360e-01
3.5953782591083201e-03	0.0000000000000000e+00	6.7691625610352379e-01
3.6128315516282599e-03	0.0000000000000000e+00	6.2151658787705777e-01
3.6302848441482102e-03	0.0000000000000000e+00	5.5014854096417698e-01
3.6477381366681501e-03	0.0000000000000000e+00	4.6443406662123732e-01
3.6651914291880900e-03	0.0000000000000000e+00	3.6638965396768236e-01
3.6826447217080398e-03	0.0000000000000000e+00	2.5837824253974795e-01
3.7000980142279801e-03	0.0000000000000000e+00	1.4304951287519566e-01
3.7175513067479200e-03	0.0000000000000000e+00	2.3270476577917115e-02
3.7350045992678598e-03	0.0000000000000000e+00	9.7951309565140338e-02
3.7524578917878101e-03	0.0000000000000000e+00	2.1754956679562504e-01
3.7699111843077500e-03	0.0000000000000000e+00	3.3248299424503663e-01
3.7873644768276998e-03	0.0000000000000000e+00	4.3981804567499871e-01
3.8048177693476401e-03	0.0000000000000000e+00	5.3680805689593958e-01
3.8222710618675800e-03	0.0000000000000000e+00	6.2096592264042383e-01
3.8397243543875199e-03	0.0000000000000000e+00	6.9012866512233573e-01
3.8571776469074701e-03	0.0000000000000000e+00	7.4251205828750355e-01
3.8746309394274100e-03	0.0000000000000000e+00	7.7675364713830752e-01
3.8920842319473499e-03	0.0000000000000000e+00	7.9194422612068649e-01
3.9095375244672997e-03	0.0000000000000000e+00	7.8764597539811565e-01
3.9269908169872400e-03	0.0000000000000000e+00	7.6390067466332889e-01
3.9444441095071803e-03	0.0000000000000000e+00	7.2122495036512857e-01
3.9618974020271302e-03	0.0000000000000000e+00	6.6059467345504608e-01
3.9793506945470696e-03	0.0000000000000000e+00	5.8341926895688867e-01
3.9968039870670099e-03	0.0000000000000000e+00	4.9150710765655298e-01
4.0142572795869597e-03	0.0000000000000000e+00	3.8702204020127884e-01
4.0317105721069000e-03	0.0000000000000000e+00	2.7243357462230267e-01
4.0491638646268403e-03	0.0000000000000000e+00	1.5046040998555080e-01
4.0666171571467902e-03	0.0000000000000000e+00	2.4009163808373049e-02
4.0840704496667296e-03	0.0000000000000000e+00	1.0389070703021953e-01
4.1015237421866699e-03	0.0000000000000000e+00	2.3015491445980249e-01
4.1189770347066198e-03	0.0000000000000000e+00	3.5171387336421861e-01
4.1364303272265601e-03	0.0000000000000000e+00	4.6558282350786784e-01
4.1538836197465004e-03	0.0000000000000000e+00	5.6893133060749279e-01
4.1713369122664502e-03	0.0000000000000000e+00	6.5915107014485042e-01
4.1887902047863896e-03	0.0000000000000000e+00	7.3392043659947104e-01
4.2062434973063299e-03	0.0000000000000000e+00	7.9126480792241694e-01
4.2236967898262798e-03	0.0000000000000000e+00	8.2961047953946310e-01
4.2411500823462201e-03	0.0000000000000000e+00	8.4783166003217314e-01
4.2586033748661604e-03	0.0000000000000000e+00	8.4528802835111472e-01
4.2760566673861102e-03	0.0000000000000000e+00	8.2185148632893956e-01
4.2935099599060497e-03	0.0000000000000000e+00	7.7792091164839805e-01
4.3109632524259900e-03	0.0000000000000000e+00	7.1442296326921828e-01
4.3284165449459398e-03	0.0000000000000000e+00	6.3279792464543971e-01
4.3458698374658801e-03	0.0000000000000000e+00	5.3497083133574874e-01
4.3633231299858204e-03	0.0000000000000000e+00	4.2330721427966472e-01
4.3807764225057702e-03	0.0000000000000000e+00	3.0055451841079583e-01
4.3982297150257097e-03	0.0000000000000000e+00	1.6977072975999583e-01
4.4156830075456500e-03	0.0000000000000000e+00	3.4242218113865013e-02
4.4331363000655998e-03	0.0000000000000000e+00	1.0260627023902720e-01
4.4505895925855401e-03	0.0000000000000000e+00	2.3730559435964921e-01
4.4680428851054804e-03	0.0000000000000000e+00	3.6643779703292650e-01
4.4854961776254303e-03	0.0000000000000000e+00	4.8672927845338154e-01
4.5029494701453697e-03	0.0000000000000000e+00	5.9513868833172900e-01
4.5204027626653100e-03	0.0000000000000000e+00	6.8893635687063304e-01
4.5378560551852598e-03	0.0000000000000000e+00	7.6577307902832370e-01
4.5553093477052001e-03	0.0000000000000000e+00	8.2373658533758654e-01
4.5727626402251396e-03	0.0000000000000000e+00	8.6139557644829901e-01
4.5902159327450903e-03	0.0000000000000000e+00	8.7782909882143401e-01
4.6076692252650297e-03	0.0000000000000000e+00	8.7264214361758941e-01
4.6251225177849700e-03	0.0000000000000000e+00	8.4596978133389966e-01
4.6425758103049199e-03	0.0000000000000000e+00	7.9846713735766417e-01
4.6600291028248602e-03	0.0000000000000000e+00	7.3128810927928212e-01
4.6774823953447996e-03	0.0000000000000000e+00	6.4605360634885189e-01
4.6949356878647503e-03	0.0000000000000000e+00	5.4481044645909804e-01
4.7123889803846897e-03	0.0000000000000000e+00	4.2998163898964847e-01
4.7298422729046300e-03	0.0000000000000000e+00	3.0430980384536355e-01
4.7472955654245799e-03	0.0000000000000000e+00	1.7079451732867656e-01
4.7647488579445202e-03	0.0000000000000000e+00	3.2624934780023540e-02
4.7822021504644596e-03	0.0000000000000000e+00	1.0689123128125730e-01
4.7996554429844103e-03	0.0000000000000000e+00	2.4440117256454985e-01
4.8171087355043498e-03	0.0000000000000000e+00	3.7658174891759399e-01
4.8345620280242901e-03	0.0000000000000000e+00	5.0021446643493295e-01
4.8520153205442399e-03	0.0000000000000000e+00	6.1225948621437254e-01
4.8694686130641802e-03	0.0000000000000000e+00	7.0992731199326420e-01
4.8869219055841196e-03	0.0000000000000000e+00	7.9074710154996364e-01
4.9043751981040704e-03	0.0000000000000000e+00	8.5262969057011884e-01
4.9218284906240098e-03	0.0000000000000000e+00	8.9392435221763011e-01
4.9392817831439501e-03	0.0000000000000000e+00	9.1346748384032483e-01
4.9567350756638999e-03	0.0000000000000000e+00	9.1062112674937901e-01
4.9741883681838402e-03	0.0000000000000000e+00	8.8530003122482459e-01
4.9916416607037797e-03	0.0000000000000000e+00	8.3798540187250981e-01
5.0090949532237304e-03	0.0000000000000000e+00	7.6972355419829341e-01
5.0265482457436698e-03	0.0000000000000000e+00	6.8210899214558041e-01
5.0440015382636101e-03	0.0000000000000000e+00	5.7725062851650266e-01
5.0614548307835600e-03	0.0000000000000000e+00	4.5772274465707846e-01
5.0789081233035003e-03	0.0000000000000000e+00	3.2649971047150600e-01
5.0963614158234397e-03	0.0000000000000000e+00	1.8687706687434791e-01
5.1138147083433904e-03	0.0000000000000000e+00	4.2382450103198188e-02
5.1312680008633298e-03	0.0000000000000000e+00	1.0332238891464350e-01
5.1487212933832701e-03	0.0000000000000000e+00	2.4654240322125839e-01
5.1661745859032200e-03	0.0000000000000000e+00	3.8365159716952180e-01
5.1836278784231603e-03	0.0000000000000000e+00	5.1119171504884453e-01
5.2010811709430997e-03	0.0000000000000000e+00	6.2596461609835652e-01
5.2185344634630504e-03	0.0000000000000000e+00	7.2511478889946135e-01
5.2359877559829899e-03	0.0000000000000000e+00	8.0619976351386169e-01
5.2534410485029302e-03	0.0000000000000000e+00	8.6724774635301261e-01
5.2708943410228696e-03	0.0000000000000000e+00	9.0680036837645528e-01
5.2883476335428203e-03	0.0000000000000000e+00	9.2394146723985582e-01
5.3058009260627597e-03	0.0000000000000000e+00	9.1831012291800196e-01
5.3232542185827000e-03	0.0000000000000000e+00	8.9010145284539999e-01
5.3407075111026499e-03	0.0000000000000000e+00	8.4005425308351755e-01
5.3581608036225902e-03	0.0000000000000000e+00	7.6942564527873392e-01
5.3756140961425296e-03	0.0000000000000000e+00	6.7995615281030541e-01
5.3930673886624803e-03	0.0000000000000000e+00	5.7382484350842755e-01
5.4105206811824198e-03	0.0000000000000000e+00	4.5359601098173630e-01
5.4279739737023601e-03	0.0000000000000000e+00	3.2215916844248521e-01
5.4454272662223099e-03	0.0000000000000000e+00	1.8266303671175196e-01
5.4628805587422502e-03	0.0000000000000000e+00	3.8444986897905702e-02
5.4803338512621896e-03	0.0000000000000000e+00	1.0704290769550674e-01
5.4977871437821403e-03	0.0000000000000000e+00	2.5031010417841443e-01
5.5152404363020798e-03	0.0000000000000000e+00	3.8790497179574535e-01
5.5326937288220201e-03	0.0000000000000000e+00	5.1649204474271315e-01
5.5501470213419699e-03	0.0000000000000000e+00	6.3292804668417713e-01
5.5676003138619102e-03	0.0000000000000000e+00	7.3433555295950093e-01
5.5850536063818497e-03	0.0000000000000000e+00	8.1817268351199823e-01
5.6025068989018004e-03	0.0000000000000000e+00	8.8229784372036935e-01
5.6199601914217398e-03	0.0000000000000000e+00	9.2502717095211706e-01
5.6374134839416801e-03	0.0000000000000000e+00	9.4518397071168103e-01
5.6548667764616299e-03	0.0000000000000000e+00	9.4213759204403613e-01
5.6723200689815702e-03	0.0000000000000000e+00	9.1583016487113855e-01
5.6897733615015097e-03	0.0000000000000000e+00	8.6678986235933186e-01
5.7072266540214604e-03	0.0000000000000000e+00	7.9612836578891155e-01
5.7246799465413998e-03	0.0000000000000000e+00	7.0552188682946704e-01
5.7421332390613401e-03	0.0000000000000000e+00	5.9717509992153339e-01
5.7595865315812900e-03	0.0000000000000000e+00	4.7376908952892172e-01
5.7770398241012303e-03	0.0000000000000000e+00	3.3839250533219767e-01
5.7944931166211697e-03	0.0000000000000000e+00	1.9445963707539593e-01
5.8119464091411204e-03	0.0000000000000000e+00	4.5616999382319584e-02
5.8293997016610598e-03	0.0000000000000000e+00	1.0435810462548249e-01
5.8468529941810002e-03	0.0000000000000000e+00	2.5166195835578148e-01
5.8643062867009500e-03	0.0000000000000000e+00	3.9256989286092409e-01
5.8817595792208903e-03	0.0000000000000000e+00	5.2353754479947390e-01
5.8992128717408297e-03	0.0000000000000000e+00	6.4129515497888812e-01
5.9166661642607796e-03	0.0000000000000000e+00	7.4293118134105529e-01
5.9341194567807199e-03	0.0000000000000000e+00	8.2596363266361117e-01
5.9515727493006602e-03	0.0000000000000000e+00	8.8839745674876969e-01
5.9690260418206100e-03	0.0000000000000000e+00	9.2876682618279338e-01
5.9864793343405503e-03	0.0000000000000000e+00	9.4616249489192050e-01
6.0039326268604898e-03	0.0000000000000000e+00	9.4024523759004797e-01
6.0213859193804396e-03	0.0000000000000000e+00	9.1124282725159400e-01
6.0388392119003799e-03	0.0000000000000000e+00	8.5993711581476939e-01
6.0562925044203202e-03	0.0000000000000000e+00	7.8763736272547225e-01
6.0737457969402700e-03	0.0000000000000000e+00	6.9614282328816945e-01
6.0911990894602103e-03	0.0000000000000000e+00	5.8769621649985249e-01
6.1086523819801498e-03	0.0000000000000000e+00	4.6492901645816836e-01
6.1261056745000996e-03	0.0000000000000000e+00	3.3079957056748455e-01
6.1435589670200399e-03	0.0000000000000000e+00	1.8852562529392097e-01
6.1610122595399802e-03	0.0000000000000000e+00	4.1512422092792614e-02
6.1784655520599301e-03	0.0000000000000000e+00	1.0672267762365849e-01
6.1959188445798704e-03	0.0000000000000000e+00	2.5262756877868253e-01
6.2133721370998098e-03	0.0000000000000000e+00	3.9269384047718126e-01
6.2308254296197596e-03	0.0000000000000000e+00	5.2353500520944951e-01
6.2482787221396999e-03	0.0000000000000000e+00	6.4196343469985018e-01
6.2657320146596402e-03	0.0000000000000000e+00	7.4506458019238320e-01
6.2831853071795901e-03	0.0000000000000000e+00	8.3026746881973479e-01
6.3006385996995304e-03	0.0000000000000000e+00	8.9540977340423045e-01
6.3180918922194698e-03	0.0000000000000000e+00	9.3879571134248152e-01
6.3355451847394197e-03	0.0000000000000000e+00	9.5924552862105916e-01
6.3529984772593600e-03	0.0000000000000000e+00	9.5613450736323247e-01
6.3704517697793003e-03	0.0000000000000000e+00	9.2941930868377942e-01
6.3879050622992501e-03	0.0000000000000000e+00	8.7965093487956969e-01
6.4053583548191904e-03	0.0000000000000000e+00	8.0797183515522675e-01
6.4228116473391298e-03	0.0000000000000000e+00	7.1609533093120170e-01
6.4402649398590797e-03	0.0000000000000000e+00	6.0626931614085777e-01
6.4577182323790200e-03	0.0000000000000000e+00	4.8122204580229772e-01
6.4751715248989603e-03	0.0000000000000000e+00	3.4409208428192384e-01
6.4926248174188997e-03	0.0000000000000000e+00	1.9834512532327181e-01
6.5100781099388504e-03	0.0000000000000000e+00	4.7678305430748698e-02
6.5275314024587899e-03	0.0000000000000000e+00	1.0408232115842332e-01
6.5449846949787302e-03	0.0000000000000000e+00	2.5308775901635072e-01
6.5624379874986800e-03	0.0000000000000000e+00	3.9557279496053621e-01
6.5798912800186203e-03	0.0000000000000000e+00	5.2795825148333775e-01
6.5973445725385597e-03	0.0000000000000000e+00	6.4694599128246777e-01
6.6147978650585096e-03	0.0000000000000000e+00	7.4960292815869178e-01
6.6322511575784499e-03	0.0000000000000000e+00	8.3343253801922124e-01
6.6497044500983902e-03	0.0000000000000000e+00	8.9643211324454242e-01
6.6671577426183400e-03	0.0000000000000000e+00	9.3713472305365353e-01
6.6846110351382803e-03	0.0000000000000000e+00	9.5463606283844482e-01
6.7020643276582198e-03	0.0000000000000000e+00	9.4860728630977620e-01
6.7195176201781696e-03	0.0000000000000000e+00	9.1929124246985572e-01
6.7369709126981099e-03	0.0000000000000000e+00	8.6748885075447191e-01
6.7544242052180502e-03	0.0000000000000000e+00	7.9453162103608588e-01
6.7718774977380001e-03	0.0000000000000000e+00	7.0224349316283807e-01
6.7893307902579404e-03	0.0000000000000000e+00	5.9289358233265255e-01
6.8067840827778798e-03	0.0000000000000000e+00	4.6914075207677658e-01
6.8242373752978296e-03	0.0000000000000000e+00	3.3397110119521450e-01
6.8416906678177699e-03	0.0000000000000000e+00	1.9062987257701045e-01
6.8591439603377102e-03	0.0000000000000000e+00	4.2549002574818043e-02
6.8765972528576601e-03	0.0000000000000000e+00	1.0672874835240274e-01
6.8940505453776004e-03	0.0000000000000000e+00	2.5362761957850161e-01
6.9115038378975398e-03	0.0000000000000000e+00	3.9461767723751490e-01
6.9289571304174897e-03	0.0000000000000000e+00	5.2629338129329295e-01
6.9464104229374300e-03	0.0000000000000000e+00	6.4545081201131893e-01
6.9638637154573703e-03	0.0000000000000000e+00	7.4916213157129796e-01
6.9813170079773201e-03	0.0000000000000000e+00	8.3484626773701986e-01
6.9987703004972604e-03	0.0000000000000000e+00	9.0033411571741639e-01
7.0162235930171998e-03	0.0000000000000000e+00	9.4392652293254398e-01
7.0336768855371497e-03	0.0000000000000000e+00	9.6444379746993192e-01
7.0511301780570900e-03	0.0000000000000000e+00	9.6126466698463253e-01
7.0685834705770303e-03	0.0000000000000000e+00	9.3435245845954717e-01
7.0860367630969801e-03	0.0000000000000000e+00	8.8426800805849570e-01
7.1034900556169204e-03	0.0000000000000000e+00	8.1216624081998312e-01
7.1209433481368599e-03	0.0000000000000000e+00	7.1977543075067851e-01
7.1383966406568097e-03	0.0000000000000000e+00	6.0936034729374211e-01
7.1558499331767500e-03	0.0000000000000000e+00	4.8366746013917350e-01
7.1733032256966903e-03	0.0000000000000000e+00	3.4585450238530407e-01
7.1907565182166401e-03	0.0000000000000000e+00	1.9940636113107696e-01
7.2082098107365796e-03	0.0000000000000000e+00	4.8039318646488187e-02
7.2256631032565199e-03	0.0000000000000000e+00	1.0440256863087115e-01
7.2431163957764697e-03	0.0000000000000000e+00	2.5405399363897407e-01
7.2605696882964100e-03	0.0000000000000000e+00	3.9713512554305541e-01
7.2780229808163503e-03	0.0000000000000000e+00	5.3005453037549255e-01
7.2954762733363002e-03	0.0000000000000000e+00	6.4950404101539227e-01
7.3129295658562396e-03	0.0000000000000000e+00	7.5254336940380373e-01
7.3303828583761799e-03	0.0000000000000000e+00	8.3667151153057640e-01
7.3478361508961297e-03	0.0000000000000000e+00	8.9988350571994324e-01
7.3652894434160700e-03	0.0000000000000000e+00	9.4071253967976087e-01
7.3827427359360103e-03	0.0000000000000000e+00	9.5825718672646532e-01
7.4001960284559602e-03	0.0000000000000000e+00	9.5219239670563571e-01
7.4176493209758996e-03	0.0000000000000000e+00	9.2276714966810136e-01
7.4351026134958399e-03	0.0000000000000000e+00	8.7078971939373340e-01
7.4525559060157898e-03	0.0000000000000000e+00	7.9759998691750433e-01
7.4700091985357301e-03	0.0000000000000000e+00	7.0503091399163165e-01
7.4874624910556704e-03	0.0000000000000000e+00	5.9536128611171690e-01
7.5049157835756202e-03	0.0000000000000000e+00	4.7125981014194523e-01
7.5223690760955596e-03	0.0000000000000000e+00	3.3572242806344643e-01
7.5398223686154999e-03	0.0000000000000000e+00	1.9200412305214021e-01
7.5572756611354498e-03	0.0000000000000000e+00	4.3546112280049350e-02
7.5747289536553901e-03	0.0000000000000000e+00	1.0610004436892705e-01
7.5921822461753304e-03	0.0000000000000000e+00	2.5335050764770994e-01
7.6096355386952802e-03	0.0000000000000000e+00	3.9466803976960163e-01
7.6270888312152197e-03	0.0000000000000000e+00	5.2664075673402178e-01
7.6445421237351600e-03	0.0000000000000000e+00	6.4605934498026474e-01
7.6619954162551098e-03	0.0000000000000000e+00	7.4999172168993999e-01
7.6794487087750501e-03	0.0000000000000000e+00	8.3585360487402593e-01
7.6969020012949904e-03	0.0000000000000000e+00	9.0147388494348957e-01
7.7143552938149403e-03	0.0000000000000000e+00	9.4515248950381703e-01
7.7318085863348797e-03	0.0000000000000000e+00	9.6571005477087690e-01
7.7492618788548200e-03	0.0000000000000000e+00	9.6252661188350719e-01
7.7667151713747698e-03	0.0000000000000000e+00	9.3556812385028409e-01
7.7841684638947101e-03	0.0000000000000000e+00	8.8539885920819417e-01
7.8016217564146496e-03	0.0000000000000000e+00	8.1317807870082870e-01
7.8190750489345994e-03	0.0000000000000000e+00	7.2063922887915588e-01
7.8365283414545406e-03	0.0000000000000000e+00	6.1005253436260209e-01
7.8539816339744800e-03	0.0000000000000000e+00	4.8417066298996370e-01
7.8714349264944194e-03	0.0000000000000000e+00	3.4615761525892119e-01
7.8888882190143693e-03	0.0000000000000000e+00	1.9950455010334933e-01
7.9063415115343105e-03	0.0000000000000000e+00	4.7933723223453899e-02
7.9237948040542603e-03	0.0000000000000000e+00	1.0470515692882713e-01
7.9412480965741997e-03	0.0000000000000000e+00	2.5454146383327547e-01
7.9587013890941392e-03	0.0000000000000000e+00	3.9779093860410103e-01
7.9761546816140907e-03	0.0000000000000000e+00	5.3085835015976890e-01
7.9936079741340302e-03	0.0000000000000000e+00	6.5043283225118609e-01
8.0110612666539696e-03	0.0000000000000000e+00	7.5357211519027378e-01
8.0285145591739195e-03	0.0000000000000000e+00	8.3777378521219648e-01
8.0459678516938606e-03	0.0000000000000000e+00	9.0103267902665185e-01
8.0634211442138001e-03	0.0000000000000000e+00	9.4188250463195222e-01
8.0808744367337395e-03	0.0000000000000000e+00	9.5942284345276319e-01
8.0983277292536893e-03	0.0000000000000000e+00	9.5333006289769706e-01
8.1157810217736305e-03	0.0000000000000000e+00	9.2385532280541804e-01
8.1332343142935803e-03	0.0000000000000000e+00	8.7180955616471256e-01
8.1506876068135198e-03	0.0000000000000000e+00	7.9853526140068509e-01
8.1681408993334592e-03	0.0000000000000000e+00	7.0586848439051775e-01
8.1855941918534108e-03	0.0000000000000000e+00	5.9609102680408022e-01
8.2030474843733502e-03	0.0000000000000000e+00	4.7187476528087907e-01
8.2205007768932897e-03	0.0000000000000000e+00	3.3621869289816847e-01
8.2379540694132308e-03	0.0000000000000000e+00	1.9238078495237687e-01
8.2554073619331807e-03	0.0000000000000000e+00	4.3805066799097243e-02
8.2728606544531201e-03	0.0000000000000000e+00	1.0595427523362659e-01
8.2903139469730595e-03	0.0000000000000000e+00	2.5331102928673249e-01
8.3077672394930094e-03	0.0000000000000000e+00	3.9472585912068564e-01
8.3252205320129506e-03	0.0000000000000000e+00	5.2678505754984473e-01
8.3426738245328900e-03	0.0000000000000000e+00	6.4627786327830938e-01
8.3601271170528398e-03	0.0000000000000000e+00	7.5027105792434279e-01
8.3775804095727793e-03	0.0000000000000000e+00	8.3617962341256535e-01
8.3950337020927204e-03	0.0000000000000000e+00	9.0183201959020087e-01
8.4124869946126703e-03	0.0000000000000000e+00	9.4552807741056710e-01
8.4299402871326097e-03	0.0000000000000000e+00	9.6608869510954865e-01
8.4473935796525491e-03	0.0000000000000000e+00	9.6289447109519122e-01
8.4648468721725007e-03	0.0000000000000000e+00	9.3591224080966096e-01
8.4823001646924402e-03	0.0000000000000000e+00	8.8570741053329505e-01
8.4997534572123796e-03	0.0000000000000000e+00	8.1344064342559363e-01
8.5172067497323294e-03	0.0000000000000000e+00	7.2084704867830751e-01
8.5346600422522706e-03	0.0000000000000000e+00	6.1019850030011058e-01
8.5521133347722100e-03	0.0000000000000000e+00	4.8424950431188074e-01
8.5695666272921599e-03	0.0000000000000000e+00	3.4616604390815447e-01
8.5870199198120993e-03	0.0000000000000000e+00	1.9944094069225632e-01
8.6044732123320405e-03	0.0000000000000000e+00	4.7798372335119778e-02
8.6219265048519903e-03	0.0000000000000000e+00	1.0491039716608064e-01
8.6393797973719298e-03	0.0000000000000000e+00	2.5481329967078242e-01
8.6568330898918692e-03	0.0000000000000000e+00	3.9812480485305446e-01
8.6742863824118208e-03	0.0000000000000000e+00	5.3124863845982384e-01
8.6917396749317602e-03	0.0000000000000000e+00	6.5087310691542077e-01
8.7091929674516996e-03	0.0000000000000000e+00	7.5405542193120789e-01
8.7266462599716495e-03	0.0000000000000000e+00	8.3829284396901493e-01
8.7440995524915906e-03	0.0000000000000000e+00	9.0158005849955691e-01
8.7615528450115301e-03	0.0000000000000000e+00	9.4245087172034636e-01
8.7790061375314799e-03	0.0000000000000000e+00	9.6000487777948995e-01
8.7964594300514194e-03	0.0000000000000000e+00	9.5391946111828285e-01
8.8139127225713605e-03	0.0000000000000000e+00	9.2444628956391495e-01
8.8313660150913104e-03	0.0000000000000000e+00	8.7239656678501065e-01
8.8488193076112498e-03	0.0000000000000000e+00	7.9911371985011714e-01
8.8662726001311892e-03	0.0000000000000000e+00	7.0643452921535121e-01
8.8837258926511408e-03	0.0000000000000000e+00	5.9664156705425386e-01
8.9011791851710802e-03	0.0000000000000000e+00	4.7240750135311688e-01
8.9186324776910197e-03	0.0000000000000000e+00	3.3673213554965015e-01
8.9360857702109695e-03	0.0000000000000000e+00	1.9287415449758957e-01
8.9535390627309107e-03	0.0000000000000000e+00	4.4278318689944390e-02
8.9709923552508501e-03	0.0000000000000000e+00	1.0550056322062148e-01
8.9884456477708000e-03	0.0000000000000000e+00	2.5287568157747442e-01
9.0058989402907394e-03	0.0000000000000000e+00	3.9430720407355202e-01
9.0233522328106806e-03	0.0000000000000000e+00	5.2638100916298747e-01
9.0408055253306304e-03	0.0000000000000000e+00	6.4588597893839905e-01
9.0582588178505698e-03	0.0000000000000000e+00	7.4988860478891206e-01
9.0757121103705093e-03	0.0000000000000000e+00	8.3580368037625685e-01
9.0931654028904609e-03	0.0000000000000000e+00	9.0145954932829175e-01
9.1106186954104003e-03	0.0000000000000000e+00	9.4515605290345361e-01
9.1280719879303397e-03	0.0000000000000000e+00	9.6571416614152272e-01
9.1455252804502896e-03	0.0000000000000000e+00	9.6251465372457867e-01
9.1629785729702307e-03	0.0000000000000000e+00	9.3552460997567610e-01
9.1804318654901702e-03	0.0000000000000000e+00	8.8530974438149079e-01
9.1978851580101200e-03	0.0000000000000000e+00	8.1303106237413425e-01
9.2153384505300594e-03	0.0000000000000000e+00	7.2042403466548821e-01
9.2327917430500006e-03	0.0000000000000000e+00	6.0976102417705125e-01
9.2502450355699505e-03	0.0000000000000000e+00	4.8379699061161013e-01
9.2676983280898899e-03	0.0000000000000000e+00	3.4569829052365891e-01
9.2851516206098293e-03	0.0000000000000000e+00	1.9895830746452431e-01
9.3026049131297792e-03	0.0000000000000000e+00	4.7301534393611705e-02
9.3200582056497203e-03	0.0000000000000000e+00	1.0542031409810070e-01
9.3375114981696598e-03	0.0000000000000000e+00	2.5533480161857580e-01
9.3549647906896096e-03	0.0000000000000000e+00	3.9865611110611437e-01
9.3724180832095508e-03	0.0000000000000000e+00	5.3178775080044349e-01
9.3898713757294902e-03	0.0000000000000000e+00	6.5141789777054360e-01
9.4073246682494296e-03	0.0000000000000000e+00	7.5460361107418361e-01
9.4247779607693795e-03	0.0000000000000000e+00	8.3884214511329869e-01
9.4422312532893207e-03	0.0000000000000000e+00	9.0212826092716103e-01
9.4596845458092705e-03	0.0000000000000000e+00	9.4299584751748322e-01
9.4771378383292099e-03	0.0000000000000000e+00	9.6054452279406488e-01
9.4945911308491494e-03	0.0000000000000000e+00	9.5445195239128289e-01
9.5120444233690905e-03	0.0000000000000000e+00	9.2496986257740232e-01
9.5294977158890404e-03	0.0000000000000000e+00	8.7290978691969356e-01
9.5469510084089798e-03	0.0000000000000000e+00	7.9961531987688850e-01
9.5644043009289192e-03	0.0000000000000000e+00	7.0692351005559284e-01
9.5818575934488708e-03	0.0000000000000000e+00	5.9711718160338323e-01
9.5993108859688103e-03	0.0000000000000000e+00	4.7286923235599010e-01
9.6167641784887497e-03	0.0000000000000000e+00	3.3717971914153783e-01
9.6342174710086995e-03	0.0000000000000000e+00	1.9330753399916747e-01
9.6516707635286407e-03	0.0000000000000000e+00	4.4697667833879288e-02
9.6691240560485905e-03	0.0000000000000000e+00	1.0509488229300343e-01
9.6865773485685300e-03	0.0000000000000000e+00	2.5248313043534232e-01
9.7040306410884694e-03	0.0000000000000000e+00	3.9392709509468066e-01
9.7214839336084106e-03	0.0000000000000000e+00	5.2601252449873825e-01
9.7389372261283604e-03	0.0000000000000000e+00	6.4552818792250255e-01
9.7563905186482999e-03	0.0000000000000000e+00	7.4954050994119037e-01
9.7738438111682393e-03	0.0000000000000000e+00	8.3546419314462961e-01
9.7912971036881909e-03	0.0000000000000000e+00	9.0112756756711399e-01
9.8087503962081303e-03	0.0000000000000000e+00	9.4483052161503001e-01
9.8262036887280697e-03	0.0000000000000000e+00	9.6539399071978926e-01
9.8436569812480196e-03	0.0000000000000000e+00	9.6219889166990957e-01
9.8611102737679607e-03	0.0000000000000000e+00	9.3521222996956410e-01
9.8785635662879106e-03	0.0000000000000000e+00	8.8499977577523281e-01
9.8960168588078500e-03	0.0000000000000000e+00	8.1272265775013208e-01
9.9134701513277895e-03	0.0000000000000000e+00	7.2011630252663628e-01
9.9309234438477306e-03	0.0000000000000000e+00	6.0945340215803701e-01
9.9483767363676805e-03	0.0000000000000000e+00	4.8348888295684045e-01
9.9658300288876199e-03	0.0000000000000000e+00	3.4538914542800248e-01
9.9832833214075593e-03	0.0000000000000000e+00	1.9864772957120935e-01
1.0000736613927501e-02	0.0000000000000000e+00	4.6989261597091395e-02
1.0018189906447501e-02	0.0000000000000000e+00	1.0573439001481034e-01
1.0035643198967400e-02	0.0000000000000000e+00	2.5565088461672847e-01
1.0053096491487300e-02	0.0000000000000000e+00	3.9897431065051475e-01
1.0070549784007300e-02	0.0000000000000000e+00	5.3210821718270052e-01
1.0088003076527199e-02	0.0000000000000000e+00	6.5174058144632496e-01
1.0105456369047200e-02	0.0000000000000000e+00	7.5492841609686279e-01
1.0122909661567101e-02	0.0000000000000000e+00	8.3916919199819784e-01
1.0140362954087099e-02	0.0000000000000000e+00	9.0245753020098862e-01
1.0157816246607001e-02	0.0000000000000000e+00	9.4332718299689178e-01
1.0175269539126900e-02	0.0000000000000000e+00	9.6087820056815731e-01
1.0192722831646900e-02	0.0000000000000000e+00	9.5478780372340377e-01
1.0210176124166800e-02	0.0000000000000000e+00	9.2530784827001178e-01
1.0227629416686800e-02	0.0000000000000000e+00	8.7325000082460502e-01
1.0245082709206699e-02	0.0000000000000000e+00	7.9995791254307635e-01
1.0262536001726700e-02	0.0000000000000000e+00	7.0726855912610453e-01
1.0279989294246601e-02	0.0000000000000000e+00	5.9746487750011346e-01
1.0297442586766500e-02	0.0000000000000000e+00	4.7321975147497314e-01
1.0314895879286501e-02	0.0000000000000000e+00	3.3753323722188322e-01
1.0332349171806400e-02	0.0000000000000000e+00	1.9366428310356901e-01
1.0349802464326400e-02	0.0000000000000000e+00	4.5057851668580083e-02
1.0367255756846300e-02	0.0000000000000000e+00	1.0473103381319097e-01
1.0384709049366300e-02	0.0000000000000000e+00	2.5211540345087813e-01
1.0402162341886199e-02	0.0000000000000000e+00	3.9355526408204117e-01
1.0419615634406101e-02	0.0000000000000000e+00	5.2563638611602381e-01
1.0437068926926101e-02	0.0000000000000000e+00	6.4514754426353205e-01
1.0454522219446000e-02	0.0000000000000000e+00	7.4915519592927682e-01
1.0471975511966001e-02	0.0000000000000000e+00	8.3507405899483200e-01
1.0489428804485900e-02	0.0000000000000000e+00	9.0073248921164906e-01
1.0506882097005900e-02	0.0000000000000000e+00	9.4443033972202517e-01
1.0524335389525800e-02	0.0000000000000000e+00	9.6498861707306494e-01
1.0541788682045699e-02	0.0000000000000000e+00	9.6178815215133484e-01
1.0559241974565699e-02	0.0000000000000000e+00	9.3479610496830157e-01
1.0576695267085601e-02	0.0000000000000000e+00	8.8457827790571641e-01
1.0594148559605601e-02	0.0000000000000000e+00	8.1229579319672884e-01
1.0611601852125500e-02	0.0000000000000000e+00	7.1968424472452597e-01
1.0629055144645501e-02	0.0000000000000000e+00	6.0901611983422876e-01
1.0646508437165400e-02	0.0000000000000000e+00	4.8304650491465534e-01
1.0663961729685400e-02	0.0000000000000000e+00	3.4494189318775109e-01
1.0681415022205300e-02	0.0000000000000000e+00	1.9819580196842243e-01
1.0698868314725199e-02	0.0000000000000000e+00	4.6532839157601570e-02
1.0716321607245199e-02	0.0000000000000000e+00	1.0619517053764414e-01
1.0733774899765101e-02	0.0000000000000000e+00	2.5611569555499708e-01
1.0751228192285101e-02	0.0000000000000000e+00	3.9944283991398399e-01
1.0768681484805000e-02	0.0000000000000000e+00	5.3258004659188762e-01
1.0786134777325001e-02	0.0000000000000000e+00	6.5221544319627089e-01
1.0803588069844900e-02	0.0000000000000000e+00	7.5540606175687564e-01
1.0821041362364800e-02	0.0000000000000000e+00	8.3964913269190722e-01
1.0838494654884800e-02	0.0000000000000000e+00	9.0293941316712223e-01
1.0855947947404699e-02	0.0000000000000000e+00	9.4381079832142467e-01
1.0873401239924699e-02	0.0000000000000000e+00	9.6136293064053802e-01
1.0890854532444601e-02	0.0000000000000000e+00	9.5527348333026796e-01
1.0908307824964599e-02	0.0000000000000000e+00	9.2579422936983591e-01
1.0925761117484500e-02	0.0000000000000000e+00	8.7373672508365852e-01
1.0943214410004400e-02	0.0000000000000000e+00	8.0044460066709200e-01
1.0960667702524400e-02	0.0000000000000000e+00	7.0775494535778860e-01
1.0978120995044300e-02	0.0000000000000000e+00	5.9795061290536156e-01
1.0995574287564300e-02	0.0000000000000000e+00	4.7370454048223964e-01
1.1013027580084199e-02	0.0000000000000000e+00	3.3801681046910143e-01
1.1030480872604199e-02	0.0000000000000000e+00	1.9414635233654176e-01
1.1047934165124101e-02	0.0000000000000000e+00	4.5538175970535735e-02
1.1065387457644000e-02	0.0000000000000000e+00	1.0425269585207628e-01
1.1082840750164000e-02	0.0000000000000000e+00	2.5163926066560904e-01
1.1100294042683900e-02	0.0000000000000000e+00	3.9308152128749424e-01
1.1117747335203900e-02	0.0000000000000000e+00	5.2516521638877178e-01
1.1135200627723800e-02	0.0000000000000000e+00	6.4467910555917884e-01
1.1152653920243800e-02	0.0000000000000000e+00	7.4868960686790098e-01
1.1170107212763699e-02	0.0000000000000000e+00	8.3461141981938758e-01
1.1187560505283699e-02	0.0000000000000000e+00	9.0027289216810413e-01
1.1205013797803601e-02	0.0000000000000000e+00	9.4397390256978508e-01
1.1222467090323500e-02	0.0000000000000000e+00	9.6453540469296806e-01
1.1239920382843500e-02	0.0000000000000000e+00	9.6133832322412938e-01
1.1257373675363400e-02	0.0000000000000000e+00	9.3434970906939863e-01
1.1274826967883400e-02	0.0000000000000000e+00	8.8413523692044960e-01
1.1292280260403300e-02	0.0000000000000000e+00	8.1185609534886427e-01
1.1309733552923300e-02	0.0000000000000000e+00	7.1924793261144138e-01
1.1327186845443199e-02	0.0000000000000000e+00	6.0858324290451260e-01
1.1344640137963101e-02	0.0000000000000000e+00	4.8261708071763870e-01
1.1362093430483101e-02	0.0000000000000000e+00	3.4451601302857154e-01
1.1379546723003000e-02	0.0000000000000000e+00	1.9777364705234518e-01
1.1397000015523000e-02	0.0000000000000000e+00	4.6114192823192270e-02
1.1414453308042900e-02	0.0000000000000000e+00	1.0661033018635084e-01
1.1431906600562900e-02	0.0000000000000000e+00	2.5652733801589034e-01
1.1449359893082800e-02	0.0000000000000000e+00	3.9985094853570391e-01
1.1466813185602699e-02	0.0000000000000000e+00	5.3298468275416355e-01
1.1484266478122699e-02	0.0000000000000000e+00	6.5261656414255909e-01
1.1501719770642601e-02	0.0000000000000000e+00	7.5580371763795118e-01
1.1519173063162601e-02	0.0000000000000000e+00	8.4004358420113423e-01
1.1536626355682500e-02	0.0000000000000000e+00	9.0333071899791284e-01
1.1554079648202500e-02	0.0000000000000000e+00	9.4419897631143457e-01
1.1571532940722400e-02	0.0000000000000000e+00	9.6174842452857334e-01
1.1588986233242300e-02	0.0000000000000000e+00	9.5565637795105285e-01
1.1606439525762300e-02	0.0000000000000000e+00	9.2617456038996737e-01
1.1623892818282199e-02	0.0000000000000000e+00	8.7411484369867354e-01
1.1641346110802199e-02	0.0000000000000000e+00	8.0082068117389249e-01
1.1658799403322101e-02	0.0000000000000000e+00	7.0812907051149410e-01
1.1676252695842101e-02	0.0000000000000000e+00	5.9832300007110728e-01
1.1693705988362000e-02	0.0000000000000000e+00	4.7407532191746221e-01
1.1711159280882000e-02	0.0000000000000000e+00	3.3838614600332340e-01
1.1728612573401900e-02	0.0000000000000000e+00	1.9451443283406031e-01
1.1746065865921800e-02	0.0000000000000000e+00	4.5905167293957605e-02
1.1763519158441800e-02	0.0000000000000000e+00	1.0388662661135593e-01
1.1780972450961699e-02	0.0000000000000000e+00	2.5127392104732471e-01
1.1798425743481699e-02	0.0000000000000000e+00	3.9271673423744091e-01
1.1815879036001601e-02	0.0000000000000000e+00	5.2480080562732778e-01
1.1833332328521601e-02	0.0000000000000000e+00	6.4431489381658114e-01
1.1850785621041500e-02	0.0000000000000000e+00	7.4832541792005824e-01
1.1868238913561400e-02	0.0000000000000000e+00	8.3424712410464563e-01
1.1885692206081400e-02	0.0000000000000000e+00	8.9990830608870520e-01
1.1903145498601300e-02	0.0000000000000000e+00	9.4360886708769709e-01
1.1920598791121300e-02	0.0000000000000000e+00	9.6416978549244925e-01
1.1938052083641199e-02	0.0000000000000000e+00	9.6097198565709463e-01
1.1955505376161199e-02	0.0000000000000000e+00	9.3398248231950565e-01
1.1972958668681101e-02	0.0000000000000000e+00	8.8376720452609803e-01
1.1990411961201000e-02	0.0000000000000000e+00	8.1148714482115136e-01
1.2007865253721000e-02	0.0000000000000000e+00	7.1887787465971631e-01
1.2025318546240900e-02	0.0000000000000000e+00	6.0821212505467837e-01
1.2042771838760900e-02	0.0000000000000000e+00	4.8224465132674876e-01
1.2060225131280800e-02	0.0000000000000000e+00	3.4414212758609997e-01
1.2077678423800800e-02	0.0000000000000000e+00	1.9739804260619595e-01
1.2095131716320699e-02	0.0000000000000000e+00	4.5737007605448833e-02
1.2112585008840600e-02	0.0000000000000000e+00	1.0698907440543352e-01
1.2130038301360601e-02	0.0000000000000000e+00	2.5690778218715038e-01
1.2147491593880500e-02	0.0000000000000000e+00	4.0023320029449289e-01
1.2164944886400500e-02	0.0000000000000000e+00	5.3336882618793624e-01
1.2182398178920400e-02	0.0000000000000000e+00	6.5300264224140048e-01
1.2199851471440400e-02	0.0000000000000000e+00	7.5619171784340655e-01
1.2217304763960300e-02	0.0000000000000000e+00	8.4043350626511304e-01
1.2234758056480201e-02	0.0000000000000000e+00	9.0372245154260644e-01
1.2252211349000199e-02	0.0000000000000000e+00	9.4459252711547725e-01
1.2269664641520101e-02	0.0000000000000000e+00	9.6214350239198632e-01
1.2287117934040101e-02	0.0000000000000000e+00	9.5605288790327470e-01
1.2304571226560000e-02	0.0000000000000000e+00	9.2657266259100490e-01
1.2322024519080000e-02	0.0000000000000000e+00	8.7451421520210737e-01
1.2339477811599900e-02	0.0000000000000000e+00	8.0122127004056420e-01
1.2356931104119900e-02	0.0000000000000000e+00	7.0853085937933413e-01
1.2374384396639800e-02	0.0000000000000000e+00	5.9872588127825743e-01
1.2391837689159701e-02	0.0000000000000000e+00	4.7447923655690327e-01
1.2409290981679699e-02	0.0000000000000000e+00	3.3879100732891543e-01
1.2426744274199601e-02	0.0000000000000000e+00	1.9492014420952192e-01
1.2444197566719601e-02	0.0000000000000000e+00	4.6311623210365936e-02
1.2461650859239500e-02	0.0000000000000000e+00	1.0347952156000899e-01
1.2479104151759500e-02	0.0000000000000000e+00	2.5086629528823745e-01
1.2496557444279400e-02	0.0000000000000000e+00	3.9230871792220295e-01
1.2514010736799299e-02	0.0000000000000000e+00	5.2439252776676981e-01
1.2531464029319300e-02	0.0000000000000000e+00	6.4390647328921202e-01
1.2548917321839201e-02	0.0000000000000000e+00	7.4791700850538945e-01
1.2566370614359199e-02	0.0000000000000000e+00	8.3383883620519172e-01
1.2583823906879101e-02	0.0000000000000000e+00	8.9950031044648071e-01
1.2601277199399101e-02	0.0000000000000000e+00	9.4320128751437571e-01
1.2618730491919000e-02	0.0000000000000000e+00	9.6376274553627528e-01
1.2636183784438900e-02	0.0000000000000000e+00	9.6056557449148727e-01
1.2653637076958900e-02	0.0000000000000000e+00	9.3357683497543997e-01
1.2671090369478799e-02	0.0000000000000000e+00	8.8336246908843019e-01
1.2688543661998800e-02	0.0000000000000000e+00	8.1108339678359154e-01
1.2705996954518701e-02	0.0000000000000000e+00	7.1847533562411958e-01
1.2723450247038699e-02	0.0000000000000000e+00	6.0781080715554625e-01
1.2740903539558601e-02	0.0000000000000000e+00	4.8184475331851168e-01
1.2758356832078500e-02	0.0000000000000000e+00	3.4374382602000808e-01
1.2775810124598500e-02	0.0000000000000000e+00	1.9700137291354752e-01
1.2793263417118400e-02	0.0000000000000000e+00	4.5342131375766648e-02
1.2810716709638400e-02	0.0000000000000000e+00	1.0738210481186483e-01
1.2828170002158299e-02	0.0000000000000000e+00	2.5729885278146508e-01
1.2845623294678300e-02	0.0000000000000000e+00	4.0062222388672408e-01
1.2863076587198201e-02	0.0000000000000000e+00	5.3375565499674649e-01
1.2880529879718199e-02	0.0000000000000000e+00	6.5338724110062874e-01
1.2897983172238101e-02	0.0000000000000000e+00	7.5657407366994878e-01
1.2915436464758000e-02	0.0000000000000000e+00	8.4081339914731978e-01
1.2932889757278000e-02	0.0000000000000000e+00	9.0409989696455395e-01
1.2950343049797900e-02	0.0000000000000000e+00	9.4496747345716325e-01
1.2967796342317900e-02	0.0000000000000000e+00	9.6251587954100593e-01
1.2985249634837799e-02	0.0000000000000000e+00	9.5642269262635493e-01
1.3002702927357800e-02	0.0000000000000000e+00	9.2693981147792737e-01
1.3020156219877701e-02	0.0000000000000000e+00	8.7487869095033410e-01
1.3037609512397600e-02	0.0000000000000000e+00	8.0158303557128929e-01
1.3055062804917601e-02	0.0000000000000000e+00	7.0888991046374139e-01
1.3072516097437500e-02	0.0000000000000000e+00	5.9908217862128588e-01
1.3089969389957500e-02	0.0000000000000000e+00	4.7483279025114111e-01
1.3107422682477400e-02	0.0000000000000000e+00	3.3914182754501976e-01
1.3124875974997400e-02	0.0000000000000000e+00	1.9526822932575094e-01
1.3142329267517299e-02	0.0000000000000000e+00	4.6657004374947651e-02
1.3159782560037201e-02	0.0000000000000000e+00	1.0313682878641710e-01
1.3177235852557199e-02	0.0000000000000000e+00	2.5052624866772594e-01
1.3194689145077100e-02	0.0000000000000000e+00	3.9197127601576814e-01
1.3212142437597101e-02	0.0000000000000000e+00	5.2405763816004935e-01
1.3229595730117000e-02	0.0000000000000000e+00	6.4357409032739987e-01
1.3247049022637000e-02	0.0000000000000000e+00	7.4758706130794272e-01
1.3264502315156900e-02	0.0000000000000000e+00	8.3351129104676902e-01
1.3281955607676799e-02	0.0000000000000000e+00	8.9917509746431568e-01
1.3299408900196799e-02	0.0000000000000000e+00	9.4287833756658590e-01
1.3316862192716701e-02	0.0000000000000000e+00	9.6344200828755422e-01
1.3334315485236699e-02	0.0000000000000000e+00	9.6024696090531869e-01
1.3351768777756600e-02	0.0000000000000000e+00	9.3326039330611843e-01
1.3369222070276601e-02	0.0000000000000000e+00	8.8304811582984610e-01
1.3386675362796500e-02	0.0000000000000000e+00	8.1077120103456446e-01
1.3404128655316400e-02	0.0000000000000000e+00	7.1816508221545261e-01
1.3421581947836400e-02	0.0000000000000000e+00	6.0750239842435905e-01
1.3439035240356299e-02	0.0000000000000000e+00	4.8153809007229420e-01
1.3456488532876299e-02	0.0000000000000000e+00	3.4343867229956565e-01
1.3473941825396201e-02	0.0000000000000000e+00	1.9669773920185760e-01
1.3491395117916199e-02	0.0000000000000000e+00	4.5039912922253109e-02
1.3508848410436100e-02	0.0000000000000000e+00	1.0768290376626242e-01
1.3526301702956101e-02	0.0000000000000000e+00	2.5759833329680565e-01
1.3543754995476000e-02	0.0000000000000000e+00	4.0092045255423026e-01
1.3561208287995900e-02	0.0000000000000000e+00	5.3405279965201125e-01
1.3578661580515900e-02	0.0000000000000000e+00	6.5368331171003091e-01
1.3596114873035799e-02	0.0000000000000000e+00	7.5686903582432496e-01
1.3613568165555799e-02	0.0000000000000000e+00	8.4110743344091599e-01
1.3631021458075701e-02	0.0000000000000000e+00	9.0439309405400004e-01
1.3648474750595699e-02	0.0000000000000000e+00	9.4525980840624846e-01
1.3665928043115600e-02	0.0000000000000000e+00	9.6280763664570024e-01
1.3683381335635500e-02	0.0000000000000000e+00	9.5671376895319415e-01
1.3700834628155500e-02	0.0000000000000000e+00	9.2723009643032783e-01
1.3718287920675400e-02	0.0000000000000000e+00	8.7516829507021232e-01
1.3735741213195400e-02	0.0000000000000000e+00	8.0187202725954665e-01
1.3753194505715299e-02	0.0000000000000000e+00	7.0917828141062789e-01
1.3770647798235299e-02	0.0000000000000000e+00	5.9937001016856317e-01
1.3788101090755201e-02	0.0000000000000000e+00	4.7512010958184003e-01
1.3805554383275100e-02	0.0000000000000000e+00	3.3942865267143124e-01
1.3823007675795100e-02	0.0000000000000000e+00	1.9555460177662121e-01
1.3840460968315000e-02	0.0000000000000000e+00	4.6942933499813044e-02
1.3857914260835000e-02	0.0000000000000000e+00	1.0285131709637661e-01
1.3875367553354900e-02	0.0000000000000000e+00	2.5024115190170954e-01
1.3892820845874900e-02	0.0000000000000000e+00	3.9168658927402461e-01
1.3910274138394799e-02	0.0000000000000000e+00	5.2377336938472141e-01
1.3927727430914701e-02	0.0000000000000000e+00	6.4329024392453205e-01
1.3945180723434701e-02	0.0000000000000000e+00	7.4730366075993304e-01
1.3962634015954600e-02	0.0000000000000000e+00	8.3322834526653045e-01
1.3980087308474600e-02	0.0000000000000000e+00	8.9889263195779701e-01
1.3997540600994500e-02	0.0000000000000000e+00	9.4259638820609615e-01
1.4014993893514500e-02	0.0000000000000000e+00	9.6316059978255797e-01
1.4032447186034400e-02	0.0000000000000000e+00	9.5996616857049000e-01
1.4049900478554400e-02	0.0000000000000000e+00	9.3298010844775858e-01
1.4067353771074299e-02	0.0000000000000000e+00	8.8276841008336560e-01
1.4084807063594201e-02	0.0000000000000000e+00	8.1049194212548037e-01
1.4102260356114201e-02	0.0000000000000000e+00	7.1788643313601352e-01
1.4119713648634100e-02	0.0000000000000000e+00	6.0722452227113299e-01
1.4137166941154100e-02	0.0000000000000000e+00	4.8126101211226702e-01
1.4154620233674000e-02	0.0000000000000000e+00	3.4316258002791028e-01
1.4172073526194000e-02	0.0000000000000000e+00	1.9642268520602113e-01
1.4189526818713900e-02	0.0000000000000000e+00	4.4765975231218683e-02
1.4206980111233799e-02	0.0000000000000000e+00	1.0795571690552043e-01
1.4224433403753799e-02	0.0000000000000000e+00	2.5786995968146509e-01
1.4241886696273701e-02	0.0000000000000000e+00	4.0119084192747262e-01
1.4259339988793701e-02	0.0000000000000000e+00	5.3432183222191720e-01
1.4276793281313600e-02	0.0000000000000000e+00	6.5395097012228076e-01
1.4294246573833600e-02	0.0000000000000000e+00	7.5713532924552718e-01
1.4311699866353500e-02	0.0000000000000000e+00	8.4137228084929727e-01
1.4329153158873400e-02	0.0000000000000000e+00	9.0465635329032978e-01
1.4346606451393400e-02	0.0000000000000000e+00	9.4552150808292690e-01
1.4364059743913299e-02	0.0000000000000000e+00	9.6306752781760729e-01
1.4381513036433299e-02	0.0000000000000000e+00	9.5697188299073277e-01
1.4398966328953201e-02	0.0000000000000000e+00	9.2748653893980593e-01
1.4416419621473201e-02	0.0000000000000000e+00	8.7542294646035834e-01
1.4433872913993100e-02	0.0000000000000000e+00	8.0212479368056544e-01
1.4451326206513000e-02	0.0000000000000000e+00	7.0942914257449008e-01
1.4468779499033000e-02	0.0000000000000000e+00	5.9961886502505468e-01
1.4486232791552900e-02	0.0000000000000000e+00	4.7536689612837102e-01
1.4503686084072900e-02	0.0000000000000000e+00	3.3967332545744766e-01
1.4521139376592799e-02	0.0000000000000000e+00	1.9579707727655218e-01
1.4538592669112799e-02	0.0000000000000000e+00	4.7183164436352357e-02
1.4556045961632701e-02	0.0000000000000000e+00	1.0261338563052824e-01
1.4573499254152701e-02	0.0000000000000000e+00	2.5000558005738083e-01
1.4590952546672600e-02	0.0000000000000000e+00	3.9145341876338041e-01
1.4608405839192500e-02	0.0000000000000000e+00	5.2354262491536963e-01
1.4625859131712500e-02	0.0000000000000000e+00	6.4306196809097838e-01
1.4643312424232400e-02	0.0000000000000000e+00	7.4707783732832556e-01
1.4660765716752400e-02	0.0000000000000000e+00	8.3300502405459231e-01
1.4678219009272299e-02	0.0000000000000000e+00	8.9867184006607237e-01
1.4695672301792299e-02	0.0000000000000000e+00	9.4237813131142345e-01
1.4713125594312201e-02	0.0000000000000000e+00	9.6294491158834683e-01
1.4730578886832100e-02	0.0000000000000000e+00	9.5975302635309268e-01
1.4748032179352100e-02	0.0000000000000000e+00	9.3276967529981314e-01
1.4765485471872000e-02	0.0000000000000000e+00	8.8256070253099239e-01
1.4782938764392000e-02	0.0000000000000000e+00	8.1028713822663179e-01
1.4800392056911900e-02	0.0000000000000000e+00	7.1768440543268974e-01
1.4817845349431900e-02	0.0000000000000000e+00	6.0702518299255359e-01
1.4835298641951799e-02	0.0000000000000000e+00	4.8106427132022550e-01
1.4852751934471701e-02	0.0000000000000000e+00	3.4296837019937670e-01
1.4870205226991701e-02	0.0000000000000000e+00	1.9623102120955221e-01
1.4887658519511600e-02	0.0000000000000000e+00	4.4576795969818027e-02
1.4905111812031600e-02	0.0000000000000000e+00	1.0814237751837164e-01
1.4922565104551500e-02	0.0000000000000000e+00	2.5805410329114831e-01
1.4940018397071500e-02	0.0000000000000000e+00	4.0137246425713030e-01
1.4957471689591400e-02	0.0000000000000000e+00	5.3450099510454829e-01
1.4974924982111301e-02	0.0000000000000000e+00	6.5412763822220976e-01
1.4992378274631299e-02	0.0000000000000000e+00	7.5730946214756034e-01
1.5009831567151201e-02	0.0000000000000000e+00	8.4154392875499662e-01
1.5027284859671201e-02	0.0000000000000000e+00	9.0482558776947597e-01
1.5044738152191100e-02	0.0000000000000000e+00	9.4568827965945401e-01
1.5062191444711100e-02	0.0000000000000000e+00	9.6323206613479118e-01
1.5079644737231000e-02	0.0000000000000000e+00	9.5713410591480463e-01
1.5097098029750899e-02	0.0000000000000000e+00	9.2764631365028749e-01
1.5114551322270900e-02	0.0000000000000000e+00	8.7558035888373709e-01
1.5132004614790801e-02	0.0000000000000000e+00	8.0227991241693530e-01
1.5149457907310799e-02	0.0000000000000000e+00	7.0958195765315635e-01
1.5166911199830701e-02	0.0000000000000000e+00	5.9976945750916966e-01
1.5184364492350701e-02	0.0000000000000000e+00	4.7551529651774005e-01
1.5201817784870600e-02	0.0000000000000000e+00	3.3981956932883062e-01
1.5219271077390600e-02	0.0000000000000000e+00	1.9594122452378848e-01
1.5236724369910500e-02	0.0000000000000000e+00	4.7325245055771160e-02
1.5254177662430399e-02	0.0000000000000000e+00	1.0247332771885906e-01
1.5271630954950400e-02	0.0000000000000000e+00	2.4986750019277193e-01
1.5289084247470301e-02	0.0000000000000000e+00	3.9131728634258944e-01
1.5306537539990299e-02	0.0000000000000000e+00	5.2340841894917733e-01
1.5323990832510201e-02	0.0000000000000000e+00	6.4292966689599862e-01
1.5341444125030201e-02	0.0000000000000000e+00	7.4694745108488536e-01
1.5358897417550100e-02	0.0000000000000000e+00	8.3287650533880386e-01
1.5376350710070000e-02	0.0000000000000000e+00	8.9854516385693350e-01
1.5393804002590000e-02	0.0000000000000000e+00	9.4225329691565207e-01
1.5411257295109899e-02	0.0000000000000000e+00	9.6282189486305569e-01
1.5428710587629900e-02	0.0000000000000000e+00	9.5963186139456225e-01
1.5446163880149801e-02	0.0000000000000000e+00	9.3265020453909253e-01
1.5463617172669799e-02	0.0000000000000000e+00	8.8244291112268547e-01
1.5481070465189701e-02	0.0000000000000000e+00	8.1017083949785218e-01
1.5498523757709600e-02	0.0000000000000000e+00	7.1756971411253989e-01
1.5515977050229600e-02	0.0000000000000000e+00	6.0691218488825782e-01
1.5533430342749500e-02	0.0000000000000000e+00	4.8095304128918609e-01
1.5550883635269500e-02	0.0000000000000000e+00	3.4285895841066866e-01
1.5568336927789399e-02	0.0000000000000000e+00	1.9612339288143127e-01
1.5585790220309400e-02	0.0000000000000000e+00	4.4470982999265649e-02
1.5603243512829299e-02	0.0000000000000000e+00	1.0824641667354644e-01
1.5620696805349200e-02	0.0000000000000000e+00	2.5815636983153906e-01
1.5638150097869199e-02	0.0000000000000000e+00	4.0147297094971740e-01
1.5655603390389100e-02	0.0000000000000000e+00	5.3459968381223211e-01
1.5673056682909099e-02	0.0000000000000000e+00	6.5422454743462644e-01
1.5690509975429000e-02	0.0000000000000000e+00	7.5740463675735692e-01
1.5707963267949002e-02	0.0000000000000000e+00	8.4163733023610166e-01
1.5725416560468899e-02	0.0000000000000000e+00	9.0491715041990151e-01
1.5742869852988801e-02	0.0000000000000000e+00	9.4577806349517346e-01
1.5760323145508799e-02	0.0000000000000000e+00	9.6331985769184170e-01
1.5777776438028700e-02	0.0000000000000000e+00	9.5721998926563889e-01
1.5795229730548699e-02	0.0000000000000000e+00	9.2773043837168834e-01
1.5812683023068600e-02	0.0000000000000000e+00	8.7566264544197236e-01
1.5830136315588599e-02	0.0000000000000000e+00	8.0236030517355716e-01
1.5847589608108500e-02	0.0000000000000000e+00	7.0966047519226416e-01
1.5865042900628502e-02	0.0000000000000000e+00	5.9984602486442706e-01
1.5882496193148399e-02	0.0000000000000000e+00	4.7558989228950077e-01
1.5899949485668301e-02	0.0000000000000000e+00	3.3989216170039738e-01
1.5917402778188299e-02	0.0000000000000000e+00	1.9601175961752221e-01
1.5934856070708200e-02	0.0000000000000000e+00	4.7393697901311115e-02
1.5952309363228199e-02	0.0000000000000000e+00	1.0240700964815755e-01
1.5969762655748100e-02	0.0000000000000000e+00	2.4980334768238177e-01
1.5987215948268099e-02	0.0000000000000000e+00	3.9125533858159212e-01
1.6004669240788000e-02	0.0000000000000000e+00	5.2334870987868631e-01
1.6022122533307901e-02	0.0000000000000000e+00	6.4287223008914052e-01
1.6039575825827899e-02	0.0000000000000000e+00	7.4689229977741300e-01
1.6057029118347801e-02	0.0000000000000000e+00	8.3282370224569779e-01
1.6074482410867799e-02	0.0000000000000000e+00	8.9849471890892452e-01
1.6091935703387700e-02	0.0000000000000000e+00	9.4220522213695379e-01
1.6109388995907699e-02	0.0000000000000000e+00	9.6277621219469622e-01
1.6126842288427600e-02	0.0000000000000000e+00	9.5958855617697958e-01
1.6144295580947501e-02	0.0000000000000000e+00	9.3260948645452901e-01
1.6161748873467500e-02	0.0000000000000000e+00	8.8240482364694239e-01
1.6179202165987401e-02	0.0000000000000000e+00	8.1013556841339873e-01
1.6196655458507399e-02	0.0000000000000000e+00	7.1753716641664655e-01
1.6214108751027301e-02	0.0000000000000000e+00	6.0688225830032516e-01
1.6231562043547299e-02	0.0000000000000000e+00	4.8092560031880310e-01
1.6249015336067200e-02	0.0000000000000000e+00	3.4283400661971325e-01
1.6266468628587199e-02	0.0000000000000000e+00	1.9610098672766041e-01
1.6283921921107100e-02	0.0000000000000000e+00	4.4451116816537087e-02
1.6301375213627001e-02	0.0000000000000000e+00	1.0826369143142772e-01
1.6318828506147000e-02	0.0000000000000000e+00	2.5817102169408840e-01
1.6336281798666901e-02	0.0000000000000000e+00	4.0148496254685523e-01
1.6353735091186899e-02	0.0000000000000000e+00	5.3460902982954772e-01
1.6371188383706801e-02	0.0000000000000000e+00	6.5423118940823122e-01
1.6388641676226799e-02	0.0000000000000000e+00	7.5740851273793486e-01
1.6406094968746700e-02	0.0000000000000000e+00	8.4163846631963268e-01
1.6423548261266602e-02	0.0000000000000000e+00	9.0491553153005488e-01
1.6441001553786600e-02	0.0000000000000000e+00	9.4577363420871230e-01
1.6458454846306501e-02	0.0000000000000000e+00	9.6331255923497894e-01
1.6475908138826500e-02	0.0000000000000000e+00	9.5720987045662487e-01
1.6493361431346401e-02	0.0000000000000000e+00	9.2771752489864578e-01
1.6510814723866400e-02	0.0000000000000000e+00	8.7564690445283355e-01
1.6528268016386301e-02	0.0000000000000000e+00	8.0234174359606447e-01
1.6545721308906199e-02	0.0000000000000000e+00	7.0963908381229734e-01
1.6563174601426200e-02	0.0000000000000000e+00	5.9982181749886443e-01
1.6580627893946102e-02	0.0000000000000000e+00	4.7556286415110166e-01
1.6598081186466100e-02	0.0000000000000000e+00	3.3986230847920518e-01
1.6615534478986001e-02	0.0000000000000000e+00	1.9597910067246707e-01
1.6632987771506000e-02	0.0000000000000000e+00	4.7358228663439084e-02
1.6650441064025901e-02	0.0000000000000000e+00	1.0244527170994858e-01
1.6667894356545799e-02	0.0000000000000000e+00	2.4984440389488227e-01
1.6685347649065801e-02	0.0000000000000000e+00	3.9129917216872040e-01
1.6702800941585699e-02	0.0000000000000000e+00	5.2339531127345096e-01
1.6720254234105700e-02	0.0000000000000000e+00	6.4292157407412975e-01
1.6737707526625598e-02	0.0000000000000000e+00	7.4694438515706840e-01
1.6755160819145600e-02	0.0000000000000000e+00	8.3287849994156915e-01
1.6772614111665501e-02	0.0000000000000000e+00	8.9855230815648013e-01
1.6790067404185399e-02	0.0000000000000000e+00	9.4226564182855554e-01
1.6807520696705401e-02	0.0000000000000000e+00	9.6283948944463682e-01
1.6824973989225299e-02	0.0000000000000000e+00	9.5965477206537453e-01
1.6842427281745301e-02	0.0000000000000000e+00	9.3267861866974278e-01
1.6859880574265199e-02	0.0000000000000000e+00	8.8247682819202389e-01
1.6877333866785200e-02	0.0000000000000000e+00	8.1021035266447949e-01
1.6894787159305098e-02	0.0000000000000000e+00	7.1761473326900960e-01
1.6912240451825100e-02	0.0000000000000000e+00	6.0696249248542178e-01
1.6929693744345001e-02	0.0000000000000000e+00	4.8100839666483536e-01
1.6947147036864899e-02	0.0000000000000000e+00	3.4291932240589490e-01
1.6964600329384901e-02	0.0000000000000000e+00	1.9618877345989283e-01
1.6982053621904799e-02	0.0000000000000000e+00	4.4541241748650345e-02
1.6999506914424801e-02	0.0000000000000000e+00	1.0817107557853795e-01
1.7016960206944699e-02	0.0000000000000000e+00	2.5807593121786271e-01
1.7034413499464700e-02	0.0000000000000000e+00	4.0138744972386570e-01
1.7051866791984598e-02	0.0000000000000000e+00	5.3450916803441317e-01
1.7069320084504500e-02	0.0000000000000000e+00	6.5412899988136486e-01
1.7086773377024501e-02	0.0000000000000000e+00	7.5730402268044605e-01
1.7104226669544399e-02	0.0000000000000000e+00	8.4153147246936788e-01
1.7121679962064401e-02	0.0000000000000000e+00	9.0480611680746326e-01
1.7139133254584299e-02	0.0000000000000000e+00	9.4566188891659808e-01
1.7156586547104301e-02	0.0000000000000000e+00	9.6319841683837615e-01
1.7174039839624199e-02	0.0000000000000000e+00	9.5709333624797976e-01
1.7191493132144100e-02	0.0000000000000000e+00	9.2759842533625603e-01
1.7208946424664098e-02	0.0000000000000000e+00	8.7552532100777014e-01
1.7226399717184000e-02	0.0000000000000000e+00	8.0221764470084223e-01
1.7243853009704001e-02	0.0000000000000000e+00	7.0951245162043097e-01
1.7261306302223899e-02	0.0000000000000000e+00	5.9969266482991335e-01
1.7278759594743901e-02	0.0000000000000000e+00	4.7543117380553040e-01
1.7296212887263799e-02	0.0000000000000000e+00	3.3972809079970251e-01
1.7313666179783700e-02	0.0000000000000000e+00	1.9584234968583222e-01
1.7331119472303699e-02	0.0000000000000000e+00	4.7218936213441094e-02
1.7348572764823600e-02	0.0000000000000000e+00	1.0258709824604978e-01
1.7366026057343598e-02	0.0000000000000000e+00	2.4998877200273351e-01
1.7383479349863500e-02	0.0000000000000000e+00	3.9144608192756669e-01
1.7400932642383501e-02	0.0000000000000000e+00	5.2354476095229852e-01
1.7418385934903399e-02	0.0000000000000000e+00	6.4307355873714878e-01
1.7435839227423401e-02	0.0000000000000000e+00	7.4709888107142264e-01
1.7453292519943299e-02	0.0000000000000000e+00	8.3303554787167222e-01
1.7470745812463200e-02	0.0000000000000000e+00	8.9871182771458602e-01
1.7488199104983199e-02	0.0000000000000000e+00	9.4242757303482894e-01
1.7505652397503100e-02	0.0000000000000000e+00	9.6300381706563276e-01
1.7523105690023098e-02	0.0000000000000000e+00	9.5982144272405912e-01
1.7540558982543000e-02	0.0000000000000000e+00	9.3284768160065890e-01
1.7558012275063001e-02	0.0000000000000000e+00	8.8264843118572356e-01
1.7575465567582899e-02	0.0000000000000000e+00	8.1038449247062638e-01
1.7592918860102801e-02	0.0000000000000000e+00	7.1779150725733887e-01
1.7610372152622799e-02	0.0000000000000000e+00	6.0714178859866985e-01
1.7627825445142700e-02	0.0000000000000000e+00	4.8119045544451422e-01
1.7645278737662699e-02	0.0000000000000000e+00	3.4310421670261187e-01
1.7662732030182600e-02	0.0000000000000000e+00	1.9637644124455877e-01
1.7680185322702598e-02	0.0000000000000000e+00	4.4731835522808933e-02
1.7697638615222500e-02	0.0000000000000000e+00	1.0797761079524124e-01
1.7715091907742401e-02	0.0000000000000000e+00	2.5787960419246414e-01
1.7732545200262399e-02	0.0000000000000000e+00	4.0118823555501998e-01
1.7749998492782301e-02	0.0000000000000000e+00	5.3430701234315425e-01
1.7767451785302299e-02	0.0000000000000000e+00	6.5392397102869726e-01
1.7784905077822200e-02	0.0000000000000000e+00	7.5709598782185095e-01
1.7802358370342199e-02	0.0000000000000000e+00	8.4132054948817692e-01
1.7819811662862100e-02	0.0000000000000000e+00	9.0459236066580528e-01
1.7837264955382001e-02	0.0000000000000000e+00	9.4544517022093288e-01
1.7854718247902000e-02	0.0000000000000000e+00	9.6297885829325758e-01
1.7872171540421901e-02	0.0000000000000000e+00	9.5687088470749271e-01
1.7889624832941899e-02	0.0000000000000000e+00	9.2737302325307291e-01
1.7907078125461801e-02	0.0000000000000000e+00	8.7529697493386860e-01
1.7924531417981799e-02	0.0000000000000000e+00	8.0198637378401383e-01
1.7941984710501700e-02	0.0000000000000000e+00	7.0927822383419337e-01
1.7959438003021699e-02	0.0000000000000000e+00	5.9945549008901478e-01
1.7976891295541600e-02	0.0000000000000000e+00	4.7519104785881244e-01
1.7994344588061501e-02	0.0000000000000000e+00	3.3948500648176022e-01
1.8011797880581500e-02	0.0000000000000000e+00	1.9559630398840028e-01
1.8029251173101401e-02	0.0000000000000000e+00	4.6969928110820326e-02
1.8046704465621399e-02	0.0000000000000000e+00	1.0283908074710714e-01
1.8064157758141301e-02	0.0000000000000000e+00	2.5024372377152482e-01
1.8081611050661299e-02	0.0000000000000000e+00	3.9170401368840563e-01
1.8099064343181200e-02	0.0000000000000000e+00	5.2380568463794719e-01
1.8116517635701102e-02	0.0000000000000000e+00	6.4333750003190782e-01
1.8133970928221100e-02	0.0000000000000000e+00	7.4736588391077186e-01
1.8151424220741001e-02	0.0000000000000000e+00	8.3330556718271320e-01
1.8168877513261000e-02	0.0000000000000000e+00	8.9898488638135654e-01
1.8186330805780901e-02	0.0000000000000000e+00	9.4270370696210826e-01
1.8203784098300899e-02	0.0000000000000000e+00	9.6328301937203831e-01
1.8221237390820801e-02	0.0000000000000000e+00	9.6010372250081988e-01
1.8238690683340698e-02	0.0000000000000000e+00	9.3313283141289016e-01
1.8256143975860700e-02	0.0000000000000000e+00	8.8293632743396167e-01
1.8273597268380602e-02	0.0000000000000000e+00	8.1067507667533434e-01
1.8291050560900600e-02	0.0000000000000000e+00	7.1808480366332805e-01
1.8308503853420501e-02	0.0000000000000000e+00	6.0743813221834242e-01
1.8325957145940500e-02	0.0000000000000000e+00	4.8148987934437026e-01
1.8343410438460401e-02	0.0000000000000000e+00	3.4340671773852322e-01
1.8360863730980299e-02	0.0000000000000000e+00	1.9668207860638659e-01
1.8378317023500301e-02	0.0000000000000000e+00	4.5040614027496116e-02
1.8395770316020198e-02	0.0000000000000000e+00	1.0766582025452845e-01
1.8413223608540200e-02	0.0000000000000000e+00	2.5756478008926986e-01
1.8430676901060102e-02	0.0000000000000000e+00	4.0087036502628315e-01
1.8448130193580100e-02	0.0000000000000000e+00	5.3398604457296373e-01
1.8465583486100001e-02	0.0000000000000000e+00	6.5359985174661273e-01
1.8483036778619899e-02	0.0000000000000000e+00	7.5676886110614516e-01
1.8500490071139901e-02	0.0000000000000000e+00	8.4099047694096329e-01
1.8517943363659799e-02	0.0000000000000000e+00	9.0425919758707940e-01
1.8535396656179801e-02	0.0000000000000000e+00	9.4510899522324343e-01
1.8552849948699698e-02	0.0000000000000000e+00	9.6263993226016675e-01
1.8570303241219700e-02	0.0000000000000000e+00	9.5652901311438643e-01
1.8587756533739602e-02	0.0000000000000000e+00	9.2702821628832954e-01
1.8605209826259600e-02	0.0000000000000000e+00	8.7494926781637716e-01
1.8622663118779501e-02	0.0000000000000000e+00	8.0163577017062582e-01
1.8640116411299399e-02	0.0000000000000000e+00	7.0892475587551484e-01
1.8657569703819401e-02	0.0000000000000000e+00	5.9909913521230695e-01
1.8675022996339299e-02	0.0000000000000000e+00	4.7483184387654809e-01
1.8692476288859301e-02	0.0000000000000000e+00	3.3912293858225845e-01
1.8709929581379198e-02	0.0000000000000000e+00	1.9523138814021684e-01
1.8727382873899200e-02	0.0000000000000000e+00	4.6602170335750648e-02
1.8744836166419102e-02	0.0000000000000000e+00	1.0320967248514455e-01
1.8762289458938999e-02	0.0000000000000000e+00	2.5061715773987514e-01
1.8779742751459001e-02	0.0000000000000000e+00	3.9208027829601910e-01
1.8797196043978899e-02	0.0000000000000000e+00	5.2418478972691562e-01
1.8814649336498901e-02	0.0000000000000000e+00	6.4371945281955234e-01
1.8832102629018799e-02	0.0000000000000000e+00	7.4775071376049418e-01
1.8849555921538801e-02	0.0000000000000000e+00	8.3369327793460546e-01
1.8867009214058698e-02	0.0000000000000000e+00	8.9937549158664043e-01
1.8884462506578600e-02	0.0000000000000000e+00	9.4309720004101616e-01
1.8901915799098602e-02	0.0000000000000000e+00	9.6367940165629318e-01
1.8919369091618499e-02	0.0000000000000000e+00	9.6050292377303981e-01
1.8936822384138501e-02	0.0000000000000000e+00	9.3353492278372230e-01
1.8954275676658399e-02	0.0000000000000000e+00	8.8334118558591201e-01
1.8971728969178401e-02	0.0000000000000000e+00	8.1108283137247972e-01
1.8989182261698299e-02	0.0000000000000000e+00	7.1849547387106127e-01
1.9006635554218200e-02	0.0000000000000000e+00	6.0785157592661854e-01
1.9024088846738198e-02	0.0000000000000000e+00	4.8190622396174632e-01
1.9041542139258100e-02	0.0000000000000000e+00	3.4382593252399207e-01
1.9058995431778102e-02	0.0000000000000000e+00	1.9710417670771316e-01
1.9076448724297999e-02	0.0000000000000000e+00	4.5465589819409596e-02
1.9093902016818001e-02	0.0000000000000000e+00	1.0723801271788241e-01
1.9111355309337899e-02	0.0000000000000000e+00	2.5713410905547746e-01
1.9128808601857800e-02	0.0000000000000000e+00	4.0043680781475438e-01
1.9146261894377799e-02	0.0000000000000000e+00	5.3354955296203299e-01
1.9163715186897700e-02	0.0000000000000000e+00	6.5316047203973071e-01
1.9181168479417698e-02	0.0000000000000000e+00	7.5632661899747977e-01
1.9198621771937600e-02	0.0000000000000000e+00	8.4054521281224337e-01
1.9216075064457602e-02	0.0000000000000000e+00	9.0381101822747678e-01
1.9233528356977499e-02	0.0000000000000000e+00	9.4465793279331012e-01
1.9250981649497501e-02	0.0000000000000000e+00	9.6218562485718884e-01
1.9268434942017399e-02	0.0000000000000000e+00	9.5607174025268382e-01
1.9285888234537300e-02	0.0000000000000000e+00	9.2656809891752745e-01
1.9303341527057299e-02	0.0000000000000000e+00	8.7448623315592933e-01
1.9320794819577200e-02	0.0000000000000000e+00	8.0116979574383995e-01
1.9338248112097198e-02	0.0000000000000000e+00	7.0845587497892348e-01
1.9355701404617100e-02	0.0000000000000000e+00	5.9862732188106993e-01
1.9373154697137102e-02	0.0000000000000000e+00	4.7435708491111672e-01
1.9390607989656999e-02	0.0000000000000000e+00	3.3864523727150969e-01
1.9408061282176901e-02	0.0000000000000000e+00	1.9475072304349628e-01
1.9425514574696899e-02	0.0000000000000000e+00	4.6118537458033251e-02
1.9442967867216800e-02	0.0000000000000000e+00	1.0369629187293503e-01
1.9460421159736799e-02	0.0000000000000000e+00	2.5110676827209077e-01
1.9477874452256700e-02	0.0000000000000000e+00	3.9257289158116421e-01
1.9495327744776698e-02	0.0000000000000000e+00	5.2468041243495045e-01
1.9512781037296600e-02	0.0000000000000000e+00	6.4421809381600215e-01
1.9530234329816501e-02	0.0000000000000000e+00	7.4825237707697134e-01
1.9547687622336499e-02	0.0000000000000000e+00	8.3419797943890062e-01
1.9565140914856401e-02	0.0000000000000000e+00	8.9988322893986294e-01
1.9582594207376399e-02	0.0000000000000000e+00	9.4360797562824017e-01
1.9600047499896300e-02	0.0000000000000000e+00	9.6419322025220011e-01
1.9617500792416299e-02	0.0000000000000000e+00	9.6101979822062500e-01
1.9634954084936200e-02	0.0000000000000000e+00	9.3405488821918559e-01
1.9652407377456101e-02	0.0000000000000000e+00	8.8386430686224793e-01
1.9669860669976100e-02	0.0000000000000000e+00	8.1160914705955667e-01
1.9687313962496001e-02	0.0000000000000000e+00	7.1902489234295242e-01
1.9704767255015999e-02	0.0000000000000000e+00	6.0838412717599222e-01
1.9722220547535901e-02	0.0000000000000000e+00	4.8244187320106291e-01
1.9739673840055899e-02	0.0000000000000000e+00	3.4436456690459077e-01
1.9757127132575800e-02	0.0000000000000000e+00	1.9764580439176993e-01
1.9774580425095799e-02	0.0000000000000000e+00	4.6010252270819361e-02
1.9792033717615700e-02	0.0000000000000000e+00	1.0669019506677699e-01
1.9809487010135601e-02	0.0000000000000000e+00	2.5658319510936595e-01
1.9826940302655600e-02	0.0000000000000000e+00	3.9988282024450100e-01
1.9844393595175501e-02	0.0000000000000000e+00	5.3299259657981657e-01
1.9861846887695499e-02	0.0000000000000000e+00	6.5260052135960300e-01
1.9879300180215401e-02	0.0000000000000000e+00	7.5576354907596177e-01
1.9896753472735399e-02	0.0000000000000000e+00	8.3997915678943247e-01
1.9914206765255300e-02	0.0000000000000000e+00	9.0324200651836584e-01
1.9931660057775202e-02	0.0000000000000000e+00	9.4408581009017456e-01
1.9949113350295200e-02	0.0000000000000000e+00	9.6161059496621282e-01
1.9966566642815101e-02	0.0000000000000000e+00	9.5549365058385782e-01
1.9984019935335100e-02	0.0000000000000000e+00	9.2598683090197387e-01
2.0001473227855001e-02	0.0000000000000000e+00	8.7390181080657925e-01
2.0018926520374999e-02	0.0000000000000000e+00	8.0058225469794131e-01
2.0036379812894901e-02	0.0000000000000000e+00	7.0786514985733184e-01
2.0053833105414798e-02	0.0000000000000000e+00	5.9803346517556411e-01
2.0071286397934800e-02	0.0000000000000000e+00	4.7376007179148572e-01
2.0088739690454702e-02	0.0000000000000000e+00	3.3804508253812360e-01
2.0106192982974700e-02	0.0000000000000000e+00	1.9414742981197758e-01
2.0123646275494601e-02	0.0000000000000000e+00	4.5512108108505568e-02
2.0141099568014600e-02	0.0000000000000000e+00	1.0430584653832697e-01
2.0158552860534501e-02	0.0000000000000000e+00	2.5171943886520248e-01
2.0176006153054399e-02	0.0000000000000000e+00	3.9318867670770596e-01
2.0193459445574401e-02	0.0000000000000000e+00	5.2529930416900616e-01
2.0210912738094299e-02	0.0000000000000000e+00	6.4484008831520190e-01
2.0228366030614300e-02	0.0000000000000000e+00	7.4887744327750616e-01
2.0245819323134202e-02	0.0000000000000000e+00	8.3482611106686433e-01
2.0263272615654200e-02	0.0000000000000000e+00	9.0051440669818761e-01
2.0280725908174101e-02	0.0000000000000000e+00	9.4424221013907572e-01
2.0298179200694100e-02	0.0000000000000000e+00	9.6483050704613682e-01
2.0315632493214001e-02	0.0000000000000000e+00	9.6166020125979790e-01
2.0333085785733899e-02	0.0000000000000000e+00	9.3469829330227538e-01
2.0350539078253901e-02	0.0000000000000000e+00	8.8451076465057121e-01
2.0367992370773799e-02	0.0000000000000000e+00	8.1225849391040916e-01
2.0385445663293800e-02	0.0000000000000000e+00	7.1967718387209467e-01
2.0402898955813702e-02	0.0000000000000000e+00	6.0903950891593328e-01
2.0420352248333700e-02	0.0000000000000000e+00	4.8310023916602085e-01
2.0437805540853601e-02	0.0000000000000000e+00	3.4502605063287339e-01
2.0455258833373499e-02	0.0000000000000000e+00	1.9831041791020551e-01
2.0472712125893501e-02	0.0000000000000000e+00	4.6677964721019413e-02
2.0490165418413399e-02	0.0000000000000000e+00	1.0601943949540732e-01
2.0507618710933401e-02	0.0000000000000000e+00	2.5590938071120078e-01
2.0525072003453299e-02	0.0000000000000000e+00	3.9920594184586966e-01
2.0542525295973300e-02	0.0000000000000000e+00	5.3231262365818643e-01
2.0559978588493202e-02	0.0000000000000000e+00	6.5191742120434981e-01
2.0577431881013099e-02	0.0000000000000000e+00	7.5507740647903177e-01
2.0594885173533101e-02	0.0000000000000000e+00	8.3929002137177955e-01
2.0612338466052999e-02	0.0000000000000000e+00	9.0254972587403803e-01
2.0629791758573001e-02	0.0000000000000000e+00	9.4339049593530333e-01
2.0647245051092899e-02	0.0000000000000000e+00	9.6091210856466891e-01
2.0664698343612901e-02	0.0000000000000000e+00	9.5479204969511589e-01
2.0682151636132799e-02	0.0000000000000000e+00	9.2528232034472857e-01
2.0699604928652700e-02	0.0000000000000000e+00	8.7319432164024280e-01
2.0717058221172702e-02	0.0000000000000000e+00	7.9987177911155694e-01
2.0734511513692599e-02	0.0000000000000000e+00	7.0715172948105431e-01
2.0751964806212601e-02	0.0000000000000000e+00	5.9731707715579951e-01
2.0769418098732499e-02	0.0000000000000000e+00	4.7304072664365687e-01
2.0786871391252501e-02	0.0000000000000000e+00	3.3732276571945913e-01
2.0804324683772399e-02	0.0000000000000000e+00	1.9342214922740325e-01
2.0821777976292300e-02	0.0000000000000000e+00	4.4783855902853838e-02
2.0839231268812299e-02	0.0000000000000000e+00	1.0503707417160721e-01
2.0856684561332200e-02	0.0000000000000000e+00	2.5245364288090616e-01
2.0874137853852202e-02	0.0000000000000000e+00	3.9392586686659770e-01
2.0891591146372099e-02	0.0000000000000000e+00	5.2603948304064441e-01
2.0909044438892101e-02	0.0000000000000000e+00	6.4558323760992053e-01
2.0926497731411999e-02	0.0000000000000000e+00	7.4962358031612042e-01
2.0943951023932001e-02	0.0000000000000000e+00	8.3557524924504822e-01
