0.0000000000000000e+00	0.0000000000000000e+00	2.8856959090782842e+05
1.7453292519943300e-05	0.0000000000000000e+00	2.8967492082626576e+05
3.4906585039886600e-05	0.0000000000000000e+00	2.9117781115222274e+05
5.2359877559829903e-05	0.0000000000000000e+00	2.9331178287767689e+05
6.9813170079773199e-05	0.0000000000000000e+00	2.9613859253975947e+05
8.7266462599716496e-05	0.0000000000000000e+00	2.9959982179981103e+05
1.0471975511966000e-04	0.0000000000000000e+00	3.0354230675596220e+05
1.2217304763960301e-04	0.0000000000000000e+00	3.0773632125812740e+05
1.3962634015954599e-04	0.0000000000000000e+00	3.1189344236397103e+05
1.5707963267949001e-04	0.0000000000000000e+00	3.1568604510941729e+05
1.7453292519943299e-04	0.0000000000000000e+00	3.1876842432799458e+05
1.9198621771937600e-04	0.0000000000000000e+00	3.2079912303794775e+05
2.0943951023931999e-04	0.0000000000000000e+00	3.2146356037461694e+05
2.2689280275926300e-04	0.0000000000000000e+00	3.2049597369416774e+05
2.4434609527920601e-04	0.0000000000000000e+00	3.1769970441974897e+05
2.6179938779914903e-04	0.0000000000000000e+00	3.1296476739496592e+05
2.7925268031909301e-04	0.0000000000000000e+00	3.0628172991436080e+05
2.9670597283903603e-04	0.0000000000000000e+00	2.9775124622598634e+05
3.1415926535897898e-04	0.0000000000000000e+00	2.8758853263940243e+05
3.3161255787892303e-04	0.0000000000000000e+00	2.7612262862208200e+05
3.4906585039886598e-04	0.0000000000000000e+00	2.6378982823767711e+05
3.6651914291880900e-04	0.0000000000000000e+00	2.5112191262345476e+05
3.8397243543875201e-04	0.0000000000000000e+00	2.3872889847390453e+05
4.0142572795869599e-04	0.0000000000000000e+00	2.4434756622744945e+05
4.1887902047863901e-04	0.0000000000000000e+00	2.5268822256214093e+05
4.3633231299858202e-04	0.0000000000000000e+00	2.6351493163051823e+05
4.5378560551852601e-04	0.0000000000000000e+00	2.7681651377748768e+05
4.7123889803846902e-04	0.0000000000000000e+00	2.9244942730186548e+05
4.8869219055841203e-04	0.0000000000000000e+00	3.1012750562979968e+05
5.0614548307835602e-04	0.0000000000000000e+00	3.2941774821534270e+05
5.2359877559829903e-04	0.0000000000000000e+00	3.4974355608542607e+05
5.4105206811824204e-04	0.0000000000000000e+00	3.7039407256315928e+05
5.5850536063818505e-04	0.0000000000000000e+00	3.9054149336520804e+05
5.7595865315812904e-04	0.0000000000000000e+00	4.0926461388972093e+05
5.9341194567807205e-04	0.0000000000000000e+00	4.2557935162153316e+05
6.1086523819801496e-04	0.0000000000000000e+00	4.3847460260044929e+05
6.2831853071795905e-04	0.0000000000000000e+00	4.4695146144512569e+05
6.4577182323790196e-04	0.0000000000000000e+00	4.5006740868012269e+05
6.6322511575784497e-04	0.0000000000000000e+00	4.7530568745233887e+05
6.8067840827778798e-04	0.0000000000000000e+00	5.1315802838441357e+05
6.9813170079773197e-04	0.0000000000000000e+00	5.4873930173875671e+05
7.1558499331767498e-04	0.0000000000000000e+00	5.8068763273061055e+05
7.3303828583761799e-04	0.0000000000000000e+00	6.0766301854663901e+05
7.5049157835756198e-04	0.0000000000000000e+00	6.2839615418400464e+05
7.6794487087750499e-04	0.0000000000000000e+00	6.4173692721229652e+05
7.8539816339744800e-04	0.0000000000000000e+00	6.4670259107863437e+05
8.0285145591739199e-04	0.0000000000000000e+00	6.4252096886692778e+05
8.2030474843733500e-04	0.0000000000000000e+00	6.2866892420712160e+05
8.3775804095727801e-04	0.0000000000000000e+00	6.0490496569626848e+05
8.5521133347722102e-04	0.0000000000000000e+00	5.7129323698969046e+05
8.7266462599716501e-04	0.0000000000000000e+00	5.2821802970536728e+05
8.9011791851710802e-04	0.0000000000000000e+00	4.7638895632191922e+05
9.0757121103705104e-04	0.0000000000000000e+00	4.1683641900388536e+05
9.2502450355699502e-04	0.0000000000000000e+00	3.5089234646485484e+05
9.4247779607693804e-04	0.0000000000000000e+00	2.8016686164681922e+05
9.5993108859688105e-04	0.0000000000000000e+00	2.7582613633151597e+05
9.7738438111682406e-04	0.0000000000000000e+00	2.7652933949217835e+05
9.9483767363676805e-04	0.0000000000000000e+00	2.6096662638617965e+05
1.0122909661567101e-03	0.0000000000000000e+00	2.3296220795306953e+05
1.0297442586766500e-03	0.0000000000000000e+00	2.1610773223447194e+05
1.0471975511966000e-03	0.0000000000000000e+00	1.8996107677971036e+05
1.0646508437165401e-03	0.0000000000000000e+00	1.8896481452601979e+05
1.0821041362364800e-03	0.0000000000000000e+00	2.1434594905883149e+05
1.0995574287564300e-03	0.0000000000000000e+00	2.3320634609024684e+05
1.1170107212763701e-03	0.0000000000000000e+00	3.1742226837957348e+05
1.1344640137963100e-03	0.0000000000000000e+00	4.5292664195578755e+05
1.1519173063162600e-03	0.0000000000000000e+00	5.9409739833501820e+05
1.1693705988361999e-03	0.0000000000000000e+00	7.3729328663627896e+05
1.1868238913561400e-03	0.0000000000000000e+00	8.7858629227358499e+05
1.2042771838760900e-03	0.0000000000000000e+00	1.0138619919098434e+06
1.2217304763960299e-03	0.0000000000000000e+00	1.1389340979359203e+06
1.2391837689159700e-03	0.0000000000000000e+00	1.2496634372175050e+06
1.2566370614359201e-03	0.0000000000000000e+00	1.3420823418709191e+06
1.2740903539558599e-03	0.0000000000000000e+00	1.4125189260132271e+06
1.2915436464758000e-03	0.0000000000000000e+00	1.4577172181300987e+06
1.3089969389957501e-03	0.0000000000000000e+00	1.4749540935215268e+06
1.3264502315156899e-03	0.0000000000000000e+00	1.4621409452508767e+06
1.3439035240356300e-03	0.0000000000000000e+00	1.4179167117829344e+06
1.3613568165555801e-03	0.0000000000000000e+00	1.3417204786071817e+06
1.3788101090755199e-03	0.0000000000000000e+00	1.2338694237105865e+06
1.3962634015954600e-03	0.0000000000000000e+00	1.1920013786645944e+06
1.4137166941154101e-03	0.0000000000000000e+00	1.2513084700411796e+06
1.4311699866353500e-03	0.0000000000000000e+00	1.2890841872267346e+06
1.4486232791552900e-03	0.0000000000000000e+00	1.3034628838645101e+06
1.4660765716752401e-03	0.0000000000000000e+00	1.2931869776310206e+06
1.4835298641951800e-03	0.0000000000000000e+00	1.2576641570806000e+06
1.5009831567151201e-03	0.0000000000000000e+00	1.1970032378137524e+06
1.5184364492350699e-03	0.0000000000000000e+00	1.1120298067623435e+06
1.5358897417550100e-03	0.0000000000000000e+00	1.0042797098457296e+06
1.5533430342749501e-03	0.0000000000000000e+00	9.0450497313982877e+05
1.5707963267948999e-03	0.0000000000000000e+00	1.1070628963383874e+06
1.5882496193148400e-03	0.0000000000000000e+00	1.2817467414485328e+06
1.6057029118347801e-03	0.0000000000000000e+00	1.4225122651501801e+06
1.6231562043547299e-03	0.0000000000000000e+00	1.5239860791723519e+06
1.6406094968746700e-03	0.0000000000000000e+00	1.5816531720749997e+06
1.6580627893946101e-03	0.0000000000000000e+00	1.5920243044842551e+06
1.6755160819145599e-03	0.0000000000000000e+00	1.5527923530861216e+06
1.6929693744345000e-03	0.0000000000000000e+00	1.4629288452163273e+06
1.7104226669544401e-03	0.0000000000000000e+00	1.3227775308092714e+06
1.7278759594743899e-03	0.0000000000000000e+00	1.1340844227324114e+06
1.7453292519943300e-03	0.0000000000000000e+00	9.0002490163095901e+05
1.7627825445142699e-03	0.0000000000000000e+00	8.6347566959204630e+05
1.7802358370342200e-03	0.0000000000000000e+00	8.9640855957507191e+05
1.7976891295541600e-03	0.0000000000000000e+00	8.9679742272795411e+05
1.8151424220740999e-03	0.0000000000000000e+00	8.6354781562439888e+05
1.8325957145940500e-03	0.0000000000000000e+00	7.9639541621405073e+05
1.8500490071139900e-03	0.0000000000000000e+00	1.1231018793779521e+06
1.8675022996339299e-03	0.0000000000000000e+00	1.4876908375899591e+06
1.8849555921538800e-03	0.0000000000000000e+00	1.8351643378409743e+06
1.9024088846738201e-03	0.0000000000000000e+00	2.1559917285258053e+06
1.9198621771937599e-03	0.0000000000000000e+00	2.4410728735821494e+06
1.9373154697137100e-03	0.0000000000000000e+00	2.6819710979047935e+06
1.9547687622336499e-03	0.0000000000000000e+00	2.8711546604454480e+06
1.9722220547535902e-03	0.0000000000000000e+00	3.0022017805437841e+06
1.9896753472735400e-03	0.0000000000000000e+00	3.0699899859009585e+06
2.0071286397934799e-03	0.0000000000000000e+00	3.0708534150338215e+06
2.0245819323134202e-03	0.0000000000000000e+00	3.0027145449834038e+06
2.0420352248333700e-03	0.0000000000000000e+00	2.8651894657651084e+06
2.0594885173533099e-03	0.0000000000000000e+00	2.6596032066764142e+06
2.0769418098732502e-03	0.0000000000000000e+00	2.3890748214787012e+06
2.0943951023932000e-03	0.0000000000000000e+00	2.0584356834677688e+06
2.1118483949131399e-03	0.0000000000000000e+00	2.1100105398112452e+06
2.1293016874330802e-03	0.0000000000000000e+00	2.1348588370902408e+06
2.1467549799530201e-03	0.0000000000000000e+00	2.1151415198694500e+06
2.1642082724729699e-03	0.0000000000000000e+00	2.0505384028093645e+06
2.1816615649929102e-03	0.0000000000000000e+00	1.9419868497477924e+06
2.1991148575128501e-03	0.0000000000000000e+00	1.7916624333049620e+06
2.2165681500327999e-03	0.0000000000000000e+00	1.6029206848576027e+06
2.2340214425527402e-03	0.0000000000000000e+00	1.6786005047336216e+06
2.2514747350726801e-03	0.0000000000000000e+00	2.1066142080851994e+06
2.2689280275926299e-03	0.0000000000000000e+00	2.4837672767515536e+06
2.2863813201125698e-03	0.0000000000000000e+00	2.7986893308145036e+06
2.3038346126325101e-03	0.0000000000000000e+00	3.0413453430093210e+06
2.3212879051524599e-03	0.0000000000000000e+00	3.2033641418090872e+06
2.3387411976723998e-03	0.0000000000000000e+00	3.2783342948401468e+06
2.3561944901923401e-03	0.0000000000000000e+00	3.2620432440945660e+06
2.3736477827122899e-03	0.0000000000000000e+00	3.1526678818916553e+06
2.3911010752322298e-03	0.0000000000000000e+00	2.9508796830637967e+06
2.4085543677521701e-03	0.0000000000000000e+00	2.6598427670384818e+06
2.4260076602721200e-03	0.0000000000000000e+00	2.2852319137101192e+06
2.4434609527920598e-03	0.0000000000000000e+00	1.8350412631146722e+06
2.4609142453120001e-03	0.0000000000000000e+00	1.6122147000993881e+06
2.4783675378319500e-03	0.0000000000000000e+00	1.6267887888954412e+06
2.4958208303518898e-03	0.0000000000000000e+00	1.5900711029566987e+06
2.5132741228718301e-03	0.0000000000000000e+00	1.5018132415450078e+06
2.5307274153917800e-03	0.0000000000000000e+00	1.3629824414768033e+06
2.5481807079117198e-03	0.0000000000000000e+00	1.7692265101361519e+06
2.5656340004316601e-03	0.0000000000000000e+00	2.3814732040655962e+06
2.5830872929516100e-03	0.0000000000000000e+00	2.9548074958819584e+06
2.6005405854715499e-03	0.0000000000000000e+00	3.4742703031231826e+06
2.6179938779914902e-03	0.0000000000000000e+00	3.9260971054441780e+06
2.6354471705114400e-03	0.0000000000000000e+00	4.2980096402178546e+06
2.6529004630313799e-03	0.0000000000000000e+00	4.5795421060470939e+06
2.6703537555513202e-03	0.0000000000000000e+00	4.7622920868788389e+06
2.6878070480712700e-03	0.0000000000000000e+00	4.8401247601182573e+06
2.7052603405912099e-03	0.0000000000000000e+00	4.8093435539388107e+06
2.7227136331111502e-03	0.0000000000000000e+00	4.6687798324657902e+06
2.7401669256311000e-03	0.0000000000000000e+00	4.4199290255188402e+06
2.7576202181510399e-03	0.0000000000000000e+00	4.0668236277866042e+06
2.7750735106709802e-03	0.0000000000000000e+00	3.6161351945281886e+06
2.7925268031909300e-03	0.0000000000000000e+00	3.0769897163847056e+06
2.8099800957108699e-03	0.0000000000000000e+00	2.9274953219686155e+06
2.8274333882308102e-03	0.0000000000000000e+00	2.9239194636277552e+06
2.8448866807507600e-03	0.0000000000000000e+00	2.8559585116920359e+06
2.8623399732706999e-03	0.0000000000000000e+00	2.7249059942923915e+06
2.8797932657906402e-03	0.0000000000000000e+00	2.5338592930045226e+06
2.8972465583105901e-03	0.0000000000000000e+00	2.2876081264960943e+06
2.9146998508305299e-03	0.0000000000000000e+00	1.9924700339261268e+06
2.9321531433504698e-03	0.0000000000000000e+00	2.6611809979632283e+06
2.9496064358704201e-03	0.0000000000000000e+00	3.2862409333094801e+06
2.9670597283903599e-03	0.0000000000000000e+00	3.8290095343615711e+06
2.9845130209102998e-03	0.0000000000000000e+00	4.2737863230598262e+06
3.0019663134302501e-03	0.0000000000000000e+00	4.6071527724760622e+06
3.0194196059501899e-03	0.0000000000000000e+00	4.8184481702042995e+06
3.0368728984701298e-03	0.0000000000000000e+00	4.9001271477328083e+06
3.0543261909900801e-03	0.0000000000000000e+00	4.8480598914209306e+06
3.0717794835100200e-03	0.0000000000000000e+00	4.6616746604969660e+06
3.0892327760299598e-03	0.0000000000000000e+00	4.3441290109901698e+06
3.1066860685499101e-03	0.0000000000000000e+00	3.9020783535933485e+06
3.1241393610698500e-03	0.0000000000000000e+00	3.3455782301288322e+06
3.1415926535897898e-03	0.0000000000000000e+00	2.6879081340021584e+06
3.1590459461097401e-03	0.0000000000000000e+00	2.2381773693440533e+06
3.1764992386296800e-03	0.0000000000000000e+00	2.2249542688249396e+06
3.1939525311496198e-03	0.0000000000000000e+00	2.1457548767451653e+06
3.2114058236695701e-03	0.0000000000000000e+00	2.0013408961386953e+06
3.2288591161895100e-03	0.0000000000000000e+00	1.7939411943883607e+06
3.2463124087094499e-03	0.0000000000000000e+00	2.3568301801969055e+06
3.2637657012294001e-03	0.0000000000000000e+00	3.1838780330779315e+06
3.2812189937493400e-03	0.0000000000000000e+00	3.9500341060546963e+06
3.2986722862692799e-03	0.0000000000000000e+00	4.6361156092332769e+06
3.3161255787892301e-03	0.0000000000000000e+00	5.2248273120643077e+06
3.3335788713091700e-03	0.0000000000000000e+00	5.7011833921737662e+06
3.3510321638291099e-03	0.0000000000000000e+00	6.0528389009769307e+06
3.3684854563490602e-03	0.0000000000000000e+00	6.2703288306782385e+06
3.3859387488690000e-03	0.0000000000000000e+00	6.3472916374549242e+06
3.4033920413889399e-03	0.0000000000000000e+00	6.2806020168933328e+06
3.4208453339088902e-03	0.0000000000000000e+00	6.0703946538391383e+06
3.4382986264288300e-03	0.0000000000000000e+00	5.7202162813667124e+06
3.4557519189487699e-03	0.0000000000000000e+00	5.2368117366619110e+06
3.4732052114687202e-03	0.0000000000000000e+00	4.6301118537067417e+06
3.4906585039886600e-03	0.0000000000000000e+00	3.9131134452443169e+06
3.5081117965085999e-03	0.0000000000000000e+00	3.5823432866443940e+06
3.5255650890285502e-03	0.0000000000000000e+00	3.5460085116072423e+06
3.5430183815484901e-03	0.0000000000000000e+00	3.4301490777698858e+06
3.5604716740684299e-03	0.0000000000000000e+00	3.2377877388145737e+06
3.5779249665883698e-03	0.0000000000000000e+00	2.9741552138340487e+06
3.5953782591083201e-03	0.0000000000000000e+00	2.6464813625382953e+06
3.6128315516282599e-03	0.0000000000000000e+00	2.5919435517198602e+06
3.6302848441482102e-03	0.0000000000000000e+00	3.4581586022553230e+06
3.6477381366681501e-03	0.0000000000000000e+00	4.2368668942499096e+06
3.6651914291880900e-03	0.0000000000000000e+00	4.9066741592103709e+06
3.6826447217080398e-03	0.0000000000000000e+00	5.4487325861714184e+06
3.7000980142279801e-03	0.0000000000000000e+00	5.8472855714018634e+06
3.7175513067479200e-03	0.0000000000000000e+00	6.0902296580294855e+06
3.7350045992678598e-03	0.0000000000000000e+00	6.1696020406265538e+06
3.7524578917878101e-03	0.0000000000000000e+00	6.0819064602565365e+06
3.7699111843077500e-03	0.0000000000000000e+00	5.8280581387506304e+06
3.7873644768276998e-03	0.0000000000000000e+00	5.4136137218217505e+06
3.8048177693476401e-03	0.0000000000000000e+00	4.8484994290056843e+06
3.8222710618675800e-03	0.0000000000000000e+00	4.1466443160317000e+06
3.8397243543875199e-03	0.0000000000000000e+00	3.3256772890705741e+06
3.8571776469074701e-03	0.0000000000000000e+00	2.6619755534394532e+06
3.8746309394274100e-03	0.0000000000000000e+00	2.6220792011338435e+06
3.8920842319473499e-03	0.0000000000000000e+00	2.5067176514871400e+06
3.9095375244672997e-03	0.0000000000000000e+00	2.3175187383062989e+06
3.9269908169872400e-03	0.0000000000000000e+00	2.0577071695022131e+06
3.9444441095071803e-03	0.0000000000000000e+00	2.8044911997609469e+06
3.9618974020271302e-03	0.0000000000000000e+00	3.7869506181448661e+06
3.9793506945470696e-03	0.0000000000000000e+00	4.6908871434023073e+06
3.9968039870670099e-03	0.0000000000000000e+00	5.4943171214827253e+06
4.0142572795869597e-03	0.0000000000000000e+00	6.1777571312437588e+06
4.0317105721069000e-03	0.0000000000000000e+00	6.7246499711606214e+06
4.0491638646268403e-03	0.0000000000000000e+00	7.1216668241182789e+06
4.0666171571467902e-03	0.0000000000000000e+00	7.3589704259888642e+06
4.0840704496667296e-03	0.0000000000000000e+00	7.4304148638050118e+06
4.1015237421866699e-03	0.0000000000000000e+00	7.3336072207323387e+06
4.1189770347066198e-03	0.0000000000000000e+00	7.0699553390373727e+06
4.1364303272265601e-03	0.0000000000000000e+00	6.6446658068681508e+06
4.1538836197465004e-03	0.0000000000000000e+00	6.0666268260189015e+06
4.1713369122664502e-03	0.0000000000000000e+00	5.3483522372835279e+06
4.1887902047863896e-03	0.0000000000000000e+00	4.5055663687287569e+06
4.2062434973063299e-03	0.0000000000000000e+00	4.0231258101554904e+06
4.2236967898262798e-03	0.0000000000000000e+00	3.9587133983208672e+06
4.2411500823462201e-03	0.0000000000000000e+00	3.8051765636973251e+06
4.2586033748661604e-03	0.0000000000000000e+00	3.5669394163160496e+06
4.2760566673861102e-03	0.0000000000000000e+00	3.2508804303032295e+06
4.2935099599060497e-03	0.0000000000000000e+00	2.8660417605893468e+06
4.3109632524259900e-03	0.0000000000000000e+00	2.9967364949924387e+06
4.3284165449459398e-03	0.0000000000000000e+00	3.9797363946649367e+06
4.3458698374658801e-03	0.0000000000000000e+00	4.8590534192134375e+06
4.3633231299858204e-03	0.0000000000000000e+00	5.6108235810134076e+06
4.3807764225057702e-03	0.0000000000000000e+00	6.2142148446219359e+06
4.3982297150257097e-03	0.0000000000000000e+00	6.6521861050877608e+06
4.4156830075456500e-03	0.0000000000000000e+00	6.9119745719949827e+06
4.4331363000655998e-03	0.0000000000000000e+00	6.9856233021841943e+06
4.4505895925855401e-03	0.0000000000000000e+00	6.8702701635471769e+06
4.4680428851054804e-03	0.0000000000000000e+00	6.5682040981361587e+06
4.4854961776254303e-03	0.0000000000000000e+00	6.0868563132240335e+06
4.5029494701453697e-03	0.0000000000000000e+00	5.4384791488678735e+06
4.5204027626653100e-03	0.0000000000000000e+00	4.6399669936694726e+06
4.5378560551852598e-03	0.0000000000000000e+00	3.7118967186369537e+06
4.5553093477052001e-03	0.0000000000000000e+00	2.9020340155819813e+06
4.5727626402251396e-03	0.0000000000000000e+00	2.8417072273868015e+06
4.5902159327450903e-03	0.0000000000000000e+00	2.7007315448967717e+06
4.6076692252650297e-03	0.0000000000000000e+00	2.4813439818316414e+06
4.6251225177849700e-03	0.0000000000000000e+00	2.1874312953319643e+06
4.6425758103049199e-03	0.0000000000000000e+00	3.1044124138089893e+06
4.6600291028248602e-03	0.0000000000000000e+00	4.1814083015788933e+06
4.6774823953447996e-03	0.0000000000000000e+00	5.1680566173929134e+06
4.6949356878647503e-03	0.0000000000000000e+00	6.0408622411962468e+06
4.7123889803846897e-03	0.0000000000000000e+00	6.7791810419677813e+06
4.7298422729046300e-03	0.0000000000000000e+00	7.3657330969208302e+06
4.7472955654245799e-03	0.0000000000000000e+00	7.7867801286688689e+06
4.7647488579445202e-03	0.0000000000000000e+00	8.0324779361708565e+06
4.7822021504644596e-03	0.0000000000000000e+00	8.0970082381791696e+06
4.7996554429844103e-03	0.0000000000000000e+00	7.9786269952307623e+06
4.8171087355043498e-03	0.0000000000000000e+00	7.6796378405895662e+06
4.8345620280242901e-03	0.0000000000000000e+00	7.2064381741101984e+06
4.8520153205442399e-03	0.0000000000000000e+00	6.5693697151750699e+06
4.8694686130641802e-03	0.0000000000000000e+00	5.7824389995405143e+06
4.8869219055841196e-03	0.0000000000000000e+00	4.8632087784208674e+06
4.9043751981040704e-03	0.0000000000000000e+00	4.2870691275790697e+06
4.9218284906240098e-03	0.0000000000000000e+00	4.2036600962559991e+06
4.9392817831439501e-03	0.0000000000000000e+00	4.0259810919312225e+06
4.9567350756638999e-03	0.0000000000000000e+00	3.7593697726144167e+06
4.9741883681838402e-03	0.0000000000000000e+00	3.4117385311776716e+06
4.9916416607037797e-03	0.0000000000000000e+00	2.9932410603629192e+06
5.0090949532237304e-03	0.0000000000000000e+00	3.2243310779683040e+06
5.0265482457436698e-03	0.0000000000000000e+00	4.2736334172535297e+06
5.0440015382636101e-03	0.0000000000000000e+00	5.2094271268356154e+06
5.0614548307835600e-03	0.0000000000000000e+00	6.0065309438107703e+06
5.0789081233035003e-03	0.0000000000000000e+00	6.6431526972065140e+06
5.0963614158234397e-03	0.0000000000000000e+00	7.1016050881322511e+06
5.1138147083433904e-03	0.0000000000000000e+00	7.3688930559659749e+06
5.1312680008633298e-03	0.0000000000000000e+00	7.4372458627800122e+06
5.1487212933832701e-03	0.0000000000000000e+00	7.3043279186009001e+06
5.1661745859032200e-03	0.0000000000000000e+00	6.9733365382944066e+06
5.1836278784231603e-03	0.0000000000000000e+00	6.4529180105691757e+06
5.2010811709430997e-03	0.0000000000000000e+00	5.7567813952373099e+06
5.2185344634630504e-03	0.0000000000000000e+00	4.9034882892915867e+06
5.2359877559829899e-03	0.0000000000000000e+00	3.9153541003692527e+06
5.2534410485029302e-03	0.0000000000000000e+00	3.0043745451426851e+06
5.2708943410228696e-03	0.0000000000000000e+00	2.9312533804478105e+06
5.2883476335428203e-03	0.0000000000000000e+00	2.7750967487986940e+06
5.3058009260627597e-03	0.0000000000000000e+00	2.5384997323659966e+06
5.3232542185827000e-03	0.0000000000000000e+00	2.2257207773386422e+06
5.3407075111026499e-03	0.0000000000000000e+00	3.2732805658971537e+06
5.3581608036225902e-03	0.0000000000000000e+00	4.3999439141037613e+06
5.3756140961425296e-03	0.0000000000000000e+00	5.4295836465222593e+06
5.3930673886624803e-03	0.0000000000000000e+00	6.3379918399530612e+06
5.4105206811824198e-03	0.0000000000000000e+00	7.1040172180900406e+06
5.4279739737023601e-03	0.0000000000000000e+00	7.7100495106849894e+06
5.4454272662223099e-03	0.0000000000000000e+00	8.1422932267919788e+06
5.4628805587422502e-03	0.0000000000000000e+00	8.3909801570183728e+06
5.4803338512621896e-03	0.0000000000000000e+00	8.4505399316829797e+06
5.4977871437821403e-03	0.0000000000000000e+00	8.3196505615686523e+06
5.5152404363020798e-03	0.0000000000000000e+00	8.0012352193013318e+06
5.5326937288220201e-03	0.0000000000000000e+00	7.5023116378199896e+06
5.5501470213419699e-03	0.0000000000000000e+00	6.8340030329560824e+06
5.5676003138619102e-03	0.0000000000000000e+00	6.0111702702067401e+06
5.5850536063818497e-03	0.0000000000000000e+00	5.0524058793717558e+06
5.6025068989018004e-03	0.0000000000000000e+00	4.4342334767659251e+06
5.6199601914217398e-03	0.0000000000000000e+00	4.3398356750429086e+06
5.6374134839416801e-03	0.0000000000000000e+00	4.1488209022801514e+06
5.6548667764616299e-03	0.0000000000000000e+00	3.8670262997211232e+06
5.6723200689815702e-03	0.0000000000000000e+00	3.5029168695553271e+06
5.6897733615015097e-03	0.0000000000000000e+00	3.0672119418072714e+06
5.7072266540214604e-03	0.0000000000000000e+00	3.3288703959978526e+06
5.7246799465413998e-03	0.0000000000000000e+00	4.4102762395330509e+06
5.7421332390613401e-03	0.0000000000000000e+00	5.3730696987612378e+06
5.7595865315812900e-03	0.0000000000000000e+00	6.1915081457039509e+06
5.7770398241012303e-03	0.0000000000000000e+00	6.8433077776096324e+06
5.7944931166211697e-03	0.0000000000000000e+00	7.3105836699512331e+06
5.8119464091411204e-03	0.0000000000000000e+00	7.5803131457336545e+06
5.8293997016610598e-03	0.0000000000000000e+00	7.6448587537026135e+06
5.8468529941810002e-03	0.0000000000000000e+00	7.5022370162965879e+06
5.8643062867009500e-03	0.0000000000000000e+00	7.1561517684488585e+06
5.8817595792208903e-03	0.0000000000000000e+00	6.6158946467042342e+06
5.8992128717408297e-03	0.0000000000000000e+00	5.8959640701142997e+06
5.9166661642607796e-03	0.0000000000000000e+00	5.0157370952631887e+06
5.9341194567807199e-03	0.0000000000000000e+00	3.9983894017068883e+06
5.9515727493006602e-03	0.0000000000000000e+00	3.0315369762402149e+06
5.9690260418206100e-03	0.0000000000000000e+00	2.9517611458407701e+06
5.9864793343405503e-03	0.0000000000000000e+00	2.7880035874648904e+06
6.0039326268604898e-03	0.0000000000000000e+00	2.5430476610247805e+06
6.0213859193804396e-03	0.0000000000000000e+00	2.2213282926671635e+06
6.0388392119003799e-03	0.0000000000000000e+00	3.3654793163409000e+06
6.0562925044203202e-03	0.0000000000000000e+00	4.5147145867154058e+06
6.0737457969402700e-03	0.0000000000000000e+00	5.5636473197317123e+06
6.0911990894602103e-03	0.0000000000000000e+00	6.4877877900613351e+06
6.1086523819801498e-03	0.0000000000000000e+00	7.2657908437244706e+06
6.1261056745000996e-03	0.0000000000000000e+00	7.8799497726737736e+06
6.1435589670200399e-03	0.0000000000000000e+00	8.3164716997940512e+06
6.1610122595399802e-03	0.0000000000000000e+00	8.5656737823650669e+06
6.1784655520599301e-03	0.0000000000000000e+00	8.6221615706230737e+06
6.1959188445798704e-03	0.0000000000000000e+00	8.4847967493653540e+06
6.2133721370998098e-03	0.0000000000000000e+00	8.1568516392857200e+06
6.2308254296197596e-03	0.0000000000000000e+00	7.6456740698396685e+06
6.2482787221396999e-03	0.0000000000000000e+00	6.9627043057490913e+06
6.2657320146596402e-03	0.0000000000000000e+00	6.1233137283298448e+06
6.2831853071795901e-03	0.0000000000000000e+00	5.1464514550334914e+06
6.3006385996995304e-03	0.0000000000000000e+00	4.5138461709336257e+06
6.3180918922194698e-03	0.0000000000000000e+00	4.4141403413298829e+06
6.3355451847394197e-03	0.0000000000000000e+00	4.2169106461128891e+06
6.3529984772593600e-03	0.0000000000000000e+00	3.9282242063982273e+06
6.3704517697793003e-03	0.0000000000000000e+00	3.5567913941108990e+06
6.3879050622992501e-03	0.0000000000000000e+00	3.1135876956888149e+06
6.4053583548191904e-03	0.0000000000000000e+00	3.3647425811597160e+06
6.4228116473391298e-03	0.0000000000000000e+00	4.4599213830362502e+06
6.4402649398590797e-03	0.0000000000000000e+00	5.4341809671574840e+06
6.4577182323790200e-03	0.0000000000000000e+00	6.2615431967659770e+06
6.4751715248989603e-03	0.0000000000000000e+00	6.9196381840581875e+06
6.4926248174188997e-03	0.0000000000000000e+00	7.3904554165835325e+06
6.5100781099388504e-03	0.0000000000000000e+00	7.6609807207892006e+06
6.5275314024587899e-03	0.0000000000000000e+00	7.7237131095891315e+06
6.5449846949787302e-03	0.0000000000000000e+00	7.5768107328662546e+06
6.5624379874986800e-03	0.0000000000000000e+00	7.2242370652342141e+06
6.5798912800186203e-03	0.0000000000000000e+00	6.6755838791946517e+06
6.5973445725385597e-03	0.0000000000000000e+00	5.9456738117526015e+06
6.6147978650585096e-03	0.0000000000000000e+00	5.0542624513401482e+06
6.6322511575784499e-03	0.0000000000000000e+00	4.0249040697267819e+06
6.6497044500983902e-03	0.0000000000000000e+00	3.0223397716573193e+06
6.6671577426183400e-03	0.0000000000000000e+00	2.9395322040990200e+06
6.6846110351382803e-03	0.0000000000000000e+00	2.7724336590349288e+06
6.7020643276582198e-03	0.0000000000000000e+00	2.5239067390692253e+06
6.7195176201781696e-03	0.0000000000000000e+00	2.1984624485652409e+06
6.7369709126981099e-03	0.0000000000000000e+00	3.4089441072063921e+06
6.7544242052180502e-03	0.0000000000000000e+00	4.5668537992220828e+06
6.7718774977380001e-03	0.0000000000000000e+00	5.6230876403324381e+06
6.7893307902579404e-03	0.0000000000000000e+00	6.5530570367469732e+06
6.8067840827778798e-03	0.0000000000000000e+00	7.3353593583246823e+06
6.8242373752978296e-03	0.0000000000000000e+00	7.9522700304220458e+06
6.8416906678177699e-03	0.0000000000000000e+00	8.3900140371769741e+06
6.8591439603377102e-03	0.0000000000000000e+00	8.6389601448010467e+06
6.8765972528576601e-03	0.0000000000000000e+00	8.6937930981305111e+06
6.8940505453776004e-03	0.0000000000000000e+00	8.5534824332327377e+06
6.9115038378975398e-03	0.0000000000000000e+00	8.2214254187805243e+06
6.9289571304174897e-03	0.0000000000000000e+00	7.7051136058864994e+06
6.9464104229374300e-03	0.0000000000000000e+00	7.0161469487997452e+06
6.9638637154573703e-03	0.0000000000000000e+00	6.1700631439740723e+06
6.9813170079773201e-03	0.0000000000000000e+00	5.1859895077899452e+06
6.9987703004972604e-03	0.0000000000000000e+00	4.5629151503925454e+06
7.0162235930171998e-03	0.0000000000000000e+00	4.4609448020164948e+06
7.0336768855371497e-03	0.0000000000000000e+00	4.2611453907051487e+06
7.0511301780570900e-03	0.0000000000000000e+00	3.9696749141266425e+06
7.0685834705770303e-03	0.0000000000000000e+00	3.5953394615671835e+06
7.0860367630969801e-03	0.0000000000000000e+00	3.1492089057063805e+06
7.1034900556169204e-03	0.0000000000000000e+00	3.3752883774025110e+06
7.1209433481368599e-03	0.0000000000000000e+00	4.4755931951013776e+06
7.1383966406568097e-03	0.0000000000000000e+00	5.4540790895846607e+06
7.1558499331767500e-03	0.0000000000000000e+00	6.2846946465403000e+06
7.1733032256966903e-03	0.0000000000000000e+00	6.9450236500956472e+06
7.1907565182166401e-03	0.0000000000000000e+00	7.4170370315855788e+06
7.2082098107365796e-03	0.0000000000000000e+00	7.6877545989822997e+06
7.2256631032565199e-03	0.0000000000000000e+00	7.7496824891522164e+06
7.2431163957764697e-03	0.0000000000000000e+00	7.6011006438060673e+06
7.2605696882964100e-03	0.0000000000000000e+00	7.2460526467751162e+06
7.2780229808163503e-03	0.0000000000000000e+00	6.6942584966800055e+06
7.2954762733363002e-03	0.0000000000000000e+00	5.9606486852669232e+06
7.3129295658562396e-03	0.0000000000000000e+00	5.0650656173901549e+06
7.3303828583761799e-03	0.0000000000000000e+00	4.0313425692499741e+06
7.3478361508961297e-03	0.0000000000000000e+00	3.0001825753013394e+06
7.3652894434160700e-03	0.0000000000000000e+00	2.9163149871489839e+06
7.3827427359360103e-03	0.0000000000000000e+00	2.7480752147878176e+06
7.4001960284559602e-03	0.0000000000000000e+00	2.4983515133505240e+06
7.4176493209758996e-03	0.0000000000000000e+00	2.1917342420085161e+06
7.4351026134958399e-03	0.0000000000000000e+00	3.4273314930022713e+06
7.4525559060157898e-03	0.0000000000000000e+00	4.5882259826352438e+06
7.4700091985357301e-03	0.0000000000000000e+00	5.6469440212046234e+06
7.4874624910556704e-03	0.0000000000000000e+00	6.5788448056195574e+06
7.5049157835756202e-03	0.0000000000000000e+00	7.3625410731365262e+06
7.5223690760955596e-03	0.0000000000000000e+00	7.9802895995061528e+06
7.5398223686154999e-03	0.0000000000000000e+00	8.4183267643057704e+06
7.5572756611354498e-03	0.0000000000000000e+00	8.6670540140724946e+06
7.5747289536553901e-03	0.0000000000000000e+00	8.7211841084185690e+06
7.5921822461753304e-03	0.0000000000000000e+00	8.5797232924524546e+06
7.6096355386952802e-03	0.0000000000000000e+00	8.2461116531710681e+06
7.6270888312152197e-03	0.0000000000000000e+00	7.7279181090736473e+06
7.6445421237351600e-03	0.0000000000000000e+00	7.0367571068050712e+06
7.6619954162551098e-03	0.0000000000000000e+00	6.1882756905809743e+06
7.6794487087750501e-03	0.0000000000000000e+00	5.2016434103682069e+06
7.6969020012949904e-03	0.0000000000000000e+00	4.5957935434954446e+06
7.7143552938149403e-03	0.0000000000000000e+00	4.4929058954371819e+06
7.7318085863348797e-03	0.0000000000000000e+00	4.2921066985829277e+06
7.7492618788548200e-03	0.0000000000000000e+00	3.9995839874940468e+06
7.7667151713747698e-03	0.0000000000000000e+00	3.6241762637810176e+06
7.7841684638947101e-03	0.0000000000000000e+00	3.1769811122049573e+06
7.8016217564146496e-03	0.0000000000000000e+00	3.3770642262681136e+06
7.8190750489345994e-03	0.0000000000000000e+00	4.4791307850298928e+06
7.8365283414545406e-03	0.0000000000000000e+00	5.4590775793450689e+06
7.8539816339744800e-03	0.0000000000000000e+00	6.2908327268780917e+06
7.8714349264944194e-03	0.0000000000000000e+00	6.9519637759380890e+06
7.8888882190143693e-03	0.0000000000000000e+00	7.4244439848720534e+06
7.9063415115343105e-03	0.0000000000000000e+00	7.6952911629988449e+06
7.9237948040542603e-03	0.0000000000000000e+00	7.7570652086268011e+06
7.9412480965741997e-03	0.0000000000000000e+00	7.6080341041518068e+06
7.9587013890941392e-03	0.0000000000000000e+00	7.2522898192524072e+06
7.9761546816140907e-03	0.0000000000000000e+00	6.6995883164647566e+06
7.9936079741340302e-03	0.0000000000000000e+00	5.9649122074580211e+06
8.0110612666539696e-03	0.0000000000000000e+00	5.0682137841098169e+06
8.0285145591739195e-03	0.0000000000000000e+00	4.0332432528502773e+06
8.0459678516938606e-03	0.0000000000000000e+00	2.9772831513149231e+06
8.0634211442138001e-03	0.0000000000000000e+00	2.8931148676752690e+06
8.0808744367337395e-03	0.0000000000000000e+00	2.7245549159118016e+06
8.0983277292536893e-03	0.0000000000000000e+00	2.4744994540120019e+06
8.1157810217736305e-03	0.0000000000000000e+00	2.1956157939073113e+06
8.1332343142935803e-03	0.0000000000000000e+00	3.4320676612088215e+06
8.1506876068135198e-03	0.0000000000000000e+00	4.5936469429217856e+06
8.1681408993334592e-03	0.0000000000000000e+00	5.6528905714550838e+06
8.1855941918534108e-03	0.0000000000000000e+00	6.5851388521681512e+06
8.2030474843733502e-03	0.0000000000000000e+00	7.3690071140881646e+06
8.2205007768932897e-03	0.0000000000000000e+00	7.9867702688668203e+06
8.2379540694132308e-03	0.0000000000000000e+00	8.4246420856395457e+06
8.2554073619331807e-03	0.0000000000000000e+00	8.6730513984498009e+06
8.2728606544531201e-03	0.0000000000000000e+00	8.7267128309573065e+06
8.2903139469730595e-03	0.0000000000000000e+00	8.5847021860221121e+06
8.3077672394930094e-03	0.0000000000000000e+00	8.2503511685965676e+06
8.3252205320129506e-03	0.0000000000000000e+00	7.7313238260720847e+06
8.3426738245328900e-03	0.0000000000000000e+00	7.0393327225212883e+06
8.3601271170528398e-03	0.0000000000000000e+00	6.1899139408608861e+06
8.3775804095727793e-03	0.0000000000000000e+00	5.2022874148953520e+06
8.3950337020927204e-03	0.0000000000000000e+00	4.6206588814781457e+06
8.4124869946126703e-03	0.0000000000000000e+00	4.5174331039043348e+06
8.4299402871326097e-03	0.0000000000000000e+00	4.3162736975307409e+06
8.4473935796525491e-03	0.0000000000000000e+00	4.0233794863458346e+06
8.4648468721725007e-03	0.0000000000000000e+00	3.6475977965538418e+06
8.4823001646924402e-03	0.0000000000000000e+00	3.2000344407169232e+06
8.4997534572123796e-03	0.0000000000000000e+00	3.3828090066997297e+06
8.5172067497323294e-03	0.0000000000000000e+00	4.4855438318172051e+06
8.5346600422522706e-03	0.0000000000000000e+00	5.4660778094691401e+06
8.5521133347722100e-03	0.0000000000000000e+00	6.2983174444611212e+06
8.5695666272921599e-03	0.0000000000000000e+00	6.9598327225754298e+06
8.5870199198120993e-03	0.0000000000000000e+00	7.4326021206051596e+06
8.6044732123320405e-03	0.0000000000000000e+00	7.7036476718049450e+06
8.6219265048519903e-03	0.0000000000000000e+00	7.7655241328300275e+06
8.6393797973719298e-03	0.0000000000000000e+00	7.6165233230416430e+06
8.6568330898918692e-03	0.0000000000000000e+00	7.2607420895786295e+06
8.6742863824118208e-03	0.0000000000000000e+00	6.7079476221812833e+06
8.6917396749317602e-03	0.0000000000000000e+00	5.9731279551636903e+06
8.7091929674516996e-03	0.0000000000000000e+00	5.0762459251557095e+06
8.7266462599716495e-03	0.0000000000000000e+00	4.0410879671232253e+06
8.7440995524915906e-03	0.0000000000000000e+00	2.9566036141230138e+06
8.7615528450115301e-03	0.0000000000000000e+00	2.8724383374345549e+06
8.7790061375314799e-03	0.0000000000000000e+00	2.7038790368052507e+06
8.7964594300514194e-03	0.0000000000000000e+00	2.4538290915914541e+06
8.8139127225713605e-03	0.0000000000000000e+00	2.1886210978659652e+06
8.8313660150913104e-03	0.0000000000000000e+00	3.4251659949163971e+06
8.8488193076112498e-03	0.0000000000000000e+00	4.5868034840373667e+06
8.8662726001311892e-03	0.0000000000000000e+00	5.6460497966838721e+06
8.8837258926511408e-03	0.0000000000000000e+00	6.5782759325493732e+06
8.9011791851710802e-03	0.0000000000000000e+00	7.3620705566049349e+06
8.9186324776910197e-03	0.0000000000000000e+00	7.9797035999482675e+06
8.9360857702109695e-03	0.0000000000000000e+00	8.4174232999711372e+06
8.9535390627309107e-03	0.0000000000000000e+00	8.6656325910590049e+06
8.9709923552508501e-03	0.0000000000000000e+00	8.7190682871406507e+06
8.9884456477708000e-03	0.0000000000000000e+00	8.5767485824916735e+06
9.0058989402907394e-03	0.0000000000000000e+00	8.2421454637001641e+06
9.0233522328106806e-03	0.0000000000000000e+00	7.7228310408629682e+06
9.0408055253306304e-03	0.0000000000000000e+00	7.0304719606423443e+06
9.0582588178505698e-03	0.0000000000000000e+00	6.1807064995824574e+06
9.0757121103705093e-03	0.0000000000000000e+00	5.1927354712883774e+06
9.0931654028904609e-03	0.0000000000000000e+00	4.6396611356400000e+06
9.1106186954104003e-03	0.0000000000000000e+00	4.5362245631691702e+06
9.1280719879303397e-03	0.0000000000000000e+00	4.3348511337348241e+06
9.1455252804502896e-03	0.0000000000000000e+00	4.0417400611165250e+06
9.1629785729702307e-03	0.0000000000000000e+00	3.6657420975670116e+06
9.1804318654901702e-03	0.0000000000000000e+00	3.2179653436149484e+06
9.1978851580101200e-03	0.0000000000000000e+00	3.3947809280490982e+06
9.2153384505300594e-03	0.0000000000000000e+00	4.4978052500722595e+06
9.2327917430500006e-03	0.0000000000000000e+00	5.4785935750267003e+06
9.2502450355699505e-03	0.0000000000000000e+00	6.3110672029140517e+06
9.2676983280898899e-03	0.0000000000000000e+00	6.9727948712037504e+06
9.2851516206098293e-03	0.0000000000000000e+00	7.4457487128371857e+06
9.3026049131297792e-03	0.0000000000000000e+00	7.7169530258630961e+06
9.3200582056497203e-03	0.0000000000000000e+00	7.7789724841949157e+06
9.3375114981696598e-03	0.0000000000000000e+00	7.6300891528384751e+06
9.3549647906896096e-03	0.0000000000000000e+00	7.2744094464297034e+06
9.3724180832095508e-03	0.0000000000000000e+00	6.7217004323624345e+06
9.3898713757294902e-03	0.0000000000000000e+00	5.9869678637235593e+06
9.4073246682494296e-03	0.0000000000000000e+00	5.0901732203386538e+06
9.4247779607693795e-03	0.0000000000000000e+00	4.0550812665740158e+06
9.4422312532893207e-03	0.0000000000000000e+00	2.9409627581197983e+06
9.4596845458092705e-03	0.0000000000000000e+00	2.8569068814851777e+06
9.4771378383292099e-03	0.0000000000000000e+00	2.6884557378791333e+06
9.4945911308491494e-03	0.0000000000000000e+00	2.4385138048686688e+06
9.5120444233690905e-03	0.0000000000000000e+00	2.1742002164714606e+06
9.5294977158890404e-03	0.0000000000000000e+00	3.4106351407516086e+06
9.5469510084089798e-03	0.0000000000000000e+00	4.5721422717230245e+06
9.5644043009289192e-03	0.0000000000000000e+00	5.6312454113813611e+06
9.5818575934488708e-03	0.0000000000000000e+00	6.5633168525694879e+06
9.5993108859688103e-03	0.0000000000000000e+00	7.3469399709861521e+06
9.6167641784887497e-03	0.0000000000000000e+00	7.9643894852502663e+06
9.6342174710086995e-03	0.0000000000000000e+00	8.4019126051001027e+06
9.6516707635286407e-03	0.0000000000000000e+00	8.6499128008016367e+06
9.6691240560485905e-03	0.0000000000000000e+00	8.7031277385494523e+06
9.6865773485685300e-03	0.0000000000000000e+00	8.5605780147652682e+06
9.7040306410884694e-03	0.0000000000000000e+00	8.2257398057293566e+06
9.7214839336084106e-03	0.0000000000000000e+00	7.7061676490034107e+06
9.7389372261283604e-03	0.0000000000000000e+00	7.0135898943688087e+06
9.7563905186482999e-03	0.0000000000000000e+00	6.1635459912427729e+06
9.7738438111682393e-03	0.0000000000000000e+00	5.1753182825928237e+06
9.7912971036881909e-03	0.0000000000000000e+00	4.6528657029577093e+06
9.8087503962081303e-03	0.0000000000000000e+00	4.5492899131010501e+06
9.8262036887280697e-03	0.0000000000000000e+00	4.3477751134439632e+06
9.8436569812480196e-03	0.0000000000000000e+00	4.0545232883165190e+06
9.8611102737679607e-03	0.0000000000000000e+00	3.6783843570331838e+06
9.8785635662879106e-03	0.0000000000000000e+00	3.2304713966660234e+06
9.8960168588078500e-03	0.0000000000000000e+00	3.4139322928582118e+06
9.9134701513277895e-03	0.0000000000000000e+00	4.5171933021128755e+06
9.9309234438477306e-03	0.0000000000000000e+00	5.4982100635256432e+06
9.9483767363676805e-03	0.0000000000000000e+00	6.3309052202858850e+06
9.9658300288876199e-03	0.0000000000000000e+00	6.9928488559249369e+06
9.9832833214075593e-03	0.0000000000000000e+00	7.4660122253113901e+06
1.0000736613927501e-02	0.0000000000000000e+00	7.7374306717833756e+06
1.0018189906447501e-02	0.0000000000000000e+00	7.7996380952487281e+06
1.0035643198967400e-02	0.0000000000000000e+00	7.6509549631341984e+06
1.0053096491487300e-02	0.0000000000000000e+00	7.2954730088830898e+06
1.0070549784007300e-02	0.0000000000000000e+00	6.7429687924353927e+06
1.0088003076527199e-02	0.0000000000000000e+00	6.0084360691709127e+06
1.0105456369047200e-02	0.0000000000000000e+00	5.1117755085154511e+06
1.0122909661567101e-02	0.0000000000000000e+00	4.0768871579076317e+06
1.0140362954087099e-02	0.0000000000000000e+00	2.9308107117403559e+06
1.0157816246607001e-02	0.0000000000000000e+00	2.8463590201841849e+06
1.0175269539126900e-02	0.0000000000000000e+00	2.6780246814020812e+06
1.0192722831646900e-02	0.0000000000000000e+00	2.4281988188633192e+06
1.0210176124166800e-02	0.0000000000000000e+00	2.1514279279888868e+06
1.0227629416686800e-02	0.0000000000000000e+00	3.3876530623674262e+06
1.0245082709206699e-02	0.0000000000000000e+00	4.5489674886763943e+06
1.0262536001726700e-02	0.0000000000000000e+00	5.6078830619684113e+06
1.0279989294246601e-02	0.0000000000000000e+00	6.5397504207388405e+06
1.0297442586766500e-02	0.0000000000000000e+00	7.3231807963238219e+06
1.0314895879286501e-02	0.0000000000000000e+00	7.9404348221881911e+06
1.0332349171806400e-02	0.0000000000000000e+00	8.3777576370168012e+06
1.0349802464326400e-02	0.0000000000000000e+00	8.6255640175663196e+06
1.0367255756846300e-02	0.0000000000000000e+00	8.6785834156791903e+06
1.0384709049366300e-02	0.0000000000000000e+00	8.5358419376166593e+06
1.0402162341886199e-02	0.0000000000000000e+00	8.2008016241032891e+06
1.0419615634406101e-02	0.0000000000000000e+00	7.6810553677314641e+06
1.0437068926926101e-02	0.0000000000000000e+00	6.9882411009592526e+06
1.0454522219446000e-02	0.0000000000000000e+00	6.1380318482251707e+06
1.0471975511966001e-02	0.0000000000000000e+00	5.1496221920033423e+06
1.0489428804485900e-02	0.0000000000000000e+00	4.6610398303434327e+06
1.0506882097005900e-02	0.0000000000000000e+00	4.5573267305444451e+06
1.0524335389525800e-02	0.0000000000000000e+00	4.3556758240329176e+06
1.0541788682045699e-02	0.0000000000000000e+00	4.0622873999495823e+06
1.0559241974565699e-02	0.0000000000000000e+00	3.6860122855438739e+06
1.0576695267085601e-02	0.0000000000000000e+00	3.2379597504948215e+06
1.0594148559605601e-02	0.0000000000000000e+00	3.4409261604255075e+06
1.0611601852125500e-02	0.0000000000000000e+00	4.5443600644440232e+06
1.0629055144645501e-02	0.0000000000000000e+00	5.5255517345969621e+06
1.0646508437165400e-02	0.0000000000000000e+00	6.3584220546408268e+06
1.0663961729685400e-02	0.0000000000000000e+00	7.0205375158954682e+06
1.0681415022205300e-02	0.0000000000000000e+00	7.4938720875917384e+06
1.0698868314725199e-02	0.0000000000000000e+00	7.7654505279303603e+06
1.0716321607245199e-02	0.0000000000000000e+00	7.8278376385862771e+06
1.0733774899765101e-02	0.0000000000000000e+00	7.6793165640052827e+06
1.0751228192285101e-02	0.0000000000000000e+00	7.3239939862579899e+06
1.0768681484805000e-02	0.0000000000000000e+00	6.7716383565201685e+06
1.0786134777325001e-02	0.0000000000000000e+00	6.0372548998641558e+06
1.0803588069844900e-02	0.0000000000000000e+00	5.1408072320237514e+06
1.0821041362364800e-02	0.0000000000000000e+00	4.1060614339669677e+06
1.0838494654884800e-02	0.0000000000000000e+00	2.9600943460257403e+06
1.0855947947404699e-02	0.0000000000000000e+00	2.8410797692954820e+06
1.0873401239924699e-02	0.0000000000000000e+00	2.6728827429403309e+06
1.0890854532444601e-02	0.0000000000000000e+00	2.4231955138046956e+06
1.0908307824964599e-02	0.0000000000000000e+00	2.1214991349408473e+06
1.0925761117484500e-02	0.0000000000000000e+00	3.3575877145335386e+06
1.0943214410004400e-02	0.0000000000000000e+00	4.5187489502329994e+06
1.0960667702524400e-02	0.0000000000000000e+00	5.5775047807533890e+06
1.0978120995044300e-02	0.0000000000000000e+00	6.5092277389079668e+06
1.0995574287564300e-02	0.0000000000000000e+00	7.2925022061609924e+06
1.1013027580084199e-02	0.0000000000000000e+00	7.9096017215961143e+06
1.1030480872604199e-02	0.0000000000000000e+00	8.3467744755701935e+06
1.1047934165124101e-02	0.0000000000000000e+00	8.5944238448750693e+06
1.1065387457644000e-02	0.0000000000000000e+00	8.6472884718497209e+06
1.1082840750164000e-02	0.0000000000000000e+00	8.5043874638593961e+06
1.1100294042683900e-02	0.0000000000000000e+00	8.1691963172235079e+06
1.1117747335203900e-02	0.0000000000000000e+00	7.6492725890934495e+06
1.1135200627723800e-02	0.0000000000000000e+00	6.9563390652618054e+06
1.1152653920243800e-02	0.0000000000000000e+00	6.1059681533506345e+06
1.1170107212763699e-02	0.0000000000000000e+00	5.1173778257829798e+06
1.1187560505283699e-02	0.0000000000000000e+00	4.6637110240197070e+06
1.1205013797803601e-02	0.0000000000000000e+00	4.5598638353603408e+06
1.1222467090323500e-02	0.0000000000000000e+00	4.3580791139590507e+06
1.1239920382843500e-02	0.0000000000000000e+00	4.0645562934138766e+06
1.1257373675363400e-02	0.0000000000000000e+00	3.6881470656925403e+06
1.1274826967883400e-02	0.0000000000000000e+00	3.2399654357406935e+06
1.1292280260403300e-02	0.0000000000000000e+00	3.4742878219836038e+06
1.1309733552923300e-02	0.0000000000000000e+00	4.5778838087052852e+06
1.1327186845443199e-02	0.0000000000000000e+00	5.5592309437261177e+06
1.1344640137963101e-02	0.0000000000000000e+00	6.3922576834091283e+06
1.1362093430483101e-02	0.0000000000000000e+00	7.0545319273783863e+06
1.1379546723003000e-02	0.0000000000000000e+00	7.5280193922733208e+06
1.1397000015523000e-02	0.0000000000000000e+00	7.7997665105553251e+06
1.1414453308042900e-02	0.0000000000000000e+00	7.8623286714574089e+06
1.1431906600562900e-02	0.0000000000000000e+00	7.7139086095274510e+06
1.1449359893082800e-02	0.0000000000000000e+00	7.3587589840493826e+06
1.1466813185602699e-02	0.0000000000000000e+00	6.8065586025786707e+06
1.1484266478122699e-02	0.0000000000000000e+00	6.0723752786132079e+06
1.1501719770642601e-02	0.0000000000000000e+00	5.1761386682843799e+06
1.1519173063162601e-02	0.0000000000000000e+00	4.1413971273306534e+06
1.1536626355682500e-02	0.0000000000000000e+00	2.9956514439058630e+06
1.1554079648202500e-02	0.0000000000000000e+00	2.8411142371653463e+06
1.1571532940722400e-02	0.0000000000000000e+00	2.6730387031638720e+06
1.1588986233242300e-02	0.0000000000000000e+00	2.4234744048610777e+06
1.1606439525762300e-02	0.0000000000000000e+00	2.0969685829227292e+06
1.1623892818282199e-02	0.0000000000000000e+00	3.3212391968635386e+06
1.1641346110802199e-02	0.0000000000000000e+00	4.4822092332054367e+06
1.1658799403322101e-02	0.0000000000000000e+00	5.5408259140903195e+06
1.1676252695842101e-02	0.0000000000000000e+00	6.4723788168617059e+06
1.1693705988362000e-02	0.0000000000000000e+00	7.2554914303156268e+06
1.1711159280882000e-02	0.0000000000000000e+00	7.8724330047409870e+06
1.1728612573401900e-02	0.0000000000000000e+00	8.3094474175346093e+06
1.1746065865921800e-02	0.0000000000000000e+00	8.5569407504789177e+06
1.1763519158441800e-02	0.0000000000000000e+00	8.6096395172599219e+06
1.1780972450961699e-02	0.0000000000000000e+00	8.4666092463755459e+06
1.1798425743481699e-02	0.0000000000000000e+00	8.1312473364134124e+06
1.1815879036001601e-02	0.0000000000000000e+00	7.6111640197138786e+06
1.1833332328521601e-02	0.0000000000000000e+00	6.9180814418423120e+06
1.1850785621041500e-02	0.0000000000000000e+00	6.0675428460205356e+06
1.1868238913561400e-02	0.0000000000000000e+00	5.0788311327905934e+06
1.1885692206081400e-02	0.0000000000000000e+00	4.6613896594887730e+06
1.1903145498601300e-02	0.0000000000000000e+00	4.5574242516118279e+06
1.1920598791121300e-02	0.0000000000000000e+00	4.3555204023681255e+06
1.1938052083641199e-02	0.0000000000000000e+00	4.0618794692967953e+06
1.1955505376161199e-02	0.0000000000000000e+00	3.6853523330335310e+06
1.1972958668681101e-02	0.0000000000000000e+00	3.2370500187464198e+06
1.1990411961201000e-02	0.0000000000000000e+00	3.5138603742976747e+06
1.2007865253721000e-02	0.0000000000000000e+00	4.6175980276584532e+06
1.2025318546240900e-02	0.0000000000000000e+00	5.5990881380761694e+06
1.2042771838760900e-02	0.0000000000000000e+00	6.4322574783305600e+06
1.2060225131280800e-02	0.0000000000000000e+00	7.0946702876388738e+06
1.2077678423800800e-02	0.0000000000000000e+00	7.5682997486584596e+06
1.2095131716320699e-02	0.0000000000000000e+00	7.8401780947970618e+06
1.2112585008840600e-02	0.0000000000000000e+00	7.9028483997738045e+06
1.2130038301360601e-02	0.0000000000000000e+00	7.7546230470006056e+06
1.2147491593880500e-02	0.0000000000000000e+00	7.3995921321981335e+06
1.2164944886400500e-02	0.0000000000000000e+00	6.8475373671456389e+06
1.2182398178920400e-02	0.0000000000000000e+00	6.1134420301590608e+06
1.2199851471440400e-02	0.0000000000000000e+00	5.2172464118691757e+06
1.2217304763960300e-02	0.0000000000000000e+00	4.1827993095111181e+06
1.2234758056480201e-02	0.0000000000000000e+00	3.0371500216557966e+06
1.2252211349000199e-02	0.0000000000000000e+00	2.8459205271049226e+06
1.2269664641520101e-02	0.0000000000000000e+00	2.6779651023151567e+06
1.2287117934040101e-02	0.0000000000000000e+00	2.4285190143585005e+06
1.2304571226560000e-02	0.0000000000000000e+00	2.1021325643555420e+06
1.2322024519080000e-02	0.0000000000000000e+00	3.2791293841833137e+06
1.2339477811599900e-02	0.0000000000000000e+00	4.4400147808793075e+06
1.2356931104119900e-02	0.0000000000000000e+00	5.4984952306804992e+06
1.2374384396639800e-02	0.0000000000000000e+00	6.4299378011483494e+06
1.2391837689159701e-02	0.0000000000000000e+00	7.2129405480563231e+06
1.2409290981679699e-02	0.0000000000000000e+00	7.8297661578208888e+06
1.2426744274199601e-02	0.0000000000000000e+00	8.2666654267942468e+06
1.2444197566719601e-02	0.0000000000000000e+00	8.5140515105261318e+06
1.2461650859239500e-02	0.0000000000000000e+00	8.5666299267469533e+06
1.2479104151759500e-02	0.0000000000000000e+00	8.4234789068369269e+06
1.2496557444279400e-02	0.0000000000000000e+00	8.0880235177017478e+06
1.2514010736799299e-02	0.0000000000000000e+00	7.5678283986000298e+06
1.2531464029319300e-02	0.0000000000000000e+00	6.8746440576439314e+06
1.2548917321839201e-02	0.0000000000000000e+00	6.0239956771469451e+06
1.2566370614359199e-02	0.0000000000000000e+00	5.0351794514759118e+06
1.2583823906879101e-02	0.0000000000000000e+00	4.6543437481554840e+06
1.2601277199399101e-02	0.0000000000000000e+00	4.5502623919749111e+06
1.2618730491919000e-02	0.0000000000000000e+00	4.3482430657913946e+06
1.2636183784438900e-02	0.0000000000000000e+00	4.0544870739010172e+06
1.2653637076958900e-02	0.0000000000000000e+00	3.6778459912373256e+06
1.2671090369478799e-02	0.0000000000000000e+00	3.2294283429272156e+06
1.2688543661998800e-02	0.0000000000000000e+00	3.5582626402722150e+06
1.2705996954518701e-02	0.0000000000000000e+00	4.6621017360375831e+06
1.2723450247038699e-02	0.0000000000000000e+00	5.6436916173621714e+06
1.2740903539558601e-02	0.0000000000000000e+00	6.4769622897445494e+06
1.2758356832078500e-02	0.0000000000000000e+00	7.1394770325917583e+06
1.2775810124598500e-02	0.0000000000000000e+00	7.6132051982095707e+06
1.2793263417118400e-02	0.0000000000000000e+00	7.8851808862920459e+06
1.2810716709638400e-02	0.0000000000000000e+00	7.9479549498741189e+06
1.2828170002158299e-02	0.0000000000000000e+00	7.7998256472138492e+06
1.2845623294678300e-02	0.0000000000000000e+00	7.4448939057173226e+06
1.2863076587198201e-02	0.0000000000000000e+00	6.8929297217588266e+06
1.2880529879718199e-02	0.0000000000000000e+00	6.1589271676548198e+06
1.2897983172238101e-02	0.0000000000000000e+00	5.2628497233682387e+06
1.2915436464758000e-02	0.0000000000000000e+00	4.2284925405705916e+06
1.2932889757278000e-02	0.0000000000000000e+00	3.0829183387407809e+06
1.2950343049797900e-02	0.0000000000000000e+00	2.8553164356239350e+06
1.2967796342317900e-02	0.0000000000000000e+00	2.6874673636472384e+06
1.2985249634837799e-02	0.0000000000000000e+00	2.4381272799598109e+06
1.3002702927357800e-02	0.0000000000000000e+00	2.1118460965754380e+06
1.3020156219877701e-02	0.0000000000000000e+00	3.2328861960846223e+06
1.3037609512397600e-02	0.0000000000000000e+00	4.3936763695147801e+06
1.3055062804917601e-02	0.0000000000000000e+00	5.4520627796561634e+06
1.3072516097437500e-02	0.0000000000000000e+00	6.3834157620070605e+06
1.3089969389957500e-02	0.0000000000000000e+00	7.1663233881615102e+06
1.3107422682477400e-02	0.0000000000000000e+00	7.7830576221365221e+06
1.3124875974997400e-02	0.0000000000000000e+00	8.2198665998501088e+06
1.3142329267517299e-02	0.0000000000000000e+00	8.4671630422244240e+06
1.3159782560037201e-02	0.0000000000000000e+00	8.5196413069784734e+06
1.3177235852557199e-02	0.0000000000000000e+00	8.3764119048128529e+06
1.3194689145077100e-02	0.0000000000000000e+00	8.0408605742389057e+06
1.3212142437597101e-02	0.0000000000000000e+00	7.5205759156442750e+06
1.3229595730117000e-02	0.0000000000000000e+00	6.8273007778063705e+06
1.3247049022637000e-02	0.0000000000000000e+00	5.9765630111164758e+06
1.3264502315156900e-02	0.0000000000000000e+00	4.9876721356342407e+06
1.3281955607676799e-02	0.0000000000000000e+00	4.6430212725068955e+06
1.3299408900196799e-02	0.0000000000000000e+00	4.5388440157020157e+06
1.3316862192716701e-02	0.0000000000000000e+00	4.3367293472374687e+06
1.3334315485236699e-02	0.0000000000000000e+00	4.0428788463721541e+06
1.3351768777756600e-02	0.0000000000000000e+00	3.6661428696084218e+06
1.3369222070276601e-02	0.0000000000000000e+00	3.2176287912943368e+06
1.3386675362796500e-02	0.0000000000000000e+00	3.6063706791498596e+06
1.3404128655316400e-02	0.0000000000000000e+00	4.7102847030040780e+06
1.3421581947836400e-02	0.0000000000000000e+00	5.6919689072105726e+06
1.3439035240356299e-02	0.0000000000000000e+00	6.5253349145068852e+06
1.3456488532876299e-02	0.0000000000000000e+00	7.1879056413532058e+06
1.3473941825396201e-02	0.0000000000000000e+00	7.6617111372645572e+06
1.3491395117916199e-02	0.0000000000000000e+00	7.9337757127678674e+06
1.3508848410436100e-02	0.0000000000000000e+00	7.9966115299316654e+06
1.3526301702956101e-02	0.0000000000000000e+00	7.8485614104244942e+06
1.3543754995476000e-02	0.0000000000000000e+00	7.4937040173863871e+06
1.3561208287995900e-02	0.0000000000000000e+00	6.9418186308724284e+06
1.3578661580515900e-02	0.0000000000000000e+00	6.2079024286790295e+06
1.3596114873035799e-02	0.0000000000000000e+00	5.3118608228685437e+06
1.3613568165555799e-02	0.0000000000000000e+00	4.2775805375060774e+06
1.3631021458075701e-02	0.0000000000000000e+00	3.1321079675820954e+06
1.3648474750595699e-02	0.0000000000000000e+00	2.8685516711683967e+06
1.3665928043115600e-02	0.0000000000000000e+00	2.7007900101245288e+06
1.3683381335635500e-02	0.0000000000000000e+00	2.4515352770714937e+06
1.3700834628155500e-02	0.0000000000000000e+00	2.1253389127444397e+06
1.3718287920675400e-02	0.0000000000000000e+00	3.1833687908101864e+06
1.3735741213195400e-02	0.0000000000000000e+00	4.3440948781966465e+06
1.3753194505715299e-02	0.0000000000000000e+00	5.4024243263956811e+06
1.3770647798235299e-02	0.0000000000000000e+00	6.3337084249960762e+06
1.3788101090755201e-02	0.0000000000000000e+00	7.1165580582859600e+06
1.3805554383275100e-02	0.0000000000000000e+00	7.7332336703390852e+06
1.3823007675795100e-02	0.0000000000000000e+00	8.1699805363089824e+06
1.3840460968315000e-02	0.0000000000000000e+00	8.4172179807739127e+06
1.3857914260835000e-02	0.0000000000000000e+00	8.4696501010057796e+06
1.3875367553354900e-02	0.0000000000000000e+00	8.3263490615718132e+06
1.3892820845874900e-02	0.0000000000000000e+00	7.9907538612442948e+06
1.3910274138394799e-02	0.0000000000000000e+00	7.4704159182210732e+06
1.3927727430914701e-02	0.0000000000000000e+00	6.7770916426978512e+06
1.3945180723434701e-02	0.0000000000000000e+00	5.9263041743711187e+06
1.3962634015954600e-02	0.0000000000000000e+00	4.9373416905294983e+06
1.3980087308474600e-02	0.0000000000000000e+00	4.6282023720404357e+06
1.3997540600994500e-02	0.0000000000000000e+00	4.5239455254992088e+06
1.4014993893514500e-02	0.0000000000000000e+00	4.3217516294360384e+06
1.4032447186034400e-02	0.0000000000000000e+00	4.0278218116630884e+06
1.4049900478554400e-02	0.0000000000000000e+00	3.6510077673992338e+06
1.4067353771074299e-02	0.0000000000000000e+00	3.2024186813098476e+06
1.4084807063594201e-02	0.0000000000000000e+00	3.6570025122302119e+06
1.4102260356114201e-02	0.0000000000000000e+00	4.7609668773330096e+06
1.4119713648634100e-02	0.0000000000000000e+00	5.7426781238901811e+06
1.4137166941154100e-02	0.0000000000000000e+00	6.5760663686892455e+06
1.4154620233674000e-02	0.0000000000000000e+00	7.2386979436567212e+06
1.4172073526194000e-02	0.0000000000000000e+00	7.7125428357345099e+06
1.4189526818713900e-02	0.0000000000000000e+00	7.9846346634996273e+06
1.4206980111233799e-02	0.0000000000000000e+00	8.0475178312503863e+06
1.4224433403753799e-02	0.0000000000000000e+00	7.8994993948468138e+06
1.4241886696273701e-02	0.0000000000000000e+00	7.5446778644284252e+06
1.4259339988793701e-02	0.0000000000000000e+00	6.9928248973449999e+06
1.4276793281313600e-02	0.0000000000000000e+00	6.2589294445915855e+06
1.4294246573833600e-02	0.0000000000000000e+00	5.3629435627013464e+06
1.4311699866353500e-02	0.0000000000000000e+00	4.3286910128040276e+06
1.4329153158873400e-02	0.0000000000000000e+00	3.1832269769666540e+06
1.4346606451393400e-02	0.0000000000000000e+00	2.8849558047662424e+06
1.4364059743913299e-02	0.0000000000000000e+00	2.7172635400362797e+06
1.4381513036433299e-02	0.0000000000000000e+00	2.4680790554725397e+06
1.4398966328953201e-02	0.0000000000000000e+00	2.1419526945884279e+06
1.4416419621473201e-02	0.0000000000000000e+00	3.1321088297421816e+06
1.4433872913993100e-02	0.0000000000000000e+00	4.2928100997791756e+06
1.4451326206513000e-02	0.0000000000000000e+00	5.3511104331792183e+06
1.4468779499033000e-02	0.0000000000000000e+00	6.2823779009009944e+06
1.4486232791552900e-02	0.0000000000000000e+00	7.0652023656610474e+06
1.4503686084072900e-02	0.0000000000000000e+00	7.6818561675598836e+06
1.4521139376592799e-02	0.0000000000000000e+00	8.1185882990268348e+06
1.4538592669112799e-02	0.0000000000000000e+00	8.3657964202428525e+06
1.4556045961632701e-02	0.0000000000000000e+00	8.4182030902419891e+06
1.4573499254152701e-02	0.0000000000000000e+00	8.2749171669435902e+06
1.4590952546672600e-02	0.0000000000000000e+00	7.9392732188688405e+06
1.4608405839192500e-02	0.0000000000000000e+00	7.4189374392269272e+06
1.4625859131712500e-02	0.0000000000000000e+00	6.7255562436230499e+06
1.4643312424232400e-02	0.0000000000000000e+00	5.8748063713667812e+06
1.4660765716752400e-02	0.0000000000000000e+00	4.8858373062992124e+06
1.4678219009272299e-02	0.0000000000000000e+00	4.6105674202746646e+06
1.4695672301792299e-02	0.0000000000000000e+00	4.5062516449843515e+06
1.4713125594312201e-02	0.0000000000000000e+00	4.3039999369706921e+06
1.4730578886832100e-02	0.0000000000000000e+00	4.0100138516494296e+06
1.4748032179352100e-02	0.0000000000000000e+00	3.6331423330312958e+06
1.4765485471872000e-02	0.0000000000000000e+00	3.1844934071783004e+06
1.4782938764392000e-02	0.0000000000000000e+00	3.7086198202821626e+06
1.4800392056911900e-02	0.0000000000000000e+00	4.8125841256936137e+06
1.4817845349431900e-02	0.0000000000000000e+00	5.7943226076685768e+06
1.4835298641951799e-02	0.0000000000000000e+00	6.6277295730986120e+06
1.4852751934471701e-02	0.0000000000000000e+00	7.2903462402890772e+06
1.4870205226991701e-02	0.0000000000000000e+00	7.7642006683352971e+06
1.4887658519511600e-02	0.0000000000000000e+00	8.0363023864884591e+06
1.4905111812031600e-02	0.0000000000000000e+00	8.0991807185795661e+06
1.4922565104551500e-02	0.0000000000000000e+00	7.9511715892110094e+06
1.4940018397071500e-02	0.0000000000000000e+00	7.5963485986009073e+06
1.4957471689591400e-02	0.0000000000000000e+00	7.0444993682446014e+06
1.4974924982111301e-02	0.0000000000000000e+00	6.3106126896237480e+06
1.4992378274631299e-02	0.0000000000000000e+00	5.4146067465752829e+06
1.5009831567151201e-02	0.0000000000000000e+00	4.3803574318161225e+06
1.5027284859671201e-02	0.0000000000000000e+00	3.2349096607573819e+06
1.5044738152191100e-02	0.0000000000000000e+00	2.9036810576617233e+06
1.5062191444711100e-02	0.0000000000000000e+00	2.7360344984921464e+06
1.5079644737231000e-02	0.0000000000000000e+00	2.4868934499245323e+06
1.5097098029750899e-02	0.0000000000000000e+00	2.1608096821052753e+06
1.5114551322270900e-02	0.0000000000000000e+00	3.0804509163531461e+06
1.5132004614790801e-02	0.0000000000000000e+00	4.2411595642670998e+06
1.5149457907310799e-02	0.0000000000000000e+00	5.2994725840915786e+06
1.5166911199830701e-02	0.0000000000000000e+00	6.2307416981249982e+06
1.5184364492350701e-02	0.0000000000000000e+00	7.0135788071034895e+06
1.5201817784870600e-02	0.0000000000000000e+00	7.6302426325825769e+06
1.5219271077390600e-02	0.0000000000000000e+00	8.0669793190370537e+06
1.5236724369910500e-02	0.0000000000000000e+00	8.3142076338398233e+06
1.5254177662430399e-02	0.0000000000000000e+00	8.3666368507953454e+06
1.5271630954950400e-02	0.0000000000000000e+00	8.2233253890796406e+06
1.5289084247470301e-02	0.0000000000000000e+00	7.8877285911786342e+06
1.5306537539990299e-02	0.0000000000000000e+00	7.3673988020125702e+06
1.5323990832510201e-02	0.0000000000000000e+00	6.6740451697938861e+06
1.5341444125030201e-02	0.0000000000000000e+00	5.8232762396658445e+06
1.5358897417550100e-02	0.0000000000000000e+00	4.8343165983130988e+06
1.5376350710070000e-02	0.0000000000000000e+00	4.5910943992557842e+06
1.5393804002590000e-02	0.0000000000000000e+00	4.4867456795226708e+06
1.5411257295109899e-02	0.0000000000000000e+00	4.2844612001230428e+06
1.5428710587629900e-02	0.0000000000000000e+00	3.9904419831286483e+06
1.5446163880149801e-02	0.0000000000000000e+00	3.6135392223375514e+06
1.5463617172669799e-02	0.0000000000000000e+00	3.1648631888884269e+06
1.5481070465189701e-02	0.0000000000000000e+00	3.7599522236591061e+06
1.5498523757709600e-02	0.0000000000000000e+00	4.8638989636859205e+06
1.5515977050229600e-02	0.0000000000000000e+00	5.8455928884687470e+06
1.5533430342749500e-02	0.0000000000000000e+00	6.6789605137511324e+06
1.5550883635269500e-02	0.0000000000000000e+00	7.3415696027994994e+06
1.5568336927789399e-02	0.0000000000000000e+00	7.8153910398976225e+06
1.5585790220309400e-02	0.0000000000000000e+00	8.0874565087670675e+06
1.5603243512829299e-02	0.0000000000000000e+00	8.1503120853341175e+06
1.5620696805349200e-02	0.0000000000000000e+00	8.0022646710378658e+06
1.5638150097869199e-02	0.0000000000000000e+00	7.6474110087319221e+06
1.5655603390389100e-02	0.0000000000000000e+00	7.0955247186393822e+06
1.5673056682909099e-02	0.0000000000000000e+00	6.3615944366304539e+06
1.5690509975429000e-02	0.0000000000000000e+00	5.4655718596161092e+06
1.5707963267949002e-02	0.0000000000000000e+00	4.4312814369370174e+06
1.5725416560468899e-02	0.0000000000000000e+00	3.2857778499935442e+06
1.5742869852988801e-02	0.0000000000000000e+00	2.9237352011577347e+06
1.5760323145508799e-02	0.0000000000000000e+00	2.7561090769707360e+06
1.5777776438028700e-02	0.0000000000000000e+00	2.5069894566869554e+06
1.5795229730548699e-02	0.0000000000000000e+00	2.1809267549058092e+06
1.5812683023068600e-02	0.0000000000000000e+00	3.0297853674942106e+06
1.5830136315588599e-02	0.0000000000000000e+00	4.1905380079868967e+06
1.5847589608108500e-02	0.0000000000000000e+00	5.2488910493713487e+06
1.5865042900628502e-02	0.0000000000000000e+00	6.1802126441862416e+06
1.5882496193148399e-02	0.0000000000000000e+00	6.9630938500997303e+06
1.5899949485668301e-02	0.0000000000000000e+00	7.5798055985834505e+06
1.5917402778188299e-02	0.0000000000000000e+00	8.0165950906521464e+06
1.5934856070708200e-02	0.0000000000000000e+00	8.2638766084956257e+06
1.5952309363228199e-02	0.0000000000000000e+00	8.3163417381701944e+06
1.5969762655748100e-02	0.0000000000000000e+00	8.1731091600338817e+06
1.5987215948268099e-02	0.0000000000000000e+00	7.8375488066433016e+06
1.6004669240788000e-02	0.0000000000000000e+00	7.3172667694497854e+06
1.6022122533307901e-02	0.0000000000000000e+00	6.6239886369820042e+06
1.6039575825827899e-02	0.0000000000000000e+00	5.7732631551719839e+06
1.6057029118347801e-02	0.0000000000000000e+00	4.7843898089796314e+06
1.6074482410867799e-02	0.0000000000000000e+00	4.5707413916671313e+06
1.6091935703387700e-02	0.0000000000000000e+00	4.4663830053940099e+06
1.6109388995907699e-02	0.0000000000000000e+00	4.2640895063323239e+06
1.6126842288427600e-02	0.0000000000000000e+00	3.9700624698693291e+06
1.6144295580947501e-02	0.0000000000000000e+00	3.5931518442778285e+06
1.6161748873467500e-02	0.0000000000000000e+00	3.1444609305511373e+06
1.6179202165987401e-02	0.0000000000000000e+00	3.8094818845041767e+06
1.6196655458507399e-02	0.0000000000000000e+00	4.9133580174847888e+06
1.6214108751027301e-02	0.0000000000000000e+00	5.8950079603708386e+06
1.6231562043547299e-02	0.0000000000000000e+00	6.7283173817360988e+06
1.6249015336067200e-02	0.0000000000000000e+00	7.3908427910828693e+06
1.6266468628587199e-02	0.0000000000000000e+00	7.8646024056066172e+06
1.6283921921107100e-02	0.0000000000000000e+00	8.1366022989258226e+06
1.6301375213627001e-02	0.0000000000000000e+00	8.1993827840299327e+06
1.6318828506147000e-02	0.0000000000000000e+00	8.0512708134991806e+06
1.6336281798666901e-02	0.0000000000000000e+00	7.6963429163701786e+06
1.6353735091186899e-02	0.0000000000000000e+00	7.1443875719198491e+06
1.6371188383706801e-02	0.0000000000000000e+00	6.4103900430862503e+06
1.6388641676226799e-02	0.0000000000000000e+00	5.5142797880889755e+06
1.6406094968746700e-02	0.0000000000000000e+00	4.4799181938701589e+06
1.6423548261266602e-02	0.0000000000000000e+00	3.3343528885220722e+06
1.6441001553786600e-02	0.0000000000000000e+00	2.9441431490515033e+06
1.6458454846306501e-02	0.0000000000000000e+00	2.7765119073803276e+06
1.6475908138826500e-02	0.0000000000000000e+00	2.5273868264787626e+06
1.6493361431346401e-02	0.0000000000000000e+00	2.2013179672362814e+06
1.6510814723866400e-02	0.0000000000000000e+00	2.9816012621365516e+06
1.6528268016386301e-02	0.0000000000000000e+00	4.1424345044471701e+06
1.6545721308906199e-02	0.0000000000000000e+00	5.2008681155795027e+06
1.6563174601426200e-02	0.0000000000000000e+00	6.1322689352218146e+06
1.6580627893946102e-02	0.0000000000000000e+00	6.9152332859251825e+06
1.6598081186466100e-02	0.0000000000000000e+00	7.5320265310371853e+06
1.6615534478986001e-02	0.0000000000000000e+00	7.9688993802466821e+06
1.6632987771506000e-02	0.0000000000000000e+00	8.2162608915231470e+06
1.6650441064025901e-02	0.0000000000000000e+00	8.2688067729041083e+06
1.6667894356545799e-02	0.0000000000000000e+00	8.1256739262396023e+06
1.6685347649065801e-02	0.0000000000000000e+00	7.7901866064569568e+06
1.6702800941585699e-02	0.0000000000000000e+00	7.2700054593091030e+06
1.6720254234105700e-02	0.0000000000000000e+00	6.5767900096863266e+06
1.6737707526625598e-02	0.0000000000000000e+00	5.7261839560547052e+06
1.6755160819145600e-02	0.0000000000000000e+00	4.7373889717529574e+06
1.6772614111665501e-02	0.0000000000000000e+00	4.5505464894837653e+06
1.6790067404185399e-02	0.0000000000000000e+00	4.4462074155006269e+06
1.6807520696705401e-02	0.0000000000000000e+00	4.2439325560375703e+06
1.6824973989225299e-02	0.0000000000000000e+00	3.9499241109046061e+06
1.6842427281745301e-02	0.0000000000000000e+00	3.5730294060672699e+06
1.6859880574265199e-02	0.0000000000000000e+00	3.1243616660329397e+06
1.6877333866785200e-02	0.0000000000000000e+00	3.8558313066837778e+06
1.6894787159305098e-02	0.0000000000000000e+00	4.9596162990174675e+06
1.6912240451825100e-02	0.0000000000000000e+00	5.9411636338237142e+06
1.6929693744345001e-02	0.0000000000000000e+00	6.7743795239359178e+06
1.6947147036864899e-02	0.0000000000000000e+00	7.4368139593085740e+06
1.6964600329384901e-02	0.0000000000000000e+00	7.9104701768365763e+06
1.6982053621904799e-02	0.0000000000000000e+00	8.1823713686059611e+06
1.6999506914424801e-02	0.0000000000000000e+00	8.2450447704974674e+06
1.7016960206944699e-02	0.0000000000000000e+00	8.0968215871474361e+06
1.7034413499464700e-02	0.0000000000000000e+00	7.7417991091525452e+06
1.7051866791984598e-02	0.0000000000000000e+00	7.1897351858968968e+06
1.7069320084504500e-02	0.0000000000000000e+00	6.4556714249177631e+06
1.7086773377024501e-02	0.0000000000000000e+00	5.5594001161759738e+06
1.7104226669544399e-02	0.0000000000000000e+00	4.5249128609708687e+06
1.7121679962064401e-02	0.0000000000000000e+00	3.3792933404508550e+06
1.7139133254584299e-02	0.0000000000000000e+00	2.9638197599118673e+06
1.7156586547104301e-02	0.0000000000000000e+00	2.7961555635365490e+06
1.7174039839624199e-02	0.0000000000000000e+00	2.5469988128802557e+06
1.7191493132144100e-02	0.0000000000000000e+00	2.2208952232064363e+06
1.7208946424664098e-02	0.0000000000000000e+00	2.9372352961689616e+06
1.7226399717184000e-02	0.0000000000000000e+00	4.0981733637055946e+06
1.7243853009704001e-02	0.0000000000000000e+00	5.1567313395016538e+06
1.7261306302223899e-02	0.0000000000000000e+00	6.0882411148263467e+06
1.7278759594743901e-02	0.0000000000000000e+00	6.8713219373351000e+06
1.7296212887263799e-02	0.0000000000000000e+00	7.4882342526530903e+06
1.7313666179783700e-02	0.0000000000000000e+00	7.9252270058590220e+06
1.7331119472303699e-02	0.0000000000000000e+00	8.1726920182385286e+06
1.7348572764823600e-02	0.0000000000000000e+00	8.2253780128876092e+06
1.7366026057343598e-02	0.0000000000000000e+00	8.0823555074463552e+06
1.7383479349863500e-02	0.0000000000000000e+00	7.7469882913552755e+06
1.7400932642383501e-02	0.0000000000000000e+00	7.2269249542607591e+06
1.7418385934903399e-02	0.0000000000000000e+00	6.5338288561374750e+06
1.7435839227423401e-02	0.0000000000000000e+00	5.6833789912188398e+06
1.7453292519943299e-02	0.0000000000000000e+00	4.6946921356766336e+06
1.7470745812463200e-02	0.0000000000000000e+00	4.5315807081185710e+06
1.7488199104983199e-02	0.0000000000000000e+00	4.4272836544810794e+06
1.7505652397503100e-02	0.0000000000000000e+00	4.2250535128503870e+06
1.7523105690023098e-02	0.0000000000000000e+00	3.9310916448654602e+06
1.7540558982543000e-02	0.0000000000000000e+00	3.5542431528489743e+06
1.7558012275063001e-02	0.0000000000000000e+00	3.1056209236849998e+06
1.7575465567582899e-02	0.0000000000000000e+00	3.8976381670450536e+06
1.7592918860102801e-02	0.0000000000000000e+00	5.0012929294232028e+06
1.7610372152622799e-02	0.0000000000000000e+00	5.9827106868394669e+06
1.7627825445142700e-02	0.0000000000000000e+00	6.8157823526892755e+06
1.7645278737662699e-02	0.0000000000000000e+00	7.4780852033682819e+06
1.7662732030182600e-02	0.0000000000000000e+00	7.9516073227926726e+06
1.7680185322702598e-02	0.0000000000000000e+00	8.2233719366579717e+06
1.7697638615222500e-02	0.0000000000000000e+00	8.2859098338763462e+06
1.7715091907742401e-02	0.0000000000000000e+00	8.1375526218813788e+06
1.7732545200262399e-02	0.0000000000000000e+00	7.7823891960366489e+06
1.7749998492782301e-02	0.0000000000000000e+00	7.2301889666408803e+06
1.7767451785302299e-02	0.0000000000000000e+00	6.4959686348541072e+06
1.7784905077822200e-02	0.0000000000000000e+00	5.5995785959183108e+06
1.7802358370342199e-02	0.0000000000000000e+00	4.5649657632665634e+06
1.7819811662862100e-02	0.0000000000000000e+00	3.4191786527280784e+06
1.7837264955382001e-02	0.0000000000000000e+00	2.9817321292362921e+06
1.7854718247902000e-02	0.0000000000000000e+00	2.8140118987571769e+06
1.7872171540421901e-02	0.0000000000000000e+00	2.5647964058853192e+06
1.7889624832941899e-02	0.0000000000000000e+00	2.2386344234341662e+06
1.7907078125461801e-02	0.0000000000000000e+00	2.8980601911729570e+06
1.7924531417981799e-02	0.0000000000000000e+00	4.0591490278262426e+06
1.7941984710501700e-02	0.0000000000000000e+00	5.1178520457447497e+06
1.7959438003021699e-02	0.0000000000000000e+00	6.0495107628483940e+06
1.7976891295541600e-02	0.0000000000000000e+00	6.8327413424255056e+06
1.7994344588061501e-02	0.0000000000000000e+00	7.4498030049006697e+06
1.8011797880581500e-02	0.0000000000000000e+00	7.8869399431004021e+06
1.8029251173101401e-02	0.0000000000000000e+00	8.1345719929937916e+06
1.8046704465621399e-02	0.0000000000000000e+00	8.1874078631988401e+06
1.8064157758141301e-02	0.0000000000000000e+00	8.0445096409437945e+06
1.8081611050661299e-02	0.0000000000000000e+00	7.7093266720984103e+06
1.8099064343181200e-02	0.0000000000000000e+00	7.1894132756463010e+06
1.8116517635701102e-02	0.0000000000000000e+00	6.4964815863457546e+06
1.8133970928221100e-02	0.0000000000000000e+00	5.6461362988714240e+06
1.8151424220741001e-02	0.0000000000000000e+00	4.6576047793123079e+06
1.8168877513261000e-02	0.0000000000000000e+00	4.5148660443484839e+06
1.8186330805780901e-02	0.0000000000000000e+00	4.4106391011349419e+06
1.8203784098300899e-02	0.0000000000000000e+00	4.2084790175270736e+06
1.8221237390820801e-02	0.0000000000000000e+00	3.9145868367414800e+06
1.8238690683340698e-02	0.0000000000000000e+00	3.5378137571863034e+06
1.8256143975860700e-02	0.0000000000000000e+00	3.0892698321190053e+06
1.8273597268380602e-02	0.0000000000000000e+00	3.9335815434894259e+06
1.8291050560900600e-02	0.0000000000000000e+00	5.0370742713800902e+06
1.8308503853420501e-02	0.0000000000000000e+00	6.0183109370753495e+06
1.8325957145940500e-02	0.0000000000000000e+00	6.8512184786038613e+06
1.8343410438460401e-02	0.0000000000000000e+00	7.5133642186494833e+06
1.8360863730980299e-02	0.0000000000000000e+00	7.9867185062304437e+06
1.8378317023500301e-02	0.0000000000000000e+00	8.2583127256537369e+06
1.8395770316020198e-02	0.0000000000000000e+00	8.3206956405272828e+06
1.8413223608540200e-02	0.0000000000000000e+00	8.1721727779748496e+06
1.8430676901060102e-02	0.0000000000000000e+00	7.8168378545490867e+06
1.8448130193580100e-02	0.0000000000000000e+00	7.2644694530531280e+06
1.8465583486100001e-02	0.0000000000000000e+00	6.5300520708574923e+06
1.8483036778619899e-02	0.0000000000000000e+00	5.6335376304026302e+06
1.8500490071139901e-02	0.0000000000000000e+00	4.5987560178989647e+06
1.8517943363659799e-02	0.0000000000000000e+00	3.4527583912140373e+06
1.8535396656179801e-02	0.0000000000000000e+00	2.9968589060706589e+06
1.8552849948699698e-02	0.0000000000000000e+00	2.8290577256164011e+06
1.8570303241219700e-02	0.0000000000000000e+00	2.5797579244447914e+06
1.8587756533739602e-02	0.0000000000000000e+00	2.2535129802425252e+06
1.8605209826259600e-02	0.0000000000000000e+00	2.8653346396973543e+06
1.8622663118779501e-02	0.0000000000000000e+00	4.0265985020606779e+06
1.8640116411299399e-02	0.0000000000000000e+00	5.0854738860889003e+06
1.8657569703819401e-02	0.0000000000000000e+00	6.0173182210672135e+06
1.8675022996339299e-02	0.0000000000000000e+00	6.8007246537071951e+06
1.8692476288859301e-02	0.0000000000000000e+00	7.4179664012250435e+06
1.8709929581379198e-02	0.0000000000000000e+00	7.8552863076238045e+06
1.8727382873899200e-02	0.0000000000000000e+00	8.1030941617954494e+06
1.8744836166419102e-02	0.0000000000000000e+00	8.1561273862998812e+06
1.8762289458938999e-02	0.0000000000000000e+00	8.0134050007570870e+06
1.8779742751459001e-02	0.0000000000000000e+00	7.6783910539201042e+06
1.8797196043978899e-02	0.0000000000000000e+00	7.1586825137017732e+06
1.8814649336498901e-02	0.0000000000000000e+00	6.4659129144637436e+06
1.8832102629018799e-02	0.0000000000000000e+00	5.6157573485584641e+06
1.8849555921538801e-02	0.0000000000000000e+00	4.6274107198210526e+06
1.8867009214058698e-02	0.0000000000000000e+00	4.5014045632715439e+06
1.8884462506578600e-02	0.0000000000000000e+00	4.3972698550454881e+06
1.8901915799098602e-02	0.0000000000000000e+00	4.1952034918108024e+06
1.8919369091618499e-02	0.0000000000000000e+00	3.9014057929802160e+06
1.8936822384138501e-02	0.0000000000000000e+00	3.5247276769411685e+06
1.8954275676658399e-02	0.0000000000000000e+00	3.0762785050905226e+06
1.8971728969178401e-02	0.0000000000000000e+00	3.9624434093616595e+06
1.8989182261698299e-02	0.0000000000000000e+00	5.0657406917939037e+06
1.9006635554218200e-02	0.0000000000000000e+00	6.0467866584088309e+06
1.9024088846738198e-02	0.0000000000000000e+00	6.8795014302472947e+06
1.9041542139258100e-02	0.0000000000000000e+00	7.5414523291966105e+06
1.9058995431778102e-02	0.0000000000000000e+00	8.0146126573967002e+06
1.9076448724297999e-02	0.0000000000000000e+00	8.2860079946774263e+06
1.9093902016818001e-02	0.0000000000000000e+00	8.3482016518835369e+06
1.9111355309337899e-02	0.0000000000000000e+00	8.1994788585810857e+06
1.9128808601857800e-02	0.0000000000000000e+00	7.8439452435703669e+06
1.9146261894377799e-02	0.0000000000000000e+00	7.2913700571075473e+06
1.9163715186897700e-02	0.0000000000000000e+00	6.5567558174664974e+06
1.9181168479417698e-02	0.0000000000000000e+00	5.6600678711269563e+06
1.9198621771937600e-02	0.0000000000000000e+00	4.6250756197745614e+06
1.9216075064457602e-02	0.0000000000000000e+00	3.4788535405186522e+06
1.9233528356977499e-02	0.0000000000000000e+00	3.0082520694601601e+06
1.9250981649497501e-02	0.0000000000000000e+00	2.8403450584072000e+06
1.9268434942017399e-02	0.0000000000000000e+00	2.5909416021249900e+06
1.9285888234537300e-02	0.0000000000000000e+00	2.2645917550482228e+06
1.9303341527057299e-02	0.0000000000000000e+00	2.8402467436379478e+06
1.9320794819577200e-02	0.0000000000000000e+00	4.0017201582179749e+06
1.9338248112097198e-02	0.0000000000000000e+00	5.0607964895193232e+06
1.9355701404617100e-02	0.0000000000000000e+00	5.9928482459785482e+06
1.9373154697137102e-02	0.0000000000000000e+00	6.7764625788091458e+06
1.9390607989656999e-02	0.0000000000000000e+00	7.3939100909532774e+06
1.9408061282176901e-02	0.0000000000000000e+00	7.8314406970938072e+06
1.9425514574696899e-02	0.0000000000000000e+00	8.0794580332587175e+06
1.9442967867216800e-02	0.0000000000000000e+00	8.1327010560569940e+06
1.9460421159736799e-02	0.0000000000000000e+00	7.9901871996667488e+06
1.9477874452256700e-02	0.0000000000000000e+00	7.6553944295710325e+06
1.9495327744776698e-02	0.0000000000000000e+00	7.1358901776946560e+06
1.9512781037296600e-02	0.0000000000000000e+00	6.4433336432898343e+06
1.9530234329816501e-02	0.0000000000000000e+00	5.5933948161672987e+06
1.9547687622336499e-02	0.0000000000000000e+00	4.6052663256004518e+06
1.9565140914856401e-02	0.0000000000000000e+00	4.4920846348633021e+06
1.9582594207376399e-02	0.0000000000000000e+00	4.3880640227045137e+06
1.9600047499896300e-02	0.0000000000000000e+00	4.1861124247802435e+06
1.9617500792416299e-02	0.0000000000000000e+00	3.8924299062386006e+06
1.9634954084936200e-02	0.0000000000000000e+00	3.5158672760247337e+06
1.9652407377456101e-02	0.0000000000000000e+00	3.0675334113461375e+06
1.9669860669976100e-02	0.0000000000000000e+00	3.9830736607256825e+06
1.9687313962496001e-02	0.0000000000000000e+00	5.0861515200114846e+06
1.9704767255015999e-02	0.0000000000000000e+00	6.0669777567619989e+06
1.9722220547535901e-02	0.0000000000000000e+00	6.8994750917073218e+06
1.9739673840055899e-02	0.0000000000000000e+00	7.5612034163922407e+06
1.9757127132575800e-02	0.0000000000000000e+00	8.0341384850352062e+06
1.9774580425095799e-02	0.0000000000000000e+00	8.3053208497689050e+06
1.9792033717615700e-02	0.0000000000000000e+00	8.3672767815677682e+06
1.9809487010135601e-02	0.0000000000000000e+00	8.2183301866004327e+06
1.9826940302655600e-02	0.0000000000000000e+00	7.8625760206819344e+06
1.9844393595175501e-02	0.0000000000000000e+00	7.3097850569008710e+06
1.9861846887695499e-02	0.0000000000000000e+00	6.5749604095179141e+06
1.9879300180215401e-02	0.0000000000000000e+00	5.6779870870992020e+06
1.9896753472735399e-02	0.0000000000000000e+00	4.6427793103986448e+06
1.9914206765255300e-02	0.0000000000000000e+00	3.4963779270038838e+06
1.9931660057775202e-02	0.0000000000000000e+00	3.0150712736689714e+06
1.9949113350295200e-02	0.0000000000000000e+00	2.8470404843379757e+06
1.9966566642815101e-02	0.0000000000000000e+00	2.5975118719395492e+06
1.9984019935335100e-02	0.0000000000000000e+00	2.2710359319425118e+06
2.0001473227855001e-02	0.0000000000000000e+00	2.8238882305396353e+06
2.0018926520374999e-02	0.0000000000000000e+00	3.9855921179190017e+06
2.0036379812894901e-02	0.0000000000000000e+00	5.0449092415438918e+06
2.0053833105414798e-02	0.0000000000000000e+00	5.9771855425917041e+06
2.0071286397934800e-02	0.0000000000000000e+00	6.7610359968256243e+06
2.0088739690454702e-02	0.0000000000000000e+00	7.3787187803089805e+06
2.0106192982974700e-02	0.0000000000000000e+00	7.8164793809629465e+06
2.0123646275494601e-02	0.0000000000000000e+00	8.0647362552170260e+06
2.0141099568014600e-02	0.0000000000000000e+00	8.1182023404388102e+06
2.0158552860534501e-02	0.0000000000000000e+00	7.9759292314314283e+06
2.0176006153054399e-02	0.0000000000000000e+00	7.6413891088088658e+06
2.0193459445574401e-02	0.0000000000000000e+00	7.1220935232254071e+06
2.0210912738094299e-02	0.0000000000000000e+00	6.4297884741478069e+06
2.0228366030614300e-02	0.0000000000000000e+00	5.5800904785818579e+06
2.0245819323134202e-02	0.0000000000000000e+00	4.5922021886723740e+06
2.0263272615654200e-02	0.0000000000000000e+00	4.4877002054082043e+06
2.0280725908174101e-02	0.0000000000000000e+00	4.3838130250094291e+06
2.0298179200694100e-02	0.0000000000000000e+00	4.1819942371881739e+06
2.0315632493214001e-02	0.0000000000000000e+00	3.8884448079746356e+06
2.0333085785733899e-02	0.0000000000000000e+00	3.5120158948610071e+06
2.0350539078253901e-02	0.0000000000000000e+00	3.0638179466919373e+06
2.0367992370773799e-02	0.0000000000000000e+00	3.9944547846255898e+06
2.0385445663293800e-02	0.0000000000000000e+00	5.0972910211949004e+06
2.0402898955813702e-02	0.0000000000000000e+00	6.0778722250188906e+06
2.0420352248333700e-02	0.0000000000000000e+00	6.9101210658126893e+06
2.0437805540853601e-02	0.0000000000000000e+00	7.5716045983316470e+06
2.0455258833373499e-02	0.0000000000000000e+00	8.0442967130215522e+06
2.0472712125893501e-02	0.0000000000000000e+00	8.3152278752287179e+06
2.0490165418413399e-02	0.0000000000000000e+00	8.3769422212872384e+06
2.0507618710933401e-02	0.0000000000000000e+00	8.2277507827849817e+06
2.0525072003453299e-02	0.0000000000000000e+00	7.8717459078280116e+06
2.0542525295973300e-02	0.0000000000000000e+00	7.3187072650124365e+06
2.0559978588493202e-02	0.0000000000000000e+00	6.5836181851146054e+06
2.0577431881013099e-02	0.0000000000000000e+00	5.6864215313853212e+06
2.0594885173533101e-02	0.0000000000000000e+00	4.6509622547320947e+06
2.0612338466052999e-02	0.0000000000000000e+00	3.5042902225832222e+06
2.0629791758573001e-02	0.0000000000000000e+00	3.0165886591987233e+06
2.0647245051092899e-02	0.0000000000000000e+00	2.8484168640497536e+06
2.0664698343612901e-02	0.0000000000000000e+00	2.5987476882943823e+06
2.0682151636132799e-02	0.0000000000000000e+00	2.2721315562330228e+06
2.0699604928652700e-02	0.0000000000000000e+00	2.8172282773349853e+06
2.0717058221172702e-02	0.0000000000000000e+00	3.9791891202536295e+06
2.0734511513692599e-02	0.0000000000000000e+00	5.0387539612921197e+06
2.0751964806212601e-02	0.0000000000000000e+00	5.9712898576430483e+06
2.0769418098732499e-02	0.0000000000000000e+00	6.7553951816763589e+06
2.0786871391252501e-02	0.0000000000000000e+00	7.3733322064622743e+06
2.0804324683772399e-02	0.0000000000000000e+00	7.8113518603813732e+06
2.0821777976292300e-02	0.0000000000000000e+00	8.0598674294936480e+06
2.0839231268812299e-02	0.0000000000000000e+00	8.1135850406895103e+06
2.0856684561332200e-02	0.0000000000000000e+00	7.9715795570389982e+06
2.0874137853852202e-02	0.0000000000000000e+00	7.6372835981673459e+06
2.0891591146372099e-02	0.0000000000000000e+00	7.1182544668238200e+06
2.0909044438892101e-02	0.0000000000000000e+00	6.4262462303899601e+06
2.0926497731411999e-02	0.0000000000000000e+00	5.5767820078670830e+06
2.0943951023932001e-02	0.0000000000000000e+00	4.5891612896656785e+06
