0.0000000000000000e+00	0.0000000000000000e+00	2.1888490286890990e-02
1.7453292519943300e-05	0.0000000000000000e+00	2.1973953356442484e-02
3.4906585039886600e-05	0.0000000000000000e+00	2.2099356150417679e-02
5.2359877559829903e-05	0.0000000000000000e+00	2.2304404001791827e-02
6.9813170079773199e-05	0.0000000000000000e+00	2.2616220848900047e-02
8.7266462599716496e-05	0.0000000000000000e+00	2.3046610823844883e-02
1.0471975511966000e-04	0.0000000000000000e+00	2.3591092932419899e-02
1.2217304763960301e-04	0.0000000000000000e+00	2.4464303537276334e-02
1.3962634015954599e-04	0.0000000000000000e+00	2.5534686594179540e-02
1.5707963267949001e-04	0.0000000000000000e+00	2.6899359877245385e-02
1.7453292519943299e-04	0.0000000000000000e+00	2.8238250142614083e-02
1.9198621771937600e-04	0.0000000000000000e+00	2.9529134401530030e-02
2.0943951023931999e-04	0.0000000000000000e+00	3.0618701471013546e-02
2.2689280275926300e-04	0.0000000000000000e+00	3.1363767138585574e-02
2.4434609527920601e-04	0.0000000000000000e+00	3.1536236416887714e-02
2.6179938779914903e-04	0.0000000000000000e+00	3.0939197671024210e-02
2.7925268031909301e-04	0.0000000000000000e+00	2.9499243117896104e-02
2.9670597283903603e-04	0.0000000000000000e+00	2.7081782441953008e-02
3.1415926535897898e-04	0.0000000000000000e+00	2.3619474704227768e-02
3.3161255787892303e-04	0.0000000000000000e+00	2.0323456221548582e-02
3.4906585039886598e-04	0.0000000000000000e+00	1.7864548477782564e-02
3.6651914291880900e-04	0.0000000000000000e+00	1.5157918332352820e-02
3.8397243543875201e-04	0.0000000000000000e+00	1.4616447092181576e-02
4.0142572795869599e-04	0.0000000000000000e+00	1.5205258538737715e-02
4.1887902047863901e-04	0.0000000000000000e+00	1.6958977297831603e-02
4.3633231299858202e-04	0.0000000000000000e+00	2.5409754862192910e-02
4.5378560551852601e-04	0.0000000000000000e+00	3.3555696681127081e-02
4.7123889803846902e-04	0.0000000000000000e+00	4.1074697151274570e-02
4.8869219055841203e-04	0.0000000000000000e+00	4.7664990215333915e-02
5.0614548307835602e-04	0.0000000000000000e+00	5.3055057503240778e-02
5.2359877559829903e-04	0.0000000000000000e+00	5.7318179852560137e-02
5.4105206811824204e-04	0.0000000000000000e+00	6.1044127001364211e-02
5.5850536063818505e-04	0.0000000000000000e+00	6.6189108654675061e-02
5.7595865315812904e-04	0.0000000000000000e+00	7.8197714329234710e-02
5.9341194567807205e-04	0.0000000000000000e+00	9.0218894839525152e-02
6.1086523819801496e-04	0.0000000000000000e+00	1.0184065761632985e-01
6.2831853071795905e-04	0.0000000000000000e+00	1.1249262770348473e-01
6.4577182323790196e-04	0.0000000000000000e+00	1.2152646621681490e-01
6.6322511575784497e-04	0.0000000000000000e+00	1.2839625974266980e-01
6.8067840827778798e-04	0.0000000000000000e+00	1.3251530082144572e-01
6.9813170079773197e-04	0.0000000000000000e+00	1.3326356273138848e-01
7.1558499331767498e-04	0.0000000000000000e+00	1.3013684974457695e-01
7.3303828583761799e-04	0.0000000000000000e+00	1.2775284010604576e-01
7.5049157835756198e-04	0.0000000000000000e+00	1.4944760358690021e-01
7.6794487087750499e-04	0.0000000000000000e+00	1.7017279353265624e-01
7.8539816339744800e-04	0.0000000000000000e+00	1.8896760280621672e-01
8.0285145591739199e-04	0.0000000000000000e+00	2.0466092828528426e-01
8.2030474843733500e-04	0.0000000000000000e+00	2.1702176399537446e-01
8.3775804095727801e-04	0.0000000000000000e+00	2.2545697844846388e-01
8.5521133347722102e-04	0.0000000000000000e+00	2.2899429189311071e-01
8.7266462599716501e-04	0.0000000000000000e+00	2.2775676385549037e-01
8.9011791851710802e-04	0.0000000000000000e+00	2.2171847663256727e-01
9.0757121103705104e-04	0.0000000000000000e+00	2.1249269776389862e-01
9.2502450355699502e-04	0.0000000000000000e+00	2.1593831137459646e-01
9.4247779607693804e-04	0.0000000000000000e+00	2.5198271304624614e-01
9.5993108859688105e-04	0.0000000000000000e+00	2.8413012736325444e-01
9.7738438111682406e-04	0.0000000000000000e+00	3.1078648353009214e-01
9.9483767363676805e-04	0.0000000000000000e+00	3.3054073886163904e-01
1.0122909661567101e-03	0.0000000000000000e+00	3.4215812352643271e-01
1.0297442586766500e-03	0.0000000000000000e+00	3.4455924582327380e-01
1.0471975511966000e-03	0.0000000000000000e+00	3.3718757413792683e-01
1.0646508437165401e-03	0.0000000000000000e+00	3.1918469360645541e-01
1.0821041362364800e-03	0.0000000000000000e+00	2.9014126460275191e-01
1.0995574287564300e-03	0.0000000000000000e+00	2.5503108580908157e-01
1.1170107212763701e-03	0.0000000000000000e+00	2.9104994153949154e-01
1.1344640137963100e-03	0.0000000000000000e+00	3.2223609623456517e-01
1.1519173063162600e-03	0.0000000000000000e+00	3.4740733321193984e-01
1.1693705988361999e-03	0.0000000000000000e+00	3.6486543666902910e-01
1.1868238913561400e-03	0.0000000000000000e+00	3.7484479192161912e-01
1.2042771838760900e-03	0.0000000000000000e+00	3.7697177838538920e-01
1.2217304763960299e-03	0.0000000000000000e+00	3.7343532244869637e-01
1.2391837689159700e-03	0.0000000000000000e+00	3.7653540143726505e-01
1.2566370614359201e-03	0.0000000000000000e+00	4.6155544394551695e-01
1.2740903539558599e-03	0.0000000000000000e+00	5.4114093579227895e-01
1.2915436464758000e-03	0.0000000000000000e+00	6.1307141675162991e-01
1.3089969389957501e-03	0.0000000000000000e+00	6.7488750768246797e-01
1.3264502315156899e-03	0.0000000000000000e+00	7.2388602549923298e-01
1.3439035240356300e-03	0.0000000000000000e+00	7.5821857038460005e-01
1.3613568165555801e-03	0.0000000000000000e+00	7.7537086328073868e-01
1.3788101090755199e-03	0.0000000000000000e+00	7.7386033050303160e-01
1.3962634015954600e-03	0.0000000000000000e+00	7.5264131002988943e-01
1.4137166941154101e-03	0.0000000000000000e+00	7.1192582568626217e-01
1.4311699866353500e-03	0.0000000000000000e+00	6.5112045932537721e-01
1.4486232791552900e-03	0.0000000000000000e+00	5.7057164059607957e-01
1.4660765716752401e-03	0.0000000000000000e+00	5.4070248227957196e-01
1.4835298641951800e-03	0.0000000000000000e+00	5.8052007370576098e-01
1.5009831567151201e-03	0.0000000000000000e+00	6.0969042385027039e-01
1.5184364492350699e-03	0.0000000000000000e+00	6.2611386924626011e-01
1.5358897417550100e-03	0.0000000000000000e+00	6.3018567088618305e-01
1.5533430342749501e-03	0.0000000000000000e+00	6.2147274099368954e-01
1.5707963267948999e-03	0.0000000000000000e+00	6.0269327512577509e-01
1.5882496193148400e-03	0.0000000000000000e+00	5.8607149584014928e-01
1.6057029118347801e-03	0.0000000000000000e+00	7.0608991971520685e-01
1.6231562043547299e-03	0.0000000000000000e+00	8.3804680102612716e-01
1.6406094968746700e-03	0.0000000000000000e+00	9.5518755859388915e-01
1.6580627893946101e-03	0.0000000000000000e+00	1.0536357850019382e+00
1.6755160819145599e-03	0.0000000000000000e+00	1.1297361094393847e+00
1.6929693744345000e-03	0.0000000000000000e+00	1.1800876213487537e+00
1.7104226669544401e-03	0.0000000000000000e+00	1.2014816766199148e+00
1.7278759594743899e-03	0.0000000000000000e+00	1.1921476746600554e+00
1.7453292519943300e-03	0.0000000000000000e+00	1.1517709225640269e+00
1.7627825445142699e-03	0.0000000000000000e+00	1.0804258979797186e+00
1.7802358370342200e-03	0.0000000000000000e+00	9.7788516377962820e-01
1.7976891295541600e-03	0.0000000000000000e+00	8.4670152034894341e-01
1.8151424220740999e-03	0.0000000000000000e+00	7.2093186140499799e-01
1.8325957145940500e-03	0.0000000000000000e+00	7.7087385002041309e-01
1.8500490071139900e-03	0.0000000000000000e+00	8.0607528580906340e-01
1.8675022996339299e-03	0.0000000000000000e+00	8.2317284130998658e-01
1.8849555921538800e-03	0.0000000000000000e+00	8.2379367035088635e-01
1.9024088846738201e-03	0.0000000000000000e+00	8.0942039514728392e-01
1.9198621771937599e-03	0.0000000000000000e+00	7.8819491714097856e-01
1.9373154697137100e-03	0.0000000000000000e+00	8.8888554597210201e-01
1.9547687622336499e-03	0.0000000000000000e+00	1.0927757355350121e+00
1.9722220547535902e-03	0.0000000000000000e+00	1.2807829898816314e+00
1.9896753472735400e-03	0.0000000000000000e+00	1.4440215032425678e+00
2.0071286397934799e-03	0.0000000000000000e+00	1.5805901935266466e+00
2.0245819323134202e-03	0.0000000000000000e+00	1.6828878319624001e+00
2.0420352248333700e-03	0.0000000000000000e+00	1.7492570765435471e+00
2.0594885173533099e-03	0.0000000000000000e+00	1.7742774551432232e+00
2.0769418098732502e-03	0.0000000000000000e+00	1.7559797893880833e+00
2.0943951023932000e-03	0.0000000000000000e+00	1.6936521893885026e+00
2.1118483949131399e-03	0.0000000000000000e+00	1.5894446955433630e+00
2.1293016874330802e-03	0.0000000000000000e+00	1.4424893953812667e+00
2.1467549799530201e-03	0.0000000000000000e+00	1.2559543270951399e+00
2.1642082724729699e-03	0.0000000000000000e+00	1.0341066412178894e+00
2.1816615649929102e-03	0.0000000000000000e+00	1.0840029105161186e+00
2.1991148575128501e-03	0.0000000000000000e+00	1.1169269114717619e+00
2.2165681500327999e-03	0.0000000000000000e+00	1.1251798612671640e+00
2.2340214425527402e-03	0.0000000000000000e+00	1.1116666832072937e+00
2.2514747350726801e-03	0.0000000000000000e+00	1.0780922339471704e+00
2.2689280275926299e-03	0.0000000000000000e+00	1.0349777068875756e+00
2.2863813201125698e-03	0.0000000000000000e+00	1.1282343206063696e+00
2.3038346126325101e-03	0.0000000000000000e+00	1.4017578819434267e+00
2.3212879051524599e-03	0.0000000000000000e+00	1.6518370330536560e+00
2.3387411976723998e-03	0.0000000000000000e+00	1.8674414752610435e+00
2.3561944901923401e-03	0.0000000000000000e+00	2.0448846718746987e+00
2.3736477827122899e-03	0.0000000000000000e+00	2.1756431820211644e+00
2.3911010752322298e-03	0.0000000000000000e+00	2.2563865519709192e+00
2.4085543677521701e-03	0.0000000000000000e+00	2.2811898451010424e+00
2.4260076602721200e-03	0.0000000000000000e+00	2.2481233066794126e+00
2.4434609527920598e-03	0.0000000000000000e+00	2.1579419780648688e+00
2.4609142453120001e-03	0.0000000000000000e+00	2.0125801982376830e+00
2.4783675378319500e-03	0.0000000000000000e+00	1.8125967703459480e+00
2.4958208303518898e-03	0.0000000000000000e+00	1.5642164882617819e+00
2.5132741228718301e-03	0.0000000000000000e+00	1.2714561844186709e+00
2.5307274153917800e-03	0.0000000000000000e+00	1.2571565280979800e+00
2.5481807079117198e-03	0.0000000000000000e+00	1.2937337984483090e+00
2.5656340004316601e-03	0.0000000000000000e+00	1.3029676958834240e+00
2.5830872929516100e-03	0.0000000000000000e+00	1.2877716422876211e+00
2.6005405854715499e-03	0.0000000000000000e+00	1.2507578101662000e+00
2.6179938779914902e-03	0.0000000000000000e+00	1.2111725677020664e+00
2.6354471705114400e-03	0.0000000000000000e+00	1.4787667682916397e+00
2.6529004630313799e-03	0.0000000000000000e+00	1.8125015191371261e+00
2.6703537555513202e-03	0.0000000000000000e+00	2.1172881921428810e+00
2.6878070480712700e-03	0.0000000000000000e+00	2.3767656197840799e+00
2.7052603405912099e-03	0.0000000000000000e+00	2.5905145088871349e+00
2.7227136331111502e-03	0.0000000000000000e+00	2.7457484777788252e+00
2.7401669256311000e-03	0.0000000000000000e+00	2.8416206743281327e+00
2.7576202181510399e-03	0.0000000000000000e+00	2.8698935341155054e+00
2.7750735106709802e-03	0.0000000000000000e+00	2.8285458723357548e+00
2.7925268031909300e-03	0.0000000000000000e+00	2.7181625461190548e+00
2.8099800957108699e-03	0.0000000000000000e+00	2.5422818619350864e+00
2.8274333882308102e-03	0.0000000000000000e+00	2.3008207163529448e+00
2.8448866807507600e-03	0.0000000000000000e+00	2.0006062337788952e+00
2.8623399732706999e-03	0.0000000000000000e+00	1.6474296739827801e+00
2.8797932657906402e-03	0.0000000000000000e+00	1.5563965553186572e+00
2.8972465583105901e-03	0.0000000000000000e+00	1.5832112413093025e+00
2.9146998508305299e-03	0.0000000000000000e+00	1.5756112633456434e+00
2.9321531433504698e-03	0.0000000000000000e+00	1.5385959354098075e+00
2.9496064358704201e-03	0.0000000000000000e+00	1.4761059720589507e+00
2.9670597283903599e-03	0.0000000000000000e+00	1.4112109189056505e+00
2.9845130209102998e-03	0.0000000000000000e+00	1.6671653735991627e+00
3.0019663134302501e-03	0.0000000000000000e+00	2.0670622678201691e+00
3.0194196059501899e-03	0.0000000000000000e+00	2.4309935121561979e+00
3.0368728984701298e-03	0.0000000000000000e+00	2.7392615816901271e+00
3.0543261909900801e-03	0.0000000000000000e+00	2.9902577981931100e+00
3.0717794835100200e-03	0.0000000000000000e+00	3.1697280524498086e+00
3.0892327760299598e-03	0.0000000000000000e+00	3.2758535896570216e+00
3.1066860685499101e-03	0.0000000000000000e+00	3.2999479983445892e+00
3.1241393610698500e-03	0.0000000000000000e+00	3.2403876241762486e+00
3.1415926535897898e-03	0.0000000000000000e+00	3.0992515842554309e+00
3.1590459461097401e-03	0.0000000000000000e+00	2.8810300052871511e+00
3.1764992386296800e-03	0.0000000000000000e+00	2.5871873653893345e+00
3.1939525311496198e-03	0.0000000000000000e+00	2.2277671295671202e+00
3.2114058236695701e-03	0.0000000000000000e+00	1.8090399752736892e+00
3.2288591161895100e-03	0.0000000000000000e+00	1.6668874583219917e+00
3.2463124087094499e-03	0.0000000000000000e+00	1.6981478166763733e+00
3.2637657012294001e-03	0.0000000000000000e+00	1.6962179720475470e+00
3.2812189937493400e-03	0.0000000000000000e+00	1.6621645477513636e+00
3.2986722862692799e-03	0.0000000000000000e+00	1.6026934768105732e+00
3.3161255787892301e-03	0.0000000000000000e+00	1.5479207548296847e+00
3.3335788713091700e-03	0.0000000000000000e+00	1.9913200542714491e+00
3.3510321638291099e-03	0.0000000000000000e+00	2.4353106651769481e+00
3.3684854563490602e-03	0.0000000000000000e+00	2.8385428778527277e+00
3.3859387488690000e-03	0.0000000000000000e+00	3.1776134750794562e+00
3.4033920413889399e-03	0.0000000000000000e+00	3.4541746437788055e+00
3.4208453339088902e-03	0.0000000000000000e+00	3.6509249838268629e+00
3.4382986264288300e-03	0.0000000000000000e+00	3.7683203146896096e+00
3.4557519189487699e-03	0.0000000000000000e+00	3.7957663790458263e+00
3.4732052114687202e-03	0.0000000000000000e+00	3.7314780147076898e+00
3.4906585039886600e-03	0.0000000000000000e+00	3.5775133024872199e+00
3.5081117965085999e-03	0.0000000000000000e+00	3.3386254130749258e+00
3.5255650890285502e-03	0.0000000000000000e+00	3.0156420648252578e+00
3.5430183815484901e-03	0.0000000000000000e+00	2.6188406993272779e+00
3.5604716740684299e-03	0.0000000000000000e+00	2.1550198233215530e+00
3.5779249665883698e-03	0.0000000000000000e+00	1.9304685840635745e+00
3.5953782591083201e-03	0.0000000000000000e+00	1.9460592028114443e+00
3.6128315516282599e-03	0.0000000000000000e+00	1.9220460855379067e+00
3.6302848441482102e-03	0.0000000000000000e+00	1.8614042048078163e+00
3.6477381366681501e-03	0.0000000000000000e+00	1.7730920219674522e+00
3.6651914291880900e-03	0.0000000000000000e+00	1.6926163349441827e+00
3.6826447217080398e-03	0.0000000000000000e+00	2.1005329353363513e+00
3.7000980142279801e-03	0.0000000000000000e+00	2.5996117786358299e+00
3.7175513067479200e-03	0.0000000000000000e+00	3.0520452497665427e+00
3.7350045992678598e-03	0.0000000000000000e+00	3.4311467207855744e+00
3.7524578917878101e-03	0.0000000000000000e+00	3.7373360328312195e+00
3.7699111843077500e-03	0.0000000000000000e+00	3.9519061504447812e+00
3.7873644768276998e-03	0.0000000000000000e+00	4.0745898036449386e+00
3.8048177693476401e-03	0.0000000000000000e+00	4.0947334364847263e+00
3.8222710618675800e-03	0.0000000000000000e+00	4.0112434157370611e+00
3.8397243543875199e-03	0.0000000000000000e+00	3.8275842768258830e+00
3.8571776469074701e-03	0.0000000000000000e+00	3.5503960307305280e+00
3.8746309394274100e-03	0.0000000000000000e+00	3.1820981677072000e+00
3.8920842319473499e-03	0.0000000000000000e+00	2.7359981251189072e+00
3.9095375244672997e-03	0.0000000000000000e+00	2.2200206155182558e+00
3.9269908169872400e-03	0.0000000000000000e+00	1.9505964411262944e+00
3.9444441095071803e-03	0.0000000000000000e+00	1.9745152103037902e+00
3.9618974020271302e-03	0.0000000000000000e+00	1.9619850972197352e+00
3.9793506945470696e-03	0.0000000000000000e+00	1.9120840519359037e+00
3.9968039870670099e-03	0.0000000000000000e+00	1.8351342292932791e+00
4.0142572795869597e-03	0.0000000000000000e+00	1.8170215125667972e+00
4.0317105721069000e-03	0.0000000000000000e+00	2.3630678073710536e+00
4.0491638646268403e-03	0.0000000000000000e+00	2.8856621424605051e+00
4.0666171571467902e-03	0.0000000000000000e+00	3.3587868767770002e+00
4.0840704496667296e-03	0.0000000000000000e+00	3.7540103347393865e+00
4.1015237421866699e-03	0.0000000000000000e+00	4.0735205710231730e+00
4.1189770347066198e-03	0.0000000000000000e+00	4.2981847942360449e+00
4.1364303272265601e-03	0.0000000000000000e+00	4.4293228907179696e+00
4.1538836197465004e-03	0.0000000000000000e+00	4.4546425956528459e+00
4.1713369122664502e-03	0.0000000000000000e+00	4.3726904972869267e+00
4.1887902047863896e-03	0.0000000000000000e+00	4.1867543746913221e+00
4.2062434973063299e-03	0.0000000000000000e+00	3.9025406420775424e+00
4.2236967898262798e-03	0.0000000000000000e+00	3.5216249913160249e+00
4.2411500823462201e-03	0.0000000000000000e+00	3.0568966955732040e+00
4.2586033748661604e-03	0.0000000000000000e+00	2.5157628992495784e+00
4.2760566673861102e-03	0.0000000000000000e+00	2.1735997373116001e+00
4.2935099599060497e-03	0.0000000000000000e+00	2.1780109604494426e+00
4.3109632524259900e-03	0.0000000000000000e+00	2.1401618564537288e+00
4.3284165449459398e-03	0.0000000000000000e+00	2.0607847006667392e+00
4.3458698374658801e-03	0.0000000000000000e+00	1.9533620427926381e+00
4.3633231299858204e-03	0.0000000000000000e+00	1.8627596612613160e+00
4.3807764225057702e-03	0.0000000000000000e+00	2.3821001263827295e+00
4.3982297150257097e-03	0.0000000000000000e+00	2.9461627474961203e+00
4.4156830075456500e-03	0.0000000000000000e+00	3.4564383222567940e+00
4.4331363000655998e-03	0.0000000000000000e+00	3.8810744176687089e+00
4.4505895925855401e-03	0.0000000000000000e+00	4.2220824839114481e+00
4.4680428851054804e-03	0.0000000000000000e+00	4.4579194561290780e+00
4.4854961776254303e-03	0.0000000000000000e+00	4.5897169557404212e+00
4.5029494701453697e-03	0.0000000000000000e+00	4.6054848915276159e+00
4.5204027626653100e-03	0.0000000000000000e+00	4.5046507633516288e+00
4.5378560551852598e-03	0.0000000000000000e+00	4.2917128588456910e+00
4.5553093477052001e-03	0.0000000000000000e+00	3.9749523655154908e+00
4.5727626402251396e-03	0.0000000000000000e+00	3.5574732180486457e+00
4.5902159327450903e-03	0.0000000000000000e+00	3.0548315584276362e+00
4.6076692252650297e-03	0.0000000000000000e+00	2.4760434910097486e+00
4.6251225177849700e-03	0.0000000000000000e+00	2.1219334860270287e+00
4.6425758103049199e-03	0.0000000000000000e+00	2.1394994104986269e+00
4.6600291028248602e-03	0.0000000000000000e+00	2.1184667537220703e+00
4.6774823953447996e-03	0.0000000000000000e+00	2.0573252757155323e+00
4.6949356878647503e-03	0.0000000000000000e+00	1.9692397013078475e+00
4.7123889803846897e-03	0.0000000000000000e+00	1.9993026840799137e+00
4.7298422729046300e-03	0.0000000000000000e+00	2.5963580846586094e+00
4.7472955654245799e-03	0.0000000000000000e+00	3.1662144753880428e+00
4.7647488579445202e-03	0.0000000000000000e+00	3.6809119381683155e+00
4.7822021504644596e-03	0.0000000000000000e+00	4.1090302002304675e+00
4.7996554429844103e-03	0.0000000000000000e+00	4.4532234092463527e+00
4.8171087355043498e-03	0.0000000000000000e+00	4.6933148150363619e+00
4.8345620280242901e-03	0.0000000000000000e+00	4.8312442072892647e+00
4.8520153205442399e-03	0.0000000000000000e+00	4.8537816007242141e+00
4.8694686130641802e-03	0.0000000000000000e+00	4.7597694529369523e+00
4.8869219055841196e-03	0.0000000000000000e+00	4.5533942469556576e+00
4.9043751981040704e-03	0.0000000000000000e+00	4.2408851989116210e+00
4.9218284906240098e-03	0.0000000000000000e+00	3.8243851419042820e+00
4.9392817831439501e-03	0.0000000000000000e+00	3.3184890269171907e+00
4.9567350756638999e-03	0.0000000000000000e+00	2.7308412507432238e+00
4.9741883681838402e-03	0.0000000000000000e+00	2.3105529938642961e+00
4.9916416607037797e-03	0.0000000000000000e+00	2.3072131912449199e+00
5.0090949532237304e-03	0.0000000000000000e+00	2.2598669979317036e+00
5.0265482457436698e-03	0.0000000000000000e+00	2.1687543022637255e+00
5.0440015382636101e-03	0.0000000000000000e+00	2.0497721392229753e+00
5.0614548307835600e-03	0.0000000000000000e+00	1.9534814754543695e+00
5.0789081233035003e-03	0.0000000000000000e+00	2.5432969492234765e+00
5.0963614158234397e-03	0.0000000000000000e+00	3.1441106209204071e+00
5.1138147083433904e-03	0.0000000000000000e+00	3.6869059805946103e+00
5.1312680008633298e-03	0.0000000000000000e+00	4.1370963829033096e+00
5.1487212933832701e-03	0.0000000000000000e+00	4.4968388834015682e+00
5.1661745859032200e-03	0.0000000000000000e+00	4.7439144824746382e+00
5.1836278784231603e-03	0.0000000000000000e+00	4.8800775145574429e+00
5.2010811709430997e-03	0.0000000000000000e+00	4.8926223478084667e+00
5.2185344634630504e-03	0.0000000000000000e+00	4.7813517110230608e+00
5.2359877559829899e-03	0.0000000000000000e+00	4.5514386072049984e+00
5.2534410485029302e-03	0.0000000000000000e+00	4.2121249542039454e+00
5.2708943410228696e-03	0.0000000000000000e+00	3.7669555053630197e+00
5.2883476335428203e-03	0.0000000000000000e+00	3.2328177881757529e+00
5.3058009260627597e-03	0.0000000000000000e+00	2.6193009965992560e+00
5.3232542185827000e-03	0.0000000000000000e+00	2.2067835953666242e+00
5.3407075111026499e-03	0.0000000000000000e+00	2.2200387991766881e+00
5.3581608036225902e-03	0.0000000000000000e+00	2.1934572901698761e+00
5.3756140961425296e-03	0.0000000000000000e+00	2.1259042851774317e+00
5.3930673886624803e-03	0.0000000000000000e+00	2.0313224193647659e+00
5.4105206811824198e-03	0.0000000000000000e+00	2.0935147834260985e+00
5.4279739737023601e-03	0.0000000000000000e+00	2.7170965087850050e+00
5.4454272662223099e-03	0.0000000000000000e+00	3.3114154999335281e+00
5.4628805587422502e-03	0.0000000000000000e+00	3.8476405293230327e+00
5.4803338512621896e-03	0.0000000000000000e+00	4.2926059559938281e+00
5.4977871437821403e-03	0.0000000000000000e+00	4.6491547688434922e+00
5.5152404363020798e-03	0.0000000000000000e+00	4.8967588649715905e+00
5.5326937288220201e-03	0.0000000000000000e+00	5.0377698822582584e+00
5.5501470213419699e-03	0.0000000000000000e+00	5.0584268167716173e+00
5.5676003138619102e-03	0.0000000000000000e+00	4.9577716897214081e+00
5.5850536063818497e-03	0.0000000000000000e+00	4.7404785008091919e+00
5.6025068989018004e-03	0.0000000000000000e+00	4.4131294277070827e+00
5.6199601914217398e-03	0.0000000000000000e+00	3.9781643865135496e+00
5.6374134839416801e-03	0.0000000000000000e+00	3.4510873447637982e+00
5.6548667764616299e-03	0.0000000000000000e+00	2.8396761564826938e+00
5.6723200689815702e-03	0.0000000000000000e+00	2.3786399582657412e+00
5.6897733615015097e-03	0.0000000000000000e+00	2.3707186038597952e+00
5.7072266540214604e-03	0.0000000000000000e+00	2.3176962887995112e+00
5.7246799465413998e-03	0.0000000000000000e+00	2.2202351879195859e+00
5.7421332390613401e-03	0.0000000000000000e+00	2.0947752997335116e+00
5.7595865315812900e-03	0.0000000000000000e+00	1.9951927505954776e+00
5.7770398241012303e-03	0.0000000000000000e+00	2.6220606669072390e+00
5.7944931166211697e-03	0.0000000000000000e+00	3.2405477652579524e+00
5.8119464091411204e-03	0.0000000000000000e+00	3.7988411013204977e+00
5.8293997016610598e-03	0.0000000000000000e+00	4.2610118031751272e+00
5.8468529941810002e-03	0.0000000000000000e+00	4.6293149729411533e+00
5.8643062867009500e-03	0.0000000000000000e+00	4.8812529981025925e+00
5.8817595792208903e-03	0.0000000000000000e+00	5.0189297068501908e+00
5.8992128717408297e-03	0.0000000000000000e+00	5.0293153058715383e+00
5.9166661642607796e-03	0.0000000000000000e+00	4.9124317103987956e+00
5.9341194567807199e-03	0.0000000000000000e+00	4.6738257897803974e+00
5.9515727493006602e-03	0.0000000000000000e+00	4.3232146518391383e+00
5.9690260418206100e-03	0.0000000000000000e+00	3.8643870297993397e+00
5.9864793343405503e-03	0.0000000000000000e+00	3.3149085040519060e+00
6.0039326268604898e-03	0.0000000000000000e+00	2.6846179865119950e+00
6.0213859193804396e-03	0.0000000000000000e+00	2.2445127568801331e+00
6.0388392119003799e-03	0.0000000000000000e+00	2.2554425937238838e+00
6.0562925044203202e-03	0.0000000000000000e+00	2.2260185453191728e+00
6.0737457969402700e-03	0.0000000000000000e+00	2.1554080762823684e+00
6.0911990894602103e-03	0.0000000000000000e+00	2.0578222186069191e+00
6.1086523819801498e-03	0.0000000000000000e+00	2.1397763752433852e+00
6.1261056745000996e-03	0.0000000000000000e+00	2.7755205133083356e+00
6.1435589670200399e-03	0.0000000000000000e+00	3.3809485536195361e+00
6.1610122595399802e-03	0.0000000000000000e+00	3.9268158540183924e+00
6.1784655520599301e-03	0.0000000000000000e+00	4.3792172108545051e+00
6.1959188445798704e-03	0.0000000000000000e+00	4.7411423160904560e+00
6.2133721370998098e-03	0.0000000000000000e+00	4.9918800693956964e+00
6.2308254296197596e-03	0.0000000000000000e+00	5.1339804609622997e+00
6.2482787221396999e-03	0.0000000000000000e+00	5.1534806318000053e+00
6.2657320146596402e-03	0.0000000000000000e+00	5.0495332504994748e+00
6.2831853071795901e-03	0.0000000000000000e+00	4.8270811904902224e+00
6.3006385996995304e-03	0.0000000000000000e+00	4.4928303334673263e+00
6.3180918922194698e-03	0.0000000000000000e+00	4.0493925941289328e+00
6.3355451847394197e-03	0.0000000000000000e+00	3.5127205884194028e+00
6.3529984772593600e-03	0.0000000000000000e+00	2.8906051521742100e+00
6.3704517697793003e-03	0.0000000000000000e+00	2.4069583614028947e+00
6.3879050622992501e-03	0.0000000000000000e+00	2.3967145217103321e+00
6.4053583548191904e-03	0.0000000000000000e+00	2.3409540025439348e+00
6.4228116473391298e-03	0.0000000000000000e+00	2.2404762470039703e+00
6.4402649398590797e-03	0.0000000000000000e+00	2.1119687287545581e+00
6.4577182323790200e-03	0.0000000000000000e+00	2.0104778925922666e+00
6.4751715248989603e-03	0.0000000000000000e+00	2.6538398265778951e+00
6.4926248174188997e-03	0.0000000000000000e+00	3.2797874914444209e+00
6.5100781099388504e-03	0.0000000000000000e+00	3.8446643932951146e+00
6.5275314024587899e-03	0.0000000000000000e+00	4.3118809593970733e+00
6.5449846949787302e-03	0.0000000000000000e+00	4.6836945261662608e+00
6.5624379874986800e-03	0.0000000000000000e+00	4.9375794177760062e+00
6.5798912800186203e-03	0.0000000000000000e+00	5.0758320244885056e+00
6.5973445725385597e-03	0.0000000000000000e+00	5.0852522979046633e+00
6.6147978650585096e-03	0.0000000000000000e+00	4.9659697773066682e+00
6.6322511575784499e-03	0.0000000000000000e+00	4.7236796457046664e+00
6.6497044500983902e-03	0.0000000000000000e+00	4.3683559141928070e+00
6.6671577426183400e-03	0.0000000000000000e+00	3.9038730332910805e+00
6.6846110351382803e-03	0.0000000000000000e+00	3.3480727288970553e+00
6.7020643276582198e-03	0.0000000000000000e+00	2.7109293035882422e+00
6.7195176201781696e-03	0.0000000000000000e+00	2.2580740767927061e+00
6.7369709126981099e-03	0.0000000000000000e+00	2.2678748383083374e+00
6.7544242052180502e-03	0.0000000000000000e+00	2.2371414029045331e+00
6.7718774977380001e-03	0.0000000000000000e+00	2.1652286176923599e+00
6.7893307902579404e-03	0.0000000000000000e+00	2.0664460921919021e+00
6.8067840827778798e-03	0.0000000000000000e+00	2.1581024129877875e+00
6.8242373752978296e-03	0.0000000000000000e+00	2.7985326222600921e+00
6.8416906678177699e-03	0.0000000000000000e+00	3.4082088307668763e+00
6.8591439603377102e-03	0.0000000000000000e+00	3.9577307310888057e+00
6.8765972528576601e-03	0.0000000000000000e+00	4.4128957284285182e+00
6.8940505453776004e-03	0.0000000000000000e+00	4.7767617139621539e+00
6.9115038378975398e-03	0.0000000000000000e+00	5.0285594809524010e+00
6.9289571304174897e-03	0.0000000000000000e+00	5.1709137421103781e+00
6.9464104229374300e-03	0.0000000000000000e+00	5.1897956831572110e+00
6.9638637154573703e-03	0.0000000000000000e+00	5.0844098724188349e+00
6.9813170079773201e-03	0.0000000000000000e+00	4.8598266222775113e+00
6.9987703004972604e-03	0.0000000000000000e+00	4.5227764112873876e+00
7.0162235930171998e-03	0.0000000000000000e+00	4.0759575676160962e+00
7.0336768855371497e-03	0.0000000000000000e+00	3.5355202887001598e+00
7.0511301780570900e-03	0.0000000000000000e+00	2.9092252484921475e+00
7.0685834705770303e-03	0.0000000000000000e+00	2.4191052373245148e+00
7.0860367630969801e-03	0.0000000000000000e+00	2.4078317453437710e+00
7.1034900556169204e-03	0.0000000000000000e+00	2.3508949215079884e+00
7.1209433481368599e-03	0.0000000000000000e+00	2.2491128436203414e+00
7.1383966406568097e-03	0.0000000000000000e+00	2.1192600944963580e+00
7.1558499331767500e-03	0.0000000000000000e+00	2.0164814801677924e+00
7.1733032256966903e-03	0.0000000000000000e+00	2.6665361212643530e+00
7.1907565182166401e-03	0.0000000000000000e+00	3.2952228249753288e+00
7.2082098107365796e-03	0.0000000000000000e+00	3.8624664126910697e+00
7.2256631032565199e-03	0.0000000000000000e+00	4.3314613482178492e+00
7.2431163957764697e-03	0.0000000000000000e+00	4.7044804045726378e+00
7.2605696882964100e-03	0.0000000000000000e+00	4.9589754122399725e+00
7.2780229808163503e-03	0.0000000000000000e+00	5.0973302312344506e+00
7.2954762733363002e-03	0.0000000000000000e+00	5.1062834509331543e+00
7.3129295658562396e-03	0.0000000000000000e+00	4.9860100218142200e+00
7.3303828583761799e-03	0.0000000000000000e+00	4.7422581524363103e+00
7.3478361508961297e-03	0.0000000000000000e+00	4.3851135206535821e+00
7.3652894434160700e-03	0.0000000000000000e+00	3.9184770540909830e+00
7.3827427359360103e-03	0.0000000000000000e+00	3.3602843028562468e+00
7.4001960284559602e-03	0.0000000000000000e+00	2.7205803502448282e+00
7.4176493209758996e-03	0.0000000000000000e+00	2.2614186986207998e+00
7.4351026134958399e-03	0.0000000000000000e+00	2.2708562034813391e+00
7.4525559060157898e-03	0.0000000000000000e+00	2.2397090785105616e+00
7.4700091985357301e-03	0.0000000000000000e+00	2.1674558886168462e+00
7.4874624910556704e-03	0.0000000000000000e+00	2.0684384276612735e+00
7.5049157835756202e-03	0.0000000000000000e+00	2.1647368846677906e+00
7.5223690760955596e-03	0.0000000000000000e+00	2.8068541575474630e+00
7.5398223686154999e-03	0.0000000000000000e+00	3.4180635448632617e+00
7.5572756611354498e-03	0.0000000000000000e+00	3.9688967229606602e+00
7.5747289536553901e-03	0.0000000000000000e+00	4.4250539473010289e+00
7.5921822461753304e-03	0.0000000000000000e+00	4.7896360424690982e+00
7.6096355386952802e-03	0.0000000000000000e+00	5.0418426795937563e+00
7.6270888312152197e-03	0.0000000000000000e+00	5.1843083244424948e+00
7.6445421237351600e-03	0.0000000000000000e+00	5.2029989630067117e+00
7.6619954162551098e-03	0.0000000000000000e+00	5.0971400583154578e+00
7.6794487087750501e-03	0.0000000000000000e+00	4.8718691766728215e+00
7.6969020012949904e-03	0.0000000000000000e+00	4.5338849223499089e+00
7.7143552938149403e-03	0.0000000000000000e+00	4.0859367892993426e+00
7.7318085863348797e-03	0.0000000000000000e+00	3.5442684856818314e+00
7.7492618788548200e-03	0.0000000000000000e+00	2.9165835020022919e+00
7.7667151713747698e-03	0.0000000000000000e+00	2.4233586443011146e+00
7.7841684638947101e-03	0.0000000000000000e+00	2.4116132239859613e+00
7.8016217564146496e-03	0.0000000000000000e+00	2.3541644025659307e+00
7.8190750489345994e-03	0.0000000000000000e+00	2.2517778974650868e+00
7.8365283414545406e-03	0.0000000000000000e+00	2.1212621054154197e+00
7.8539816339744800e-03	0.0000000000000000e+00	2.0173249371329121e+00
7.8714349264944194e-03	0.0000000000000000e+00	2.6696575159200346e+00
7.8888882190143693e-03	0.0000000000000000e+00	3.2991598214549547e+00
7.9063415115343105e-03	0.0000000000000000e+00	3.8671558887972730e+00
7.9237948040542603e-03	0.0000000000000000e+00	4.3367094305823848e+00
7.9412480965741997e-03	0.0000000000000000e+00	4.7100506926908299e+00
7.9587013890941392e-03	0.0000000000000000e+00	4.9646827062334333e+00
7.9761546816140907e-03	0.0000000000000000e+00	5.1030546011327091e+00
7.9936079741340302e-03	0.0000000000000000e+00	5.1118471022980376e+00
8.0110612666539696e-03	0.0000000000000000e+00	4.9912515568490976e+00
8.0285145591739195e-03	0.0000000000000000e+00	4.7469958648405512e+00
8.0459678516938606e-03	0.0000000000000000e+00	4.3892776404510894e+00
8.0634211442138001e-03	0.0000000000000000e+00	3.9219709436524948e+00
8.0808744367337395e-03	0.0000000000000000e+00	3.3630076996551597e+00
8.0983277292536893e-03	0.0000000000000000e+00	2.7225223684395865e+00
8.1157810217736305e-03	0.0000000000000000e+00	2.2621658929874910e+00
8.1332343142935803e-03	0.0000000000000000e+00	2.2715287256913710e+00
8.1506876068135198e-03	0.0000000000000000e+00	2.2402968364660247e+00
8.1681408993334592e-03	0.0000000000000000e+00	2.1680426782936628e+00
8.1855941918534108e-03	0.0000000000000000e+00	2.0691117213621575e+00
8.2030474843733502e-03	0.0000000000000000e+00	2.1672843842463001e+00
8.2205007768932897e-03	0.0000000000000000e+00	2.8099234064265848e+00
8.2379540694132308e-03	0.0000000000000000e+00	3.4215906862241003e+00
8.2554073619331807e-03	0.0000000000000000e+00	3.9727506416999336e+00
8.2728606544531201e-03	0.0000000000000000e+00	4.4291338002156477e+00
8.2903139469730595e-03	0.0000000000000000e+00	4.7939043888046671e+00
8.3077672394930094e-03	0.0000000000000000e+00	5.0462012519769166e+00
8.3252205320129506e-03	0.0000000000000000e+00	5.1886219524234196e+00
8.3426738245328900e-03	0.0000000000000000e+00	5.2071771024002711e+00
8.3601271170528398e-03	0.0000000000000000e+00	5.1010998671790002e+00
8.3775804095727793e-03	0.0000000000000000e+00	4.8755917909103408e+00
8.3950337020927204e-03	0.0000000000000000e+00	4.5372584594112038e+00
8.4124869946126703e-03	0.0000000000000000e+00	4.0889070489479939e+00
8.4299402871326097e-03	0.0000000000000000e+00	3.5468505896022502e+00
8.4473935796525491e-03	0.0000000000000000e+00	2.9186947884998471e+00
8.4648468721725007e-03	0.0000000000000000e+00	2.4252172276347181e+00
8.4823001646924402e-03	0.0000000000000000e+00	2.4132818121812951e+00
8.4997534572123796e-03	0.0000000000000000e+00	2.3556352776828096e+00
8.5172067497323294e-03	0.0000000000000000e+00	2.2529679401472289e+00
8.5346600422522706e-03	0.0000000000000000e+00	2.1221040826428088e+00
8.5521133347722100e-03	0.0000000000000000e+00	2.0172252867995857e+00
8.5695666272921599e-03	0.0000000000000000e+00	2.6711108644635928e+00
8.5870199198120993e-03	0.0000000000000000e+00	3.3008492745934004e+00
8.6044732123320405e-03	0.0000000000000000e+00	3.8690916079608901e+00
8.6219265048519903e-03	0.0000000000000000e+00	4.3388337652025637e+00
8.6393797973719298e-03	0.0000000000000000e+00	4.7122622604944260e+00
8.6568330898918692e-03	0.0000000000000000e+00	4.9669256607586725e+00
8.6742863824118208e-03	0.0000000000000000e+00	5.1053295962918499e+00
8.6917396749317602e-03	0.0000000000000000e+00	5.1141021461233347e+00
8.7091929674516996e-03	0.0000000000000000e+00	4.9934399325035184e+00
8.7266462599716495e-03	0.0000000000000000e+00	4.7490284283551096e+00
8.7440995524915906e-03	0.0000000000000000e+00	4.3911710830866459e+00
8.7615528450115301e-03	0.0000000000000000e+00	3.9236969664830053e+00
8.7790061375314799e-03	0.0000000000000000e+00	3.3644971709051474e+00
8.7964594300514194e-03	0.0000000000000000e+00	2.7238114195344791e+00
8.8139127225713605e-03	0.0000000000000000e+00	2.2614932519232900e+00
8.8313660150913104e-03	0.0000000000000000e+00	2.2708972316561407e+00
8.8488193076112498e-03	0.0000000000000000e+00	2.2396974767094031e+00
8.8662726001311892e-03	0.0000000000000000e+00	2.1675620733124306e+00
8.8837258926511408e-03	0.0000000000000000e+00	2.0688286143202710e+00
8.9011791851710802e-03	0.0000000000000000e+00	2.1670057117870569e+00
8.9186324776910197e-03	0.0000000000000000e+00	2.8097980208835143e+00
8.9360857702109695e-03	0.0000000000000000e+00	3.4216132706129483e+00
8.9535390627309107e-03	0.0000000000000000e+00	3.9728677252731619e+00
8.9709923552508501e-03	0.0000000000000000e+00	4.4293208626326646e+00
8.9884456477708000e-03	0.0000000000000000e+00	4.7941837646817564e+00
9.0058989402907394e-03	0.0000000000000000e+00	5.0465530785685084e+00
9.0233522328106806e-03	0.0000000000000000e+00	5.1889782651593546e+00
9.0408055253306304e-03	0.0000000000000000e+00	5.2075159727519198e+00
9.0582588178505698e-03	0.0000000000000000e+00	5.1014007809458857e+00
9.0757121103705093e-03	0.0000000000000000e+00	4.8758895212983653e+00
9.0931654028904609e-03	0.0000000000000000e+00	4.5374857689518491e+00
9.1106186954104003e-03	0.0000000000000000e+00	4.0890509968620758e+00
9.1280719879303397e-03	0.0000000000000000e+00	3.5469567309153689e+00
9.1455252804502896e-03	0.0000000000000000e+00	2.9187012642096413e+00
9.1629785729702307e-03	0.0000000000000000e+00	2.4262042762315299e+00
9.1804318654901702e-03	0.0000000000000000e+00	2.4141334292531287e+00
9.1978851580101200e-03	0.0000000000000000e+00	2.3563489287761419e+00
9.2153384505300594e-03	0.0000000000000000e+00	2.2534650431507912e+00
9.2327917430500006e-03	0.0000000000000000e+00	2.1223151986898889e+00
9.2502450355699505e-03	0.0000000000000000e+00	2.0165588061255613e+00
9.2676983280898899e-03	0.0000000000000000e+00	2.6720738659036760e+00
9.2851516206098293e-03	0.0000000000000000e+00	3.3018122146581415e+00
9.3026049131297792e-03	0.0000000000000000e+00	3.8700980701636700e+00
9.3200582056497203e-03	0.0000000000000000e+00	4.3398693569256128e+00
9.3375114981696598e-03	0.0000000000000000e+00	4.7132560457007902e+00
9.3549647906896096e-03	0.0000000000000000e+00	4.9678623321784290e+00
9.3724180832095508e-03	0.0000000000000000e+00	5.1062547665238514e+00
9.3898713757294902e-03	0.0000000000000000e+00	5.1150038120251846e+00
9.4073246682494296e-03	0.0000000000000000e+00	4.9943069860680938e+00
9.4247779607693795e-03	0.0000000000000000e+00	4.7497926831877599e+00
9.4422312532893207e-03	0.0000000000000000e+00	4.3918848486101236e+00
9.4596845458092705e-03	0.0000000000000000e+00	3.9243547586912184e+00
9.4771378383292099e-03	0.0000000000000000e+00	3.3650361081097220e+00
9.4945911308491494e-03	0.0000000000000000e+00	2.7242891234779085e+00
9.5120444233690905e-03	0.0000000000000000e+00	2.2612595965183329e+00
9.5294977158890404e-03	0.0000000000000000e+00	2.2707524298952508e+00
9.5469510084089798e-03	0.0000000000000000e+00	2.2396388265223197e+00
9.5644043009289192e-03	0.0000000000000000e+00	2.1676679010488002e+00
9.5818575934488708e-03	0.0000000000000000e+00	2.0692206682825067e+00
9.5993108859688103e-03	0.0000000000000000e+00	2.1664682447981432e+00
9.6167641784887497e-03	0.0000000000000000e+00	2.8093594140115119e+00
9.6342174710086995e-03	0.0000000000000000e+00	3.4212652227014613e+00
9.6516707635286407e-03	0.0000000000000000e+00	3.9725328687558648e+00
9.6691240560485905e-03	0.0000000000000000e+00	4.4289908759736472e+00
9.6865773485685300e-03	0.0000000000000000e+00	4.7939197888850158e+00
9.7040306410884694e-03	0.0000000000000000e+00	5.0463462461380173e+00
9.7214839336084106e-03	0.0000000000000000e+00	5.1887548483430246e+00
9.7389372261283604e-03	0.0000000000000000e+00	5.2072689571603012e+00
9.7563905186482999e-03	0.0000000000000000e+00	5.1011237596933032e+00
9.7738438111682393e-03	0.0000000000000000e+00	4.8756433532103811e+00
9.7912971036881909e-03	0.0000000000000000e+00	4.5371993177263343e+00
9.8087503962081303e-03	0.0000000000000000e+00	4.0887208470704977e+00
9.8262036887280697e-03	0.0000000000000000e+00	3.5466467164879938e+00
9.8436569812480196e-03	0.0000000000000000e+00	2.9183431153170316e+00
9.8611102737679607e-03	0.0000000000000000e+00	2.4263618788729207e+00
9.8785635662879106e-03	0.0000000000000000e+00	2.4141968759369172e+00
9.8960168588078500e-03	0.0000000000000000e+00	2.3563215286009918e+00
9.9134701513277895e-03	0.0000000000000000e+00	2.2532729812156380e+00
9.9309234438477306e-03	0.0000000000000000e+00	2.1218960048638951e+00
9.9483767363676805e-03	0.0000000000000000e+00	2.0153667150191299e+00
9.9658300288876199e-03	0.0000000000000000e+00	2.6731412953157880e+00
9.9832833214075593e-03	0.0000000000000000e+00	3.3028448404786839e+00
1.0000736613927501e-02	0.0000000000000000e+00	3.8711691265125032e+00
1.0018189906447501e-02	0.0000000000000000e+00	4.3409762473732494e+00
1.0035643198967400e-02	0.0000000000000000e+00	4.7143237689744515e+00
1.0053096491487300e-02	0.0000000000000000e+00	4.9688897127547058e+00
1.0070549784007300e-02	0.0000000000000000e+00	5.1073120955422855e+00
1.0088003076527199e-02	0.0000000000000000e+00	5.1160877207153446e+00
1.0105456369047200e-02	0.0000000000000000e+00	4.9954142829750285e+00
1.0122909661567101e-02	0.0000000000000000e+00	4.7508522106911135e+00
1.0140362954087099e-02	0.0000000000000000e+00	4.3929651013111268e+00
1.0157816246607001e-02	0.0000000000000000e+00	3.9254540165840464e+00
1.0175269539126900e-02	0.0000000000000000e+00	3.3660845931409868e+00
1.0192722831646900e-02	0.0000000000000000e+00	2.7253556577413844e+00
1.0210176124166800e-02	0.0000000000000000e+00	2.2611695370050864e+00
1.0227629416686800e-02	0.0000000000000000e+00	2.2707343489388441e+00
1.0245082709206699e-02	0.0000000000000000e+00	2.2396909383036840e+00
1.0262536001726700e-02	0.0000000000000000e+00	2.1678596657053415e+00
1.0279989294246601e-02	0.0000000000000000e+00	2.0696769091091118e+00
1.0297442586766500e-02	0.0000000000000000e+00	2.1648838993836739e+00
1.0314895879286501e-02	0.0000000000000000e+00	2.8078200988548394e+00
1.0332349171806400e-02	0.0000000000000000e+00	3.4197718895417712e+00
1.0349802464326400e-02	0.0000000000000000e+00	3.9710185509720559e+00
1.0367255756846300e-02	0.0000000000000000e+00	4.4274552727459993e+00
1.0384709049366300e-02	0.0000000000000000e+00	4.7924311415104173e+00
1.0402162341886199e-02	0.0000000000000000e+00	5.0449053286620122e+00
1.0419615634406101e-02	0.0000000000000000e+00	5.1872926463486291e+00
1.0437068926926101e-02	0.0000000000000000e+00	5.2057855680696825e+00
1.0454522219446000e-02	0.0000000000000000e+00	5.0996194921949867e+00
1.0471975511966001e-02	0.0000000000000000e+00	4.8741891047203998e+00
1.0489428804485900e-02	0.0000000000000000e+00	4.5357251286829738e+00
1.0506882097005900e-02	0.0000000000000000e+00	4.0872265970833404e+00
1.0524335389525800e-02	0.0000000000000000e+00	3.5452044359224506e+00
1.0541788682045699e-02	0.0000000000000000e+00	2.9168815000414048e+00
1.0559241974565699e-02	0.0000000000000000e+00	2.4264207354086511e+00
1.0576695267085601e-02	0.0000000000000000e+00	2.4141781255611425e+00
1.0594148559605601e-02	0.0000000000000000e+00	2.3562252953500664e+00
1.0611601852125500e-02	0.0000000000000000e+00	2.2530351846661070e+00
1.0629055144645501e-02	0.0000000000000000e+00	2.1214611483600443e+00
1.0646508437165400e-02	0.0000000000000000e+00	2.0167233194372081e+00
1.0663961729685400e-02	0.0000000000000000e+00	2.6750516907541551e+00
1.0681415022205300e-02	0.0000000000000000e+00	3.3047032293013539e+00
1.0698868314725199e-02	0.0000000000000000e+00	3.8730377790662476e+00
1.0716321607245199e-02	0.0000000000000000e+00	4.3428536372012694e+00
1.0733774899765101e-02	0.0000000000000000e+00	4.7161420978080839e+00
1.0751228192285101e-02	0.0000000000000000e+00	4.9706455062991335e+00
1.0768681484805000e-02	0.0000000000000000e+00	5.1090716086620098e+00
1.0786134777325001e-02	0.0000000000000000e+00	5.1178508723540279e+00
1.0803588069844900e-02	0.0000000000000000e+00	4.9971812269275269e+00
1.0821041362364800e-02	0.0000000000000000e+00	4.7525502791561696e+00
1.0838494654884800e-02	0.0000000000000000e+00	4.3946647544536646e+00
1.0855947947404699e-02	0.0000000000000000e+00	3.9271551381738861e+00
1.0873401239924699e-02	0.0000000000000000e+00	3.3677132856652801e+00
1.0890854532444601e-02	0.0000000000000000e+00	2.7269842901465160e+00
1.0908307824964599e-02	0.0000000000000000e+00	2.2613567937639760e+00
1.0925761117484500e-02	0.0000000000000000e+00	2.2710006875916862e+00
1.0943214410004400e-02	0.0000000000000000e+00	2.2400347517090475e+00
1.0960667702524400e-02	0.0000000000000000e+00	2.1683404917231694e+00
1.0978120995044300e-02	0.0000000000000000e+00	2.0703993231167059e+00
1.0995574287564300e-02	0.0000000000000000e+00	2.1628366962883558e+00
1.1013027580084199e-02	0.0000000000000000e+00	2.8058407187159022e+00
1.1030480872604199e-02	0.0000000000000000e+00	3.4178624442274943e+00
1.1047934165124101e-02	0.0000000000000000e+00	3.9691089047394739e+00
1.1065387457644000e-02	0.0000000000000000e+00	4.4255449383956789e+00
1.1082840750164000e-02	0.0000000000000000e+00	4.7905913491428231e+00
1.1100294042683900e-02	0.0000000000000000e+00	5.0431366743418433e+00
1.1117747335203900e-02	0.0000000000000000e+00	5.1855217050541675e+00
1.1135200627723800e-02	0.0000000000000000e+00	5.2040114749064923e+00
1.1152653920243800e-02	0.0000000000000000e+00	5.0978413975278292e+00
1.1170107212763699e-02	0.0000000000000000e+00	4.8724801847085679e+00
1.1187560505283699e-02	0.0000000000000000e+00	4.5340109251063359e+00
1.1205013797803601e-02	0.0000000000000000e+00	4.0855067979288382e+00
1.1222467090323500e-02	0.0000000000000000e+00	3.5435527427575844e+00
1.1239920382843500e-02	0.0000000000000000e+00	2.9152234408322202e+00
1.1257373675363400e-02	0.0000000000000000e+00	2.4259658162106827e+00
1.1274826967883400e-02	0.0000000000000000e+00	2.4136480026625255e+00
1.1292280260403300e-02	0.0000000000000000e+00	2.3556236971236784e+00
1.1309733552923300e-02	0.0000000000000000e+00	2.2523118084995395e+00
1.1327186845443199e-02	0.0000000000000000e+00	2.1205663313843046e+00
1.1344640137963101e-02	0.0000000000000000e+00	2.0188918122781190e+00
1.1362093430483101e-02	0.0000000000000000e+00	2.6771524524609749e+00
1.1379546723003000e-02	0.0000000000000000e+00	3.3067374229785060e+00
1.1397000015523000e-02	0.0000000000000000e+00	3.8750822414434807e+00
1.1414453308042900e-02	0.0000000000000000e+00	4.3449095352122322e+00
1.1431906600562900e-02	0.0000000000000000e+00	4.7181332573549213e+00
1.1449359893082800e-02	0.0000000000000000e+00	4.9726128607085540e+00
1.1466813185602699e-02	0.0000000000000000e+00	5.1110061244021310e+00
1.1484266478122699e-02	0.0000000000000000e+00	5.1197961100308156e+00
1.1501719770642601e-02	0.0000000000000000e+00	4.9991390691753912e+00
1.1519173063162601e-02	0.0000000000000000e+00	4.7544462384872714e+00
1.1536626355682500e-02	0.0000000000000000e+00	4.3965748087321126e+00
1.1554079648202500e-02	0.0000000000000000e+00	3.9290795075055445e+00
1.1571532940722400e-02	0.0000000000000000e+00	3.3695766926578608e+00
1.1588986233242300e-02	0.0000000000000000e+00	2.7288635873463822e+00
1.1606439525762300e-02	0.0000000000000000e+00	2.2619718316548454e+00
1.1623892818282199e-02	0.0000000000000000e+00	2.2716749910909009e+00
1.1641346110802199e-02	0.0000000000000000e+00	2.2407698480575431e+00
1.1658799403322101e-02	0.0000000000000000e+00	2.1691809609465351e+00
1.1676252695842101e-02	0.0000000000000000e+00	2.0714259328710170e+00
1.1693705988362000e-02	0.0000000000000000e+00	2.1603947504707750e+00
1.1711159280882000e-02	0.0000000000000000e+00	2.8034573869506789e+00
1.1728612573401900e-02	0.0000000000000000e+00	3.4155368887213555e+00
1.1746065865921800e-02	0.0000000000000000e+00	3.9667644617499778e+00
1.1763519158441800e-02	0.0000000000000000e+00	4.4231812300620046e+00
1.1780972450961699e-02	0.0000000000000000e+00	4.7882842387809106e+00
1.1798425743481699e-02	0.0000000000000000e+00	5.0408865347932199e+00
1.1815879036001601e-02	0.0000000000000000e+00	5.1832521639998754e+00
1.1833332328521601e-02	0.0000000000000000e+00	5.2017226312054552e+00
1.1850785621041500e-02	0.0000000000000000e+00	5.0955330920759563e+00
1.1868238913561400e-02	0.0000000000000000e+00	4.8702292844840356e+00
1.1885692206081400e-02	0.0000000000000000e+00	4.5317409060124882e+00
1.1903145498601300e-02	0.0000000000000000e+00	4.0832178417008516e+00
1.1920598791121300e-02	0.0000000000000000e+00	3.5413222088453264e+00
1.1938052083641199e-02	0.0000000000000000e+00	2.9129746678740380e+00
1.1955505376161199e-02	0.0000000000000000e+00	2.4252913187551393e+00
1.1972958668681101e-02	0.0000000000000000e+00	2.4129236953516000e+00
1.1990411961201000e-02	0.0000000000000000e+00	2.3548510872782988e+00
1.2007865253721000e-02	0.0000000000000000e+00	2.2514924836613872e+00
1.2025318546240900e-02	0.0000000000000000e+00	2.1195840597277815e+00
1.2042771838760900e-02	0.0000000000000000e+00	2.0216839879652140e+00
1.2060225131280800e-02	0.0000000000000000e+00	2.6798904599659927e+00
1.2077678423800800e-02	0.0000000000000000e+00	3.3094193192333261e+00
1.2095131716320699e-02	0.0000000000000000e+00	3.8777797641905183e+00
1.2112585008840600e-02	0.0000000000000000e+00	4.3476215817332093e+00
1.2130038301360601e-02	0.0000000000000000e+00	4.7207868407417557e+00
1.2147491593880500e-02	0.0000000000000000e+00	4.9752829762743174e+00
1.2164944886400500e-02	0.0000000000000000e+00	5.1136194236285712e+00
1.2182398178920400e-02	0.0000000000000000e+00	5.1224248076167900e+00
1.2199851471440400e-02	0.0000000000000000e+00	5.0017807849824854e+00
1.2217304763960300e-02	0.0000000000000000e+00	4.7570252198387522e+00
1.2234758056480201e-02	0.0000000000000000e+00	4.3991654372231341e+00
1.2252211349000199e-02	0.0000000000000000e+00	3.9316813978594181e+00
1.2269664641520101e-02	0.0000000000000000e+00	3.3721133070116305e+00
1.2287117934040101e-02	0.0000000000000000e+00	2.7314100866775646e+00
1.2304571226560000e-02	0.0000000000000000e+00	2.2627282089372125e+00
1.2322024519080000e-02	0.0000000000000000e+00	2.2724789366349976e+00
1.2339477811599900e-02	0.0000000000000000e+00	2.2416157712609794e+00
1.2356931104119900e-02	0.0000000000000000e+00	2.1701052029803596e+00
1.2374384396639800e-02	0.0000000000000000e+00	2.0724809159687783e+00
1.2391837689159701e-02	0.0000000000000000e+00	2.1573670358092780e+00
1.2409290981679699e-02	0.0000000000000000e+00	2.8004889413247116e+00
1.2426744274199601e-02	0.0000000000000000e+00	3.4126303568779726e+00
1.2444197566719601e-02	0.0000000000000000e+00	3.9638515552733335e+00
1.2461650859239500e-02	0.0000000000000000e+00	4.4202626861177121e+00
1.2479104151759500e-02	0.0000000000000000e+00	4.7854306862191347e+00
1.2496557444279400e-02	0.0000000000000000e+00	5.0380999039480736e+00
1.2514010736799299e-02	0.0000000000000000e+00	5.1804605722836046e+00
1.2531464029319300e-02	0.0000000000000000e+00	5.1989259956913676e+00
1.2548917321839201e-02	0.0000000000000000e+00	5.0927320205258244e+00
1.2566370614359199e-02	0.0000000000000000e+00	4.8674971091575525e+00
1.2583823906879101e-02	0.0000000000000000e+00	4.5290048921378743e+00
1.2601277199399101e-02	0.0000000000000000e+00	4.0804778538490796e+00
1.2618730491919000e-02	0.0000000000000000e+00	3.5386523816044635e+00
1.2636183784438900e-02	0.0000000000000000e+00	2.9103005374510893e+00
1.2653637076958900e-02	0.0000000000000000e+00	2.4243821545616742e+00
1.2671090369478799e-02	0.0000000000000000e+00	2.4119731765775629e+00
1.2688543661998800e-02	0.0000000000000000e+00	2.3538607375999385e+00
1.2705996954518701e-02	0.0000000000000000e+00	2.2504647078702309e+00
1.2723450247038699e-02	0.0000000000000000e+00	2.1184456490541939e+00
1.2740903539558601e-02	0.0000000000000000e+00	2.0248087928091785e+00
1.2758356832078500e-02	0.0000000000000000e+00	2.6829512998960539e+00
1.2775810124598500e-02	0.0000000000000000e+00	3.3124144939977902e+00
1.2793263417118400e-02	0.0000000000000000e+00	3.8807791007509733e+00
1.2810716709638400e-02	0.0000000000000000e+00	4.3506249145608287e+00
1.2828170002158299e-02	0.0000000000000000e+00	4.7237235200076180e+00
1.2845623294678300e-02	0.0000000000000000e+00	4.9782239708744127e+00
1.2863076587198201e-02	0.0000000000000000e+00	5.1164920092782333e+00
1.2880529879718199e-02	0.0000000000000000e+00	5.1253015598507350e+00
1.2897983172238101e-02	0.0000000000000000e+00	5.0046623701425279e+00
1.2915436464758000e-02	0.0000000000000000e+00	4.7598384065173436e+00
1.2932889757278000e-02	0.0000000000000000e+00	4.4019834173380614e+00
1.2950343049797900e-02	0.0000000000000000e+00	3.9345043334590102e+00
1.2967796342317900e-02	0.0000000000000000e+00	3.3748680996324727e+00
1.2985249634837799e-02	0.0000000000000000e+00	2.7341702618755526e+00
1.3002702927357800e-02	0.0000000000000000e+00	2.2637903452674601e+00
1.3020156219877701e-02	0.0000000000000000e+00	2.2735738935845315e+00
1.3037609512397600e-02	0.0000000000000000e+00	2.2427410870409368e+00
1.3055062804917601e-02	0.0000000000000000e+00	2.1712795473376514e+00
1.3072516097437500e-02	0.0000000000000000e+00	2.0737270691028247e+00
1.3089969389957500e-02	0.0000000000000000e+00	2.1541434268136816e+00
1.3107422682477400e-02	0.0000000000000000e+00	2.7973285395205418e+00
1.3124875974997400e-02	0.0000000000000000e+00	3.4095330962456836e+00
1.3142329267517299e-02	0.0000000000000000e+00	3.9607468880932117e+00
1.3159782560037201e-02	0.0000000000000000e+00	4.4171500584839194e+00
1.3177235852557199e-02	0.0000000000000000e+00	4.7823800695983634e+00
1.3194689145077100e-02	0.0000000000000000e+00	5.0351117729582340e+00
1.3212142437597101e-02	0.0000000000000000e+00	5.1774634259381003e+00
1.3229595730117000e-02	0.0000000000000000e+00	5.1959196819475295e+00
1.3247049022637000e-02	0.0000000000000000e+00	5.0897161490562643e+00
1.3264502315156900e-02	0.0000000000000000e+00	4.8645430382383505e+00
1.3281955607676799e-02	0.0000000000000000e+00	4.5260410547140255e+00
1.3299408900196799e-02	0.0000000000000000e+00	4.0775039947554887e+00
1.3316862192716701e-02	0.0000000000000000e+00	3.5357401693605004e+00
1.3334315485236699e-02	0.0000000000000000e+00	2.9073779745474164e+00
1.3351768777756600e-02	0.0000000000000000e+00	2.4232344577294436e+00
1.3369222070276601e-02	0.0000000000000000e+00	2.4108056523551431e+00
1.3386675362796500e-02	0.0000000000000000e+00	2.3526719186575957e+00
1.3404128655316400e-02	0.0000000000000000e+00	2.2492602662418153e+00
1.3421581947836400e-02	0.0000000000000000e+00	2.1172003856844515e+00
1.3439035240356299e-02	0.0000000000000000e+00	2.0282067964268724e+00
1.3456488532876299e-02	0.0000000000000000e+00	2.6862924903415544e+00
1.3473941825396201e-02	0.0000000000000000e+00	3.3156978615631276e+00
1.3491395117916199e-02	0.0000000000000000e+00	3.8840722916305230e+00
1.3508848410436100e-02	0.0000000000000000e+00	4.3539284583212332e+00
1.3526301702956101e-02	0.0000000000000000e+00	4.7269692570662913e+00
1.3543754995476000e-02	0.0000000000000000e+00	4.9814795392508318e+00
1.3561208287995900e-02	0.0000000000000000e+00	5.1196906270284099e+00
1.3578661580515900e-02	0.0000000000000000e+00	5.1285107151551408e+00
1.3596114873035799e-02	0.0000000000000000e+00	5.0078809491612333e+00
1.3613568165555799e-02	0.0000000000000000e+00	4.7629983065053842e+00
1.3631021458075701e-02	0.0000000000000000e+00	4.4051533731644099e+00
1.3648474750595699e-02	0.0000000000000000e+00	3.9376838697709156e+00
1.3665928043115600e-02	0.0000000000000000e+00	3.3779886552677612e+00
1.3683381335635500e-02	0.0000000000000000e+00	2.7373004753375572e+00
1.3700834628155500e-02	0.0000000000000000e+00	2.2649708710105076e+00
1.3718287920675400e-02	0.0000000000000000e+00	2.2747648716690576e+00
1.3735741213195400e-02	0.0000000000000000e+00	2.2439398145290186e+00
1.3753194505715299e-02	0.0000000000000000e+00	2.1724886011532885e+00
1.3770647798235299e-02	0.0000000000000000e+00	2.0749373797158919e+00
1.3788101090755201e-02	0.0000000000000000e+00	2.1505706500671060e+00
1.3805554383275100e-02	0.0000000000000000e+00	2.7938091060613974e+00
1.3823007675795100e-02	0.0000000000000000e+00	3.4060685169087108e+00
1.3840460968315000e-02	0.0000000000000000e+00	3.9572748890381431e+00
1.3857914260835000e-02	0.0000000000000000e+00	4.4136711454352833e+00
1.3875367553354900e-02	0.0000000000000000e+00	4.7789578349782724e+00
1.3892820845874900e-02	0.0000000000000000e+00	5.0317473550046694e+00
1.3910274138394799e-02	0.0000000000000000e+00	5.1740925581186028e+00
1.3927727430914701e-02	0.0000000000000000e+00	5.1925426497839950e+00
1.3945180723434701e-02	0.0000000000000000e+00	5.0863333284794123e+00
1.3962634015954600e-02	0.0000000000000000e+00	4.8612197122713079e+00
1.3980087308474600e-02	0.0000000000000000e+00	4.5227121299704063e+00
1.3997540600994500e-02	0.0000000000000000e+00	4.0741699113326284e+00
1.4014993893514500e-02	0.0000000000000000e+00	3.5324668665922649e+00
1.4032447186034400e-02	0.0000000000000000e+00	2.9041000188836015e+00
1.4049900478554400e-02	0.0000000000000000e+00	2.4220189006900905e+00
1.4067353771074299e-02	0.0000000000000000e+00	2.4095858886851760e+00
1.4084807063594201e-02	0.0000000000000000e+00	2.3514540719347532e+00
1.4102260356114201e-02	0.0000000000000000e+00	2.2480433656781780e+00
1.4119713648634100e-02	0.0000000000000000e+00	2.1160076181914471e+00
1.4137166941154100e-02	0.0000000000000000e+00	2.0318753915995003e+00
1.4154620233674000e-02	0.0000000000000000e+00	2.6899066444392425e+00
1.4172073526194000e-02	0.0000000000000000e+00	3.3192564228818844e+00
1.4189526818713900e-02	0.0000000000000000e+00	3.8876331851871533e+00
1.4206980111233799e-02	0.0000000000000000e+00	4.3574912495222549e+00
1.4224433403753799e-02	0.0000000000000000e+00	4.7304748014906473e+00
1.4241886696273701e-02	0.0000000000000000e+00	4.9849874895896225e+00
1.4259339988793701e-02	0.0000000000000000e+00	5.1231392465252652e+00
1.4276793281313600e-02	0.0000000000000000e+00	5.1319612790539235e+00
1.4294246573833600e-02	0.0000000000000000e+00	5.0113340752794020e+00
1.4311699866353500e-02	0.0000000000000000e+00	4.7663921465419898e+00
1.4329153158873400e-02	0.0000000000000000e+00	4.4085492204198937e+00
1.4346606451393400e-02	0.0000000000000000e+00	3.9410819813512536e+00
1.4364059743913299e-02	0.0000000000000000e+00	3.3813260887153840e+00
1.4381513036433299e-02	0.0000000000000000e+00	2.7406398569506982e+00
1.4398966328953201e-02	0.0000000000000000e+00	2.2662408180892704e+00
1.4416419621473201e-02	0.0000000000000000e+00	2.2760297839611292e+00
1.4433872913993100e-02	0.0000000000000000e+00	2.2451983501309476e+00
1.4451326206513000e-02	0.0000000000000000e+00	2.1737248251507113e+00
1.4468779499033000e-02	0.0000000000000000e+00	2.0761095255549016e+00
1.4486232791552900e-02	0.0000000000000000e+00	2.1468726543540617e+00
1.4503686084072900e-02	0.0000000000000000e+00	2.7901652226933780e+00
1.4521139376592799e-02	0.0000000000000000e+00	3.4024799642274575e+00
1.4538592669112799e-02	0.0000000000000000e+00	3.9536859848164170e+00
1.4556045961632701e-02	0.0000000000000000e+00	4.4100811250436207e+00
1.4573499254152701e-02	0.0000000000000000e+00	4.7754238884595139e+00
1.4590952546672600e-02	0.0000000000000000e+00	5.0282706431227364e+00
1.4608405839192500e-02	0.0000000000000000e+00	5.1706143205163952e+00
1.4625859131712500e-02	0.0000000000000000e+00	5.1890627652812089e+00
1.4643312424232400e-02	0.0000000000000000e+00	5.0828513127546859e+00
1.4660765716752400e-02	0.0000000000000000e+00	4.8577944622236924e+00
1.4678219009272299e-02	0.0000000000000000e+00	4.5192852539278601e+00
1.4695672301792299e-02	0.0000000000000000e+00	4.0707410824672037e+00
1.4713125594312201e-02	0.0000000000000000e+00	3.5290949223794050e+00
1.4730578886832100e-02	0.0000000000000000e+00	2.9007256752965143e+00
1.4748032179352100e-02	0.0000000000000000e+00	2.4207074500893859e+00
1.4765485471872000e-02	0.0000000000000000e+00	2.4082920376752792e+00
1.4782938764392000e-02	0.0000000000000000e+00	2.3501752598689958e+00
1.4800392056911900e-02	0.0000000000000000e+00	2.2467853410395420e+00
1.4817845349431900e-02	0.0000000000000000e+00	2.1148451592369306e+00
1.4835298641951799e-02	0.0000000000000000e+00	2.0355939473578610e+00
1.4852751934471701e-02	0.0000000000000000e+00	2.6935747762143527e+00
1.4870205226991701e-02	0.0000000000000000e+00	3.3228732464694759e+00
1.4887658519511600e-02	0.0000000000000000e+00	3.8912521735469885e+00
1.4905111812031600e-02	0.0000000000000000e+00	4.3611125358208493e+00
1.4922565104551500e-02	0.0000000000000000e+00	4.7340443122908171e+00
1.4940018397071500e-02	0.0000000000000000e+00	4.9885589551906788e+00
1.4957471689591400e-02	0.0000000000000000e+00	5.1266591889952320e+00
1.4974924982111301e-02	0.0000000000000000e+00	5.1354836441859453e+00
1.4992378274631299e-02	0.0000000000000000e+00	5.0148583443910431e+00
1.5009831567151201e-02	0.0000000000000000e+00	4.7698639261019036e+00
1.5027284859671201e-02	0.0000000000000000e+00	4.4120236154362340e+00
1.5044738152191100e-02	0.0000000000000000e+00	3.9445587535311937e+00
1.5062191444711100e-02	0.0000000000000000e+00	3.3847509944753136e+00
1.5079644737231000e-02	0.0000000000000000e+00	2.7440677072033570e+00
1.5097098029750899e-02	0.0000000000000000e+00	2.2675489740912753e+00
1.5114551322270900e-02	0.0000000000000000e+00	2.2773108149441197e+00
1.5132004614790801e-02	0.0000000000000000e+00	2.2464488719882731e+00
1.5149457907310799e-02	0.0000000000000000e+00	2.1749139992875777e+00
1.5166911199830701e-02	0.0000000000000000e+00	2.0771637491080854e+00
1.5184364492350701e-02	0.0000000000000000e+00	2.1431220833460189e+00
1.5201817784870600e-02	0.0000000000000000e+00	2.7864606425752108e+00
1.5219271077390600e-02	0.0000000000000000e+00	3.3988222064502187e+00
1.5236724369910500e-02	0.0000000000000000e+00	3.9500256532420428e+00
1.5254177662430399e-02	0.0000000000000000e+00	4.4064190795152438e+00
1.5271630954950400e-02	0.0000000000000000e+00	4.7718089651170414e+00
1.5289084247470301e-02	0.0000000000000000e+00	5.0247031997375542e+00
1.5306537539990299e-02	0.0000000000000000e+00	5.1670448993807518e+00
1.5323990832510201e-02	0.0000000000000000e+00	5.1854916933202357e+00
1.5341444125030201e-02	0.0000000000000000e+00	5.0792787548878868e+00
1.5358897417550100e-02	0.0000000000000000e+00	4.8542699891576833e+00
1.5376350710070000e-02	0.0000000000000000e+00	4.5157584566257398e+00
1.5393804002590000e-02	0.0000000000000000e+00	4.0672124757229611e+00
1.5411257295109899e-02	0.0000000000000000e+00	3.5256150236432102e+00
1.5428710587629900e-02	0.0000000000000000e+00	2.8972442509292096e+00
1.5446163880149801e-02	0.0000000000000000e+00	2.4194390699690329e+00
1.5463617172669799e-02	0.0000000000000000e+00	2.4070589679380849e+00
1.5481070465189701e-02	0.0000000000000000e+00	2.3489842051123335e+00
1.5498523757709600e-02	0.0000000000000000e+00	2.2456347191683643e+00
1.5515977050229600e-02	0.0000000000000000e+00	2.1138587356065526e+00
1.5533430342749500e-02	0.0000000000000000e+00	2.0393584673813603e+00
1.5550883635269500e-02	0.0000000000000000e+00	2.6972965496192560e+00
1.5568336927789399e-02	0.0000000000000000e+00	3.3265513227074641e+00
1.5585790220309400e-02	0.0000000000000000e+00	3.8949298288436132e+00
1.5603243512829299e-02	0.0000000000000000e+00	4.3647894594846974e+00
1.5620696805349200e-02	0.0000000000000000e+00	4.7376768444518076e+00
1.5638150097869199e-02	0.0000000000000000e+00	4.9921912956570536e+00
1.5655603390389100e-02	0.0000000000000000e+00	5.1302455672235796e+00
1.5673056682909099e-02	0.0000000000000000e+00	5.1390694916626991e+00
1.5690509975429000e-02	0.0000000000000000e+00	5.0184440515622555e+00
1.5707963267949002e-02	0.0000000000000000e+00	4.7734039213700266e+00
1.5725416560468899e-02	0.0000000000000000e+00	4.4155630249189164e+00
1.5742869852988801e-02	0.0000000000000000e+00	3.9480977265382906e+00
1.5760323145508799e-02	0.0000000000000000e+00	3.3882431741618895e+00
1.5777776438028700e-02	0.0000000000000000e+00	2.7475591335147120e+00
1.5795229730548699e-02	0.0000000000000000e+00	2.2687704680819549e+00
1.5812683023068600e-02	0.0000000000000000e+00	2.2784863894718836e+00
1.5830136315588599e-02	0.0000000000000000e+00	2.2475778532176141e+00
1.5847589608108500e-02	0.0000000000000000e+00	2.1759462357378951e+00
1.5865042900628502e-02	0.0000000000000000e+00	2.0779946691332971e+00
1.5882496193148399e-02	0.0000000000000000e+00	2.1393931596656861e+00
1.5899949485668301e-02	0.0000000000000000e+00	2.7827718491476561e+00
1.5917402778188299e-02	0.0000000000000000e+00	3.3951748172478440e+00
1.5934856070708200e-02	0.0000000000000000e+00	3.9463815830954712e+00
1.5952309363228199e-02	0.0000000000000000e+00	4.4027781299560695e+00
1.5969762655748100e-02	0.0000000000000000e+00	4.7682103953052479e+00
1.5987215948268099e-02	0.0000000000000000e+00	5.0211483443913449e+00
1.6004669240788000e-02	0.0000000000000000e+00	5.1634929939247121e+00
1.6022122533307901e-02	0.0000000000000000e+00	5.1819427780569605e+00
1.6039575825827899e-02	0.0000000000000000e+00	5.0757328947074845e+00
1.6057029118347801e-02	0.0000000000000000e+00	4.8507682043173448e+00
1.6074482410867799e-02	0.0000000000000000e+00	4.5122598637527069e+00
1.6091935703387700e-02	0.0000000000000000e+00	4.0637167906896901e+00
1.6109388995907699e-02	0.0000000000000000e+00	3.5221630294215371e+00
1.6126842288427600e-02	0.0000000000000000e+00	2.8937947830928552e+00
1.6144295580947501e-02	0.0000000000000000e+00	2.4182660080654670e+00
1.6161748873467500e-02	0.0000000000000000e+00	2.4059469971753562e+00
1.6179202165987401e-02	0.0000000000000000e+00	2.3479218892596410e+00
1.6196655458507399e-02	0.0000000000000000e+00	2.2446643652472207e+00
1.6214108751027301e-02	0.0000000000000000e+00	2.1130870527346848e+00
1.6231562043547299e-02	0.0000000000000000e+00	2.0430067948475257e+00
1.6249015336067200e-02	0.0000000000000000e+00	2.7009076852439922e+00
1.6266468628587199e-02	0.0000000000000000e+00	3.3301242574333458e+00
1.6283921921107100e-02	0.0000000000000000e+00	3.8984989089057493e+00
1.6301375213627001e-02	0.0000000000000000e+00	4.3683546304170635e+00
1.6318828506147000e-02	0.0000000000000000e+00	4.7412029606564330e+00
1.6336281798666901e-02	0.0000000000000000e+00	4.9957131627133560e+00
1.6353735091186899e-02	0.0000000000000000e+00	5.1337283542327024e+00
1.6371188383706801e-02	0.0000000000000000e+00	5.1425483197223132e+00
1.6388641676226799e-02	0.0000000000000000e+00	5.0219184840409428e+00
1.6406094968746700e-02	0.0000000000000000e+00	4.7768385412993108e+00
1.6423548261266602e-02	0.0000000000000000e+00	4.4189936855609941e+00
1.6441001553786600e-02	0.0000000000000000e+00	3.9515242660954604e+00
1.6458454846306501e-02	0.0000000000000000e+00	3.3916298131494682e+00
1.6475908138826500e-02	0.0000000000000000e+00	2.7509420281378154e+00
1.6493361431346401e-02	0.0000000000000000e+00	2.2698748396771369e+00
1.6510814723866400e-02	0.0000000000000000e+00	2.2795257155765971e+00
1.6528268016386301e-02	0.0000000000000000e+00	2.2485505917523665e+00
1.6545721308906199e-02	0.0000000000000000e+00	2.1767875860053456e+00
1.6563174601426200e-02	0.0000000000000000e+00	2.0785723278775663e+00
1.6580627893946102e-02	0.0000000000000000e+00	2.1358428886130492e+00
1.6598081186466100e-02	0.0000000000000000e+00	2.7792553375206825e+00
1.6615534478986001e-02	0.0000000000000000e+00	3.3916927713039819e+00
1.6632987771506000e-02	0.0000000000000000e+00	3.9429042354891832e+00
1.6650441064025901e-02	0.0000000000000000e+00	4.3993051081638255e+00
1.6667894356545799e-02	0.0000000000000000e+00	4.7647718236704755e+00
1.6685347649065801e-02	0.0000000000000000e+00	5.0177447305862826e+00
1.6702800941585699e-02	0.0000000000000000e+00	5.1600934058723871e+00
1.6720254234105700e-02	0.0000000000000000e+00	5.1785468451817476e+00
1.6737707526625598e-02	0.0000000000000000e+00	5.0723409689418988e+00
1.6755160819145600e-02	0.0000000000000000e+00	4.8474107161924804e+00
1.6772614111665501e-02	0.0000000000000000e+00	4.5089071032514703e+00
1.6790067404185399e-02	0.0000000000000000e+00	4.0603690627007971e+00
1.6807520696705401e-02	0.0000000000000000e+00	3.5188508967815952e+00
1.6824973989225299e-02	0.0000000000000000e+00	2.8904877414242636e+00
1.6842427281745301e-02	0.0000000000000000e+00	2.4172634029843758e+00
1.6859880574265199e-02	0.0000000000000000e+00	2.4050173013577560e+00
1.6877333866785200e-02	0.0000000000000000e+00	2.3470712241467324e+00
1.6894787159305098e-02	0.0000000000000000e+00	2.2439610664300238e+00
1.6912240451825100e-02	0.0000000000000000e+00	2.1126050423001694e+00
1.6929693744345001e-02	0.0000000000000000e+00	2.0464501565681039e+00
1.6947147036864899e-02	0.0000000000000000e+00	2.7043233062084830e+00
1.6964600329384901e-02	0.0000000000000000e+00	3.3335110613544030e+00
1.6982053621904799e-02	0.0000000000000000e+00	3.9018805818333360e+00
1.6999506914424801e-02	0.0000000000000000e+00	4.3717321075862721e+00
1.7016960206944699e-02	0.0000000000000000e+00	4.7445512062139157e+00
1.7034413499464700e-02	0.0000000000000000e+00	4.9990564894262937e+00
1.7051866791984598e-02	0.0000000000000000e+00	5.1370425087292482e+00
1.7069320084504500e-02	0.0000000000000000e+00	5.1458588039802304e+00
1.7086773377024501e-02	0.0000000000000000e+00	5.0252246103518230e+00
1.7104226669544399e-02	0.0000000000000000e+00	4.7801133667249029e+00
1.7121679962064401e-02	0.0000000000000000e+00	4.4222628564584561e+00
1.7139133254584299e-02	0.0000000000000000e+00	3.9547879018624652e+00
1.7156586547104301e-02	0.0000000000000000e+00	3.3948624857622884e+00
1.7174039839624199e-02	0.0000000000000000e+00	2.7541689926757491e+00
1.7191493132144100e-02	0.0000000000000000e+00	2.2707570151335630e+00
1.7208946424664098e-02	0.0000000000000000e+00	2.2803241951827573e+00
1.7226399717184000e-02	0.0000000000000000e+00	2.2492639457953922e+00
1.7243853009704001e-02	0.0000000000000000e+00	2.1773368259296833e+00
1.7261306302223899e-02	0.0000000000000000e+00	2.0788007596036033e+00
1.7278759594743901e-02	0.0000000000000000e+00	2.1325290428045980e+00
1.7296212887263799e-02	0.0000000000000000e+00	2.7759667348216928e+00
1.7313666179783700e-02	0.0000000000000000e+00	3.3884301366001832e+00
1.7331119472303699e-02	0.0000000000000000e+00	3.9396488490544157e+00
1.7348572764823600e-02	0.0000000000000000e+00	4.3960568486239815e+00
1.7366026057343598e-02	0.0000000000000000e+00	4.7615500078804498e+00
1.7383479349863500e-02	0.0000000000000000e+00	5.0145496891138297e+00
1.7400932642383501e-02	0.0000000000000000e+00	5.1569050968406680e+00
1.7418385934903399e-02	0.0000000000000000e+00	5.1753653975794265e+00
1.7435839227423401e-02	0.0000000000000000e+00	5.0691660700217156e+00
1.7453292519943299e-02	0.0000000000000000e+00	4.8442628025748595e+00
1.7470745812463200e-02	0.0000000000000000e+00	4.5057654438256458e+00
1.7488199104983199e-02	0.0000000000000000e+00	4.0572332410830896e+00
1.7505652397503100e-02	0.0000000000000000e+00	3.5157406770751551e+00
1.7523105690023098e-02	0.0000000000000000e+00	2.8873834075604607e+00
1.7540558982543000e-02	0.0000000000000000e+00	2.4165163561502494e+00
1.7558012275063001e-02	0.0000000000000000e+00	2.4043626748068911e+00
1.7575465567582899e-02	0.0000000000000000e+00	2.3465054557030074e+00
1.7592918860102801e-02	0.0000000000000000e+00	2.2435731343089040e+00
1.7610372152622799e-02	0.0000000000000000e+00	2.1124790739160835e+00
1.7627825445142700e-02	0.0000000000000000e+00	2.0495972462518810e+00
1.7645278737662699e-02	0.0000000000000000e+00	2.7074477627562774e+00
1.7662732030182600e-02	0.0000000000000000e+00	3.3366122256492496e+00
1.7680185322702598e-02	0.0000000000000000e+00	3.9049724591963098e+00
1.7697638615222500e-02	0.0000000000000000e+00	4.3748141060000316e+00
1.7715091907742401e-02	0.0000000000000000e+00	4.7476100015508615e+00
1.7732545200262399e-02	0.0000000000000000e+00	5.0021062341798910e+00
1.7749998492782301e-02	0.0000000000000000e+00	5.1400687082523220e+00
1.7767451785302299e-02	0.0000000000000000e+00	5.1488761931849663e+00
1.7784905077822200e-02	0.0000000000000000e+00	5.0282323909149440e+00
1.7802358370342199e-02	0.0000000000000000e+00	4.7830987278707529e+00
1.7819811662862100e-02	0.0000000000000000e+00	4.4252402065547347e+00
1.7837264955382001e-02	0.0000000000000000e+00	3.9577567398517424e+00
1.7854718247902000e-02	0.0000000000000000e+00	3.3978093097001305e+00
1.7872171540421901e-02	0.0000000000000000e+00	2.7571076989577561e+00
1.7889624832941899e-02	0.0000000000000000e+00	2.2713609471754519e+00
1.7907078125461801e-02	0.0000000000000000e+00	2.2808288040747637e+00
1.7924531417981799e-02	0.0000000000000000e+00	2.2496684335037074e+00
1.7941984710501700e-02	0.0000000000000000e+00	2.1775502894663661e+00
1.7959438003021699e-02	0.0000000000000000e+00	2.0787221983082147e+00
1.7976891295541600e-02	0.0000000000000000e+00	2.1295814070087662e+00
1.7994344588061501e-02	0.0000000000000000e+00	2.7730365924165907e+00
1.8011797880581500e-02	0.0000000000000000e+00	3.3855181281840325e+00
1.8029251173101401e-02	0.0000000000000000e+00	3.9367464384077877e+00
1.8046704465621399e-02	0.0000000000000000e+00	4.3931648786691113e+00
1.8064157758141301e-02	0.0000000000000000e+00	4.7586761130838244e+00
1.8081611050661299e-02	0.0000000000000000e+00	5.0116941197649725e+00
1.8099064343181200e-02	0.0000000000000000e+00	5.1540594825978969e+00
1.8116517635701102e-02	0.0000000000000000e+00	5.1725301121557079e+00
1.8133970928221100e-02	0.0000000000000000e+00	5.0663412371385768e+00
1.8151424220741001e-02	0.0000000000000000e+00	4.8414555287044116e+00
1.8168877513261000e-02	0.0000000000000000e+00	4.5029674509854773e+00
1.8186330805780901e-02	0.0000000000000000e+00	4.0544451053031469e+00
1.8203784098300899e-02	0.0000000000000000e+00	3.5129703171750108e+00
1.8221237390820801e-02	0.0000000000000000e+00	2.8846224830954403e+00
1.8238690683340698e-02	0.0000000000000000e+00	2.4160723436049514e+00
1.8256143975860700e-02	0.0000000000000000e+00	2.4040205611762668e+00
1.8273597268380602e-02	0.0000000000000000e+00	2.3462780236667480e+00
1.8291050560900600e-02	0.0000000000000000e+00	2.2435488754590684e+00
1.8308503853420501e-02	0.0000000000000000e+00	2.1127510391072106e+00
1.8325957145940500e-02	0.0000000000000000e+00	2.0523299772587529e+00
1.8343410438460401e-02	0.0000000000000000e+00	2.7101669286341732e+00
1.8360863730980299e-02	0.0000000000000000e+00	3.3393175505842043e+00
1.8378317023500301e-02	0.0000000000000000e+00	3.9076668332881450e+00
1.8395770316020198e-02	0.0000000000000000e+00	4.3774968774417626e+00
1.8413223608540200e-02	0.0000000000000000e+00	4.7502791768939279e+00
1.8430676901060102e-02	0.0000000000000000e+00	5.0047646962375829e+00
1.8448130193580100e-02	0.0000000000000000e+00	5.1427128352756277e+00
1.8465583486100001e-02	0.0000000000000000e+00	5.1515084848241921e+00
1.8483036778619899e-02	0.0000000000000000e+00	5.0308545273463139e+00
1.8500490071139901e-02	0.0000000000000000e+00	4.7857085447870871e+00
1.8517943363659799e-02	0.0000000000000000e+00	4.4278398990134917e+00
1.8535396656179801e-02	0.0000000000000000e+00	3.9603466666761857e+00
1.8552849948699698e-02	0.0000000000000000e+00	3.4003877541733374e+00
1.8570303241219700e-02	0.0000000000000000e+00	2.7596766193736118e+00
1.8587756533739602e-02	0.0000000000000000e+00	2.2716189393797701e+00
1.8605209826259600e-02	0.0000000000000000e+00	2.2809701840700773e+00
1.8622663118779501e-02	0.0000000000000000e+00	2.2496994799656065e+00
1.8640116411299399e-02	0.0000000000000000e+00	2.1773662425209905e+00
1.8657569703819401e-02	0.0000000000000000e+00	2.0782281298077456e+00
1.8675022996339299e-02	0.0000000000000000e+00	2.1270794780434752e+00
1.8692476288859301e-02	0.0000000000000000e+00	2.7705426245884164e+00
1.8709929581379198e-02	0.0000000000000000e+00	3.3830329723517170e+00
1.8727382873899200e-02	0.0000000000000000e+00	3.9342728110262710e+00
1.8744836166419102e-02	0.0000000000000000e+00	4.3907027643605359e+00
1.8762289458938999e-02	0.0000000000000000e+00	4.7562231067479539e+00
1.8779742751459001e-02	0.0000000000000000e+00	5.0092499048011465e+00
1.8797196043978899e-02	0.0000000000000000e+00	5.1516267405023113e+00
1.8814649336498901e-02	0.0000000000000000e+00	5.1701091539753321e+00
1.8832102629018799e-02	0.0000000000000000e+00	5.0639325726160109e+00
1.8849555921538801e-02	0.0000000000000000e+00	4.8390557318536285e+00
1.8867009214058698e-02	0.0000000000000000e+00	4.5005793452047156e+00
1.8884462506578600e-02	0.0000000000000000e+00	4.0520685078326020e+00
1.8901915799098602e-02	0.0000000000000000e+00	3.5106018317926311e+00
1.8919369091618499e-02	0.0000000000000000e+00	2.8822649237471683e+00
1.8936822384138501e-02	0.0000000000000000e+00	2.4160119060250347e+00
1.8954275676658399e-02	0.0000000000000000e+00	2.4040797305808512e+00
1.8971728969178401e-02	0.0000000000000000e+00	2.3464564440072060e+00
1.8989182261698299e-02	0.0000000000000000e+00	2.2439521667553306e+00
1.9006635554218200e-02	0.0000000000000000e+00	2.1134759642266006e+00
1.9024088846738198e-02	0.0000000000000000e+00	2.0545752179572445e+00
1.9041542139258100e-02	0.0000000000000000e+00	2.7124083233032961e+00
1.9058995431778102e-02	0.0000000000000000e+00	3.3415547316385377e+00
1.9076448724297999e-02	0.0000000000000000e+00	3.9098910714221637e+00
1.9093902016818001e-02	0.0000000000000000e+00	4.3797081364723933e+00
1.9111355309337899e-02	0.0000000000000000e+00	4.7524861174085071e+00
1.9128808601857800e-02	0.0000000000000000e+00	5.0069585355426325e+00
1.9146261894377799e-02	0.0000000000000000e+00	5.1449014608555803e+00
1.9163715186897700e-02	0.0000000000000000e+00	5.1536841557794011e+00
1.9181168479417698e-02	0.0000000000000000e+00	5.0330175351322675e+00
1.9198621771937600e-02	0.0000000000000000e+00	4.7878670999769790e+00
1.9216075064457602e-02	0.0000000000000000e+00	4.4299858775174306e+00
1.9233528356977499e-02	0.0000000000000000e+00	3.9624801338256543e+00
1.9250981649497501e-02	0.0000000000000000e+00	3.4025170880693154e+00
1.9268434942017399e-02	0.0000000000000000e+00	2.7617934855260047e+00
1.9285888234537300e-02	0.0000000000000000e+00	2.2714722836161729e+00
1.9303341527057299e-02	0.0000000000000000e+00	2.2807024143238008e+00
1.9320794819577200e-02	0.0000000000000000e+00	2.2493050025114969e+00
1.9338248112097198e-02	0.0000000000000000e+00	2.1767394862476537e+00
1.9355701404617100e-02	0.0000000000000000e+00	2.0772700431816511e+00
1.9373154697137102e-02	0.0000000000000000e+00	2.1251161316407341e+00
1.9390607989656999e-02	0.0000000000000000e+00	2.7685788319909328e+00
1.9408061282176901e-02	0.0000000000000000e+00	3.3810691304002765e+00
1.9425514574696899e-02	0.0000000000000000e+00	3.9323233419317254e+00
1.9442967867216800e-02	0.0000000000000000e+00	4.3887677319154683e+00
1.9460421159736799e-02	0.0000000000000000e+00	4.7542879146822186e+00
1.9477874452256700e-02	0.0000000000000000e+00	5.0073147754330272e+00
1.9495327744776698e-02	0.0000000000000000e+00	5.1497056498657692e+00
1.9512781037296600e-02	0.0000000000000000e+00	5.1682021506067564e+00
1.9530234329816501e-02	0.0000000000000000e+00	5.0620396032271238e+00
1.9547687622336499e-02	0.0000000000000000e+00	4.8371621995120826e+00
1.9565140914856401e-02	0.0000000000000000e+00	4.4986997148503782e+00
1.9582594207376399e-02	0.0000000000000000e+00	4.0502027643376950e+00
1.9600047499896300e-02	0.0000000000000000e+00	3.5087347669615321e+00
1.9617500792416299e-02	0.0000000000000000e+00	2.8804116062631220e+00
1.9634954084936200e-02	0.0000000000000000e+00	2.4163725725433283e+00
1.9652407377456101e-02	0.0000000000000000e+00	2.4045695863324310e+00
1.9669860669976100e-02	0.0000000000000000e+00	2.3470743203841034e+00
1.9687313962496001e-02	0.0000000000000000e+00	2.2448094429164636e+00
1.9704767255015999e-02	0.0000000000000000e+00	2.1146722052759976e+00
1.9722220547535901e-02	0.0000000000000000e+00	2.0562332143194180e+00
1.9739673840055899e-02	0.0000000000000000e+00	2.7140713349911878e+00
1.9757127132575800e-02	0.0000000000000000e+00	3.3432220578260989e+00
1.9774580425095799e-02	0.0000000000000000e+00	3.9115430843409134e+00
1.9792033717615700e-02	0.0000000000000000e+00	4.3813453030879836e+00
1.9809487010135601e-02	0.0000000000000000e+00	4.7541281250173801e+00
1.9826940302655600e-02	0.0000000000000000e+00	5.0085856887270062e+00
1.9844393595175501e-02	0.0000000000000000e+00	5.1465354409497870e+00
1.9861846887695499e-02	0.0000000000000000e+00	5.1553044731977771e+00
1.9879300180215401e-02	0.0000000000000000e+00	5.0346226314246509e+00
1.9896753472735399e-02	0.0000000000000000e+00	4.7894779760156290e+00
1.9914206765255300e-02	0.0000000000000000e+00	4.4315821789159324e+00
1.9931660057775202e-02	0.0000000000000000e+00	3.9640611208578620e+00
1.9949113350295200e-02	0.0000000000000000e+00	3.4041044064687771e+00
1.9966566642815101e-02	0.0000000000000000e+00	2.7633658718748992e+00
1.9984019935335100e-02	0.0000000000000000e+00	2.2708873040806732e+00
2.0001473227855001e-02	0.0000000000000000e+00	2.2799842575474578e+00
2.0018926520374999e-02	0.0000000000000000e+00	2.2484551627320979e+00
2.0036379812894901e-02	0.0000000000000000e+00	2.1756443688702984e+00
2.0053833105414798e-02	0.0000000000000000e+00	2.0758304459722354e+00
2.0071286397934800e-02	0.0000000000000000e+00	2.1237799549868654e+00
2.0088739690454702e-02	0.0000000000000000e+00	2.7672334319100345e+00
2.0106192982974700e-02	0.0000000000000000e+00	3.3797144652594784e+00
2.0123646275494601e-02	0.0000000000000000e+00	3.9309846889820323e+00
2.0141099568014600e-02	0.0000000000000000e+00	4.3874452756169413e+00
2.0158552860534501e-02	0.0000000000000000e+00	4.7529554083724017e+00
2.0176006153054399e-02	0.0000000000000000e+00	5.0059726119720578e+00
2.0193459445574401e-02	0.0000000000000000e+00	5.1483790108142315e+00
2.0210912738094299e-02	0.0000000000000000e+00	5.1668910011971940e+00
2.0228366030614300e-02	0.0000000000000000e+00	5.0607434921215066e+00
2.0245819323134202e-02	0.0000000000000000e+00	4.8358549087138671e+00
2.0263272615654200e-02	0.0000000000000000e+00	4.4974074894632823e+00
2.0280725908174101e-02	0.0000000000000000e+00	4.0489259534653623e+00
2.0298179200694100e-02	0.0000000000000000e+00	3.5074463968899856e+00
2.0315632493214001e-02	0.0000000000000000e+00	2.8791388489747254e+00
2.0333085785733899e-02	0.0000000000000000e+00	2.4171939852670512e+00
2.0350539078253901e-02	0.0000000000000000e+00	2.4055263159252807e+00
2.0367992370773799e-02	0.0000000000000000e+00	2.3481644457044970e+00
2.0385445663293800e-02	0.0000000000000000e+00	2.2461482833269928e+00
2.0402898955813702e-02	0.0000000000000000e+00	2.1163589258542155e+00
2.0420352248333700e-02	0.0000000000000000e+00	2.0572338449538448e+00
2.0437805540853601e-02	0.0000000000000000e+00	2.7150860289296910e+00
2.0455258833373499e-02	0.0000000000000000e+00	3.3442509287933033e+00
2.0472712125893501e-02	0.0000000000000000e+00	3.9125549899277381e+00
2.0490165418413399e-02	0.0000000000000000e+00	4.3823398935202578e+00
2.0507618710933401e-02	0.0000000000000000e+00	4.7551374070035308e+00
2.0525072003453299e-02	0.0000000000000000e+00	5.0095782012381438e+00
2.0542525295973300e-02	0.0000000000000000e+00	5.1475424153899922e+00
2.0559978588493202e-02	0.0000000000000000e+00	5.1562941296473506e+00
2.0577431881013099e-02	0.0000000000000000e+00	5.0355959349442792e+00
2.0594885173533101e-02	0.0000000000000000e+00	4.7904674451285523e+00
2.0612338466052999e-02	0.0000000000000000e+00	4.4325551445758364e+00
2.0629791758573001e-02	0.0000000000000000e+00	3.9650180573421312e+00
2.0647245051092899e-02	0.0000000000000000e+00	3.4050777635112861e+00
2.0664698343612901e-02	0.0000000000000000e+00	2.7643232490329464e+00
2.0682151636132799e-02	0.0000000000000000e+00	2.2698226595119952e+00
2.0699604928652700e-02	0.0000000000000000e+00	2.2787819521439134e+00
2.0717058221172702e-02	0.0000000000000000e+00	2.2471180333042486e+00
2.0734511513692599e-02	0.0000000000000000e+00	2.1740563889332920e+00
2.0751964806212601e-02	0.0000000000000000e+00	2.0738941488059011e+00
2.0769418098732499e-02	0.0000000000000000e+00	2.1231330153166330e+00
2.0786871391252501e-02	0.0000000000000000e+00	2.7665670571220233e+00
2.0804324683772399e-02	0.0000000000000000e+00	3.3790289332227323e+00
2.0821777976292300e-02	0.0000000000000000e+00	3.9303168484815481e+00
2.0839231268812299e-02	0.0000000000000000e+00	4.3867951707109558e+00
2.0856684561332200e-02	0.0000000000000000e+00	4.7522857463838299e+00
2.0874137853852202e-02	0.0000000000000000e+00	5.0052833731878863e+00
2.0891591146372099e-02	0.0000000000000000e+00	5.1477069891236367e+00
2.0909044438892101e-02	0.0000000000000000e+00	5.1662359111178890e+00
2.0926497731411999e-02	0.0000000000000000e+00	5.0601059218110906e+00
2.0943951023932001e-02	0.0000000000000000e+00	4.8351972777999714e+00
