0.0000000000000000e+00	0.0000000000000000e+00	0.0000000000000000e+00
1.7453292519943300e-05	0.0000000000000000e+00	-1.2969852215004025e-13
3.4906585039886600e-05	0.0000000000000000e+00	-9.7823643778095477e-11
5.2359877559829903e-05	0.0000000000000000e+00	-5.6157628301784978e-09
6.9813170079773199e-05	0.0000000000000000e+00	-8.4874110259711854e-08
8.7266462599716496e-05	0.0000000000000000e+00	-5.8836859116884727e-07
1.0471975511966000e-04	0.0000000000000000e+00	-2.5499760126735644e-06
1.2217304763960301e-04	0.0000000000000000e+00	-8.1472992992968995e-06
1.3962634015954599e-04	0.0000000000000000e+00	-2.1078802523553356e-05
1.5707963267949001e-04	0.0000000000000000e+00	-4.6745585632826373e-05
1.7453292519943299e-04	0.0000000000000000e+00	-9.2173949750415900e-05
1.9198621771937600e-04	0.0000000000000000e+00	-1.6565387701948469e-04
2.0943951023931999e-04	0.0000000000000000e+00	-2.7610220479190438e-04
2.2689280275926300e-04	0.0000000000000000e+00	-4.3218982415261728e-04
2.4434609527920601e-04	0.0000000000000000e+00	-6.4128985768184923e-04
2.6179938779914903e-04	0.0000000000000000e+00	-9.0832571249108412e-04
2.7925268031909301e-04	0.0000000000000000e+00	-1.2346042657289001e-03
2.9670597283903603e-04	0.0000000000000000e+00	-1.6167252640243322e-03
3.1415926535897898e-04	0.0000000000000000e+00	-2.0456616248372911e-03
3.3161255787892303e-04	0.0000000000000000e+00	-2.5060916297557035e-03
3.4906585039886598e-04	0.0000000000000000e+00	-2.9760627570212953e-03
3.6651914291880900e-04	0.0000000000000000e+00	-3.4270441799340566e-03
3.8397243543875201e-04	0.0000000000000000e+00	-3.8244064490435196e-03
4.0142572795869599e-04	0.0000000000000000e+00	-4.1283442936365959e-03
4.1887902047863901e-04	0.0000000000000000e+00	-4.2952573767100488e-03
4.3633231299858202e-04	0.0000000000000000e+00	-4.2795269925168695e-03
4.5378560551852601e-04	0.0000000000000000e+00	-4.0356671917912536e-03
4.7123889803846902e-04	0.0000000000000000e+00	-3.5207504434022472e-03
4.8869219055841203e-04	0.0000000000000000e+00	-2.6970239151899106e-03
5.0614548307835602e-04	0.0000000000000000e+00	-1.5346060275150410e-03
5.2359877559829903e-04	0.0000000000000000e+00	-1.4134882355752154e-05
5.4105206811824204e-04	0.0000000000000000e+00	1.8707604429330032e-03
5.5850536063818505e-04	0.0000000000000000e+00	4.1112955549111718e-03
5.7595865315812904e-04	0.0000000000000000e+00	6.6818077182655656e-03
5.9341194567807205e-04	0.0000000000000000e+00	9.5385715553648696e-03
6.1086523819801496e-04	0.0000000000000000e+00	1.2619289858500526e-02
6.2831853071795905e-04	0.0000000000000000e+00	1.5843304393533830e-02
6.4577182323790196e-04	0.0000000000000000e+00	1.9112594147742835e-02
6.6322511575784497e-04	0.0000000000000000e+00	2.2313580936073288e-02
6.8067840827778798e-04	0.0000000000000000e+00	2.5319801488776723e-02
6.9813170079773197e-04	0.0000000000000000e+00	2.7995292394437557e-02
7.1558499331767498e-04	0.0000000000000000e+00	3.0198715127170098e-02
7.3303828583761799e-04	0.0000000000000000e+00	3.1788080270562000e-02
7.5049157835756198e-04	0.0000000000000000e+00	3.2625986918862052e-02
7.6794487087750499e-04	0.0000000000000000e+00	3.2585092687816522e-02
7.8539816339744800e-04	0.0000000000000000e+00	3.1553785380966724e-02
8.0285145591739199e-04	0.0000000000000000e+00	2.9441782626457230e-02
8.2030474843733500e-04	0.0000000000000000e+00	2.6185440456393181e-02
8.3775804095727801e-04	0.0000000000000000e+00	2.1752585282846886e-02
8.5521133347722102e-04	0.0000000000000000e+00	1.6146636520316539e-02
8.7266462599716501e-04	0.0000000000000000e+00	9.4098251514092256e-03
8.9011791851710802e-04	0.0000000000000000e+00	1.6253243331543791e-03
9.0757121103705104e-04	0.0000000000000000e+00	-7.0818815146590037e-03
9.2502450355699502e-04	0.0000000000000000e+00	-1.6545476186742954e-02
9.4247779607693804e-04	0.0000000000000000e+00	-2.6559727472150622e-02
9.5993108859688105e-04	0.0000000000000000e+00	-3.6882885368297966e-02
9.7738438111682406e-04	0.0000000000000000e+00	-4.7242104268242963e-02
9.9483767363676805e-04	0.0000000000000000e+00	-5.7339726992273313e-02
1.0122909661567101e-03	0.0000000000000000e+00	-6.6860835989297582e-02
1.0297442586766500e-03	0.0000000000000000e+00	-7.5481866589685628e-02
1.0471975511966000e-03	0.0000000000000000e+00	-8.2880121966448173e-02
1.0646508437165401e-03	0.0000000000000000e+00	-8.8743925909648538e-02
1.0821041362364800e-03	0.0000000000000000e+00	-9.2783057463912327e-02
1.0995574287564300e-03	0.0000000000000000e+00	-9.4739145350793710e-02
1.1170107212763701e-03	0.0000000000000000e+00	-9.4395661575068707e-02
1.1344640137963100e-03	0.0000000000000000e+00	-9.1587315413343487e-02
1.1519173063162600e-03	0.0000000000000000e+00	-8.6208349197279627e-02
1.1693705988361999e-03	0.0000000000000000e+00	-7.8219517153379631e-02
1.1868238913561400e-03	0.0000000000000000e+00	-6.7653437075759701e-02
1.2042771838760900e-03	0.0000000000000000e+00	-5.4618083568560620e-02
1.2217304763960299e-03	0.0000000000000000e+00	-3.9298219267904812e-02
1.2391837689159700e-03	0.0000000000000000e+00	-2.1954642028681567e-02
1.2566370614359201e-03	0.0000000000000000e+00	-2.9211659087394542e-03
1.2740903539558599e-03	0.0000000000000000e+00	1.7400689035810171e-02
1.2915436464758000e-03	0.0000000000000000e+00	3.8549250378411656e-02
1.3089969389957501e-03	0.0000000000000000e+00	6.0012303883307458e-02
1.3264502315156899e-03	0.0000000000000000e+00	8.1238759663930779e-02
1.3439035240356300e-03	0.0000000000000000e+00	1.0165197941087832e-01
1.3613568165555801e-03	0.0000000000000000e+00	1.2066454261076147e-01
1.3788101090755199e-03	0.0000000000000000e+00	1.3769400906768844e-01
1.3962634015954600e-03	0.0000000000000000e+00	1.5217953313842461e-01
1.4137166941154101e-03	0.0000000000000000e+00	1.6359870068098223e-01
1.4311699866353500e-03	0.0000000000000000e+00	1.7148414805926349e-01
1.4486232791552900e-03	0.0000000000000000e+00	1.7543945467325830e-01
1.4660765716752401e-03	0.0000000000000000e+00	1.7515394998210976e-01
1.4835298641951800e-03	0.0000000000000000e+00	1.7041588563364221e-01
1.5009831567151201e-03	0.0000000000000000e+00	1.6112341589459644e-01
1.5184364492350699e-03	0.0000000000000000e+00	1.4729305696875783e-01
1.5358897417550100e-03	0.0000000000000000e+00	1.2906515087716669e-01
1.5533430342749501e-03	0.0000000000000000e+00	1.0670608166921820e-01
1.5707963267948999e-03	0.0000000000000000e+00	8.0606888710838973e-02
1.5882496193148400e-03	0.0000000000000000e+00	5.1278206257808913e-02
1.6057029118347801e-03	0.0000000000000000e+00	1.9341499546676827e-02
1.6231562043547299e-03	0.0000000000000000e+00	-1.4483330706711400e-02
1.6406094968746700e-03	0.0000000000000000e+00	-4.9393843657880715e-02
1.6580627893946101e-03	0.0000000000000000e+00	-8.4523891690910680e-02
1.6755160819145599e-03	0.0000000000000000e+00	-1.1896518195266695e-01
1.6929693744345000e-03	0.0000000000000000e+00	-1.5179075076908990e-01
1.7104226669544401e-03	0.0000000000000000e+00	-1.8208001643886418e-01
1.7278759594743899e-03	0.0000000000000000e+00	-2.0894445233388245e-01
1.7453292519943300e-03	0.0000000000000000e+00	-2.3155309076198607e-01
1.7627825445142699e-03	0.0000000000000000e+00	-2.4915729997657032e-01
1.7802358370342200e-03	0.0000000000000000e+00	-2.6111380342214641e-01
1.7976891295541600e-03	0.0000000000000000e+00	-2.6690550297184057e-01
1.8151424220740999e-03	0.0000000000000000e+00	-2.6615944307301009e-01
1.8325957145940500e-03	0.0000000000000000e+00	-2.5866119732200088e-01
1.8500490071139900e-03	0.0000000000000000e+00	-2.4436539419416986e-01
1.8675022996339299e-03	0.0000000000000000e+00	-2.2340196998456721e-01
1.8849555921538800e-03	0.0000000000000000e+00	-1.9607794632457939e-01
1.9024088846738201e-03	0.0000000000000000e+00	-1.6287466351720456e-01
1.9198621771937599e-03	0.0000000000000000e+00	-1.2444042114578016e-01
1.9373154697137100e-03	0.0000000000000000e+00	-8.1578708654902854e-02
1.9547687622336499e-03	0.0000000000000000e+00	-3.5232148596070011e-02
1.9722220547535902e-03	0.0000000000000000e+00	1.3537407666686124e-02
1.9896753472735400e-03	0.0000000000000000e+00	6.3572339258096411e-02
2.0071286397934799e-03	0.0000000000000000e+00	1.1364573983621325e-01
2.0245819323134202e-03	0.0000000000000000e+00	1.6249038487114545e-01
2.0420352248333700e-03	0.0000000000000000e+00	2.0882971001141717e-01
2.0594885173533099e-03	0.0000000000000000e+00	2.5140999503717537e-01
2.0769418098732502e-03	0.0000000000000000e+00	2.8903299207316752e-01
2.0943951023932000e-03	0.0000000000000000e+00	3.2058844013120708e-01
2.1118483949131399e-03	0.0000000000000000e+00	3.4508567311542521e-01
2.1293016874330802e-03	0.0000000000000000e+00	3.6168308165945440e-01
2.1467549799530201e-03	0.0000000000000000e+00	3.6971518457356545e-01
2.1642082724729699e-03	0.0000000000000000e+00	3.6871613491487276e-01
2.1816615649929102e-03	0.0000000000000000e+00	3.5843887463584923e-01
2.1991148575128501e-03	0.0000000000000000e+00	3.3886923650814410e-01
2.2165681500327999e-03	0.0000000000000000e+00	3.1023428293100419e-01
2.2340214425527402e-03	0.0000000000000000e+00	2.7300444070269470e-01
2.2514747350726801e-03	0.0000000000000000e+00	2.2788881891733048e-01
2.2689280275926299e-03	0.0000000000000000e+00	1.7582356663031101e-01
2.2863813201125698e-03	0.0000000000000000e+00	1.1795348792645899e-01
2.3038346126325101e-03	0.0000000000000000e+00	5.5606938040367267e-02
2.3212879051524599e-03	0.0000000000000000e+00	-9.7351094865574059e-03
2.3387411976723998e-03	0.0000000000000000e+00	-7.6475551693597502e-02
2.3561944901923401e-03	0.0000000000000000e+00	-1.4294181510924298e-01
2.3736477827122899e-03	0.0000000000000000e+00	-2.0742953581928519e-01
2.3911010752322298e-03	0.0000000000000000e+00	-2.6824807765515274e-01
2.4085543677521701e-03	0.0000000000000000e+00	-3.2376635776824447e-01
2.4260076602721200e-03	0.0000000000000000e+00	-3.7245775689433064e-01
2.4434609527920598e-03	0.0000000000000000e+00	-4.1294257361484166e-01
2.4609142453120001e-03	0.0000000000000000e+00	-4.4402691517516357e-01
2.4783675378319500e-03	0.0000000000000000e+00	-4.6473595154149627e-01
2.4958208303518898e-03	0.0000000000000000e+00	-4.7434283048601572e-01
2.5132741228718301e-03	0.0000000000000000e+00	-4.7239036160302428e-01
2.5307274153917800e-03	0.0000000000000000e+00	-4.5870604533054632e-01
2.5481807079117198e-03	0.0000000000000000e+00	-4.3340981439858711e-01
2.5656340004316601e-03	0.0000000000000000e+00	-3.9691457917564660e-01
2.5830872929516100e-03	0.0000000000000000e+00	-3.4991963889427902e-01
2.6005405854715499e-03	0.0000000000000000e+00	-2.9339684060387439e-01
2.6179938779914902e-03	0.0000000000000000e+00	-2.2857038274810265e-01
2.6354471705114400e-03	0.0000000000000000e+00	-1.5689052720540358e-01
2.6529004630313799e-03	0.0000000000000000e+00	-8.0001713671007474e-02
2.6703537555513202e-03	0.0000000000000000e+00	2.9404898430709925e-04
2.6878070480712700e-03	0.0000000000000000e+00	8.2078044829656527e-02
2.7052603405912099e-03	0.0000000000000000e+00	1.6335880491130289e-01
2.7227136331111502e-03	0.0000000000000000e+00	2.4211868508092696e-01
2.7401669256311000e-03	0.0000000000000000e+00	3.1636188733982640e-01
2.7576202181510399e-03	0.0000000000000000e+00	3.8416323893966486e-01
2.7750735106709802e-03	0.0000000000000000e+00	4.4371667013559685e-01
2.7925268031909300e-03	0.0000000000000000e+00	4.9338230978029191e-01
2.8099800957108699e-03	0.0000000000000000e+00	5.3173103742515215e-01
2.8274333882308102e-03	0.0000000000000000e+00	5.5758533603717475e-01
2.8448866807507600e-03	0.0000000000000000e+00	5.7005579049089372e-01
2.8623399732706999e-03	0.0000000000000000e+00	5.6857156605161563e-01
2.8797932657906402e-03	0.0000000000000000e+00	5.5290357398312961e-01
2.8972465583105901e-03	0.0000000000000000e+00	5.2317994401902135e-01
2.9146998508305299e-03	0.0000000000000000e+00	4.7989220603774096e-01
2.9321531433504698e-03	0.0000000000000000e+00	4.2389198571293291e-01
2.9496064358704201e-03	0.0000000000000000e+00	3.5637734477823080e-01
2.9670597283903599e-03	0.0000000000000000e+00	2.7886819860003026e-01
2.9845130209102998e-03	0.0000000000000000e+00	1.9317286109750403e-01
3.0019663134302501e-03	0.0000000000000000e+00	1.0134439157207763e-01
3.0194196059501899e-03	0.0000000000000000e+00	5.6290742250423428e-03
3.0368728984701298e-03	0.0000000000000000e+00	-9.1591944330881109e-02
3.0543261909900801e-03	0.0000000000000000e+00	-1.8786580634344485e-01
3.0717794835100200e-03	0.0000000000000000e+00	-2.8073374536912032e-01
3.0892327760299598e-03	0.0000000000000000e+00	-3.6779771957561508e-01
3.1066860685499101e-03	0.0000000000000000e+00	-4.4678539963163816e-01
3.1241393610698500e-03	0.0000000000000000e+00	-5.1561150889970253e-01
3.1415926535897898e-03	0.0000000000000000e+00	-5.7243385011624570e-01
3.1590459461097401e-03	0.0000000000000000e+00	-6.1570219603654119e-01
3.1764992386296800e-03	0.0000000000000000e+00	-6.4419842158420559e-01
3.1939525311496198e-03	0.0000000000000000e+00	-6.5706786431605446e-01
3.2114058236695701e-03	0.0000000000000000e+00	-6.5384154209348488e-01
3.2288591161895100e-03	0.0000000000000000e+00	-6.3444775279483079e-01
3.2463124087094499e-03	0.0000000000000000e+00	-5.9921372648221627e-01
3.2637657012294001e-03	0.0000000000000000e+00	-5.4885814120047027e-01
3.2812189937493400e-03	0.0000000000000000e+00	-4.8447425504531277e-01
3.2986722862692799e-03	0.0000000000000000e+00	-4.0750455753333431e-01
3.3161255787892301e-03	0.0000000000000000e+00	-3.1970783352925247e-01
3.3335788713091700e-03	0.0000000000000000e+00	-2.2311899689494752e-01
3.3510321638291099e-03	0.0000000000000000e+00	-1.2000322408459238e-01
3.3684854563490602e-03	0.0000000000000000e+00	-1.2804819793185518e-02
3.3859387488690000e-03	0.0000000000000000e+00	9.5907979549647526e-02
3.4033920413889399e-03	0.0000000000000000e+00	2.0350128208080076e-01
3.4208453339088902e-03	0.0000000000000000e+00	3.0733589818870555e-01
3.4382986264288300e-03	0.0000000000000000e+00	4.0482879274761885e-01
3.4557519189487699e-03	0.0000000000000000e+00	4.9351445145096695e-01
3.4732052114687202e-03	0.0000000000000000e+00	5.7110518472947436e-01
3.4906585039886600e-03	0.0000000000000000e+00	6.3554902916582379e-01
3.5081117965085999e-03	0.0000000000000000e+00	6.8508414640894966e-01
3.5255650890285502e-03	0.0000000000000000e+00	7.1828753268251488e-01
3.5430183815484901e-03	0.0000000000000000e+00	7.3411836410311782e-01
3.5604716740684299e-03	0.0000000000000000e+00	7.3195297618415089e-01
3.5779249665883698e-03	0.0000000000000000e+00	7.1161068478706180e-01
3.5953782591083201e-03	0.0000000000000000e+00	6.7336903891948208e-01
3.6128315516282599e-03	0.0000000000000000e+00	6.1796703104658146e-01
3.6302848441482102e-03	0.0000000000000000e+00	5.4659651657719865e-01
3.6477381366681501e-03	0.0000000000000000e+00	4.6087967123512608e-01
3.6651914291880900e-03	0.0000000000000000e+00	3.6283319088701171e-01
3.6826447217080398e-03	0.0000000000000000e+00	2.5482009634042485e-01
3.7000980142279801e-03	0.0000000000000000e+00	1.3948962544040142e-01
3.7175513067479200e-03	0.0000000000000000e+00	1.9708836615780628e-02
3.7350045992678598e-03	0.0000000000000000e+00	-1.0151483301381556e-01
3.7524578917878101e-03	0.0000000000000000e+00	-2.2111497703777178e-01
3.7699111843077500e-03	0.0000000000000000e+00	-3.3605023568104803e-01
3.7873644768276998e-03	0.0000000000000000e+00	-4.4338695802317857e-01
3.8048177693476401e-03	0.0000000000000000e+00	-5.4037839148843003e-01
3.8222710618675800e-03	0.0000000000000000e+00	-6.2453761100948291e-01
3.8397243543875199e-03	0.0000000000000000e+00	-6.9370186745216567e-01
3.8571776469074701e-03	0.0000000000000000e+00	-7.4608732550592893e-01
3.8746309394274100e-03	0.0000000000000000e+00	-7.8033095836927191e-01
3.8920842319473499e-03	0.0000000000000000e+00	-7.9552311587614433e-01
3.9095375244672997e-03	0.0000000000000000e+00	-7.9122639988837817e-01
3.9269908169872400e-03	0.0000000000000000e+00	-7.6748254239353098e-01
3.9444441095071803e-03	0.0000000000000000e+00	-7.2480819834481058e-01
3.9618974020271302e-03	0.0000000000000000e+00	-6.6417923055699513e-01
3.9793506945470696e-03	0.0000000000000000e+00	-5.8700508161660503e-01
3.9968039870670099e-03	0.0000000000000000e+00	-4.9509404211366048e-01
4.0142572795869597e-03	0.0000000000000000e+00	-3.9061007713161794e-01
4.0317105721069000e-03	0.0000000000000000e+00	-2.7602267820292403e-01
4.0491638646268403e-03	0.0000000000000000e+00	-1.5405056016162250e-01
4.0666171571467902e-03	0.0000000000000000e+00	-2.7600335750548127e-02
4.0840704496667296e-03	0.0000000000000000e+00	1.0029857046178905e-01
4.1015237421866699e-03	0.0000000000000000e+00	2.2656186957004487e-01
4.1189770347066198e-03	0.0000000000000000e+00	3.4811994100887889e-01
4.1364303272265601e-03	0.0000000000000000e+00	4.6198794825849188e-01
4.1538836197465004e-03	0.0000000000000000e+00	5.6533548760243624e-01
4.1713369122664502e-03	0.0000000000000000e+00	6.5555426144718087e-01
4.1887902047863896e-03	0.0000000000000000e+00	7.3032272937290266e-01
4.2062434973063299e-03	0.0000000000000000e+00	7.8766630406458371e-01
4.2236967898262798e-03	0.0000000000000000e+00	8.2601125477536397e-01
4.2411500823462201e-03	0.0000000000000000e+00	8.4423173650675210e-01
4.2586033748661604e-03	0.0000000000000000e+00	8.4168735493025904e-01
4.2760566673861102e-03	0.0000000000000000e+00	8.1825014011174579e-01
4.2935099599060497e-03	0.0000000000000000e+00	7.7431912016852711e-01
4.3109632524259900e-03	0.0000000000000000e+00	7.1082075688452717e-01
4.3284165449459398e-03	0.0000000000000000e+00	6.2919547152014410e-01
4.3458698374658801e-03	0.0000000000000000e+00	5.3136816478837812e-01
4.3633231299858204e-03	0.0000000000000000e+00	4.1970447105189534e-01
4.3807764225057702e-03	0.0000000000000000e+00	2.9695198249405230e-01
4.3982297150257097e-03	0.0000000000000000e+00	1.6616824308879519e-01
4.4156830075456500e-03	0.0000000000000000e+00	3.0639569591774191e-02
4.4331363000655998e-03	0.0000000000000000e+00	-1.0620908502628577e-01
4.4505895925855401e-03	0.0000000000000000e+00	-2.4090855265173935e-01
4.4680428851054804e-03	0.0000000000000000e+00	-3.7004087332852276e-01
4.4854961776254303e-03	0.0000000000000000e+00	-4.9033241987234516e-01
4.5029494701453697e-03	0.0000000000000000e+00	-5.9874182453285507e-01
4.5204027626653100e-03	0.0000000000000000e+00	-6.9253941952671039e-01
4.5378560551852598e-03	0.0000000000000000e+00	-7.6937591408240336e-01
4.5553093477052001e-03	0.0000000000000000e+00	-8.2733927866816137e-01
4.5727626402251396e-03	0.0000000000000000e+00	-8.6499803282782062e-01
4.5902159327450903e-03	0.0000000000000000e+00	-8.8143082795321070e-01
4.6076692252650297e-03	0.0000000000000000e+00	-8.7624312749248412e-01
4.6251225177849700e-03	0.0000000000000000e+00	-8.4957008881410567e-01
4.6425758103049199e-03	0.0000000000000000e+00	-8.0206697997714393e-01
4.6600291028248602e-03	0.0000000000000000e+00	-7.3488752102240706e-01
4.6774823953447996e-03	0.0000000000000000e+00	-6.4965250015618281e-01
4.6949356878647503e-03	0.0000000000000000e+00	-5.4840878913696367e-01
4.7123889803846897e-03	0.0000000000000000e+00	-4.3357941634556690e-01
4.7298422729046300e-03	0.0000000000000000e+00	-3.0790697104006026e-01
4.7472955654245799e-03	0.0000000000000000e+00	-1.7439101203000093e-01
4.7647488579445202e-03	0.0000000000000000e+00	-3.6220718178337663e-02
4.7822021504644596e-03	0.0000000000000000e+00	1.0329620692320801e-01
4.7996554429844103e-03	0.0000000000000000e+00	2.4080697565639400e-01
4.8171087355043498e-03	0.0000000000000000e+00	3.7298846922329248e-01
4.8345620280242901e-03	0.0000000000000000e+00	4.9662220276970637e-01
4.8520153205442399e-03	0.0000000000000000e+00	6.0866826440139010e-01
4.8694686130641802e-03	0.0000000000000000e+00	7.0633712120399639e-01
4.8869219055841196e-03	0.0000000000000000e+00	7.8715797443242197e-01
4.9043751981040704e-03	0.0000000000000000e+00	8.4904167975119449e-01
4.9218284906240098e-03	0.0000000000000000e+00	8.9033747465400392e-01
4.9392817831439501e-03	0.0000000000000000e+00	9.0988178318815827e-01
4.9567350756638999e-03	0.0000000000000000e+00	9.0703669632622941e-01
4.9741883681838402e-03	0.0000000000000000e+00	8.8171699395653391e-01
4.9916416607037797e-03	0.0000000000000000e+00	8.3440380098317002e-01
5.0090949532237304e-03	0.0000000000000000e+00	7.6614317616425354e-01
5.0265482457436698e-03	0.0000000000000000e+00	6.7852945597904890e-01
5.0440015382636101e-03	0.0000000000000000e+00	5.7367222250452921e-01
5.0614548307835600e-03	0.0000000000000000e+00	4.5414581882613531e-01
5.0789081233035003e-03	0.0000000000000000e+00	3.2292458403327917e-01
5.0963614158234397e-03	0.0000000000000000e+00	1.8330371507324050e-01
5.1138147083433904e-03	0.0000000000000000e+00	3.8810639269098730e-02
5.1312680008633298e-03	0.0000000000000000e+00	-1.0689259045277320e-01
5.1487212933832701e-03	0.0000000000000000e+00	-2.5011102685512854e-01
5.1661745859032200e-03	0.0000000000000000e+00	-3.8721851290393067e-01
5.1836278784231603e-03	0.0000000000000000e+00	-5.1475685154518658e-01
5.2010811709430997e-03	0.0000000000000000e+00	-6.2952796297395330e-01
5.2185344634630504e-03	0.0000000000000000e+00	-7.2867627975650118e-01
5.2359877559829899e-03	0.0000000000000000e+00	-8.0975934366882507e-01
5.2534410485029302e-03	0.0000000000000000e+00	-8.7080537040707273e-01
5.2708943410228696e-03	0.0000000000000000e+00	-9.1035601470002547e-01
5.2883476335428203e-03	0.0000000000000000e+00	-9.2749472877170358e-01
5.3058009260627597e-03	0.0000000000000000e+00	-9.2186073001633118e-01
5.3232542185827000e-03	0.0000000000000000e+00	-8.9364980638114511e-01
5.3407075111026499e-03	0.0000000000000000e+00	-8.4360060179232121e-01
5.3581608036225902e-03	0.0000000000000000e+00	-7.7296977496810904e-01
5.3756140961425296e-03	0.0000000000000000e+00	-6.8349812129713960e-01
5.3930673886624803e-03	0.0000000000000000e+00	-5.7736457853677325e-01
5.4105206811824198e-03	0.0000000000000000e+00	-4.5713346171786451e-01
5.4279739737023601e-03	0.0000000000000000e+00	-3.2569427065014156e-01
5.4454272662223099e-03	0.0000000000000000e+00	-1.8619569786358670e-01
5.4628805587422502e-03	0.0000000000000000e+00	-4.1975195587257680e-02
5.4803338512621896e-03	0.0000000000000000e+00	1.0351515661315581e-01
5.4977871437821403e-03	0.0000000000000000e+00	2.4678490432280190e-01
5.5152404363020798e-03	0.0000000000000000e+00	3.8438237832528960e-01
5.5326937288220201e-03	0.0000000000000000e+00	5.1297207213993190e-01
5.5501470213419699e-03	0.0000000000000000e+00	6.2941071535926518e-01
5.5676003138619102e-03	0.0000000000000000e+00	7.3082077657247468e-01
5.5850536063818497e-03	0.0000000000000000e+00	8.1466052874653239e-01
5.6025068989018004e-03	0.0000000000000000e+00	8.7878843654466821e-01
5.6199601914217398e-03	0.0000000000000000e+00	9.2152058132387493e-01
5.6374134839416801e-03	0.0000000000000000e+00	9.4168031261453833e-01
5.6548667764616299e-03	0.0000000000000000e+00	9.3863702009127481e-01
5.6723200689815702e-03	0.0000000000000000e+00	9.1233292153855838e-01
5.6897733615015097e-03	0.0000000000000000e+00	8.6329591403300954e-01
5.7072266540214604e-03	0.0000000000000000e+00	7.9263754266498654e-01
5.7246799465413998e-03	0.0000000000000000e+00	7.0203415069224739e-01
5.7421332390613401e-03	0.0000000000000000e+00	5.9369070213729058e-01
5.7595865315812900e-03	0.0000000000000000e+00	4.7028809302855251e-01
5.7770398241012303e-03	0.0000000000000000e+00	3.3491499877370590e-01
5.7944931166211697e-03	0.0000000000000000e+00	1.9098566145641779e-01
5.8119464091411204e-03	0.0000000000000000e+00	4.2146260758294758e-02
5.8293997016610598e-03	0.0000000000000000e+00	-1.0782555429505533e-01
5.8468529941810002e-03	0.0000000000000000e+00	-2.5512605219259260e-01
5.8643062867009500e-03	0.0000000000000000e+00	-3.9603056214575294e-01
5.8817595792208903e-03	0.0000000000000000e+00	-5.2699478438391412e-01
5.8992128717408297e-03	0.0000000000000000e+00	-6.4474903097301639e-01
5.9166661642607796e-03	0.0000000000000000e+00	-7.4638147562495627e-01
5.9341194567807199e-03	0.0000000000000000e+00	-8.2941017468382205e-01
5.9515727493006602e-03	0.0000000000000000e+00	-8.9184015864337107e-01
5.9690260418206100e-03	0.0000000000000000e+00	-9.3220613813823439e-01
5.9864793343405503e-03	0.0000000000000000e+00	-9.4959858725680191e-01
6.0039326268604898e-03	0.0000000000000000e+00	-9.4367741851561959e-01
6.0213859193804396e-03	0.0000000000000000e+00	-9.1467115098615026e-01
6.0388392119003799e-03	0.0000000000000000e+00	-8.6336151251918880e-01
6.0562925044203202e-03	0.0000000000000000e+00	-7.9105768106171137e-01
6.0737457969402700e-03	0.0000000000000000e+00	-6.9955890382908403e-01
6.0911990894602103e-03	0.0000000000000000e+00	-5.9110803548871882e-01
6.1086523819801498e-03	0.0000000000000000e+00	-4.6833651023371525e-01
6.1261056745000996e-03	0.0000000000000000e+00	-3.3420267715739366e-01
6.1435589670200399e-03	0.0000000000000000e+00	-1.9192431704226287e-01
6.1610122595399802e-03	0.0000000000000000e+00	-4.4906661507602363e-02
6.1784655520599301e-03	0.0000000000000000e+00	1.0333291862341218e-01
6.1959188445798704e-03	0.0000000000000000e+00	2.4924233184720307e-01
6.2133721370998098e-03	0.0000000000000000e+00	3.8931317962632034e-01
6.2308254296197596e-03	0.0000000000000000e+00	5.2015897177152748e-01
6.2482787221396999e-03	0.0000000000000000e+00	6.3859199023924218e-01
6.2657320146596402e-03	0.0000000000000000e+00	7.4169769270579333e-01
6.2831853071795901e-03	0.0000000000000000e+00	8.2690524346031302e-01
6.3006385996995304e-03	0.0000000000000000e+00	8.9205221488798481e-01
6.3180918922194698e-03	0.0000000000000000e+00	9.3544276366760082e-01
6.3355451847394197e-03	0.0000000000000000e+00	9.5589725002908221e-01
6.3529984772593600e-03	0.0000000000000000e+00	9.5279102761007661e-01
6.3704517697793003e-03	0.0000000000000000e+00	9.2608091665062220e-01
6.3879050622992501e-03	0.0000000000000000e+00	8.7631794032449017e-01
6.4053583548191904e-03	0.0000000000000000e+00	8.0464392694381703e-01
6.4228116473391298e-03	0.0000000000000000e+00	7.1277240129758690e-01
6.4402649398590797e-03	0.0000000000000000e+00	6.0295140502369993e-01
6.4577182323790200e-03	0.0000000000000000e+00	4.7790908861886650e-01
6.4751715248989603e-03	0.0000000000000000e+00	3.4078450537247884e-01
6.4926248174188997e-03	0.0000000000000000e+00	1.9504273926145899e-01
6.5100781099388504e-03	0.0000000000000000e+00	4.4380792927861443e-02
6.5275314024587899e-03	0.0000000000000000e+00	-1.0737488594050770e-01
6.5449846949787302e-03	0.0000000000000000e+00	-2.5637541830385313e-01
6.5624379874986800e-03	0.0000000000000000e+00	-3.9885557176441500e-01
6.5798912800186203e-03	0.0000000000000000e+00	-5.3123608117769294e-01
6.5973445725385597e-03	0.0000000000000000e+00	-6.5021870947288352e-01
6.6147978650585096e-03	0.0000000000000000e+00	-7.5287030677289168e-01
6.6322511575784499e-03	0.0000000000000000e+00	-8.3669454468577242e-01
6.6497044500983902e-03	0.0000000000000000e+00	-8.9968877081969345e-01
6.6671577426183400e-03	0.0000000000000000e+00	-9.4038605068298819e-01
6.6846110351382803e-03	0.0000000000000000e+00	-9.5788193201859273e-01
6.7020643276582198e-03	0.0000000000000000e+00	-9.5184736159547190e-01
6.7195176201781696e-03	0.0000000000000000e+00	-9.2252574212029170e-01
6.7369709126981099e-03	0.0000000000000000e+00	-8.7071770867699827e-01
6.7544242052180502e-03	0.0000000000000000e+00	-7.9775473869760183e-01
6.7718774977380001e-03	0.0000000000000000e+00	-7.0546091229420116e-01
6.7893307902579404e-03	0.0000000000000000e+00	-5.9610525958609006e-01
6.8067840827778798e-03	0.0000000000000000e+00	-4.7234662504192421e-01
6.8242373752978296e-03	0.0000000000000000e+00	-3.3717108559686892e-01
6.8416906678177699e-03	0.0000000000000000e+00	-1.9382392938061602e-01
6.8591439603377102e-03	0.0000000000000000e+00	-4.5737096548922357e-02
6.8765972528576601e-03	0.0000000000000000e+00	1.0354664684927624e-01
6.8940505453776004e-03	0.0000000000000000e+00	2.5045155028315985e-01
6.9115038378975398e-03	0.0000000000000000e+00	3.9144759485223146e-01
6.9289571304174897e-03	0.0000000000000000e+00	5.2312921124867606e-01
6.9464104229374300e-03	0.0000000000000000e+00	6.4229244949171227e-01
6.9638637154573703e-03	0.0000000000000000e+00	7.4600954249220053e-01
6.9813170079773201e-03	0.0000000000000000e+00	8.3169957974446163e-01
6.9987703004972604e-03	0.0000000000000000e+00	8.9719338779949964e-01
7.0162235930171998e-03	0.0000000000000000e+00	9.4079176840657153e-01
7.0336768855371497e-03	0.0000000000000000e+00	9.6131511752480370e-01
7.0511301780570900e-03	0.0000000000000000e+00	9.5814215447922013e-01
7.0685834705770303e-03	0.0000000000000000e+00	9.3123646434108365e-01
7.0860367630969801e-03	0.0000000000000000e+00	8.8115883189805044e-01
7.1034900556169204e-03	0.0000000000000000e+00	8.0906359518714754e-01
7.1209433481368599e-03	0.0000000000000000e+00	7.1667905219641070e-01
7.1383966406568097e-03	0.0000000000000000e+00	6.0627029526648224e-01
7.1558499331767500e-03	0.0000000000000000e+00	4.8058426687306477e-01
7.1733032256966903e-03	0.0000000000000000e+00	3.4277831189008801e-01
7.1907565182166401e-03	0.0000000000000000e+00	1.9633687326705113e-01
7.2082098107365796e-03	0.0000000000000000e+00	4.4976330953689775e-02
7.2256631032565199e-03	0.0000000000000000e+00	-1.0745905960637604e-01
7.2431163957764697e-03	0.0000000000000000e+00	-2.5710395750621229e-01
7.2605696882964100e-03	0.0000000000000000e+00	-4.0017851614558142e-01
7.2780229808163503e-03	0.0000000000000000e+00	-5.3309116632653009e-01
7.2954762733363002e-03	0.0000000000000000e+00	-6.5253385398055308e-01
7.3129295658562396e-03	0.0000000000000000e+00	-7.5556623556608038e-01
7.3303828583761799e-03	0.0000000000000000e+00	-8.3968730529589997e-01
7.3478361508961297e-03	0.0000000000000000e+00	-9.0289228441720548e-01
7.3652894434160700e-03	0.0000000000000000e+00	-9.4371448899636745e-01
7.3827427359360103e-03	0.0000000000000000e+00	-9.6125247913619638e-01
7.4001960284559602e-03	0.0000000000000000e+00	-9.5518066074383146e-01
7.4176493209758996e-03	0.0000000000000000e+00	-9.2574834151555963e-01
7.4351026134958399e-03	0.0000000000000000e+00	-8.7376386002300088e-01
7.4525559060157898e-03	0.0000000000000000e+00	-8.0056687491536938e-01
7.4700091985357301e-03	0.0000000000000000e+00	-7.0799055330367677e-01
7.4874624910556704e-03	0.0000000000000000e+00	-5.9831365535547509e-01
7.5049157835756202e-03	0.0000000000000000e+00	-4.7420484072974478e-01
7.5223690760955596e-03	0.0000000000000000e+00	-3.3866010971372529e-01
7.5398223686154999e-03	0.0000000000000000e+00	-1.9493441470128867e-01
7.5572756611354498e-03	0.0000000000000000e+00	-4.6469002023488463e-02
7.5747289536553901e-03	0.0000000000000000e+00	1.0318457984348736e-01
7.5921822461753304e-03	0.0000000000000000e+00	2.5044251181315413e-01
7.6096355386952802e-03	0.0000000000000000e+00	3.9176757812568846e-01
7.6270888312152197e-03	0.0000000000000000e+00	5.2374785141351277e-01
7.6445421237351600e-03	0.0000000000000000e+00	6.4317395316770887e-01
7.6619954162551098e-03	0.0000000000000000e+00	7.4711374505673622e-01
7.6794487087750501e-03	0.0000000000000000e+00	8.3298313667835566e-01
7.6969020012949904e-03	0.0000000000000000e+00	8.9861097341340246e-01
7.7143552938149403e-03	0.0000000000000000e+00	9.4229714552159538e-01
7.7318085863348797e-03	0.0000000000000000e+00	9.6286233031594703e-01
7.7492618788548200e-03	0.0000000000000000e+00	9.5968663019273237e-01
7.7667151713747698e-03	0.0000000000000000e+00	9.3273615429381374e-01
7.7841684638947101e-03	0.0000000000000000e+00	8.8257514907123846e-01
7.8016217564146496e-03	0.0000000000000000e+00	8.1036226260642075e-01
7.8190750489345994e-03	0.0000000000000000e+00	7.1783110938732753e-01
7.8365283414545406e-03	0.0000000000000000e+00	6.0725228769716810e-01
7.8539816339744800e-03	0.0000000000000000e+00	4.8137824537070706e-01
7.8714349264944194e-03	0.0000000000000000e+00	3.4337325992708723e-01
7.8888882190143693e-03	0.0000000000000000e+00	1.9672827394058326e-01
7.9063415115343105e-03	0.0000000000000000e+00	4.5165415781313084e-02
7.9237948040542603e-03	0.0000000000000000e+00	-1.0746542532629622e-01
7.9412480965741997e-03	0.0000000000000000e+00	-2.5729375479744576e-01
7.9587013890941392e-03	0.0000000000000000e+00	-4.0053519552409289e-01
7.9761546816140907e-03	0.0000000000000000e+00	-5.3359447076784172e-01
7.9936079741340302e-03	0.0000000000000000e+00	-6.5316072009234383e-01
8.0110612666539696e-03	0.0000000000000000e+00	-7.5629173086679835e-01
8.0285145591739195e-03	0.0000000000000000e+00	-8.4048521166099199e-01
8.0459678516938606e-03	0.0000000000000000e+00	-9.0373575674043549e-01
8.0634211442138001e-03	0.0000000000000000e+00	-9.4457716023940352e-01
8.0808744367337395e-03	0.0000000000000000e+00	-9.6210875824338860e-01
8.0983277292536893e-03	0.0000000000000000e+00	-9.5600760410453833e-01
8.1157810217736305e-03	0.0000000000000000e+00	-9.2652475643098420e-01
8.1332343142935803e-03	0.0000000000000000e+00	-8.7447063548466775e-01
8.1506876068135198e-03	0.0000000000000000e+00	-8.0118801950919882e-01
8.1681408993334592e-03	0.0000000000000000e+00	-7.0851286908381772e-01
8.1855941918534108e-03	0.0000000000000000e+00	-5.9872699436056154e-01
8.2030474843733502e-03	0.0000000000000000e+00	-4.7450227158246061e-01
8.2205007768932897e-03	0.0000000000000000e+00	-3.3883771967246545e-01
8.2379540694132308e-03	0.0000000000000000e+00	-1.9499128318446751e-01
8.2554073619331807e-03	0.0000000000000000e+00	-4.6407011291869450e-02
8.2728606544531201e-03	0.0000000000000000e+00	1.0336092797933492e-01
8.2903139469730595e-03	0.0000000000000000e+00	2.5072631621223046e-01
8.3077672394930094e-03	0.0000000000000000e+00	3.9214979838813047e-01
8.3252205320129506e-03	0.0000000000000000e+00	5.2421761651201837e-01
8.3426738245328900e-03	0.0000000000000000e+00	6.4371898072855371e-01
8.3601271170528398e-03	0.0000000000000000e+00	7.4772068693113891e-01
8.3775804095727793e-03	0.0000000000000000e+00	8.3363789142957700e-01
8.3950337020927204e-03	0.0000000000000000e+00	8.9929890452293892e-01
8.4124869946126703e-03	0.0000000000000000e+00	9.4300361753179640e-01
8.4299402871326097e-03	0.0000000000000000e+00	9.6357293863699067e-01
8.4473935796525491e-03	0.0000000000000000e+00	9.6038755923053454e-01
8.4648468721725007e-03	0.0000000000000000e+00	9.3341446286715357e-01
8.4823001646924402e-03	0.0000000000000000e+00	8.8321905463801276e-01
8.4997534572123796e-03	0.0000000000000000e+00	8.1096133424413930e-01
8.5172067497323294e-03	0.0000000000000000e+00	7.1837641621606285e-01
8.5346600422522706e-03	0.0000000000000000e+00	6.0773677342983723e-01
8.5521133347722100e-03	0.0000000000000000e+00	4.8179681708121197e-01
8.5695666272921599e-03	0.0000000000000000e+00	3.4372288543221619e-01
8.5870199198120993e-03	0.0000000000000000e+00	1.9700700717133751e-01
8.6044732123320405e-03	0.0000000000000000e+00	4.5373313629522100e-02
8.6219265048519903e-03	0.0000000000000000e+00	-1.0732657978139072e-01
8.6393797973719298e-03	0.0000000000000000e+00	-2.5722062789039513e-01
8.6568330898918692e-03	0.0000000000000000e+00	-4.0052326006944577e-01
8.6742863824118208e-03	0.0000000000000000e+00	-5.3363814808274757e-01
8.6917396749317602e-03	0.0000000000000000e+00	-6.5325356353999475e-01
8.7091929674516996e-03	0.0000000000000000e+00	-7.5642656036569167e-01
8.7266462599716495e-03	0.0000000000000000e+00	-8.4065467296183527e-01
8.7440995524915906e-03	0.0000000000000000e+00	-9.0393257681384631e-01
8.7615528450115301e-03	0.0000000000000000e+00	-9.4479449266978821e-01
8.7790061375314799e-03	0.0000000000000000e+00	-9.6233970590682616e-01
8.7964594300514194e-03	0.0000000000000000e+00	-9.5624488741733826e-01
8.8139127225713605e-03	0.0000000000000000e+00	-9.2676219559991868e-01
8.8313660150913104e-03	0.0000000000000000e+00	-8.7470309250458678e-01
8.8488193076112498e-03	0.0000000000000000e+00	-8.0141078494985352e-01
8.8662726001311892e-03	0.0000000000000000e+00	-7.0872205760001294e-01
8.8837258926511408e-03	0.0000000000000000e+00	-5.9891958163261061e-01
8.9011791851710802e-03	0.0000000000000000e+00	-4.7467595108768224e-01
8.9186324776910197e-03	0.0000000000000000e+00	-3.3899098854590759e-01
8.9360857702109695e-03	0.0000000000000000e+00	-1.9512340970010325e-01
8.9535390627309107e-03	0.0000000000000000e+00	-4.6517955473665204e-02
8.9709923552508501e-03	0.0000000000000000e+00	1.0327055833147039e-01
8.9884456477708000e-03	0.0000000000000000e+00	2.5065533135610280e-01
9.0058989402907394e-03	0.0000000000000000e+00	3.9209653984860665e-01
9.0233522328106806e-03	0.0000000000000000e+00	5.2418001723494811e-01
9.0408055253306304e-03	0.0000000000000000e+00	6.4369458059241114e-01
9.0582588178505698e-03	0.0000000000000000e+00	7.4770671448619730e-01
9.0757121103705093e-03	0.0000000000000000e+00	8.3363143745920421e-01
9.0931654028904609e-03	0.0000000000000000e+00	8.9929694250437886e-01
9.1106186954104003e-03	0.0000000000000000e+00	9.4300312240073736e-01
9.1280719879303397e-03	0.0000000000000000e+00	9.6357094569337065e-01
9.1455252804502896e-03	0.0000000000000000e+00	9.6038127768924142e-01
9.1629785729702307e-03	0.0000000000000000e+00	9.3340132994627900e-01
9.1804318654901702e-03	0.0000000000000000e+00	8.8319666354039394e-01
9.1978851580101200e-03	0.0000000000000000e+00	8.1092783117678302e-01
9.2153384505300594e-03	0.0000000000000000e+00	7.1833052023929689e-01
9.2327917430500006e-03	0.0000000000000000e+00	6.0767747697943442e-01
9.2502450355699505e-03	0.0000000000000000e+00	4.8172333555150115e-01
9.2676983280898899e-03	0.0000000000000000e+00	3.4363478561619520e-01
9.2851516206098293e-03	0.0000000000000000e+00	1.9690476684757408e-01
9.3026049131297792e-03	0.0000000000000000e+00	4.5257771421136274e-02
9.3200582056497203e-03	0.0000000000000000e+00	-1.0745426482506520e-01
9.3375114981696598e-03	0.0000000000000000e+00	-2.5735899524132255e-01
9.3549647906896096e-03	0.0000000000000000e+00	-4.0067044575426380e-01
9.3724180832095508e-03	0.0000000000000000e+00	-5.3379212702949508e-01
9.3898713757294902e-03	0.0000000000000000e+00	-6.5341223683471672e-01
9.4073246682494296e-03	0.0000000000000000e+00	-7.5658792700287381e-01
9.4247779607693795e-03	0.0000000000000000e+00	-8.4081638504065603e-01
9.4422312532893207e-03	0.0000000000000000e+00	-9.0409234346145795e-01
9.4596845458092705e-03	0.0000000000000000e+00	-9.4494972579392422e-01
9.4771378383292099e-03	0.0000000000000000e+00	-9.6248871776685685e-01
9.4945911308491494e-03	0.0000000000000000e+00	-9.5638618366996397e-01
9.5120444233690905e-03	0.0000000000000000e+00	-9.2689390968455621e-01
9.5294977158890404e-03	0.0000000000000000e+00	-8.7482376293472630e-01
9.5469510084089798e-03	0.0000000000000000e+00	-8.0151917901755465e-01
9.5644043009289192e-03	0.0000000000000000e+00	-7.0881718742430744e-01
9.5818575934488708e-03	0.0000000000000000e+00	-5.9900070756169665e-01
9.5993108859688103e-03	0.0000000000000000e+00	-4.7474257640960460e-01
9.6167641784887497e-03	0.0000000000000000e+00	-3.3904287723053994e-01
9.6342174710086995e-03	0.0000000000000000e+00	-1.9516050129656168e-01
9.6516707635286407e-03	0.0000000000000000e+00	-4.6540414452691171e-02
9.6691240560485905e-03	0.0000000000000000e+00	1.0326236019388589e-01
9.6865773485685300e-03	0.0000000000000000e+00	2.5066085974532382e-01
9.7040306410884694e-03	0.0000000000000000e+00	3.9211511179925784e-01
9.7214839336084106e-03	0.0000000000000000e+00	5.2421083738717544e-01
9.7389372261283604e-03	0.0000000000000000e+00	6.4373675748156078e-01
9.7563905186482999e-03	0.0000000000000000e+00	7.4775922226311842e-01
9.7738438111682393e-03	0.0000000000000000e+00	8.3369303569620590e-01
9.7912971036881909e-03	0.0000000000000000e+00	8.9936660958869752e-01
9.8087503962081303e-03	0.0000000000000000e+00	9.4307975961215929e-01
9.8262036887280697e-03	0.0000000000000000e+00	9.6365350317372833e-01
9.8436569812480196e-03	0.0000000000000000e+00	9.6046871532821043e-01
9.8611102737679607e-03	0.0000000000000000e+00	9.3349259831037168e-01
9.8785635662879106e-03	0.0000000000000000e+00	8.8329094857550505e-01
9.8960168588078500e-03	0.0000000000000000e+00	8.1102459828952378e-01
9.9134701513277895e-03	0.0000000000000000e+00	7.1842891603818071e-01
9.9309234438477306e-03	0.0000000000000000e+00	6.0777657534583218e-01
9.9483767363676805e-03	0.0000000000000000e+00	4.8182249175360548e-01
9.9658300288876199e-03	0.0000000000000000e+00	3.4373311249581728e-01
9.9832833214075593e-03	0.0000000000000000e+00	1.9700193546974612e-01
1.0000736613927501e-02	0.0000000000000000e+00	4.5353458333273894e-02
1.0018189906447501e-02	0.0000000000000000e+00	-1.0736033439052627e-01
1.0035643198967400e-02	0.0000000000000000e+00	-2.5726683126083111e-01
1.0053096491487300e-02	0.0000000000000000e+00	-4.0058008346063390e-01
1.0070549784007300e-02	0.0000000000000000e+00	-5.3370358140744911e-01
1.0088003076527199e-02	0.0000000000000000e+00	-6.5332549263747619e-01
1.0105456369047200e-02	0.0000000000000000e+00	-7.5650293786184120e-01
1.0122909661567101e-02	0.0000000000000000e+00	-8.4073324627966961e-01
1.0140362954087099e-02	0.0000000000000000e+00	-9.0401096724689067e-01
1.0157816246607001e-02	0.0000000000000000e+00	-9.4487008947959950e-01
1.0175269539126900e-02	0.0000000000000000e+00	-9.6241038382428767e-01
1.0192722831646900e-02	0.0000000000000000e+00	-9.5630972988148577e-01
1.0210176124166800e-02	0.0000000000000000e+00	-9.2681954901849517e-01
1.0227629416686800e-02	0.0000000000000000e+00	-8.7475149600864066e-01
1.0245082709206699e-02	0.0000000000000000e+00	-8.0144907437828206e-01
1.0262536001726700e-02	0.0000000000000000e+00	-7.0874933305588672e-01
1.0279989294246601e-02	0.0000000000000000e+00	-5.9893526216776993e-01
1.0297442586766500e-02	0.0000000000000000e+00	-4.7467974848222549e-01
1.0314895879286501e-02	0.0000000000000000e+00	-3.3898286652649007e-01
1.0332349171806400e-02	0.0000000000000000e+00	-1.9510349865820156e-01
1.0349802464326400e-02	0.0000000000000000e+00	-4.6486628623409250e-02
1.0367255756846300e-02	0.0000000000000000e+00	1.0331273500309460e-01
1.0384709049366300e-02	0.0000000000000000e+00	2.5070759335332060e-01
1.0402162341886199e-02	0.0000000000000000e+00	3.9215796930563440e-01
1.0419615634406101e-02	0.0000000000000000e+00	5.2424959231770418e-01
1.0437068926926101e-02	0.0000000000000000e+00	6.4377116534779777e-01
1.0454522219446000e-02	0.0000000000000000e+00	7.4778909956864714e-01
1.0471975511966001e-02	0.0000000000000000e+00	8.3371834831932756e-01
1.0489428804485900e-02	0.0000000000000000e+00	8.9938715762220567e-01
1.0506882097005900e-02	0.0000000000000000e+00	9.4309538346581689e-01
1.0524335389525800e-02	0.0000000000000000e+00	9.6366408600027353e-01
1.0541788682045699e-02	0.0000000000000000e+00	9.6047418162843279e-01
1.0559241974565699e-02	0.0000000000000000e+00	9.3349294043085607e-01
1.0576695267085601e-02	0.0000000000000000e+00	8.8328602132261769e-01
1.0594148559605601e-02	0.0000000000000000e+00	8.1101403682336926e-01
1.0611601852125500e-02	0.0000000000000000e+00	7.1841289221762517e-01
1.0629055144645501e-02	0.0000000000000000e+00	6.0775535739043318e-01
1.0646508437165400e-02	0.0000000000000000e+00	4.8179628267627661e-01
1.0663961729685400e-02	0.0000000000000000e+00	3.4370238329054570e-01
1.0681415022205300e-02	0.0000000000000000e+00	1.9696680412401971e-01
1.0698868314725199e-02	0.0000000000000000e+00	4.5314203414346776e-02
1.0716321607245199e-02	0.0000000000000000e+00	-1.0740342036859640e-01
1.0733774899765101e-02	0.0000000000000000e+00	-2.5731362467178920e-01
1.0751228192285101e-02	0.0000000000000000e+00	-4.0063037776666893e-01
1.0768681484805000e-02	0.0000000000000000e+00	-5.3375709901512547e-01
1.0786134777325001e-02	0.0000000000000000e+00	-6.5338193383323073e-01
1.0803588069844900e-02	0.0000000000000000e+00	-7.5656198967496335e-01
1.0821041362364800e-02	0.0000000000000000e+00	-8.4079455670270531e-01
1.0838494654884800e-02	0.0000000000000000e+00	-9.0407421096336149e-01
1.0855947947404699e-02	0.0000000000000000e+00	-9.4493525306120885e-01
1.0873401239924699e-02	0.0000000000000000e+00	-9.6247750781091768e-01
1.0890854532444601e-02	0.0000000000000000e+00	-9.5637755616311126e-01
1.0908307824964599e-02	0.0000000000000000e+00	-9.2688771117046309e-01
1.0925761117484500e-02	0.0000000000000000e+00	-8.7481973046382588e-01
1.0943214410004400e-02	0.0000000000000000e+00	-8.0151707205236722e-01
1.0960667702524400e-02	0.0000000000000000e+00	-7.0881682301206028e-01
1.0978120995044300e-02	0.0000000000000000e+00	-5.9900196469149258e-01
1.0995574287564300e-02	0.0000000000000000e+00	-4.7474536189947775e-01
1.1013027580084199e-02	0.0000000000000000e+00	-3.3904708474826645e-01
1.1030480872604199e-02	0.0000000000000000e+00	-1.9516608543865968e-01
1.1047934165124101e-02	0.0000000000000000e+00	-4.6547359404687544e-02
1.1065387457644000e-02	0.0000000000000000e+00	1.0325406592210704e-01
1.1082840750164000e-02	0.0000000000000000e+00	2.5065118950439702e-01
1.1100294042683900e-02	0.0000000000000000e+00	3.9210400871269091e-01
1.1117747335203900e-02	0.0000000000000000e+00	5.2419821238585951e-01
1.1135200627723800e-02	0.0000000000000000e+00	6.4372251952189297e-01
1.1152653920243800e-02	0.0000000000000000e+00	7.4774331354863621e-01
1.1170107212763699e-02	0.0000000000000000e+00	8.3367539784414446e-01
1.1187560505283699e-02	0.0000000000000000e+00	8.9934723967727626e-01
1.1205013797803601e-02	0.0000000000000000e+00	9.4305857224988265e-01
1.1222467090323500e-02	0.0000000000000000e+00	9.6363044196185033e-01
1.1239920382843500e-02	0.0000000000000000e+00	9.6044370803606227e-01
1.1257373675363400e-02	0.0000000000000000e+00	9.3346567173073958e-01
1.1274826967883400e-02	0.0000000000000000e+00	8.8326210339331201e-01
1.1292280260403300e-02	0.0000000000000000e+00	8.1099361449878271e-01
1.1309733552923300e-02	0.0000000000000000e+00	7.1839594162004150e-01
1.1327186845443199e-02	0.0000000000000000e+00	6.0774176339166042e-01
1.1344640137963101e-02	0.0000000000000000e+00	4.8178610440425346e-01
1.1362093430483101e-02	0.0000000000000000e+00	3.4369539539560173e-01
1.1379546723003000e-02	0.0000000000000000e+00	1.9696330304763340e-01
1.1397000015523000e-02	0.0000000000000000e+00	4.5313934477585187e-02
1.1414453308042900e-02	0.0000000000000000e+00	-1.0740049531091629e-01
1.1431906600562900e-02	0.0000000000000000e+00	-2.5730739701344946e-01
1.1449359893082800e-02	0.0000000000000000e+00	-4.0062087163690108e-01
1.1466813185602699e-02	0.0000000000000000e+00	-5.3374450441343568e-01
1.1484266478122699e-02	0.0000000000000000e+00	-6.5336633415097922e-01
1.1501719770642601e-02	0.0000000000000000e+00	-7.5654344272377705e-01
1.1519173063162601e-02	0.0000000000000000e+00	-8.4077314170657691e-01
1.1536626355682500e-02	0.0000000000000000e+00	-9.0405014268221617e-01
1.1554079648202500e-02	0.0000000000000000e+00	-9.4490823620960285e-01
1.1571532940722400e-02	0.0000000000000000e+00	-9.6244725769126505e-01
1.1588986233242300e-02	0.0000000000000000e+00	-9.5634489775600484e-01
1.1606439525762300e-02	0.0000000000000000e+00	-9.2685316914358673e-01
1.1623892818282199e-02	0.0000000000000000e+00	-8.7478324707261024e-01
1.1641346110802199e-02	0.0000000000000000e+00	-8.0147892160552303e-01
1.1658799403322101e-02	0.0000000000000000e+00	-7.0877718803210477e-01
1.1676252695842101e-02	0.0000000000000000e+00	-5.9896095273458461e-01
1.1693705988362000e-02	0.0000000000000000e+00	-4.7470319063227151e-01
1.1711159280882000e-02	0.0000000000000000e+00	-3.3900397624952122e-01
1.1728612573401900e-02	0.0000000000000000e+00	-1.9512223997852912e-01
1.1746065865921800e-02	0.0000000000000000e+00	-4.6502984534114195e-02
1.1763519158441800e-02	0.0000000000000000e+00	1.0329876503783918e-01
1.1780972450961699e-02	0.0000000000000000e+00	2.5069601799834212e-01
1.1798425743481699e-02	0.0000000000000000e+00	3.9214871861405376e-01
1.1815879036001601e-02	0.0000000000000000e+00	5.2424254792588099e-01
1.1833332328521601e-02	0.0000000000000000e+00	6.4376628516091505e-01
1.1850785621041500e-02	0.0000000000000000e+00	7.4778632576364013e-01
1.1868238913561400e-02	0.0000000000000000e+00	8.3371756547623899e-01
1.1885692206081400e-02	0.0000000000000000e+00	8.9938839687031769e-01
1.1903145498601300e-02	0.0000000000000000e+00	9.4309862089855911e-01
1.1920598791121300e-02	0.0000000000000000e+00	9.6366922749278805e-01
1.1938052083641199e-02	0.0000000000000000e+00	9.6048110785010166e-01
1.1955505376161199e-02	0.0000000000000000e+00	9.3350158972915520e-01
1.1972958668681101e-02	0.0000000000000000e+00	8.8329629727018066e-01
1.1990411961201000e-02	0.0000000000000000e+00	8.1102593391368627e-01
1.2007865253721000e-02	0.0000000000000000e+00	7.1842684142443969e-01
1.2025318546240900e-02	0.0000000000000000e+00	6.0777128574210226e-01
1.2042771838760900e-02	0.0000000000000000e+00	4.8181389432802474e-01
1.2060225131280800e-02	0.0000000000000000e+00	3.4372134383281505e-01
1.2077678423800800e-02	0.0000000000000000e+00	1.9698700054277488e-01
1.2095131716320699e-02	0.0000000000000000e+00	4.5335348180217117e-02
1.2112585008840600e-02	0.0000000000000000e+00	-1.0738141345942949e-01
1.2130038301360601e-02	0.0000000000000000e+00	-2.5729074982528066e-01
1.2147491593880500e-02	0.0000000000000000e+00	-4.0060668240648484e-01
1.2164944886400500e-02	0.0000000000000000e+00	-5.3373278937707191e-01
1.2182398178920400e-02	0.0000000000000000e+00	-6.5335728090403233e-01
1.2199851471440400e-02	0.0000000000000000e+00	-7.5653685726455777e-01
1.2217304763960300e-02	0.0000000000000000e+00	-8.4076888632804947e-01
1.2234758056480201e-02	0.0000000000000000e+00	-9.0404821685134917e-01
1.2252211349000199e-02	0.0000000000000000e+00	-9.4490876374447164e-01
1.2269664641520101e-02	0.0000000000000000e+00	-9.6245028291458845e-01
1.2287117934040101e-02	0.0000000000000000e+00	-9.5635053700836758e-01
1.2304571226560000e-02	0.0000000000000000e+00	-9.2686084616871078e-01
1.2322024519080000e-02	0.0000000000000000e+00	-8.7479316194921342e-01
1.2339477811599900e-02	0.0000000000000000e+00	-8.0149084632153378e-01
1.2356931104119900e-02	0.0000000000000000e+00	-7.0879104577250573e-01
1.2374384396639800e-02	0.0000000000000000e+00	-5.9897670847539330e-01
1.2391837689159701e-02	0.0000000000000000e+00	-4.7472066873601493e-01
1.2409290981679699e-02	0.0000000000000000e+00	-3.3902305404378186e-01
1.2426744274199601e-02	0.0000000000000000e+00	-1.9514283341025287e-01
1.2444197566719601e-02	0.0000000000000000e+00	-4.6524970933090472e-02
1.2461650859239500e-02	0.0000000000000000e+00	1.0327550208513246e-01
1.2479104151759500e-02	0.0000000000000000e+00	2.5067156986271971e-01
1.2496557444279400e-02	0.0000000000000000e+00	3.9212325453436381e-01
1.2514010736799299e-02	0.0000000000000000e+00	5.2421627111847791e-01
1.2531464029319300e-02	0.0000000000000000e+00	6.4373931721949007e-01
1.2548917321839201e-02	0.0000000000000000e+00	7.4775880003397699e-01
1.2566370614359199e-02	0.0000000000000000e+00	8.3368967729683063e-01
1.2583823906879101e-02	0.0000000000000000e+00	8.9936016922816153e-01
1.2601277199399101e-02	0.0000000000000000e+00	9.4307017721217901e-01
1.2618730491919000e-02	0.0000000000000000e+00	9.6364070838684524e-01
1.2636183784438900e-02	0.0000000000000000e+00	9.6045266831392062e-01
1.2653637076958900e-02	0.0000000000000000e+00	9.3347329861998241e-01
1.2671090369478799e-02	0.0000000000000000e+00	8.8326842688589058e-01
1.2688543661998800e-02	0.0000000000000000e+00	8.1099870884134728e-01
1.2705996954518701e-02	0.0000000000000000e+00	7.1839962701910776e-01
1.2723450247038699e-02	0.0000000000000000e+00	6.0774407810828535e-01
1.2740903539558601e-02	0.0000000000000000e+00	4.8178693136924700e-01
1.2758356832078500e-02	0.0000000000000000e+00	3.4369475805900268e-01
1.2775810124598500e-02	0.0000000000000000e+00	1.9696099746241119e-01
1.2793263417118400e-02	0.0000000000000000e+00	4.5310256774983182e-02
1.2810716709638400e-02	0.0000000000000000e+00	-1.0740557026001177e-01
1.2828170002158299e-02	0.0000000000000000e+00	-2.5731389123192927e-01
1.2845623294678300e-02	0.0000000000000000e+00	-4.0062869952147945e-01
1.2863076587198201e-02	0.0000000000000000e+00	-5.3375354059989000e-01
1.2880529879718199e-02	0.0000000000000000e+00	-6.5337656784907217e-01
1.2897983172238101e-02	0.0000000000000000e+00	-7.5655471252052164e-01
1.2915436464758000e-02	0.0000000000000000e+00	-8.4078540742939178e-01
1.2932889757278000e-02	0.0000000000000000e+00	-9.0406336049194846e-01
1.2950343049797900e-02	0.0000000000000000e+00	-9.4492247092520121e-01
1.2967796342317900e-02	0.0000000000000000e+00	-9.6246244060233010e-01
1.2985249634837799e-02	0.0000000000000000e+00	-9.5636105971065943e-01
1.3002702927357800e-02	0.0000000000000000e+00	-9.2686984074167655e-01
1.3020156219877701e-02	0.0000000000000000e+00	-8.7480047694866214e-01
1.3037609512397600e-02	0.0000000000000000e+00	-8.0149661272280648e-01
1.3055062804917601e-02	0.0000000000000000e+00	-7.0879523203102845e-01
1.3072516097437500e-02	0.0000000000000000e+00	-5.9897932301697676e-01
1.3089969389957500e-02	0.0000000000000000e+00	-4.7472178302216189e-01
1.3107422682477400e-02	0.0000000000000000e+00	-3.3902270050730865e-01
1.3124875974997400e-02	0.0000000000000000e+00	-1.9514105451976127e-01
1.3142329267517299e-02	0.0000000000000000e+00	-4.6521777987510553e-02
1.3159782560037201e-02	0.0000000000000000e+00	1.0328008619549400e-01
1.3177235852557199e-02	0.0000000000000000e+00	2.5067752840877205e-01
1.3194689145077100e-02	0.0000000000000000e+00	3.9213050602820099e-01
1.3212142437597101e-02	0.0000000000000000e+00	5.2422470202778926e-01
1.3229595730117000e-02	0.0000000000000000e+00	6.4374885394083681e-01
1.3247049022637000e-02	0.0000000000000000e+00	7.4776941511707151e-01
1.3264502315156900e-02	0.0000000000000000e+00	8.3370131888948218e-01
1.3281955607676799e-02	0.0000000000000000e+00	8.9937276697086277e-01
1.3299408900196799e-02	0.0000000000000000e+00	9.4308365241365477e-01
1.3316862192716701e-02	0.0000000000000000e+00	9.6365495765137110e-01
1.3334315485236699e-02	0.0000000000000000e+00	9.6046759632915246e-01
1.3351768777756600e-02	0.0000000000000000e+00	9.3348885827275430e-01
1.3369222070276601e-02	0.0000000000000000e+00	8.8328439385979984e-01
1.3386675362796500e-02	0.0000000000000000e+00	8.1101483789257800e-01
1.3404128655316400e-02	0.0000000000000000e+00	7.1841595423169191e-01
1.3421581947836400e-02	0.0000000000000000e+00	6.0776053012402620e-01
1.3439035240356299e-02	0.0000000000000000e+00	4.8180399114973332e-01
1.3456488532876299e-02	0.0000000000000000e+00	3.4371264394186923e-01
1.3473941825396201e-02	0.0000000000000000e+00	1.9697934826148436e-01
1.3491395117916199e-02	0.0000000000000000e+00	4.5328859309729720e-02
1.3508848410436100e-02	0.0000000000000000e+00	-1.0738676388770699e-01
1.3526301702956101e-02	0.0000000000000000e+00	-2.5729504637059170e-01
1.3543754995476000e-02	0.0000000000000000e+00	-4.0061004078944457e-01
1.3561208287995900e-02	0.0000000000000000e+00	-5.3373518041746548e-01
1.3578661580515900e-02	0.0000000000000000e+00	-6.5335843126662696e-01
1.3596114873035799e-02	0.0000000000000000e+00	-7.5653688682352138e-01
1.3613568165555799e-02	0.0000000000000000e+00	-8.4076798657521290e-01
1.3631021458075701e-02	0.0000000000000000e+00	-9.0404644965052594e-01
1.3648474750595699e-02	0.0000000000000000e+00	-9.4490607171970920e-01
1.3665928043115600e-02	0.0000000000000000e+00	-9.6244717991725326e-01
1.3683381335635500e-02	0.0000000000000000e+00	-9.5634633529565360e-01
1.3700834628155500e-02	0.0000000000000000e+00	-9.2685569061536244e-01
1.3718287920675400e-02	0.0000000000000000e+00	-8.7478705439455684e-01
1.3735741213195400e-02	0.0000000000000000e+00	-8.0148388394744863e-01
1.3753194505715299e-02	0.0000000000000000e+00	-7.0878329205061352e-01
1.3770647798235299e-02	0.0000000000000000e+00	-5.9896820843128407e-01
1.3788101090755201e-02	0.0000000000000000e+00	-4.7471155042758217e-01
1.3805554383275100e-02	0.0000000000000000e+00	-3.3901338164167044e-01
1.3823007675795100e-02	0.0000000000000000e+00	-1.9513262924455757e-01
1.3840460968315000e-02	0.0000000000000000e+00	-4.6514290474448161e-02
1.3857914260835000e-02	0.0000000000000000e+00	1.0328660504985919e-01
1.3875367553354900e-02	0.0000000000000000e+00	2.5068306107577421e-01
1.3892820845874900e-02	0.0000000000000000e+00	3.9213508969984073e-01
1.3910274138394799e-02	0.0000000000000000e+00	5.2422839976715019e-01
1.3927727430914701e-02	0.0000000000000000e+00	6.4375168979335518e-01
1.3945180723434701e-02	0.0000000000000000e+00	7.4777136336788463e-01
1.3962634015954600e-02	0.0000000000000000e+00	8.3370237019988280e-01
1.3980087308474600e-02	0.0000000000000000e+00	8.9937292687360959e-01
1.3997540600994500e-02	0.0000000000000000e+00	9.4308289822015090e-01
1.4014993893514500e-02	0.0000000000000000e+00	9.6365330241795277e-01
1.4032447186034400e-02	0.0000000000000000e+00	9.6046502315966309e-01
1.4049900478554400e-02	0.0000000000000000e+00	9.3348536288914907e-01
1.4067353771074299e-02	0.0000000000000000e+00	8.8328011396626993e-01
1.4084807063594201e-02	0.0000000000000000e+00	8.1100974432719486e-01
1.4102260356114201e-02	0.0000000000000000e+00	7.1841005134382185e-01
1.4119713648634100e-02	0.0000000000000000e+00	6.0775392517463689e-01
1.4137166941154100e-02	0.0000000000000000e+00	4.8179624653646380e-01
1.4154620233674000e-02	0.0000000000000000e+00	3.4370385569898565e-01
1.4172073526194000e-02	0.0000000000000000e+00	1.9697009755601774e-01
1.4189526818713900e-02	0.0000000000000000e+00	4.5319130984135279e-02
1.4206980111233799e-02	0.0000000000000000e+00	-1.0739690298902239e-01
1.4224433403753799e-02	0.0000000000000000e+00	-2.5730556953979561e-01
1.4241886696273701e-02	0.0000000000000000e+00	-4.0062086745173409e-01
1.4259339988793701e-02	0.0000000000000000e+00	-5.3374618565707987e-01
1.4276793281313600e-02	0.0000000000000000e+00	-6.5336965924333135e-01
1.4294246573833600e-02	0.0000000000000000e+00	-7.5654844648089936e-01
1.4311699866353500e-02	0.0000000000000000e+00	-8.4077974423115676e-01
1.4329153158873400e-02	0.0000000000000000e+00	-9.0405825424670283e-01
1.4346606451393400e-02	0.0000000000000000e+00	-9.4491791124345426e-01
1.4364059743913299e-02	0.0000000000000000e+00	-9.6245887340176073e-01
1.4381513036433299e-02	0.0000000000000000e+00	-9.5635808160144964e-01
1.4398966328953201e-02	0.0000000000000000e+00	-9.2686741094018188e-01
1.4416419621473201e-02	0.0000000000000000e+00	-8.7479866959903441e-01
1.4433872913993100e-02	0.0000000000000000e+00	-8.0149548035050777e-01
1.4451326206513000e-02	0.0000000000000000e+00	-7.0879481601534655e-01
1.4468779499033000e-02	0.0000000000000000e+00	-5.9897958905707127e-01
1.4486232791552900e-02	0.0000000000000000e+00	-4.7472270498253488e-01
1.4503686084072900e-02	0.0000000000000000e+00	-3.3902424715525431e-01
1.4521139376592799e-02	0.0000000000000000e+00	-1.9514316600119955e-01
1.4538592669112799e-02	0.0000000000000000e+00	-4.6524453683276366e-02
1.4556045961632701e-02	0.0000000000000000e+00	1.0327686478155104e-01
1.4573499254152701e-02	0.0000000000000000e+00	2.5067378059540718e-01
1.4590952546672600e-02	0.0000000000000000e+00	3.9212630167519302e-01
1.4608405839192500e-02	0.0000000000000000e+00	5.2422014540704043e-01
1.4625859131712500e-02	0.0000000000000000e+00	6.4374403268706015e-01
1.4643312424232400e-02	0.0000000000000000e+00	7.4776430766420798e-01
1.4660765716752400e-02	0.0000000000000000e+00	8.3369580670888221e-01
1.4678219009272299e-02	0.0000000000000000e+00	8.9936693838751314e-01
1.4695672301792299e-02	0.0000000000000000e+00	9.4307749167066035e-01
1.4713125594312201e-02	0.0000000000000000e+00	9.6364857592398456e-01
1.4730578886832100e-02	0.0000000000000000e+00	9.6046105127186865e-01
1.4748032179352100e-02	0.0000000000000000e+00	9.3348214487202841e-01
1.4765485471872000e-02	0.0000000000000000e+00	8.8327755414435671e-01
1.4782938764392000e-02	0.0000000000000000e+00	8.1100825076929572e-01
1.4800392056911900e-02	0.0000000000000000e+00	7.1840979859016707e-01
1.4817845349431900e-02	0.0000000000000000e+00	6.0775459916802632e-01
1.4835298641951799e-02	0.0000000000000000e+00	4.8179808925001949e-01
1.4852751934471701e-02	0.0000000000000000e+00	3.4370629938655933e-01
1.4870205226991701e-02	0.0000000000000000e+00	1.9697273242792182e-01
1.4887658519511600e-02	0.0000000000000000e+00	4.5321952632745521e-02
1.4905111812031600e-02	0.0000000000000000e+00	-1.0739394776366412e-01
1.4922565104551500e-02	0.0000000000000000e+00	-2.5730238777803938e-01
1.4940018397071500e-02	0.0000000000000000e+00	-4.0061737186319885e-01
1.4957471689591400e-02	0.0000000000000000e+00	-5.3374233975115570e-01
1.4974924982111301e-02	0.0000000000000000e+00	-6.5336544914039874e-01
1.4992378274631299e-02	0.0000000000000000e+00	-7.5654383642451573e-01
1.5009831567151201e-02	0.0000000000000000e+00	-8.4077480691495277e-01
1.5027284859671201e-02	0.0000000000000000e+00	-9.0405309409142487e-01
1.5044738152191100e-02	0.0000000000000000e+00	-9.4491309258789558e-01
1.5062191444711100e-02	0.0000000000000000e+00	-9.6245386059041282e-01
1.5079644737231000e-02	0.0000000000000000e+00	-9.5635258920792077e-01
1.5097098029750899e-02	0.0000000000000000e+00	-9.2686160322867128e-01
1.5114551322270900e-02	0.0000000000000000e+00	-8.7479253024745629e-01
1.5132004614790801e-02	0.0000000000000000e+00	-8.0148892579545361e-01
1.5149457907310799e-02	0.0000000000000000e+00	-7.0878802177081179e-01
1.5166911199830701e-02	0.0000000000000000e+00	-5.9897258888856697e-01
1.5184364492350701e-02	0.0000000000000000e+00	-4.7471550831291470e-01
1.5201817784870600e-02	0.0000000000000000e+00	-3.3901688222633691e-01
1.5219271077390600e-02	0.0000000000000000e+00	-1.9513565907974323e-01
1.5236724369910500e-02	0.0000000000000000e+00	-4.6516861007396090e-02
1.5254177662430399e-02	0.0000000000000000e+00	1.0328448228002390e-01
1.5271630954950400e-02	0.0000000000000000e+00	2.5068138184576388e-01
1.5289084247470301e-02	0.0000000000000000e+00	3.9213376609304806e-01
1.5306537539990299e-02	0.0000000000000000e+00	5.2422733557442192e-01
1.5323990832510201e-02	0.0000000000000000e+00	6.4375084449199071e-01
1.5341444125030201e-02	0.0000000000000000e+00	7.4777073808894812e-01
1.5358897417550100e-02	0.0000000000000000e+00	8.3370194162398703e-01
1.5376350710070000e-02	0.0000000000000000e+00	8.9937273006213003e-01
1.5393804002590000e-02	0.0000000000000000e+00	9.4308294609945253e-01
1.5411257295109899e-02	0.0000000000000000e+00	9.6365363558423567e-01
1.5428710587629900e-02	0.0000000000000000e+00	9.6046570579674173e-01
1.5446163880149801e-02	0.0000000000000000e+00	9.3348643376969942e-01
1.5463617172669799e-02	0.0000000000000000e+00	8.8328157473411950e-01
1.5481070465189701e-02	0.0000000000000000e+00	8.1101164061041953e-01
1.5498523757709600e-02	0.0000000000000000e+00	7.1841244122223591e-01
1.5515977050229600e-02	0.0000000000000000e+00	6.0775666960068508e-01
1.5533430342749500e-02	0.0000000000000000e+00	4.8179939256417548e-01
1.5550883635269500e-02	0.0000000000000000e+00	3.4370726205527075e-01
1.5568336927789399e-02	0.0000000000000000e+00	1.9697362188076595e-01
1.5585790220309400e-02	0.0000000000000000e+00	4.5322943040391590e-02
1.5603243512829299e-02	0.0000000000000000e+00	-1.0739286938461155e-01
1.5620696805349200e-02	0.0000000000000000e+00	-2.5730126240738560e-01
1.5638150097869199e-02	0.0000000000000000e+00	-4.0061623308706612e-01
1.5655603390389100e-02	0.0000000000000000e+00	-5.3374129803982528e-01
1.5673056682909099e-02	0.0000000000000000e+00	-6.5336463676351164e-01
1.5690509975429000e-02	0.0000000000000000e+00	-7.5654318376688523e-01
1.5707963267949002e-02	0.0000000000000000e+00	-8.4077432670479135e-01
1.5725416560468899e-02	0.0000000000000000e+00	-9.0405277159676600e-01
1.5742869852988801e-02	0.0000000000000000e+00	-9.4491246260188855e-01
1.5760323145508799e-02	0.0000000000000000e+00	-9.6245360767288046e-01
1.5777776438028700e-02	0.0000000000000000e+00	-9.5635289002464396e-01
1.5795229730548699e-02	0.0000000000000000e+00	-9.2686230846067053e-01
1.5812683023068600e-02	0.0000000000000000e+00	-8.7479370830356518e-01
1.5830136315588599e-02	0.0000000000000000e+00	-8.0149052175336577e-01
1.5847589608108500e-02	0.0000000000000000e+00	-7.0878987014614481e-01
1.5865042900628502e-02	0.0000000000000000e+00	-5.9897471727335971e-01
1.5882496193148399e-02	0.0000000000000000e+00	-4.7471797356436257e-01
1.5899949485668301e-02	0.0000000000000000e+00	-3.3901969596481307e-01
1.5917402778188299e-02	0.0000000000000000e+00	-1.9513879210686330e-01
1.5934856070708200e-02	0.0000000000000000e+00	-4.6520271395585594e-02
1.5952309363228199e-02	0.0000000000000000e+00	1.0328084396430794e-01
1.5969762655748100e-02	0.0000000000000000e+00	2.5067756138969743e-01
1.5987215948268099e-02	0.0000000000000000e+00	3.9212987958321327e-01
1.6004669240788000e-02	0.0000000000000000e+00	5.2422349262709389e-01
1.6022122533307901e-02	0.0000000000000000e+00	6.4374712011133328e-01
1.6039575825827899e-02	0.0000000000000000e+00	7.4776712318744043e-01
1.6057029118347801e-02	0.0000000000000000e+00	8.3369839768861664e-01
1.6074482410867799e-02	0.0000000000000000e+00	8.9936931276651844e-01
1.6091935703387700e-02	0.0000000000000000e+00	9.4307965767603086e-01
1.6109388995907699e-02	0.0000000000000000e+00	9.6365045752362466e-01
1.6126842288427600e-02	0.0000000000000000e+00	9.6046261441292025e-01
1.6144295580947501e-02	0.0000000000000000e+00	9.3348342393765993e-01
1.6161748873467500e-02	0.0000000000000000e+00	8.8327854299370057e-01
1.6179202165987401e-02	0.0000000000000000e+00	8.1100858458280189e-01
1.6196655458507399e-02	0.0000000000000000e+00	7.1840945091677322e-01
1.6214108751027301e-02	0.0000000000000000e+00	6.0775391638721177e-01
1.6231562043547299e-02	0.0000000000000000e+00	4.8179679947424092e-01
1.6249015336067200e-02	0.0000000000000000e+00	3.4370484196624373e-01
1.6266468628587199e-02	0.0000000000000000e+00	1.9697116725867830e-01
1.6283921921107100e-02	0.0000000000000000e+00	4.5320433818103002e-02
1.6301375213627001e-02	0.0000000000000000e+00	-1.0739539109570626e-01
1.6318828506147000e-02	0.0000000000000000e+00	-2.5730382787380962e-01
1.6336281798666901e-02	0.0000000000000000e+00	-4.0061882042491964e-01
1.6353735091186899e-02	0.0000000000000000e+00	-5.3374388504178616e-01
1.6371188383706801e-02	0.0000000000000000e+00	-6.5336720232242629e-01
1.6388641676226799e-02	0.0000000000000000e+00	-7.5654571554564665e-01
1.6406094968746700e-02	0.0000000000000000e+00	-8.4077675978148547e-01
1.6423548261266602e-02	0.0000000000000000e+00	-9.0405506864509499e-01
1.6441001553786600e-02	0.0000000000000000e+00	-9.4491458883865109e-01
1.6458454846306501e-02	0.0000000000000000e+00	-9.6245490420694846e-01
1.6475908138826500e-02	0.0000000000000000e+00	-9.5635325727085108e-01
1.6493361431346401e-02	0.0000000000000000e+00	-9.2686219588948016e-01
1.6510814723866400e-02	0.0000000000000000e+00	-8.7479343525910858e-01
1.6528268016386301e-02	0.0000000000000000e+00	-8.0149020881585442e-01
1.6545721308906199e-02	0.0000000000000000e+00	-7.0878951814685975e-01
1.6563174601426200e-02	0.0000000000000000e+00	-5.9897430072722546e-01
1.6580627893946102e-02	0.0000000000000000e+00	-4.7471741665947959e-01
1.6598081186466100e-02	0.0000000000000000e+00	-3.3901898731130403e-01
1.6615534478986001e-02	0.0000000000000000e+00	-1.9513795639547216e-01
1.6632987771506000e-02	0.0000000000000000e+00	-4.6519305314051657e-02
1.6650441064025901e-02	0.0000000000000000e+00	1.0328193195806044e-01
1.6667894356545799e-02	0.0000000000000000e+00	2.5067874064417134e-01
1.6685347649065801e-02	0.0000000000000000e+00	3.9213113831405355e-01
1.6702800941585699e-02	0.0000000000000000e+00	5.2422481961443412e-01
1.6720254234105700e-02	0.0000000000000000e+00	6.4374849313745142e-01
1.6737707526625598e-02	0.0000000000000000e+00	7.4776856920142065e-01
1.6755160819145600e-02	0.0000000000000000e+00	8.3369998122560907e-01
1.6772614111665501e-02	0.0000000000000000e+00	8.9937092827317444e-01
1.6790067404185399e-02	0.0000000000000000e+00	9.4308128463052621e-01
1.6807520696705401e-02	0.0000000000000000e+00	9.6365208376216516e-01
1.6824973989225299e-02	0.0000000000000000e+00	9.6046425459464468e-01
1.6842427281745301e-02	0.0000000000000000e+00	9.3348506447027035e-01
1.6859880574265199e-02	0.0000000000000000e+00	8.8328029484817971e-01
1.6877333866785200e-02	0.0000000000000000e+00	8.1101041492259096e-01
1.6894787159305098e-02	0.0000000000000000e+00	7.1841114032900588e-01
1.6912240451825100e-02	0.0000000000000000e+00	6.0775602637111503e-01
1.6929693744345001e-02	0.0000000000000000e+00	4.8179934170481342e-01
1.6947147036864899e-02	0.0000000000000000e+00	3.4370736602408269e-01
1.6964600329384901e-02	0.0000000000000000e+00	1.9697366750511444e-01
1.6982053621904799e-02	0.0000000000000000e+00	4.5322675193441381e-02
1.6999506914424801e-02	0.0000000000000000e+00	-1.0739336242986754e-01
1.7016960206944699e-02	0.0000000000000000e+00	-2.5730189912818191e-01
1.7034413499464700e-02	0.0000000000000000e+00	-4.0061697808069874e-01
1.7051866791984598e-02	0.0000000000000000e+00	-5.3374209108260762e-01
1.7069320084504500e-02	0.0000000000000000e+00	-6.5336542692857957e-01
1.7086773377024501e-02	0.0000000000000000e+00	-7.5654391373622631e-01
1.7104226669544399e-02	0.0000000000000000e+00	-8.4077499698336133e-01
1.7121679962064401e-02	0.0000000000000000e+00	-9.0405336225490240e-01
1.7139133254584299e-02	0.0000000000000000e+00	-9.4491295949352117e-01
1.7156586547104301e-02	0.0000000000000000e+00	-9.6245338259391910e-01
1.7174039839624199e-02	0.0000000000000000e+00	-9.5635241130866333e-01
1.7191493132144100e-02	0.0000000000000000e+00	-9.2686173815295247e-01
1.7208946424664098e-02	0.0000000000000000e+00	-8.7479293462459573e-01
1.7226399717184000e-02	0.0000000000000000e+00	-8.0148979319192504e-01
1.7243853009704001e-02	0.0000000000000000e+00	-7.0878918602524310e-01
1.7261306302223899e-02	0.0000000000000000e+00	-5.9897400591611838e-01
1.7278759594743901e-02	0.0000000000000000e+00	-4.7471718976494620e-01
1.7296212887263799e-02	0.0000000000000000e+00	-3.3901877205810399e-01
1.7313666179783700e-02	0.0000000000000000e+00	-1.9513778594195111e-01
1.7331119472303699e-02	0.0000000000000000e+00	-4.6519209641720537e-02
1.7348572764823600e-02	0.0000000000000000e+00	1.0328193219010164e-01
1.7366026057343598e-02	0.0000000000000000e+00	2.5067865622580648e-01
1.7383479349863500e-02	0.0000000000000000e+00	3.9213097255192059e-01
1.7400932642383501e-02	0.0000000000000000e+00	5.2422459415981959e-01
1.7418385934903399e-02	0.0000000000000000e+00	6.4374821350858968e-01
1.7435839227423401e-02	0.0000000000000000e+00	7.4776822908473595e-01
1.7453292519943299e-02	0.0000000000000000e+00	8.3369957453179655e-01
1.7470745812463200e-02	0.0000000000000000e+00	8.9937049569569549e-01
1.7488199104983199e-02	0.0000000000000000e+00	9.4308083502002360e-01
1.7505652397503100e-02	0.0000000000000000e+00	9.6365160550104623e-01
1.7523105690023098e-02	0.0000000000000000e+00	9.6046365310179327e-01
1.7540558982543000e-02	0.0000000000000000e+00	9.3348432975715212e-01
1.7558012275063001e-02	0.0000000000000000e+00	8.8327945437426958e-01
1.7575465567582899e-02	0.0000000000000000e+00	8.1100949311677706e-01
1.7592918860102801e-02	0.0000000000000000e+00	7.1841012089450218e-01
1.7610372152622799e-02	0.0000000000000000e+00	6.0775435461567529e-01
1.7627825445142700e-02	0.0000000000000000e+00	4.8179716152210539e-01
1.7645278737662699e-02	0.0000000000000000e+00	3.4370546618016357e-01
1.7662732030182600e-02	0.0000000000000000e+00	1.9697191862144336e-01
1.7680185322702598e-02	0.0000000000000000e+00	4.5321139758218117e-02
1.7697638615222500e-02	0.0000000000000000e+00	-1.0739470592571757e-01
1.7715091907742401e-02	0.0000000000000000e+00	-2.5730318392261092e-01
1.7732545200262399e-02	0.0000000000000000e+00	-4.0061839746884620e-01
1.7749998492782301e-02	0.0000000000000000e+00	-5.3374371353615746e-01
1.7767451785302299e-02	0.0000000000000000e+00	-6.5336710137989196e-01
1.7784905077822200e-02	0.0000000000000000e+00	-7.5654569521208848e-01
1.7802358370342199e-02	0.0000000000000000e+00	-8.4077687847477056e-01
1.7819811662862100e-02	0.0000000000000000e+00	-9.0405525238236217e-01
1.7837264955382001e-02	0.0000000000000000e+00	-9.4491484662479375e-01
1.7854718247902000e-02	0.0000000000000000e+00	-9.6245537536460801e-01
1.7872171540421901e-02	0.0000000000000000e+00	-9.5635394998249490e-01
1.7889624832941899e-02	0.0000000000000000e+00	-9.2686328847215549e-01
1.7907078125461801e-02	0.0000000000000000e+00	-8.7479451809996633e-01
1.7924531417981799e-02	0.0000000000000000e+00	-8.0149116014097643e-01
1.7941984710501700e-02	0.0000000000000000e+00	-7.0879039579743042e-01
1.7959438003021699e-02	0.0000000000000000e+00	-5.9897506070382855e-01
1.7976891295541600e-02	0.0000000000000000e+00	-4.7471810042347962e-01
1.7994344588061501e-02	0.0000000000000000e+00	-3.3901963968405380e-01
1.8011797880581500e-02	0.0000000000000000e+00	-1.9513859843637707e-01
1.8029251173101401e-02	0.0000000000000000e+00	-4.6519926497754632e-02
1.8046704465621399e-02	0.0000000000000000e+00	1.0328133159235997e-01
1.8064157758141301e-02	0.0000000000000000e+00	2.5067817817486493e-01
1.8081611050661299e-02	0.0000000000000000e+00	3.9213059738412726e-01
1.8099064343181200e-02	0.0000000000000000e+00	5.2422431790830570e-01
1.8116517635701102e-02	0.0000000000000000e+00	6.4374808197851874e-01
1.8133970928221100e-02	0.0000000000000000e+00	7.4776827270789048e-01
1.8151424220741001e-02	0.0000000000000000e+00	8.3369961124170733e-01
1.8168877513261000e-02	0.0000000000000000e+00	8.9937062214687435e-01
1.8186330805780901e-02	0.0000000000000000e+00	9.4308103832440626e-01
1.8203784098300899e-02	0.0000000000000000e+00	9.6365189046103172e-01
1.8221237390820801e-02	0.0000000000000000e+00	9.6046409428348978e-01
1.8238690683340698e-02	0.0000000000000000e+00	9.3348490324226785e-01
1.8256143975860700e-02	0.0000000000000000e+00	8.8328015702941887e-01
1.8273597268380602e-02	0.0000000000000000e+00	8.1101051546150116e-01
1.8291050560900600e-02	0.0000000000000000e+00	7.1841157340053807e-01
1.8308503853420501e-02	0.0000000000000000e+00	6.0775653388862438e-01
1.8325957145940500e-02	0.0000000000000000e+00	4.8179968878380802e-01
1.8343410438460401e-02	0.0000000000000000e+00	3.4370765414041338e-01
1.8360863730980299e-02	0.0000000000000000e+00	1.9697384129205842e-01
1.8378317023500301e-02	0.0000000000000000e+00	4.5322769780491927e-02
1.8395770316020198e-02	0.0000000000000000e+00	-1.0739335921231830e-01
1.8413223608540200e-02	0.0000000000000000e+00	-2.5730198995252168e-01
1.8430676901060102e-02	0.0000000000000000e+00	-4.0061709313997435e-01
1.8448130193580100e-02	0.0000000000000000e+00	-5.3374219314840532e-01
1.8465583486100001e-02	0.0000000000000000e+00	-6.5336548299332353e-01
1.8483036778619899e-02	0.0000000000000000e+00	-7.5654396864132800e-01
1.8500490071139901e-02	0.0000000000000000e+00	-8.4077504907828560e-01
1.8517943363659799e-02	0.0000000000000000e+00	-9.0405342428709456e-01
1.8535396656179801e-02	0.0000000000000000e+00	-9.4491296275855463e-01
1.8552849948699698e-02	0.0000000000000000e+00	-9.6245328572578859e-01
1.8570303241219700e-02	0.0000000000000000e+00	-9.5635192247141931e-01
1.8587756533739602e-02	0.0000000000000000e+00	-9.2686123859941483e-01
1.8605209826259600e-02	0.0000000000000000e+00	-8.7479243692454689e-01
1.8622663118779501e-02	0.0000000000000000e+00	-8.0148928675634801e-01
1.8640116411299399e-02	0.0000000000000000e+00	-7.0878871688347400e-01
1.8657569703819401e-02	0.0000000000000000e+00	-5.9897358139611112e-01
1.8675022996339299e-02	0.0000000000000000e+00	-4.7471678839120651e-01
1.8692476288859301e-02	0.0000000000000000e+00	-3.3901841987866571e-01
1.8709929581379198e-02	0.0000000000000000e+00	-1.9513745496979201e-01
1.8727382873899200e-02	0.0000000000000000e+00	-4.6518908501076817e-02
1.8744836166419102e-02	0.0000000000000000e+00	1.0328220934955537e-01
1.8762289458938999e-02	0.0000000000000000e+00	2.5067890926003605e-01
1.8779742751459001e-02	0.0000000000000000e+00	3.9213120164780763e-01
1.8797196043978899e-02	0.0000000000000000e+00	5.2422480396833226e-01
1.8814649336498901e-02	0.0000000000000000e+00	6.4374842336466120e-01
1.8832102629018799e-02	0.0000000000000000e+00	7.4776842921135955e-01
1.8849555921538801e-02	0.0000000000000000e+00	8.3369975222813886e-01
1.8867009214058698e-02	0.0000000000000000e+00	8.9937067338910881e-01
1.8884462506578600e-02	0.0000000000000000e+00	9.4308104520499414e-01
1.8901915799098602e-02	0.0000000000000000e+00	9.6365187529022722e-01
1.8919369091618499e-02	0.0000000000000000e+00	9.6046408321211407e-01
1.8936822384138501e-02	0.0000000000000000e+00	9.3348493392775822e-01
1.8954275676658399e-02	0.0000000000000000e+00	8.8328004908043001e-01
1.8971728969178401e-02	0.0000000000000000e+00	8.1101035682233236e-01
1.8989182261698299e-02	0.0000000000000000e+00	7.1841146628582164e-01
1.9006635554218200e-02	0.0000000000000000e+00	6.0775604267814898e-01
1.9024088846738198e-02	0.0000000000000000e+00	4.8179866789578435e-01
1.9041542139258100e-02	0.0000000000000000e+00	3.4370641120272877e-01
1.9058995431778102e-02	0.0000000000000000e+00	1.9697272785368239e-01
1.9076448724297999e-02	0.0000000000000000e+00	4.5321760121500410e-02
1.9093902016818001e-02	0.0000000000000000e+00	-1.0739423890929096e-01
1.9111355309337899e-02	0.0000000000000000e+00	-2.5730284667158976e-01
1.9128808601857800e-02	0.0000000000000000e+00	-4.0061796917472930e-01
1.9146261894377799e-02	0.0000000000000000e+00	-5.3374328167210405e-01
1.9163715186897700e-02	0.0000000000000000e+00	-6.5336679950578957e-01
1.9181168479417698e-02	0.0000000000000000e+00	-7.5654552749529114e-01
1.9198621771937600e-02	0.0000000000000000e+00	-8.4077680268596866e-01
1.9216075064457602e-02	0.0000000000000000e+00	-9.0405535785627500e-01
1.9233528356977499e-02	0.0000000000000000e+00	-9.4491490115671928e-01
1.9250981649497501e-02	0.0000000000000000e+00	-9.6245554420194157e-01
1.9268434942017399e-02	0.0000000000000000e+00	-9.5635474876814086e-01
1.9285888234537300e-02	0.0000000000000000e+00	-9.2686407082512856e-01
1.9303341527057299e-02	0.0000000000000000e+00	-8.7479527127679457e-01
1.9320794819577200e-02	0.0000000000000000e+00	-8.0149195699569586e-01
1.9338248112097198e-02	0.0000000000000000e+00	-7.0879114763226370e-01
1.9355701404617100e-02	0.0000000000000000e+00	-5.9897580101322823e-01
1.9373154697137102e-02	0.0000000000000000e+00	-4.7471885108365880e-01
1.9390607989656999e-02	0.0000000000000000e+00	-3.3902036429851490e-01
1.9408061282176901e-02	0.0000000000000000e+00	-1.9513928703913286e-01
1.9425514574696899e-02	0.0000000000000000e+00	-4.6520607296209188e-02
1.9442967867216800e-02	0.0000000000000000e+00	1.0328065339542482e-01
1.9460421159736799e-02	0.0000000000000000e+00	2.5067748056125150e-01
1.9477874452256700e-02	0.0000000000000000e+00	3.9212984729395134e-01
1.9495327744776698e-02	0.0000000000000000e+00	5.2422348161740340e-01
1.9512781037296600e-02	0.0000000000000000e+00	6.4374716391618569e-01
1.9530234329816501e-02	0.0000000000000000e+00	7.4776725729111448e-01
1.9547687622336499e-02	0.0000000000000000e+00	8.3369864997677157e-01
1.9565140914856401e-02	0.0000000000000000e+00	8.9936965553903503e-01
1.9582594207376399e-02	0.0000000000000000e+00	9.4308008305311219e-01
1.9600047499896300e-02	0.0000000000000000e+00	9.6365099367961315e-01
1.9617500792416299e-02	0.0000000000000000e+00	9.6046331108592398e-01
1.9634954084936200e-02	0.0000000000000000e+00	9.3348427665699818e-01
1.9652407377456101e-02	0.0000000000000000e+00	8.8327951142309380e-01
1.9669860669976100e-02	0.0000000000000000e+00	8.1100984759166872e-01
1.9687313962496001e-02	0.0000000000000000e+00	7.1841099744347880e-01
1.9704767255015999e-02	0.0000000000000000e+00	6.0775563065994231e-01
1.9722220547535901e-02	0.0000000000000000e+00	4.8179864011755841e-01
1.9739673840055899e-02	0.0000000000000000e+00	3.4370653660844896e-01
1.9757127132575800e-02	0.0000000000000000e+00	1.9697274371218226e-01
1.9774580425095799e-02	0.0000000000000000e+00	4.5321886265226825e-02
1.9792033717615700e-02	0.0000000000000000e+00	-1.0739398070586191e-01
1.9809487010135601e-02	0.0000000000000000e+00	-2.5730248003308948e-01
1.9826940302655600e-02	0.0000000000000000e+00	-4.0061760638837346e-01
1.9844393595175501e-02	0.0000000000000000e+00	-5.3374281631905540e-01
1.9861846887695499e-02	0.0000000000000000e+00	-6.5336611649927123e-01
1.9879300180215401e-02	0.0000000000000000e+00	-7.5654463471401934e-01
1.9896753472735399e-02	0.0000000000000000e+00	-8.4077577180281016e-01
1.9914206765255300e-02	0.0000000000000000e+00	-9.0405436629567981e-01
1.9931660057775202e-02	0.0000000000000000e+00	-9.4491414300712318e-01
1.9949113350295200e-02	0.0000000000000000e+00	-9.6245476141151987e-01
1.9966566642815101e-02	0.0000000000000000e+00	-9.5635340681914160e-01
1.9984019935335100e-02	0.0000000000000000e+00	-9.2686242944825736e-01
2.0001473227855001e-02	0.0000000000000000e+00	-8.7479367621227910e-01
2.0018926520374999e-02	0.0000000000000000e+00	-8.0149033249092638e-01
2.0036379812894901e-02	0.0000000000000000e+00	-7.0878951173856508e-01
2.0053833105414798e-02	0.0000000000000000e+00	-5.9897422748354723e-01
2.0071286397934800e-02	0.0000000000000000e+00	-4.7471729895952058e-01
2.0088739690454702e-02	0.0000000000000000e+00	-3.3901882136560457e-01
2.0106192982974700e-02	0.0000000000000000e+00	-1.9513776401196406e-01
2.0123646275494601e-02	0.0000000000000000e+00	-4.6519109118831586e-02
2.0141099568014600e-02	0.0000000000000000e+00	1.0328213295073936e-01
2.0158552860534501e-02	0.0000000000000000e+00	2.5067895897402326e-01
2.0176006153054399e-02	0.0000000000000000e+00	3.9213135339829408e-01
2.0193459445574401e-02	0.0000000000000000e+00	5.2422499904884801e-01
2.0210912738094299e-02	0.0000000000000000e+00	6.4374862709325442e-01
2.0228366030614300e-02	0.0000000000000000e+00	7.4776861845251708e-01
2.0245819323134202e-02	0.0000000000000000e+00	8.3369986712122934e-01
2.0263272615654200e-02	0.0000000000000000e+00	8.9937076015478878e-01
2.0280725908174101e-02	0.0000000000000000e+00	9.4308107395896668e-01
2.0298179200694100e-02	0.0000000000000000e+00	9.6365184535706438e-01
2.0315632493214001e-02	0.0000000000000000e+00	9.6046391372438245e-01
2.0333085785733899e-02	0.0000000000000000e+00	9.3348462213822447e-01
2.0350539078253901e-02	0.0000000000000000e+00	8.8327978635079929e-01
2.0367992370773799e-02	0.0000000000000000e+00	8.1100999292760423e-01
2.0385445663293800e-02	0.0000000000000000e+00	7.1841098571498041e-01
2.0402898955813702e-02	0.0000000000000000e+00	6.0775545979952017e-01
2.0420352248333700e-02	0.0000000000000000e+00	4.8179834960672779e-01
2.0437805540853601e-02	0.0000000000000000e+00	3.4370641738550928e-01
2.0455258833373499e-02	0.0000000000000000e+00	1.9697283976358890e-01
2.0472712125893501e-02	0.0000000000000000e+00	4.5321972499516451e-02
2.0490165418413399e-02	0.0000000000000000e+00	-1.0739392663815539e-01
2.0507618710933401e-02	0.0000000000000000e+00	-2.5730237293412311e-01
2.0525072003453299e-02	0.0000000000000000e+00	-4.0061750142209551e-01
2.0542525295973300e-02	0.0000000000000000e+00	-5.3374290250116163e-01
2.0559978588493202e-02	0.0000000000000000e+00	-6.5336654391641036e-01
2.0577431881013099e-02	0.0000000000000000e+00	-7.5654528785471942e-01
2.0594885173533101e-02	0.0000000000000000e+00	-8.4077637736687072e-01
2.0612338466052999e-02	0.0000000000000000e+00	-9.0405473182384866e-01
2.0629791758573001e-02	0.0000000000000000e+00	-9.4491427587620525e-01
2.0647245051092899e-02	0.0000000000000000e+00	-9.6245484610030230e-01
2.0664698343612901e-02	0.0000000000000000e+00	-9.5635348323642821e-01
2.0682151636132799e-02	0.0000000000000000e+00	-9.2686270111776459e-01
2.0699604928652700e-02	0.0000000000000000e+00	-8.7479408327807850e-01
2.0717058221172702e-02	0.0000000000000000e+00	-8.0149080715826615e-01
2.0734511513692599e-02	0.0000000000000000e+00	-7.0879011451641316e-01
2.0751964806212601e-02	0.0000000000000000e+00	-5.9897486870493544e-01
2.0769418098732499e-02	0.0000000000000000e+00	-4.7471796763279683e-01
2.0786871391252501e-02	0.0000000000000000e+00	-3.3901951019998638e-01
2.0804324683772399e-02	0.0000000000000000e+00	-1.9513842344000590e-01
2.0821777976292300e-02	0.0000000000000000e+00	-4.6519761410494270e-02
2.0839231268812299e-02	0.0000000000000000e+00	1.0328146853511305e-01
2.0856684561332200e-02	0.0000000000000000e+00	2.5067829788878648e-01
2.0874137853852202e-02	0.0000000000000000e+00	3.9213070487613227e-01
2.0891591146372099e-02	0.0000000000000000e+00	5.2422439074115967e-01
2.0909044438892101e-02	0.0000000000000000e+00	6.4374806440564203e-01
2.0926497731411999e-02	0.0000000000000000e+00	7.4776812553283178e-01
2.0943951023932001e-02	0.0000000000000000e+00	8.3369954011591685e-01
