0.0000000000000000e+00	0.0000000000000000e+00	1.0000000000000000e+00
1.7453292519943300e-05	0.0000000000000000e+00	9.9999999451153976e-01
3.4906585039886600e-05	0.0000000000000000e+00	9.9999991941765842e-01
5.2359877559829903e-05	0.0000000000000000e+00	9.9999961053309827e-01
6.9813170079773199e-05	0.0000000000000000e+00	9.9999882671907503e-01
8.7266462599716496e-05	0.0000000000000000e+00	9.9999728311089375e-01
1.0471975511966000e-04	0.0000000000000000e+00	9.9999468719858720e-01
1.2217304763960301e-04	0.0000000000000000e+00	9.9999077615469445e-01
1.3962634015954599e-04	0.0000000000000000e+00	9.9998535306621095e-01
1.5707963267949001e-04	0.0000000000000000e+00	9.9997832006174880e-01
1.7453292519943299e-04	0.0000000000000000e+00	9.9996970637343052e-01
1.9198621771937600e-04	0.0000000000000000e+00	9.9995968961081949e-01
2.0943951023931999e-04	0.0000000000000000e+00	9.9994860878173175e-01
2.2689280275926300e-04	0.0000000000000000e+00	9.9993696800782139e-01
2.4434609527920601e-04	0.0000000000000000e+00	9.9992543016610724e-01
2.6179938779914903e-04	0.0000000000000000e+00	9.9991480030626001e-01
2.7925268031909301e-04	0.0000000000000000e+00	9.9990599912396372e-01
2.9670597283903603e-04	0.0000000000000000e+00	9.9990002699366265e-01
3.1415926535897898e-04	0.0000000000000000e+00	9.9989777338433661e-01
3.3161255787892303e-04	0.0000000000000000e+00	9.9989924424858889e-01
3.4906585039886598e-04	0.0000000000000000e+00	9.9990269276651655e-01
3.6651914291880900e-04	0.0000000000000000e+00	9.9990640731138414e-01
3.8397243543875201e-04	0.0000000000000000e+00	9.9991049509983332e-01
4.0142572795869599e-04	0.0000000000000000e+00	9.9991533259272414e-01
4.1887902047863901e-04	0.0000000000000000e+00	9.9992117386509660e-01
4.3633231299858202e-04	0.0000000000000000e+00	9.9992799191155834e-01
4.5378560551852601e-04	0.0000000000000000e+00	9.9993522546059843e-01
4.7123889803846902e-04	0.0000000000000000e+00	9.9994097371473534e-01
4.8869219055841203e-04	0.0000000000000000e+00	9.9993673380744952e-01
5.0614548307835602e-04	0.0000000000000000e+00	9.9993351744395431e-01
5.2359877559829903e-04	0.0000000000000000e+00	9.9993225797008922e-01
5.4105206811824204e-04	0.0000000000000000e+00	9.9993348111857161e-01
5.5850536063818505e-04	0.0000000000000000e+00	9.9993771264632014e-01
5.7595865315812904e-04	0.0000000000000000e+00	9.9994545585160954e-01
5.9341194567807205e-04	0.0000000000000000e+00	9.9995716700505721e-01
6.1086523819801496e-04	0.0000000000000000e+00	9.9997322937651489e-01
6.2831853071795905e-04	0.0000000000000000e+00	9.9999392698752410e-01
6.4577182323790196e-04	0.0000000000000000e+00	1.0000194190010094e+00
6.6322511575784497e-04	0.0000000000000000e+00	1.0000497158478217e+00
6.8067840827778798e-04	0.0000000000000000e+00	1.0000846584072445e+00
6.9813170079773197e-04	0.0000000000000000e+00	1.0001239011166472e+00
7.1558499331767498e-04	0.0000000000000000e+00	1.0001669002726412e+00
7.3303828583761799e-04	0.0000000000000000e+00	1.0002129082711997e+00
7.5049157835756198e-04	0.0000000000000000e+00	1.0002377136640908e+00
7.6794487087750499e-04	0.0000000000000000e+00	1.0000939720736663e+00
7.8539816339744800e-04	0.0000000000000000e+00	9.9993358955864942e-01
8.0285145591739199e-04	0.0000000000000000e+00	9.9975988956410300e-01
8.2030474843733500e-04	0.0000000000000000e+00	9.9957689396595906e-01
8.3775804095727801e-04	0.0000000000000000e+00	9.9938924370095261e-01
8.5521133347722102e-04	0.0000000000000000e+00	9.9920209404429494e-01
8.7266462599716501e-04	0.0000000000000000e+00	9.9902098644872495e-01
8.9011791851710802e-04	0.0000000000000000e+00	9.9885169955802822e-01
9.0757121103705104e-04	0.0000000000000000e+00	9.9870008438219848e-01
9.2502450355699502e-04	0.0000000000000000e+00	9.9857188957128207e-01
9.4247779607693804e-04	0.0000000000000000e+00	9.9847257445638848e-01
9.5993108859688105e-04	0.0000000000000000e+00	9.9840676391530869e-01
9.7738438111682406e-04	0.0000000000000000e+00	9.9837696338278725e-01
9.9483767363676805e-04	0.0000000000000000e+00	9.9837937650764275e-01
1.0122909661567101e-03	0.0000000000000000e+00	9.9840584676701971e-01
1.0297442586766500e-03	0.0000000000000000e+00	9.9844741335789133e-01
1.0471975511966000e-03	0.0000000000000000e+00	9.9850265863065613e-01
1.0646508437165401e-03	0.0000000000000000e+00	9.9857277388560428e-01
1.0821041362364800e-03	0.0000000000000000e+00	9.9865787757404456e-01
1.0995574287564300e-03	0.0000000000000000e+00	9.9875618826168477e-01
1.1170107212763701e-03	0.0000000000000000e+00	9.9886358796519858e-01
1.1344640137963100e-03	0.0000000000000000e+00	9.9897249972205016e-01
1.1519173063162600e-03	0.0000000000000000e+00	9.9906910569170437e-01
1.1693705988361999e-03	0.0000000000000000e+00	9.9911291803821300e-01
1.1868238913561400e-03	0.0000000000000000e+00	9.9899707768826418e-01
1.2042771838760900e-03	0.0000000000000000e+00	9.9889667499038015e-01
1.2217304763960299e-03	0.0000000000000000e+00	9.9881529061268248e-01
1.2391837689159700e-03	0.0000000000000000e+00	9.9875623668415914e-01
1.2566370614359201e-03	0.0000000000000000e+00	9.9872244687646539e-01
1.2740903539558599e-03	0.0000000000000000e+00	9.9871637078373288e-01
1.2915436464758000e-03	0.0000000000000000e+00	9.9873987609156822e-01
1.3089969389957501e-03	0.0000000000000000e+00	9.9879416142755451e-01
1.3264502315156899e-03	0.0000000000000000e+00	9.9887968382734971e-01
1.3439035240356300e-03	0.0000000000000000e+00	9.9899610316465492e-01
1.3613568165555801e-03	0.0000000000000000e+00	9.9914224659524109e-01
1.3788101090755199e-03	0.0000000000000000e+00	9.9931609312609782e-01
1.3962634015954600e-03	0.0000000000000000e+00	9.9951478317601772e-01
1.4137166941154101e-03	0.0000000000000000e+00	9.9973465211646784e-01
1.4311699866353500e-03	0.0000000000000000e+00	9.9997128625983134e-01
1.4486232791552900e-03	0.0000000000000000e+00	1.0002196070293090e+00
1.4660765716752401e-03	0.0000000000000000e+00	1.0004739709969357e+00
1.4835298641951800e-03	0.0000000000000000e+00	9.9994800658824112e-01
1.5009831567151201e-03	0.0000000000000000e+00	9.9936520467966350e-01
1.5184364492350699e-03	0.0000000000000000e+00	9.9877412796823717e-01
1.5358897417550100e-03	0.0000000000000000e+00	9.9819001368715987e-01
1.5533430342749501e-03	0.0000000000000000e+00	9.9762847997507231e-01
1.5707963267948999e-03	0.0000000000000000e+00	9.9710511290471016e-01
1.5882496193148400e-03	0.0000000000000000e+00	9.9663504513272050e-01
1.6057029118347801e-03	0.0000000000000000e+00	9.9623253764450503e-01
1.6231562043547299e-03	0.0000000000000000e+00	9.9591057486222501e-01
1.6406094968746700e-03	0.0000000000000000e+00	9.9567984886501715e-01
1.6580627893946101e-03	0.0000000000000000e+00	9.9554663664981258e-01
1.6755160819145599e-03	0.0000000000000000e+00	9.9550378884705171e-01
1.6929693744345000e-03	0.0000000000000000e+00	9.9553737794954289e-01
1.7104226669544401e-03	0.0000000000000000e+00	9.9562977261640295e-01
1.7278759594743899e-03	0.0000000000000000e+00	9.9577362992723184e-01
1.7453292519943300e-03	0.0000000000000000e+00	9.9597108853344563e-01
1.7627825445142699e-03	0.0000000000000000e+00	9.9622186340035845e-01
1.7802358370342200e-03	0.0000000000000000e+00	9.9652253188983242e-01
1.7976891295541600e-03	0.0000000000000000e+00	9.9686489708661663e-01
1.8151424220740999e-03	0.0000000000000000e+00	9.9723521768616685e-01
1.8325957145940500e-03	0.0000000000000000e+00	9.9761239956331349e-01
1.8500490071139900e-03	0.0000000000000000e+00	9.9796248398961374e-01
1.8675022996339299e-03	0.0000000000000000e+00	9.9821988243365267e-01
1.8849555921538800e-03	0.0000000000000000e+00	9.9801422306575749e-01
1.9024088846738201e-03	0.0000000000000000e+00	9.9772509409379162e-01
1.9198621771937599e-03	0.0000000000000000e+00	9.9748224698188659e-01
1.9373154697137100e-03	0.0000000000000000e+00	9.9729338900784148e-01
1.9547687622336499e-03	0.0000000000000000e+00	9.9716510672056435e-01
1.9722220547535902e-03	0.0000000000000000e+00	9.9710265486147132e-01
1.9896753472735400e-03	0.0000000000000000e+00	9.9710977406456336e-01
2.0071286397934799e-03	0.0000000000000000e+00	9.9718854293680925e-01
2.0245819323134202e-03	0.0000000000000000e+00	9.9733926960681096e-01
2.0420352248333700e-03	0.0000000000000000e+00	9.9756042837697800e-01
2.0594885173533099e-03	0.0000000000000000e+00	9.9784864444556653e-01
2.0769418098732502e-03	0.0000000000000000e+00	9.9819872542731003e-01
2.0943951023932000e-03	0.0000000000000000e+00	9.9860374298985266e-01
2.1118483949131399e-03	0.0000000000000000e+00	9.9905516335892242e-01
2.1293016874330802e-03	0.0000000000000000e+00	9.9954303163444458e-01
2.1467549799530201e-03	0.0000000000000000e+00	1.0000561828214491e+00
2.1642082724729699e-03	0.0000000000000000e+00	1.0005825025791459e+00
2.1816615649929102e-03	0.0000000000000000e+00	1.0000680254367866e+00
2.1991148575128501e-03	0.0000000000000000e+00	9.9895927991524103e-01
2.2165681500327999e-03	0.0000000000000000e+00	9.9785238079322325e-01
2.2340214425527402e-03	0.0000000000000000e+00	9.9677553775633976e-01
2.2514747350726801e-03	0.0000000000000000e+00	9.9575666763518411e-01
2.2689280275926299e-03	0.0000000000000000e+00	9.9482267136266334e-01
2.2863813201125698e-03	0.0000000000000000e+00	9.9399874080125783e-01
2.3038346126325101e-03	0.0000000000000000e+00	9.9330770993837303e-01
2.3212879051524599e-03	0.0000000000000000e+00	9.9276946520953813e-01
2.3387411976723998e-03	0.0000000000000000e+00	9.9239731075590243e-01
2.3561944901923401e-03	0.0000000000000000e+00	9.9219126158868531e-01
2.3736477827122899e-03	0.0000000000000000e+00	9.9213298694741237e-01
2.3911010752322298e-03	0.0000000000000000e+00	9.9219784201352523e-01
2.4085543677521701e-03	0.0000000000000000e+00	9.9236534991207137e-01
2.4260076602721200e-03	0.0000000000000000e+00	9.9263404067051231e-01
2.4434609527920598e-03	0.0000000000000000e+00	9.9300655434601592e-01
2.4609142453120001e-03	0.0000000000000000e+00	9.9347989509836621e-01
2.4783675378319500e-03	0.0000000000000000e+00	9.9404492399362632e-01
2.4958208303518898e-03	0.0000000000000000e+00	9.9468399082472403e-01
2.5132741228718301e-03	0.0000000000000000e+00	9.9537115866416714e-01
2.5307274153917800e-03	0.0000000000000000e+00	9.9606977359799620e-01
2.5481807079117198e-03	0.0000000000000000e+00	9.9672085909054042e-01
2.5656340004316601e-03	0.0000000000000000e+00	9.9721659842242449e-01
2.5830872929516100e-03	0.0000000000000000e+00	9.9692225435198223e-01
2.6005405854715499e-03	0.0000000000000000e+00	9.9640526100870819e-01
2.6179938779914902e-03	0.0000000000000000e+00	9.9596541940080974e-01
2.6354471705114400e-03	0.0000000000000000e+00	9.9561518799144766e-01
2.6529004630313799e-03	0.0000000000000000e+00	9.9536502264728255e-01
2.6703537555513202e-03	0.0000000000000000e+00	9.9522306318089759e-01
2.6878070480712700e-03	0.0000000000000000e+00	9.9519487523727945e-01
2.7052603405912099e-03	0.0000000000000000e+00	9.9528325346695234e-01
2.7227136331111502e-03	0.0000000000000000e+00	9.9548809618895784e-01
2.7401669256311000e-03	0.0000000000000000e+00	9.9580635107275650e-01
2.7576202181510399e-03	0.0000000000000000e+00	9.9623204087123418e-01
2.7750735106709802e-03	0.0000000000000000e+00	9.9675637063414846e-01
2.7925268031909300e-03	0.0000000000000000e+00	9.9736790471593051e-01
2.8099800957108699e-03	0.0000000000000000e+00	9.9805282258118388e-01
2.8274333882308102e-03	0.0000000000000000e+00	9.9879524194362679e-01
2.8448866807507600e-03	0.0000000000000000e+00	9.9957758947269293e-01
2.8623399732706999e-03	0.0000000000000000e+00	1.0003810298577644e+00
2.8797932657906402e-03	0.0000000000000000e+00	1.0002046870519747e+00
2.8972465583105901e-03	0.0000000000000000e+00	9.9859310318580530e-01
2.9146998508305299e-03	0.0000000000000000e+00	9.9699876794708409e-01
2.9321531433504698e-03	0.0000000000000000e+00	9.9546186502888356e-01
2.9496064358704201e-03	0.0000000000000000e+00	9.9402131672784322e-01
2.9670597283903599e-03	0.0000000000000000e+00	9.9271381069729281e-01
2.9845130209102998e-03	0.0000000000000000e+00	9.9157290433660850e-01
3.0019663134302501e-03	0.0000000000000000e+00	9.9062822565147934e-01
3.0194196059501899e-03	0.0000000000000000e+00	9.8990368872218726e-01
3.0368728984701298e-03	0.0000000000000000e+00	9.8941354461466835e-01
3.0543261909900801e-03	0.0000000000000000e+00	9.8914471108992341e-01
3.0717794835100200e-03	0.0000000000000000e+00	9.8907186921524259e-01
3.0892327760299598e-03	0.0000000000000000e+00	9.8916221049385311e-01
3.1066860685499101e-03	0.0000000000000000e+00	9.8940073912972626e-01
3.1241393610698500e-03	0.0000000000000000e+00	9.8979038668710351e-01
3.1415926535897898e-03	0.0000000000000000e+00	9.9033259085966596e-01
3.1590459461097401e-03	0.0000000000000000e+00	9.9102080958648153e-01
3.1764992386296800e-03	0.0000000000000000e+00	9.9183908338710036e-01
3.1939525311496198e-03	0.0000000000000000e+00	9.9276065083056542e-01
3.2114058236695701e-03	0.0000000000000000e+00	9.9374975120260078e-01
3.2288591161895100e-03	0.0000000000000000e+00	9.9475334042389207e-01
3.2463124087094499e-03	0.0000000000000000e+00	9.9569231353540288e-01
3.2637657012294001e-03	0.0000000000000000e+00	9.9642210537016074e-01
3.2812189937493400e-03	0.0000000000000000e+00	9.9608181491246550e-01
3.2986722862692799e-03	0.0000000000000000e+00	9.9536669401220956e-01
3.3161255787892301e-03	0.0000000000000000e+00	9.9475527370217953e-01
3.3335788713091700e-03	0.0000000000000000e+00	9.9426404473352104e-01
3.3510321638291099e-03	0.0000000000000000e+00	9.9390669621272110e-01
3.3684854563490602e-03	0.0000000000000000e+00	9.9369372240287290e-01
3.3859387488690000e-03	0.0000000000000000e+00	9.9363210710232364e-01
3.4033920413889399e-03	0.0000000000000000e+00	9.9372509669153297e-01
3.4208453339088902e-03	0.0000000000000000e+00	9.9397206962790474e-01
3.4382986264288300e-03	0.0000000000000000e+00	9.9436850767198359e-01
3.4557519189487699e-03	0.0000000000000000e+00	9.9490606832854389e-01
3.4732052114687202e-03	0.0000000000000000e+00	9.9557276328579147e-01
3.4906585039886600e-03	0.0000000000000000e+00	9.9635323730697156e-01
3.5081117965085999e-03	0.0000000000000000e+00	9.9722913128661861e-01
3.5255650890285502e-03	0.0000000000000000e+00	9.9817954369940232e-01
3.5430183815484901e-03	0.0000000000000000e+00	9.9918153501404994e-01
3.5604716740684299e-03	0.0000000000000000e+00	1.0002107057117713e+00
3.5779249665883698e-03	0.0000000000000000e+00	1.0003598020387059e+00
3.5953782591083201e-03	0.0000000000000000e+00	9.9835611245425293e-01
3.6128315516282599e-03	0.0000000000000000e+00	9.9638508819336336e-01
3.6302848441482102e-03	0.0000000000000000e+00	9.9449593234213129e-01
3.6477381366681501e-03	0.0000000000000000e+00	9.9273563707626167e-01
3.6651914291880900e-03	0.0000000000000000e+00	9.9114784710699932e-01
3.6826447217080398e-03	0.0000000000000000e+00	9.8977185021591119e-01
3.7000980142279801e-03	0.0000000000000000e+00	9.8864171149795432e-01
3.7175513067479200e-03	0.0000000000000000e+00	9.8778273574682918e-01
3.7350045992678598e-03	0.0000000000000000e+00	9.8720693279845129e-01
3.7524578917878101e-03	0.0000000000000000e+00	9.8689284782931763e-01
3.7699111843077500e-03	0.0000000000000000e+00	9.8680837670278709e-01
3.7873644768276998e-03	0.0000000000000000e+00	9.8691888777471359e-01
3.8048177693476401e-03	0.0000000000000000e+00	9.8721416680976759e-01
3.8222710618675800e-03	0.0000000000000000e+00	9.8769997402100096e-01
3.8397243543875199e-03	0.0000000000000000e+00	9.8837627361657854e-01
3.8571776469074701e-03	0.0000000000000000e+00	9.8923218523859147e-01
3.8746309394274100e-03	0.0000000000000000e+00	9.9024683574239791e-01
3.8920842319473499e-03	0.0000000000000000e+00	9.9138677908052009e-01
3.9095375244672997e-03	0.0000000000000000e+00	9.9260728551518618e-01
3.9269908169872400e-03	0.0000000000000000e+00	9.9384482146758968e-01
3.9444441095071803e-03	0.0000000000000000e+00	9.9500531927065894e-01
3.9618974020271302e-03	0.0000000000000000e+00	9.9591776865287029e-01
3.9793506945470696e-03	0.0000000000000000e+00	9.9556042030121483e-01
3.9968039870670099e-03	0.0000000000000000e+00	9.9469391526027107e-01
4.0142572795869597e-03	0.0000000000000000e+00	9.9395014917277369e-01
4.0317105721069000e-03	0.0000000000000000e+00	9.9334849523039337e-01
4.0491638646268403e-03	0.0000000000000000e+00	9.9290493063995877e-01
4.0666171571467902e-03	0.0000000000000000e+00	9.9263159019088809e-01
4.0840704496667296e-03	0.0000000000000000e+00	9.9253641488903444e-01
4.1015237421866699e-03	0.0000000000000000e+00	9.9262290995630054e-01
4.1189770347066198e-03	0.0000000000000000e+00	9.9289001733838667e-01
4.1364303272265601e-03	0.0000000000000000e+00	9.9333210753592138e-01
4.1538836197465004e-03	0.0000000000000000e+00	9.9393910013082443e-01
4.1713369122664502e-03	0.0000000000000000e+00	9.9469670189448156e-01
4.1887902047863896e-03	0.0000000000000000e+00	9.9558675475306257e-01
4.2062434973063299e-03	0.0000000000000000e+00	9.9658769215282272e-01
4.2236967898262798e-03	0.0000000000000000e+00	9.9767508941477900e-01
4.2411500823462201e-03	0.0000000000000000e+00	9.9882227495094289e-01
4.2586033748661604e-03	0.0000000000000000e+00	1.0000010139661613e+00
4.2760566673861102e-03	0.0000000000000000e+00	1.0004722613200725e+00
4.2935099599060497e-03	0.0000000000000000e+00	9.9821076302560074e-01
4.3109632524259900e-03	0.0000000000000000e+00	9.9599400652345960e-01
4.3284165449459398e-03	0.0000000000000000e+00	9.9387690713174293e-01
4.3458698374658801e-03	0.0000000000000000e+00	9.9191144891106775e-01
4.3633231299858204e-03	0.0000000000000000e+00	9.9014545903303619e-01
4.3807764225057702e-03	0.0000000000000000e+00	9.8862154563018967e-01
4.3982297150257097e-03	0.0000000000000000e+00	9.8737621162961309e-01
4.4156830075456500e-03	0.0000000000000000e+00	9.8643487755737436e-01
4.4331363000655998e-03	0.0000000000000000e+00	9.8580631469396596e-01
4.4505895925855401e-03	0.0000000000000000e+00	9.8546198726322753e-01
4.4680428851054804e-03	0.0000000000000000e+00	9.8536700596887716e-01
4.4854961776254303e-03	0.0000000000000000e+00	9.8548740336273666e-01
4.5029494701453697e-03	0.0000000000000000e+00	9.8581838230931229e-01
4.5204027626653100e-03	0.0000000000000000e+00	9.8636551925097959e-01
4.5378560551852598e-03	0.0000000000000000e+00	9.8712816148263294e-01
4.5553093477052001e-03	0.0000000000000000e+00	9.8809302402598165e-01
4.5727626402251396e-03	0.0000000000000000e+00	9.8923419875993246e-01
4.5902159327450903e-03	0.0000000000000000e+00	9.9051456884833666e-01
4.6076692252650297e-03	0.0000000000000000e+00	9.9188368782377223e-01
4.6251225177849700e-03	0.0000000000000000e+00	9.9327074625955214e-01
4.6425758103049199e-03	0.0000000000000000e+00	9.9457210081607528e-01
4.6600291028248602e-03	0.0000000000000000e+00	9.9560071198456401e-01
4.6774823953447996e-03	0.0000000000000000e+00	9.9522813000973687e-01
4.6949356878647503e-03	0.0000000000000000e+00	9.9426932136727941e-01
4.7123889803846897e-03	0.0000000000000000e+00	9.9344502309714922e-01
4.7298422729046300e-03	0.0000000000000000e+00	9.9277632855913467e-01
4.7472955654245799e-03	0.0000000000000000e+00	9.9228056077362836e-01
4.7647488579445202e-03	0.0000000000000000e+00	9.9197079509555464e-01
4.7822021504644596e-03	0.0000000000000000e+00	9.9185549111399607e-01
4.7996554429844103e-03	0.0000000000000000e+00	9.9193824456396562e-01
4.8171087355043498e-03	0.0000000000000000e+00	9.9221766663341604e-01
4.8345620280242901e-03	0.0000000000000000e+00	9.9268739888737945e-01
4.8520153205442399e-03	0.0000000000000000e+00	9.9333625954401983e-01
4.8694686130641802e-03	0.0000000000000000e+00	9.9414851662497639e-01
4.8869219055841196e-03	0.0000000000000000e+00	9.9510428812491658e-01
4.9043751981040704e-03	0.0000000000000000e+00	9.9618006123854397e-01
4.9218284906240098e-03	0.0000000000000000e+00	9.9734929251233995e-01
4.9392817831439501e-03	0.0000000000000000e+00	9.9858308346279778e-01
4.9567350756638999e-03	0.0000000000000000e+00	9.9985092903288830e-01
4.9741883681838402e-03	0.0000000000000000e+00	1.0005454282614028e+00
4.9916416607037797e-03	0.0000000000000000e+00	9.9813973437385939e-01
5.0090949532237304e-03	0.0000000000000000e+00	9.9578647212607063e-01
5.0265482457436698e-03	0.0000000000000000e+00	9.9354365465954186e-01
5.0440015382636101e-03	0.0000000000000000e+00	9.9146590839913673e-01
5.0614548307835600e-03	0.0000000000000000e+00	9.8960321723960032e-01
5.0789081233035003e-03	0.0000000000000000e+00	9.8799983985437534e-01
5.0963614158234397e-03	0.0000000000000000e+00	9.8669342330427401e-01
5.1138147083433904e-03	0.0000000000000000e+00	9.8570911986063126e-01
5.1312680008633298e-03	0.0000000000000000e+00	9.8505241850333647e-01
5.1487212933832701e-03	0.0000000000000000e+00	9.8469167439176286e-01
5.1661745859032200e-03	0.0000000000000000e+00	9.8459095148697817e-01
5.1836278784231603e-03	0.0000000000000000e+00	9.8471854564179973e-01
5.2010811709430997e-03	0.0000000000000000e+00	9.8506945249616229e-01
5.2185344634630504e-03	0.0000000000000000e+00	9.8565271506150820e-01
5.2359877559829899e-03	0.0000000000000000e+00	9.8646518157083907e-01
5.2534410485029302e-03	0.0000000000000000e+00	9.8749234538078157e-01
5.2708943410228696e-03	0.0000000000000000e+00	9.8870572798221024e-01
5.2883476335428203e-03	0.0000000000000000e+00	9.9006597974537425e-01
5.3058009260627597e-03	0.0000000000000000e+00	9.9151937838320647e-01
5.3232542185827000e-03	0.0000000000000000e+00	9.9299155819604323e-01
5.3407075111026499e-03	0.0000000000000000e+00	9.9437383508297528e-01
5.3581608036225902e-03	0.0000000000000000e+00	9.9547091934738885e-01
5.3756140961425296e-03	0.0000000000000000e+00	9.9510504601992855e-01
5.3930673886624803e-03	0.0000000000000000e+00	9.9409675587689583e-01
5.4105206811824198e-03	0.0000000000000000e+00	9.9322900572825878e-01
5.4279739737023601e-03	0.0000000000000000e+00	9.9252377805573877e-01
5.4454272662223099e-03	0.0000000000000000e+00	9.9199908380157553e-01
5.4628805587422502e-03	0.0000000000000000e+00	9.9166847109287026e-01
5.4803338512621896e-03	0.0000000000000000e+00	9.9154064987677992e-01
5.4977871437821403e-03	0.0000000000000000e+00	9.9161924453150530e-01
5.5152404363020798e-03	0.0000000000000000e+00	9.9190267696392675e-01
5.5326937288220201e-03	0.0000000000000000e+00	9.9238419397725541e-01
5.5501470213419699e-03	0.0000000000000000e+00	9.9305202728562758e-01
5.5676003138619102e-03	0.0000000000000000e+00	9.9388969673611716e-01
5.5850536063818497e-03	0.0000000000000000e+00	9.9487643119600455e-01
5.6025068989018004e-03	0.0000000000000000e+00	9.9598771497958971e-01
5.6199601914217398e-03	0.0000000000000000e+00	9.9719592652811939e-01
5.6374134839416801e-03	0.0000000000000000e+00	9.9847104384132834e-01
5.6548667764616299e-03	0.0000000000000000e+00	9.9978142266639547e-01
5.6723200689815702e-03	0.0000000000000000e+00	1.0005882799656387e+00
5.6897733615015097e-03	0.0000000000000000e+00	9.9811234656413406e-01
5.7072266540214604e-03	0.0000000000000000e+00	9.9569297251659616e-01
5.7246799465413998e-03	0.0000000000000000e+00	9.9338961974502549e-01
5.7421332390613401e-03	0.0000000000000000e+00	9.9125812793298473e-01
5.7595865315812900e-03	0.0000000000000000e+00	9.8934944534112867e-01
5.7770398241012303e-03	0.0000000000000000e+00	9.8770854244369466e-01
5.7944931166211697e-03	0.0000000000000000e+00	9.8637352084116581e-01
5.8119464091411204e-03	0.0000000000000000e+00	9.8536924676865345e-01
5.8293997016610598e-03	0.0000000000000000e+00	9.8469857596186217e-01
5.8468529941810002e-03	0.0000000000000000e+00	9.8433029655873716e-01
5.8643062867009500e-03	0.0000000000000000e+00	9.8422574481185421e-01
5.8817595792208903e-03	0.0000000000000000e+00	9.8435496011697776e-01
5.8992128717408297e-03	0.0000000000000000e+00	9.8471562639508903e-01
5.9166661642607796e-03	0.0000000000000000e+00	9.8531554772928553e-01
5.9341194567807199e-03	0.0000000000000000e+00	9.8615127469376995e-01
5.9515727493006602e-03	0.0000000000000000e+00	9.8720762203700974e-01
5.9690260418206100e-03	0.0000000000000000e+00	9.8845505138412726e-01
5.9864793343405503e-03	0.0000000000000000e+00	9.8985267958439849e-01
6.0039326268604898e-03	0.0000000000000000e+00	9.9134518733498755e-01
6.0213859193804396e-03	0.0000000000000000e+00	9.9285681032834960e-01
6.0388392119003799e-03	0.0000000000000000e+00	9.9427639171137994e-01
6.0562925044203202e-03	0.0000000000000000e+00	9.9540450381484025e-01
6.0737457969402700e-03	0.0000000000000000e+00	9.9503680103625003e-01
6.0911990894602103e-03	0.0000000000000000e+00	9.9400484726594440e-01
6.1086523819801498e-03	0.0000000000000000e+00	9.9311627853018192e-01
6.1261056745000996e-03	0.0000000000000000e+00	9.9239347540267264e-01
6.1435589670200399e-03	0.0000000000000000e+00	9.9185475238033993e-01
6.1610122595399802e-03	0.0000000000000000e+00	9.9151386228135274e-01
6.1784655520599301e-03	0.0000000000000000e+00	9.9137961771597138e-01
6.1959188445798704e-03	0.0000000000000000e+00	9.9145564231299643e-01
6.2133721370998098e-03	0.0000000000000000e+00	9.9174026005133242e-01
6.2308254296197596e-03	0.0000000000000000e+00	9.9222652614509765e-01
6.2482787221396999e-03	0.0000000000000000e+00	9.9290240239755512e-01
6.2657320146596402e-03	0.0000000000000000e+00	9.9375106170827399e-01
6.2831853071795901e-03	0.0000000000000000e+00	9.9475132542219491e-01
6.3006385996995304e-03	0.0000000000000000e+00	9.9587822897408829e-01
6.3180918922194698e-03	0.0000000000000000e+00	9.9710366494249436e-01
6.3355451847394197e-03	0.0000000000000000e+00	9.9839710772620316e-01
6.3529984772593600e-03	0.0000000000000000e+00	9.9972640839383997e-01
6.3704517697793003e-03	0.0000000000000000e+00	1.0006045221656985e+00
6.3879050622992501e-03	0.0000000000000000e+00	9.9809917746955346e-01
6.4053583548191904e-03	0.0000000000000000e+00	9.9565229484622231e-01
6.4228116473391298e-03	0.0000000000000000e+00	9.9332392334323905e-01
6.4402649398590797e-03	0.0000000000000000e+00	9.9117038468191243e-01
6.4577182323790200e-03	0.0000000000000000e+00	9.8924299936957927e-01
6.4751715248989603e-03	0.0000000000000000e+00	9.8758699544743356e-01
6.4926248174188997e-03	0.0000000000000000e+00	9.8624063495627523e-01
6.5100781099388504e-03	0.0000000000000000e+00	9.8522858965425797e-01
6.5275314024587899e-03	0.0000000000000000e+00	9.8455235433477506e-01
6.5449846949787302e-03	0.0000000000000000e+00	9.8418104663481265e-01
6.5624379874986800e-03	0.0000000000000000e+00	9.8407468901653983e-01
6.5798912800186203e-03	0.0000000000000000e+00	9.8420433546340302e-01
6.5973445725385597e-03	0.0000000000000000e+00	9.8456911477453346e-01
6.6147978650585096e-03	0.0000000000000000e+00	9.8517614866852565e-01
6.6322511575784499e-03	0.0000000000000000e+00	9.8602185253946462e-01
6.6497044500983902e-03	0.0000000000000000e+00	9.8709074607557956e-01
6.6671577426183400e-03	0.0000000000000000e+00	9.8835285641782622e-01
6.6846110351382803e-03	0.0000000000000000e+00	9.8976656710774247e-01
6.7020643276582198e-03	0.0000000000000000e+00	9.9127593821817783e-01
6.7195176201781696e-03	0.0000000000000000e+00	9.9280464307572569e-01
6.7369709126981099e-03	0.0000000000000000e+00	9.9424055503562070e-01
6.7544242052180502e-03	0.0000000000000000e+00	9.9538287174874029e-01
6.7718774977380001e-03	0.0000000000000000e+00	9.9501737908907395e-01
6.7893307902579404e-03	0.0000000000000000e+00	9.9397695841554978e-01
6.8067840827778798e-03	0.0000000000000000e+00	9.9308101217463252e-01
6.8242373752978296e-03	0.0000000000000000e+00	9.9235207075072429e-01
6.8416906678177699e-03	0.0000000000000000e+00	9.9180855998840667e-01
6.8591439603377102e-03	0.0000000000000000e+00	9.9146430449507295e-01
6.8765972528576601e-03	0.0000000000000000e+00	9.9132814905374844e-01
6.8940505453776004e-03	0.0000000000000000e+00	9.9140371143166528e-01
6.9115038378975398e-03	0.0000000000000000e+00	9.9168926882878938e-01
6.9289571304174897e-03	0.0000000000000000e+00	9.9217779416906760e-01
6.9464104229374300e-03	0.0000000000000000e+00	9.9285713540667542e-01
6.9638637154573703e-03	0.0000000000000000e+00	9.9371032704018247e-01
6.9813170079773201e-03	0.0000000000000000e+00	9.9471603194261382e-01
6.9987703004972604e-03	0.0000000000000000e+00	9.9584910867804943e-01
7.0162235930171998e-03	0.0000000000000000e+00	9.9708126271748276e-01
7.0336768855371497e-03	0.0000000000000000e+00	9.9838177714770648e-01
7.0511301780570900e-03	0.0000000000000000e+00	9.9971831219615570e-01
7.0685834705770303e-03	0.0000000000000000e+00	1.0006138369076671e+00
7.0860367630969801e-03	0.0000000000000000e+00	9.9809768364927554e-01
7.1034900556169204e-03	0.0000000000000000e+00	9.9564073412306053e-01
7.1209433481368599e-03	0.0000000000000000e+00	9.9330324694094296e-01
7.1383966406568097e-03	0.0000000000000000e+00	9.9114171034652743e-01
7.1558499331767500e-03	0.0000000000000000e+00	9.8920756563397783e-01
7.1733032256966903e-03	0.0000000000000000e+00	9.8754613313853212e-01
7.1907565182166401e-03	0.0000000000000000e+00	9.8619571940739759e-01
7.2082098107365796e-03	0.0000000000000000e+00	9.8518091182040757e-01
7.2256631032565199e-03	0.0000000000000000e+00	9.8450272122949967e-01
7.2431163957764697e-03	0.0000000000000000e+00	9.8413038391078866e-01
7.2605696882964100e-03	0.0000000000000000e+00	9.8402348270657358e-01
7.2780229808163503e-03	0.0000000000000000e+00	9.8415343605224626e-01
7.2954762733363002e-03	0.0000000000000000e+00	9.8451983586211511e-01
7.3129295658562396e-03	0.0000000000000000e+00	9.8512957458089778e-01
7.3303828583761799e-03	0.0000000000000000e+00	9.8597901085069317e-01
7.3478361508961297e-03	0.0000000000000000e+00	9.8705254556547206e-01
7.3652894434160700e-03	0.0000000000000000e+00	9.8831998639912544e-01
7.3827427359360103e-03	0.0000000000000000e+00	9.8973958063625866e-01
7.4001960284559602e-03	0.0000000000000000e+00	9.9125501685867989e-01
7.4176493209758996e-03	0.0000000000000000e+00	9.9278990032549508e-01
7.4351026134958399e-03	0.0000000000000000e+00	9.9423173141483545e-01
7.4525559060157898e-03	0.0000000000000000e+00	9.9537930897696481e-01
7.4700091985357301e-03	0.0000000000000000e+00	9.9501527923949573e-01
7.4874624910556704e-03	0.0000000000000000e+00	9.9397113748875232e-01
7.5049157835756202e-03	0.0000000000000000e+00	9.9307184608564636e-01
7.5223690760955596e-03	0.0000000000000000e+00	9.9233998899626885e-01
7.5398223686154999e-03	0.0000000000000000e+00	9.9179403302782387e-01
7.5572756611354498e-03	0.0000000000000000e+00	9.9144782937296572e-01
7.5747289536553901e-03	0.0000000000000000e+00	9.9131023493409354e-01
7.5921822461753304e-03	0.0000000000000000e+00	9.9138486505759049e-01
7.6096355386952802e-03	0.0000000000000000e+00	9.9166998402229967e-01
7.6270888312152197e-03	0.0000000000000000e+00	9.9215854142922799e-01
7.6445421237351600e-03	0.0000000000000000e+00	9.9283835022408318e-01
7.6619954162551098e-03	0.0000000000000000e+00	9.9369239857534364e-01
7.6794487087750501e-03	0.0000000000000000e+00	9.9469929468047324e-01
7.6969020012949904e-03	0.0000000000000000e+00	9.9583383781285428e-01
7.7143552938149403e-03	0.0000000000000000e+00	9.9706767324825119e-01
7.7318085863348797e-03	0.0000000000000000e+00	9.9837002053559487e-01
7.7492618788548200e-03	0.0000000000000000e+00	9.9970847746086366e-01
7.7667151713747698e-03	0.0000000000000000e+00	1.0006157179018194e+00
7.7841684638947101e-03	0.0000000000000000e+00	9.9809602720791968e-01
7.8016217564146496e-03	0.0000000000000000e+00	9.9563580252774397e-01
7.8190750489345994e-03	0.0000000000000000e+00	9.9329536557861586e-01
7.8365283414545406e-03	0.0000000000000000e+00	9.9113125573455008e-01
7.8539816339744800e-03	0.0000000000000000e+00	9.8919495567190552e-01
7.8714349264944194e-03	0.0000000000000000e+00	9.8753180267518315e-01
7.8888882190143693e-03	0.0000000000000000e+00	9.8618011194666977e-01
7.9063415115343105e-03	0.0000000000000000e+00	9.8516443090082340e-01
7.9237948040542603e-03	0.0000000000000000e+00	9.8448553341820588e-01
7.9412480965741997e-03	0.0000000000000000e+00	9.8411273448057401e-01
7.9587013890941392e-03	0.0000000000000000e+00	9.8400539427189349e-01
7.9761546816140907e-03	0.0000000000000000e+00	9.8413511976964185e-01
7.9936079741340302e-03	0.0000000000000000e+00	9.8450178174604597e-01
8.0110612666539696e-03	0.0000000000000000e+00	9.8511213959436872e-01
8.0285145591739195e-03	0.0000000000000000e+00	9.8596253809184575e-01
8.0459678516938606e-03	0.0000000000000000e+00	9.8703734290177758e-01
8.0634211442138001e-03	0.0000000000000000e+00	9.8830634526074279e-01
8.0808744367337395e-03	0.0000000000000000e+00	9.8972758765807423e-01
8.0983277292536893e-03	0.0000000000000000e+00	9.9124479671516419e-01
8.1157810217736305e-03	0.0000000000000000e+00	9.9278140434680096e-01
8.1332343142935803e-03	0.0000000000000000e+00	9.9422480280881420e-01
8.1506876068135198e-03	0.0000000000000000e+00	9.9537350771893540e-01
8.1681408993334592e-03	0.0000000000000000e+00	9.9500824772307817e-01
8.1855941918534108e-03	0.0000000000000000e+00	9.9396335191892360e-01
8.2030474843733502e-03	0.0000000000000000e+00	9.9306344273585989e-01
8.2205007768932897e-03	0.0000000000000000e+00	9.9233111832157794e-01
8.2379540694132308e-03	0.0000000000000000e+00	9.9178485450295406e-01
8.2554073619331807e-03	0.0000000000000000e+00	9.9143850802106859e-01
8.2728606544531201e-03	0.0000000000000000e+00	9.9130093701830868e-01
8.2903139469730595e-03	0.0000000000000000e+00	9.9137575400474864e-01
8.3077672394930094e-03	0.0000000000000000e+00	9.9166121670973362e-01
8.3252205320129506e-03	0.0000000000000000e+00	9.9215026215674329e-01
8.3426738245328900e-03	0.0000000000000000e+00	9.9283068588152845e-01
8.3601271170528398e-03	0.0000000000000000e+00	9.9368546101728494e-01
8.3775804095727793e-03	0.0000000000000000e+00	9.9469317876165886e-01
8.3950337020927204e-03	0.0000000000000000e+00	9.9582862133214645e-01
8.4124869946126703e-03	0.0000000000000000e+00	9.9706341093217321e-01
8.4299402871326097e-03	0.0000000000000000e+00	9.9836674726061370e-01
8.4473935796525491e-03	0.0000000000000000e+00	9.9970620771071483e-01
8.4648468721725007e-03	0.0000000000000000e+00	1.0006165221896819e+00
8.4823001646924402e-03	0.0000000000000000e+00	9.9809591721862267e-01
8.4997534572123796e-03	0.0000000000000000e+00	9.9563485319072687e-01
8.5172067497323294e-03	0.0000000000000000e+00	9.9329366939362884e-01
8.5346600422522706e-03	0.0000000000000000e+00	9.9112891756584531e-01
8.5521133347722100e-03	0.0000000000000000e+00	9.8919208837128958e-01
8.5695666272921599e-03	0.0000000000000000e+00	9.8752852206056729e-01
8.5870199198120993e-03	0.0000000000000000e+00	9.8617654265370247e-01
8.6044732123320405e-03	0.0000000000000000e+00	9.8516068758441133e-01
8.6219265048519903e-03	0.0000000000000000e+00	9.8448168805246206e-01
8.6393797973719298e-03	0.0000000000000000e+00	9.8410887187649609e-01
8.6568330898918692e-03	0.0000000000000000e+00	9.8400157113823783e-01
8.6742863824118208e-03	0.0000000000000000e+00	9.8413143370763023e-01
8.6917396749317602e-03	0.0000000000000000e+00	9.8449836164361915e-01
8.7091929674516996e-03	0.0000000000000000e+00	9.8510910022768827e-01
8.7266462599716495e-03	0.0000000000000000e+00	9.8595998412741148e-01
8.7440995524915906e-03	0.0000000000000000e+00	9.8703536499179256e-01
8.7615528450115301e-03	0.0000000000000000e+00	9.8830498972691749e-01
8.7790061375314799e-03	0.0000000000000000e+00	9.8972695139576816e-01
8.7964594300514194e-03	0.0000000000000000e+00	9.9124488458407933e-01
8.8139127225713605e-03	0.0000000000000000e+00	9.9278228175016592e-01
8.8313660150913104e-03	0.0000000000000000e+00	9.9422651030092835e-01
8.8488193076112498e-03	0.0000000000000000e+00	9.9537615829344694e-01
8.8662726001311892e-03	0.0000000000000000e+00	9.9501231667914192e-01
8.8837258926511408e-03	0.0000000000000000e+00	9.9396715084022069e-01
8.9011791851710802e-03	0.0000000000000000e+00	9.9306698384026448e-01
8.9186324776910197e-03	0.0000000000000000e+00	9.9233441793187482e-01
8.9360857702109695e-03	0.0000000000000000e+00	9.9178793207470717e-01
8.9535390627309107e-03	0.0000000000000000e+00	9.9144138510977275e-01
8.9709923552508501e-03	0.0000000000000000e+00	9.9130363623039586e-01
8.9884456477708000e-03	0.0000000000000000e+00	9.9137829724587334e-01
9.0058989402907394e-03	0.0000000000000000e+00	9.9166362434244137e-01
9.0233522328106806e-03	0.0000000000000000e+00	9.9215255581201844e-01
9.0408055253306304e-03	0.0000000000000000e+00	9.9283288694369487e-01
9.0582588178505698e-03	0.0000000000000000e+00	9.9368758629343534e-01
9.0757121103705093e-03	0.0000000000000000e+00	9.9469524002401055e-01
9.0931654028904609e-03	0.0000000000000000e+00	9.9583062822391433e-01
9.1106186954104003e-03	0.0000000000000000e+00	9.9706536882459995e-01
9.1280719879303397e-03	0.0000000000000000e+00	9.9836865843798117e-01
9.1455252804502896e-03	0.0000000000000000e+00	9.9970807079113422e-01
9.1629785729702307e-03	0.0000000000000000e+00	1.0006171453268722e+00
9.1804318654901702e-03	0.0000000000000000e+00	9.9809625257494683e-01
9.1978851580101200e-03	0.0000000000000000e+00	9.9563492014551835e-01
9.2153384505300594e-03	0.0000000000000000e+00	9.9329349164219183e-01
9.2327917430500006e-03	0.0000000000000000e+00	9.9112852229953818e-01
9.2502450355699505e-03	0.0000000000000000e+00	9.8919150630535468e-01
9.2676983280898899e-03	0.0000000000000000e+00	9.8752778712432410e-01
9.2851516206098293e-03	0.0000000000000000e+00	9.8617568508750708e-01
9.3026049131297792e-03	0.0000000000000000e+00	9.8515973343693997e-01
9.3200582056497203e-03	0.0000000000000000e+00	9.8448064676203861e-01
9.3375114981696598e-03	0.0000000000000000e+00	9.8410775759311886e-01
9.3549647906896096e-03	0.0000000000000000e+00	9.8400038105612331e-01
9.3724180832095508e-03	0.0000000000000000e+00	9.8413017317108753e-01
9.3898713757294902e-03	0.0000000000000000e+00	9.8449705457275083e-01
9.4073246682494296e-03	0.0000000000000000e+00	9.8510775828687558e-01
9.4247779607693795e-03	0.0000000000000000e+00	9.8595862302078408e-01
9.4422312532893207e-03	0.0000000000000000e+00	9.8703399628284150e-01
9.4596845458092705e-03	0.0000000000000000e+00	9.8830363314613823e-01
9.4771378383292099e-03	0.0000000000000000e+00	9.8972558515383269e-01
9.4945911308491494e-03	0.0000000000000000e+00	9.9124351159072499e-01
9.5120444233690905e-03	0.0000000000000000e+00	9.9278086896569062e-01
9.5294977158890404e-03	0.0000000000000000e+00	9.9422500666404046e-01
9.5469510084089798e-03	0.0000000000000000e+00	9.9537443818462235e-01
9.5644043009289192e-03	0.0000000000000000e+00	9.9500976602329416e-01
9.5818575934488708e-03	0.0000000000000000e+00	9.9396442651500994e-01
9.5993108859688103e-03	0.0000000000000000e+00	9.9306410612583396e-01
9.6167641784887497e-03	0.0000000000000000e+00	9.9233140784354001e-01
9.6342174710086995e-03	0.0000000000000000e+00	9.9178481204096591e-01
9.6516707635286407e-03	0.0000000000000000e+00	9.9143817818787083e-01
9.6691240560485905e-03	0.0000000000000000e+00	9.9130036526306398e-01
9.6865773485685300e-03	0.0000000000000000e+00	9.9137498503445287e-01
9.7040306410884694e-03	0.0000000000000000e+00	9.9166029331481997e-01
9.7214839336084106e-03	0.0000000000000000e+00	9.9214922654986326e-01
9.7389372261283604e-03	0.0000000000000000e+00	9.9282957987751241e-01
9.7563905186482999e-03	0.0000000000000000e+00	9.9368432263715023e-01
9.7738438111682393e-03	0.0000000000000000e+00	9.9469204151233215e-01
9.7912971036881909e-03	0.0000000000000000e+00	9.9582750703455103e-01
9.8087503962081303e-03	0.0000000000000000e+00	9.9706233927683174e-01
9.8262036887280697e-03	0.0000000000000000e+00	9.9836573315345145e-01
9.8436569812480196e-03	0.0000000000000000e+00	9.9970526074315869e-01
9.8611102737679607e-03	0.0000000000000000e+00	1.0006167066657405e+00
9.8785635662879106e-03	0.0000000000000000e+00	9.9809578198093474e-01
9.8960168588078500e-03	0.0000000000000000e+00	9.9563442235759114e-01
9.9134701513277895e-03	0.0000000000000000e+00	9.9329297290711682e-01
9.9309234438477306e-03	0.0000000000000000e+00	9.9112799004835472e-01
9.9483767363676805e-03	0.0000000000000000e+00	9.8919096747900259e-01
9.9658300288876199e-03	0.0000000000000000e+00	9.8752725249583062e-01
9.9832833214075593e-03	0.0000000000000000e+00	9.8617516003002015e-01
1.0000736613927501e-02	0.0000000000000000e+00	9.8515922345400753e-01
1.0018189906447501e-02	0.0000000000000000e+00	9.8448014463348432e-01
1.0035643198967400e-02	0.0000000000000000e+00	9.8410726419123418e-01
1.0053096491487300e-02	0.0000000000000000e+00	9.8399988654670634e-01
1.0070549784007300e-02	0.0000000000000000e+00	9.8412967873980017e-01
1.0088003076527199e-02	0.0000000000000000e+00	9.8449658021143238e-01
1.0105456369047200e-02	0.0000000000000000e+00	9.8510731927322559e-01
1.0122909661567101e-02	0.0000000000000000e+00	9.8595823332036903e-01
1.0140362954087099e-02	0.0000000000000000e+00	9.8703367036477518e-01
1.0157816246607001e-02	0.0000000000000000e+00	9.8830338588013844e-01
1.0175269539126900e-02	0.0000000000000000e+00	9.8972542777287520e-01
1.0192722831646900e-02	0.0000000000000000e+00	9.9124345270331138e-01
1.0210176124166800e-02	0.0000000000000000e+00	9.9278092041998811e-01
1.0227629416686800e-02	0.0000000000000000e+00	9.9422518735061216e-01
1.0245082709206699e-02	0.0000000000000000e+00	9.9537478447031225e-01
1.0262536001726700e-02	0.0000000000000000e+00	9.9501043820435320e-01
1.0279989294246601e-02	0.0000000000000000e+00	9.9396522539923182e-01
1.0297442586766500e-02	0.0000000000000000e+00	9.9306502755517623e-01
1.0314895879286501e-02	0.0000000000000000e+00	9.9233244711393565e-01
1.0332349171806400e-02	0.0000000000000000e+00	9.9178596426328725e-01
1.0349802464326400e-02	0.0000000000000000e+00	9.9143943788088240e-01
1.0367255756846300e-02	0.0000000000000000e+00	9.9130172724153465e-01
1.0384709049366300e-02	0.0000000000000000e+00	9.9137644330440911e-01
1.0402162341886199e-02	0.0000000000000000e+00	9.9166184126751022e-01
1.0419615634406101e-02	0.0000000000000000e+00	9.9215085757647747e-01
1.0437068926926101e-02	0.0000000000000000e+00	9.9283128717025193e-01
1.0454522219446000e-02	0.0000000000000000e+00	9.9368609688878329e-01
1.0471975511966001e-02	0.0000000000000000e+00	9.9469387149536914e-01
1.0489428804485900e-02	0.0000000000000000e+00	9.9582938731077442e-01
1.0506882097005900e-02	0.0000000000000000e+00	9.9706426213383614e-01
1.0524335389525800e-02	0.0000000000000000e+00	9.9836768983418334e-01
1.0541788682045699e-02	0.0000000000000000e+00	9.9970724261505750e-01
1.0559241974565699e-02	0.0000000000000000e+00	1.0006170980312470e+00
1.0576695267085601e-02	0.0000000000000000e+00	9.9809616185604721e-01
1.0594148559605601e-02	0.0000000000000000e+00	9.9563479153744350e-01
1.0611601852125500e-02	0.0000000000000000e+00	9.9329333107800177e-01
1.0629055144645501e-02	0.0000000000000000e+00	9.9112833702208092e-01
1.0646508437165400e-02	0.0000000000000000e+00	9.8919130326089422e-01
1.0663961729685400e-02	0.0000000000000000e+00	9.8752757460443863e-01
1.0681415022205300e-02	0.0000000000000000e+00	9.8617547060845556e-01
1.0698868314725199e-02	0.0000000000000000e+00	9.8515952329883028e-01
1.0716321607245199e-02	0.0000000000000000e+00	9.8448044561146786e-01
1.0733774899765101e-02	0.0000000000000000e+00	9.8410757175135277e-01
1.0751228192285101e-02	0.0000000000000000e+00	9.8400021649168801e-01
1.0768681484805000e-02	0.0000000000000000e+00	9.8413004095137702e-01
1.0786134777325001e-02	0.0000000000000000e+00	9.8449696629708616e-01
1.0803588069844900e-02	0.0000000000000000e+00	9.8510772503047150e-01
1.0821041362364800e-02	0.0000000000000000e+00	9.8595865383787595e-01
1.0838494654884800e-02	0.0000000000000000e+00	9.8703410103488209e-01
1.0855947947404699e-02	0.0000000000000000e+00	9.8830381188228522e-01
1.0873401239924699e-02	0.0000000000000000e+00	9.8972585535620916e-01
1.0890854532444601e-02	0.0000000000000000e+00	9.9124387483270160e-01
1.0908307824964599e-02	0.0000000000000000e+00	9.9278134076885149e-01
1.0925761117484500e-02	0.0000000000000000e+00	9.9422560524302028e-01
1.0943214410004400e-02	0.0000000000000000e+00	9.9537520946825575e-01
1.0960667702524400e-02	0.0000000000000000e+00	9.9501092302510574e-01
1.0978120995044300e-02	0.0000000000000000e+00	9.9396559772333193e-01
1.0995574287564300e-02	0.0000000000000000e+00	9.9306528733922461e-01
1.1013027580084199e-02	0.0000000000000000e+00	9.9233259562684684e-01
1.1030480872604199e-02	0.0000000000000000e+00	9.9178600278690709e-01
1.1047934165124101e-02	0.0000000000000000e+00	9.9143936817722356e-01
1.1065387457644000e-02	0.0000000000000000e+00	9.9130155135870113e-01
1.1082840750164000e-02	0.0000000000000000e+00	9.9137616409396956e-01
1.1100294042683900e-02	0.0000000000000000e+00	9.9166146246232678e-01
1.1117747335203900e-02	0.0000000000000000e+00	9.9215038396770039e-01
1.1135200627723800e-02	0.0000000000000000e+00	9.9283072129939753e-01
1.1152653920243800e-02	0.0000000000000000e+00	9.9368544272935777e-01
1.1170107212763699e-02	0.0000000000000000e+00	9.9469313681909621e-01
1.1187560505283699e-02	0.0000000000000000e+00	9.9582857387867929e-01
1.1205013797803601e-02	0.0000000000000000e+00	9.9706337536658052e-01
1.1222467090323500e-02	0.0000000000000000e+00	9.9836673501055806e-01
1.1239920382843500e-02	0.0000000000000000e+00	9.9970622546016752e-01
1.1257373675363400e-02	0.0000000000000000e+00	1.0006168925268439e+00
1.1274826967883400e-02	0.0000000000000000e+00	9.9809594614523711e-01
1.1292280260403300e-02	0.0000000000000000e+00	9.9563456643819026e-01
1.1309733552923300e-02	0.0000000000000000e+00	9.9329309750612493e-01
1.1327186845443199e-02	0.0000000000000000e+00	9.9112809690888448e-01
1.1344640137963101e-02	0.0000000000000000e+00	9.8919105716946443e-01
1.1362093430483101e-02	0.0000000000000000e+00	9.8752732567426638e-01
1.1379546723003000e-02	0.0000000000000000e+00	9.8617521574950506e-01
1.1397000015523000e-02	0.0000000000000000e+00	9.8515926539379406e-01
1.1414453308042900e-02	0.0000000000000000e+00	9.8448017550538613e-01
1.1431906600562900e-02	0.0000000000000000e+00	9.8410728741531017e-01
1.1449359893082800e-02	0.0000000000000000e+00	9.8399990342434784e-01
1.1466813185602699e-02	0.0000000000000000e+00	9.8412968383364985e-01
1.1484266478122699e-02	0.0000000000000000e+00	9.8449657148235470e-01
1.1501719770642601e-02	0.0000000000000000e+00	9.8510729641805139e-01
1.1519173063162601e-02	0.0000000000000000e+00	9.8595819439290722e-01
1.1536626355682500e-02	0.0000000000000000e+00	9.8703361086109398e-01
1.1554079648202500e-02	0.0000000000000000e+00	9.8830330425591384e-01
1.1571532940722400e-02	0.0000000000000000e+00	9.8972531991326906e-01
1.1588986233242300e-02	0.0000000000000000e+00	9.9124331705488655e-01
1.1606439525762300e-02	0.0000000000000000e+00	9.9278074713018050e-01
1.1623892818282199e-02	0.0000000000000000e+00	9.9422496655503934e-01
1.1641346110802199e-02	0.0000000000000000e+00	9.9537449145664181e-01
1.1658799403322101e-02	0.0000000000000000e+00	9.9500995907810108e-01
1.1676252695842101e-02	0.0000000000000000e+00	9.9396469429737000e-01
1.1693705988362000e-02	0.0000000000000000e+00	9.9306444771185876e-01
1.1711159280882000e-02	0.0000000000000000e+00	9.9233182255509844e-01
1.1728612573401900e-02	0.0000000000000000e+00	9.9178529867643028e-01
1.1746065865921800e-02	0.0000000000000000e+00	9.9143873510430292e-01
1.1763519158441800e-02	0.0000000000000000e+00	9.9130099102166214e-01
1.1780972450961699e-02	0.0000000000000000e+00	9.9137567962240414e-01
1.1798425743481699e-02	0.0000000000000000e+00	9.9166105640824420e-01
1.1815879036001601e-02	0.0000000000000000e+00	9.9215005459666050e-01
1.1833332328521601e-02	0.0000000000000000e+00	9.9283046653523321e-01
1.1850785621041500e-02	0.0000000000000000e+00	9.9368526280242042e-01
1.1868238913561400e-02	0.0000000000000000e+00	9.9469302979614316e-01
1.1885692206081400e-02	0.0000000000000000e+00	9.9582853959155770e-01
1.1903145498601300e-02	0.0000000000000000e+00	9.9706341179845748e-01
1.1920598791121300e-02	0.0000000000000000e+00	9.9836684082892180e-01
1.1938052083641199e-02	0.0000000000000000e+00	9.9970639920833837e-01
1.1955505376161199e-02	0.0000000000000000e+00	1.0006169359043371e+00
1.1972958668681101e-02	0.0000000000000000e+00	9.9809600254154340e-01
1.1990411961201000e-02	0.0000000000000000e+00	9.9563463518683260e-01
1.2007865253721000e-02	0.0000000000000000e+00	9.9329317538017159e-01
1.2025318546240900e-02	0.0000000000000000e+00	9.9112818212146248e-01
1.2042771838760900e-02	0.0000000000000000e+00	9.8919115025673232e-01
1.2060225131280800e-02	0.0000000000000000e+00	9.8752742595600118e-01
1.2077678423800800e-02	0.0000000000000000e+00	9.8617532590001433e-01
1.2095131716320699e-02	0.0000000000000000e+00	9.8515938494058641e-01
1.2112585008840600e-02	0.0000000000000000e+00	9.8448031007528747e-01
1.2130038301360601e-02	0.0000000000000000e+00	9.8410743919705967e-01
1.2147491593880500e-02	0.0000000000000000e+00	9.8400007985317040e-01
1.2164944886400500e-02	0.0000000000000000e+00	9.8412989160304110e-01
1.2182398178920400e-02	0.0000000000000000e+00	9.8449680719727006e-01
1.2199851471440400e-02	0.0000000000000000e+00	9.8510756512802988e-01
1.2217304763960300e-02	0.0000000000000000e+00	9.8595849790044410e-01
1.2234758056480201e-02	0.0000000000000000e+00	9.8703394901078578e-01
1.2252211349000199e-02	0.0000000000000000e+00	9.8830367067384750e-01
1.2269664641520101e-02	0.0000000000000000e+00	9.8972572581345919e-01
1.2287117934040101e-02	0.0000000000000000e+00	9.9124375585137314e-01
1.2304571226560000e-02	0.0000000000000000e+00	9.9278123394985396e-01
1.2322024519080000e-02	0.0000000000000000e+00	9.9422551259018299e-01
1.2339477811599900e-02	0.0000000000000000e+00	9.9537513238758935e-01
1.2356931104119900e-02	0.0000000000000000e+00	9.9501086328399024e-01
1.2374384396639800e-02	0.0000000000000000e+00	9.9396558204003171e-01
1.2391837689159701e-02	0.0000000000000000e+00	9.9306531567434830e-01
1.2409290981679699e-02	0.0000000000000000e+00	9.9233266743805804e-01
1.2426744274199601e-02	0.0000000000000000e+00	9.9178611708687037e-01
1.2444197566719601e-02	0.0000000000000000e+00	9.9143952403907287e-01
1.2461650859239500e-02	0.0000000000000000e+00	9.9130174788888648e-01
1.2479104151759500e-02	0.0000000000000000e+00	9.9137639963289659e-01
1.2496557444279400e-02	0.0000000000000000e+00	9.9166173501115051e-01
1.2514010736799299e-02	0.0000000000000000e+00	9.9215069054189642e-01
1.2531464029319300e-02	0.0000000000000000e+00	9.9283106121401599e-01
1.2548917321839201e-02	0.0000000000000000e+00	9.9368581415035584e-01
1.2566370614359199e-02	0.0000000000000000e+00	9.9469353420375584e-01
1.2583823906879101e-02	0.0000000000000000e+00	9.9582899843991624e-01
1.2601277199399101e-02	0.0000000000000000e+00	9.9706382363319224e-01
1.2618730491919000e-02	0.0000000000000000e+00	9.9836720527463707e-01
1.2636183784438900e-02	0.0000000000000000e+00	9.9970671488312091e-01
1.2653637076958900e-02	0.0000000000000000e+00	1.0006169925529302e+00
1.2671090369478799e-02	0.0000000000000000e+00	9.9809604718859679e-01
1.2688543661998800e-02	0.0000000000000000e+00	9.9563466807094680e-01
1.2705996954518701e-02	0.0000000000000000e+00	9.9329320002253430e-01
1.2723450247038699e-02	0.0000000000000000e+00	9.9112819905574967e-01
1.2740903539558601e-02	0.0000000000000000e+00	9.8919115971577265e-01
1.2758356832078500e-02	0.0000000000000000e+00	9.8752742805519811e-01
1.2775810124598500e-02	0.0000000000000000e+00	9.8617532038307254e-01
1.2793263417118400e-02	0.0000000000000000e+00	9.8515936920211222e-01
1.2810716709638400e-02	0.0000000000000000e+00	9.8448028296041745e-01
1.2828170002158299e-02	0.0000000000000000e+00	9.8410739745693432e-01
1.2845623294678300e-02	0.0000000000000000e+00	9.8400002336714132e-01
1.2863076587198201e-02	0.0000000000000000e+00	9.8412982157556694e-01
1.2880529879718199e-02	0.0000000000000000e+00	9.8449672261709908e-01
1.2897983172238101e-02	0.0000000000000000e+00	9.8510745970418645e-01
1.2915436464758000e-02	0.0000000000000000e+00	9.8595836811007764e-01
1.2932889757278000e-02	0.0000000000000000e+00	9.8703379447388040e-01
1.2950343049797900e-02	0.0000000000000000e+00	9.8830349270477913e-01
1.2967796342317900e-02	0.0000000000000000e+00	9.8972551759551597e-01
1.2985249634837799e-02	0.0000000000000000e+00	9.9124351904383057e-01
1.3002702927357800e-02	0.0000000000000000e+00	9.9278095972712499e-01
1.3020156219877701e-02	0.0000000000000000e+00	9.9422519194033565e-01
1.3037609512397600e-02	0.0000000000000000e+00	9.9537474032536288e-01
1.3055062804917601e-02	0.0000000000000000e+00	9.9501028498057387e-01
1.3072516097437500e-02	0.0000000000000000e+00	9.9396499164510232e-01
1.3089969389957500e-02	0.0000000000000000e+00	9.9306471578254463e-01
1.3107422682477400e-02	0.0000000000000000e+00	9.9233206064442481e-01
1.3124875974997400e-02	0.0000000000000000e+00	9.9178550558812817e-01
1.3142329267517299e-02	0.0000000000000000e+00	9.9143891045974808e-01
1.3159782560037201e-02	0.0000000000000000e+00	9.9130113472547210e-01
1.3177235852557199e-02	0.0000000000000000e+00	9.9137579158085132e-01
1.3194689145077100e-02	0.0000000000000000e+00	9.9166113627445751e-01
1.3212142437597101e-02	0.0000000000000000e+00	9.9215010250979718e-01
1.3229595730117000e-02	0.0000000000000000e+00	9.9283048404735852e-01
1.3247049022637000e-02	0.0000000000000000e+00	9.9368524933148805e-01
1.3264502315156900e-02	0.0000000000000000e+00	9.9469298450975319e-01
1.3281955607676799e-02	0.0000000000000000e+00	9.9582846640199207e-01
1.3299408900196799e-02	0.0000000000000000e+00	9.9706331147400118e-01
1.3316862192716701e-02	0.0000000000000000e+00	9.9836671453226544e-01
1.3334315485236699e-02	0.0000000000000000e+00	9.9970624737404479e-01
1.3351768777756600e-02	0.0000000000000000e+00	1.0006169056438821e+00
1.3369222070276601e-02	0.0000000000000000e+00	9.9809596703725911e-01
1.3386675362796500e-02	0.0000000000000000e+00	9.9563459516598452e-01
1.3404128655316400e-02	0.0000000000000000e+00	9.9329313446093992e-01
1.3421581947836400e-02	0.0000000000000000e+00	9.9112814229336899e-01
1.3439035240356299e-02	0.0000000000000000e+00	9.8919110735841398e-01
1.3456488532876299e-02	0.0000000000000000e+00	9.8752737761818155e-01
1.3473941825396201e-02	0.0000000000000000e+00	9.8617527448850362e-01
1.3491395117916199e-02	0.0000000000000000e+00	9.8515932946003681e-01
1.3508848410436100e-02	0.0000000000000000e+00	9.8448024733616346e-01
1.3526301702956101e-02	0.0000000000000000e+00	9.8410736537278443e-01
1.3543754995476000e-02	0.0000000000000000e+00	9.8399999072080890e-01
1.3561208287995900e-02	0.0000000000000000e+00	9.8412978979610211e-01
1.3578661580515900e-02	0.0000000000000000e+00	9.8449669906709070e-01
1.3596114873035799e-02	0.0000000000000000e+00	9.8510744543915796e-01
1.3613568165555799e-02	0.0000000000000000e+00	9.8595836336062481e-01
1.3631021458075701e-02	0.0000000000000000e+00	9.8703380064319124e-01
1.3648474750595699e-02	0.0000000000000000e+00	9.8830351232261004e-01
1.3665928043115600e-02	0.0000000000000000e+00	9.8972554890554820e-01
1.3683381335635500e-02	0.0000000000000000e+00	9.9124356852269313e-01
1.3700834628155500e-02	0.0000000000000000e+00	9.9278103056458056e-01
1.3718287920675400e-02	0.0000000000000000e+00	9.9422528812090871e-01
1.3735741213195400e-02	0.0000000000000000e+00	9.9537487302279726e-01
1.3753194505715299e-02	0.0000000000000000e+00	9.9501050320800810e-01
1.3770647798235299e-02	0.0000000000000000e+00	9.9396523279229232e-01
1.3788101090755201e-02	0.0000000000000000e+00	9.9306497814146122e-01
1.3805554383275100e-02	0.0000000000000000e+00	9.9233234261236458e-01
1.3823007675795100e-02	0.0000000000000000e+00	9.9178580635491698e-01
1.3840460968315000e-02	0.0000000000000000e+00	9.9143922848510690e-01
1.3857914260835000e-02	0.0000000000000000e+00	9.9130146819611920e-01
1.3875367553354900e-02	0.0000000000000000e+00	9.9137613685053427e-01
1.3892820845874900e-02	0.0000000000000000e+00	9.9166148988751524e-01
1.3910274138394799e-02	0.0000000000000000e+00	9.9215046413304953e-01
1.3927727430914701e-02	0.0000000000000000e+00	9.9283085430640705e-01
1.3945180723434701e-02	0.0000000000000000e+00	9.9368562735939558e-01
1.3962634015954600e-02	0.0000000000000000e+00	9.9469336802781827e-01
1.3980087308474600e-02	0.0000000000000000e+00	9.9582885325974779e-01
1.3997540600994500e-02	0.0000000000000000e+00	9.9706370042184256e-01
1.4014993893514500e-02	0.0000000000000000e+00	9.9836710362943182e-01
1.4032447186034400e-02	0.0000000000000000e+00	9.9970663518994429e-01
1.4049900478554400e-02	0.0000000000000000e+00	1.0006169810909125e+00
1.4067353771074299e-02	0.0000000000000000e+00	9.9809604043499178e-01
1.4084807063594201e-02	0.0000000000000000e+00	9.9563466671474754e-01
1.4102260356114201e-02	0.0000000000000000e+00	9.9329320392809883e-01
1.4119713648634100e-02	0.0000000000000000e+00	9.9112820872463747e-01
1.4137166941154100e-02	0.0000000000000000e+00	9.8919117547840185e-01
1.4154620233674000e-02	0.0000000000000000e+00	9.8752744689388194e-01
1.4172073526194000e-02	0.0000000000000000e+00	9.8617534003930551e-01
1.4189526818713900e-02	0.0000000000000000e+00	9.8515939186011314e-01
1.4206980111233799e-02	0.0000000000000000e+00	9.8448030875670867e-01
1.4224433403753799e-02	0.0000000000000000e+00	9.8410742700797960e-01
1.4241886696273701e-02	0.0000000000000000e+00	9.8400005748232633e-01
1.4259339988793701e-02	0.0000000000000000e+00	9.8412986374488454e-01
1.4276793281313600e-02	0.0000000000000000e+00	9.8449677454134110e-01
1.4294246573833600e-02	0.0000000000000000e+00	9.8510751946281883e-01
1.4311699866353500e-02	0.0000000000000000e+00	9.8595843676248296e-01
1.4329153158873400e-02	0.0000000000000000e+00	9.8703387328298919e-01
1.4346606451393400e-02	0.0000000000000000e+00	9.8830358109034788e-01
1.4364059743913299e-02	0.0000000000000000e+00	9.8972561534418435e-01
1.4381513036433299e-02	0.0000000000000000e+00	9.9124362821192158e-01
1.4398966328953201e-02	0.0000000000000000e+00	9.9278108388325426e-01
1.4416419621473201e-02	0.0000000000000000e+00	9.9422533451504402e-01
1.4433872913993100e-02	0.0000000000000000e+00	9.9537491143109502e-01
1.4451326206513000e-02	0.0000000000000000e+00	9.9501053397967987e-01
1.4468779499033000e-02	0.0000000000000000e+00	9.9396524318027535e-01
1.4486232791552900e-02	0.0000000000000000e+00	9.9306496859387272e-01
1.4503686084072900e-02	0.0000000000000000e+00	9.9233231353796403e-01
1.4521139376592799e-02	0.0000000000000000e+00	9.9178575804284186e-01
1.4538592669112799e-02	0.0000000000000000e+00	9.9143916135107313e-01
1.4556045961632701e-02	0.0000000000000000e+00	9.9130138295251358e-01
1.4573499254152701e-02	0.0000000000000000e+00	9.9137603429865828e-01
1.4590952546672600e-02	0.0000000000000000e+00	9.9166137061562698e-01
1.4608405839192500e-02	0.0000000000000000e+00	9.9215032844146500e-01
1.4625859131712500e-02	0.0000000000000000e+00	9.9283070225354575e-01
1.4643312424232400e-02	0.0000000000000000e+00	9.9368546137795843e-01
1.4660765716752400e-02	0.0000000000000000e+00	9.9469319197199779e-01
1.4678219009272299e-02	0.0000000000000000e+00	9.9582866507028667e-01
1.4695672301792299e-02	0.0000000000000000e+00	9.9706350114538289e-01
1.4713125594312201e-02	0.0000000000000000e+00	9.9836689357804087e-01
1.4730578886832100e-02	0.0000000000000000e+00	9.9970641525955506e-01
1.4748032179352100e-02	0.0000000000000000e+00	1.0006169369979863e+00
1.4765485471872000e-02	0.0000000000000000e+00	9.9809599539361271e-01
1.4782938764392000e-02	0.0000000000000000e+00	9.9563461909159345e-01
1.4800392056911900e-02	0.0000000000000000e+00	9.9329315301624577e-01
1.4817845349431900e-02	0.0000000000000000e+00	9.9112815557205858e-01
1.4835298641951799e-02	0.0000000000000000e+00	9.8919111629389500e-01
1.4852751934471701e-02	0.0000000000000000e+00	9.8752738614286029e-01
1.4870205226991701e-02	0.0000000000000000e+00	9.8617528072832505e-01
1.4887658519511600e-02	0.0000000000000000e+00	9.8515933350504192e-01
1.4905111812031600e-02	0.0000000000000000e+00	9.8448024936477363e-01
1.4922565104551500e-02	0.0000000000000000e+00	9.8410736671818566e-01
1.4940018397071500e-02	0.0000000000000000e+00	9.8399999435488883e-01
1.4957471689591400e-02	0.0000000000000000e+00	9.8412979497600150e-01
1.4974924982111301e-02	0.0000000000000000e+00	9.8449670022267688e-01
1.4992378274631299e-02	0.0000000000000000e+00	9.8510744098569325e-01
1.5009831567151201e-02	0.0000000000000000e+00	9.8595835470714976e-01
1.5027284859671201e-02	0.0000000000000000e+00	9.8703378735482028e-01
1.5044738152191100e-02	0.0000000000000000e+00	9.8830348898166198e-01
1.5062191444711100e-02	0.0000000000000000e+00	9.8972552118614177e-01
1.5079644737231000e-02	0.0000000000000000e+00	9.9124353603817372e-01
1.5097098029750899e-02	0.0000000000000000e+00	9.9278099062093128e-01
1.5114551322270900e-02	0.0000000000000000e+00	9.9422523922830197e-01
1.5132004614790801e-02	0.0000000000000000e+00	9.9537480989016824e-01
1.5149457907310799e-02	0.0000000000000000e+00	9.9501040126833029e-01
1.5166911199830701e-02	0.0000000000000000e+00	9.9396512117636537e-01
1.5184364492350701e-02	0.0000000000000000e+00	9.9306485779888221e-01
1.5201817784870600e-02	0.0000000000000000e+00	9.9233221461759835e-01
1.5219271077390600e-02	0.0000000000000000e+00	9.9178567160822051e-01
1.5236724369910500e-02	0.0000000000000000e+00	9.9143908780507906e-01
1.5254177662430399e-02	0.0000000000000000e+00	9.9130132262495496e-01
1.5271630954950400e-02	0.0000000000000000e+00	9.9137598941039351e-01
1.5289084247470301e-02	0.0000000000000000e+00	9.9166134276941797e-01
1.5306537539990299e-02	0.0000000000000000e+00	9.9215031625981176e-01
1.5323990832510201e-02	0.0000000000000000e+00	9.9283070406132701e-01
1.5341444125030201e-02	0.0000000000000000e+00	9.9368547491866743e-01
1.5358897417550100e-02	0.0000000000000000e+00	9.9469321480961792e-01
1.5376350710070000e-02	0.0000000000000000e+00	9.9582869880490310e-01
1.5393804002590000e-02	0.0000000000000000e+00	9.9706354555404764e-01
1.5411257295109899e-02	0.0000000000000000e+00	9.9836694863166286e-01
1.5428710587629900e-02	0.0000000000000000e+00	9.9970648016445163e-01
1.5446163880149801e-02	0.0000000000000000e+00	1.0006169441899604e+00
1.5463617172669799e-02	0.0000000000000000e+00	9.9809600518751374e-01
1.5481070465189701e-02	0.0000000000000000e+00	9.9563463289150211e-01
1.5498523757709600e-02	0.0000000000000000e+00	9.9329317101758119e-01
1.5515977050229600e-02	0.0000000000000000e+00	9.9112817745039883e-01
1.5533430342749500e-02	0.0000000000000000e+00	9.8919114502596694e-01
1.5550883635269500e-02	0.0000000000000000e+00	9.8752741843315883e-01
1.5568336927789399e-02	0.0000000000000000e+00	9.8617531490331123e-01
1.5585790220309400e-02	0.0000000000000000e+00	9.8515936793144276e-01
1.5603243512829299e-02	0.0000000000000000e+00	9.8448028634062112e-01
1.5620696805349200e-02	0.0000000000000000e+00	9.8410740576646638e-01
1.5638150097869199e-02	0.0000000000000000e+00	9.8400003769951139e-01
1.5655603390389100e-02	0.0000000000000000e+00	9.8412984366088785e-01
1.5673056682909099e-02	0.0000000000000000e+00	9.8449675258128999e-01
1.5690509975429000e-02	0.0000000000000000e+00	9.8510749797344066e-01
1.5707963267949002e-02	0.0000000000000000e+00	9.8595841565506048e-01
1.5725416560468899e-02	0.0000000000000000e+00	9.8703385221969941e-01
1.5742869852988801e-02	0.0000000000000000e+00	9.8830356013912735e-01
1.5760323145508799e-02	0.0000000000000000e+00	9.8972559366355617e-01
1.5777776438028700e-02	0.0000000000000000e+00	9.9124360807591472e-01
1.5795229730548699e-02	0.0000000000000000e+00	9.9278106522457366e-01
1.5812683023068600e-02	0.0000000000000000e+00	9.9422531754942489e-01
1.5830136315588599e-02	0.0000000000000000e+00	9.9537489726601358e-01
1.5847589608108500e-02	0.0000000000000000e+00	9.9501052347986807e-01
1.5865042900628502e-02	0.0000000000000000e+00	9.9396524175505407e-01
1.5882496193148399e-02	0.0000000000000000e+00	9.9306497574490449e-01
1.5899949485668301e-02	0.0000000000000000e+00	9.9233232877124411e-01
1.5917402778188299e-02	0.0000000000000000e+00	9.9178578125666628e-01
1.5934856070708200e-02	0.0000000000000000e+00	9.9143919219607934e-01
1.5952309363228199e-02	0.0000000000000000e+00	9.9130142083653627e-01
1.5969762655748100e-02	0.0000000000000000e+00	9.9137607873169764e-01
1.5987215948268099e-02	0.0000000000000000e+00	9.9166142205557328e-01
1.6004669240788000e-02	0.0000000000000000e+00	9.9215038782193765e-01
1.6022122533307901e-02	0.0000000000000000e+00	9.9283076867254572e-01
1.6039575825827899e-02	0.0000000000000000e+00	9.9368553332447040e-01
1.6057029118347801e-02	0.0000000000000000e+00	9.9469326784329659e-01
1.6074482410867799e-02	0.0000000000000000e+00	9.9582874527802157e-01
1.6091935703387700e-02	0.0000000000000000e+00	9.9706358529595873e-01
1.6109388995907699e-02	0.0000000000000000e+00	9.9836698209699448e-01
1.6126842288427600e-02	0.0000000000000000e+00	9.9970650794875426e-01
1.6144295580947501e-02	0.0000000000000000e+00	1.0006169559445759e+00
1.6161748873467500e-02	0.0000000000000000e+00	9.9809601474536291e-01
1.6179202165987401e-02	0.0000000000000000e+00	9.9563464012942526e-01
1.6196655458507399e-02	0.0000000000000000e+00	9.9329317620390056e-01
1.6214108751027301e-02	0.0000000000000000e+00	9.9112817946546650e-01
1.6231562043547299e-02	0.0000000000000000e+00	9.8919114396071572e-01
1.6249015336067200e-02	0.0000000000000000e+00	9.8752741414602285e-01
1.6266468628587199e-02	0.0000000000000000e+00	9.8617530974687173e-01
1.6283921921107100e-02	0.0000000000000000e+00	9.8515936167233131e-01
1.6301375213627001e-02	0.0000000000000000e+00	9.8448027762229540e-01
1.6318828506147000e-02	0.0000000000000000e+00	9.8410739447668349e-01
1.6336281798666901e-02	0.0000000000000000e+00	9.8400002173417611e-01
1.6353735091186899e-02	0.0000000000000000e+00	9.8412982365062263e-01
1.6371188383706801e-02	0.0000000000000000e+00	9.8449673047851249e-01
1.6388641676226799e-02	0.0000000000000000e+00	9.8510747350680317e-01
1.6406094968746700e-02	0.0000000000000000e+00	9.8595838874778663e-01
1.6423548261266602e-02	0.0000000000000000e+00	9.8703382310087040e-01
1.6441001553786600e-02	0.0000000000000000e+00	9.8830352956534129e-01
1.6458454846306501e-02	0.0000000000000000e+00	9.8972556509117571e-01
1.6475908138826500e-02	0.0000000000000000e+00	9.9124358090632159e-01
1.6493361431346401e-02	0.0000000000000000e+00	9.9278103518136129e-01
1.6510814723866400e-02	0.0000000000000000e+00	9.9422528211092387e-01
1.6528268016386301e-02	0.0000000000000000e+00	9.9537485360209899e-01
1.6545721308906199e-02	0.0000000000000000e+00	9.9501045985154368e-01
1.6563174601426200e-02	0.0000000000000000e+00	9.9396517702736087e-01
1.6580627893946102e-02	0.0000000000000000e+00	9.9306491069859881e-01
1.6598081186466100e-02	0.0000000000000000e+00	9.9233226406541131e-01
1.6615534478986001e-02	0.0000000000000000e+00	9.9178571706279828e-01
1.6632987771506000e-02	0.0000000000000000e+00	9.9143912901757780e-01
1.6650441064025901e-02	0.0000000000000000e+00	9.9130135943025977e-01
1.6667894356545799e-02	0.0000000000000000e+00	9.9137601934955344e-01
1.6685347649065801e-02	0.0000000000000000e+00	9.9166136425561757e-01
1.6702800941585699e-02	0.0000000000000000e+00	9.9215033167468847e-01
1.6720254234105700e-02	0.0000000000000000e+00	9.9283071514541843e-01
1.6737707526625598e-02	0.0000000000000000e+00	9.9368548169545134e-01
1.6755160819145600e-02	0.0000000000000000e+00	9.9469321682913470e-01
1.6772614111665501e-02	0.0000000000000000e+00	9.9582869765105153e-01
1.6790067404185399e-02	0.0000000000000000e+00	9.9706354118138341e-01
1.6807520696705401e-02	0.0000000000000000e+00	9.9836694127748071e-01
1.6824973989225299e-02	0.0000000000000000e+00	9.9970646979273248e-01
1.6842427281745301e-02	0.0000000000000000e+00	1.0006169474964481e+00
1.6859880574265199e-02	0.0000000000000000e+00	9.9809600688219080e-01
1.6877333866785200e-02	0.0000000000000000e+00	9.9563463335984637e-01
1.6894787159305098e-02	0.0000000000000000e+00	9.9329317114996996e-01
1.6912240451825100e-02	0.0000000000000000e+00	9.9112817185800273e-01
1.6929693744345001e-02	0.0000000000000000e+00	9.8919113328261532e-01
1.6947147036864899e-02	0.0000000000000000e+00	9.8752740370193148e-01
1.6964600329384901e-02	0.0000000000000000e+00	9.8617529902905388e-01
1.6982053621904799e-02	0.0000000000000000e+00	9.8515935410768407e-01
1.6999506914424801e-02	0.0000000000000000e+00	9.8448027306750052e-01
1.7016960206944699e-02	0.0000000000000000e+00	9.8410739251209189e-01
1.7034413499464700e-02	0.0000000000000000e+00	9.8400002406131626e-01
1.7051866791984598e-02	0.0000000000000000e+00	9.8412982817084849e-01
1.7069320084504500e-02	0.0000000000000000e+00	9.8449673515189728e-01
1.7086773377024501e-02	0.0000000000000000e+00	9.8510747955024569e-01
1.7104226669544399e-02	0.0000000000000000e+00	9.8595839653114437e-01
1.7121679962064401e-02	0.0000000000000000e+00	9.8703383249539722e-01
1.7139133254584299e-02	0.0000000000000000e+00	9.8830354018378752e-01
1.7156586547104301e-02	0.0000000000000000e+00	9.8972557731288224e-01
1.7174039839624199e-02	0.0000000000000000e+00	9.9124359156219044e-01
1.7191493132144100e-02	0.0000000000000000e+00	9.9278104726555239e-01
1.7208946424664098e-02	0.0000000000000000e+00	9.9422529845386187e-01
1.7226399717184000e-02	0.0000000000000000e+00	9.9537487439657835e-01
1.7243853009704001e-02	0.0000000000000000e+00	9.9501048976700168e-01
1.7261306302223899e-02	0.0000000000000000e+00	9.9396520801866139e-01
1.7278759594743901e-02	0.0000000000000000e+00	9.9306494297064540e-01
1.7296212887263799e-02	0.0000000000000000e+00	9.9233229777421805e-01
1.7313666179783700e-02	0.0000000000000000e+00	9.9178575211598896e-01
1.7331119472303699e-02	0.0000000000000000e+00	9.9143916516780761e-01
1.7348572764823600e-02	0.0000000000000000e+00	9.9130139587646893e-01
1.7366026057343598e-02	0.0000000000000000e+00	9.9137605591561262e-01
1.7383479349863500e-02	0.0000000000000000e+00	9.9166140085871923e-01
1.7400932642383501e-02	0.0000000000000000e+00	9.9215036713319726e-01
1.7418385934903399e-02	0.0000000000000000e+00	9.9283075005794941e-01
1.7435839227423401e-02	0.0000000000000000e+00	9.9368551668876004e-01
1.7453292519943299e-02	0.0000000000000000e+00	9.9469325184572166e-01
1.7470745812463200e-02	0.0000000000000000e+00	9.9582873160806906e-01
1.7488199104983199e-02	0.0000000000000000e+00	9.9706357404725743e-01
1.7505652397503100e-02	0.0000000000000000e+00	9.9836697316837897e-01
1.7523105690023098e-02	0.0000000000000000e+00	9.9970650154546781e-01
1.7540558982543000e-02	0.0000000000000000e+00	1.0006169548146935e+00
1.7558012275063001e-02	0.0000000000000000e+00	9.9809601382295832e-01
1.7575465567582899e-02	0.0000000000000000e+00	9.9563463992021994e-01
1.7592918860102801e-02	0.0000000000000000e+00	9.9329317743474421e-01
1.7610372152622799e-02	0.0000000000000000e+00	9.9112818222130417e-01
1.7627825445142700e-02	0.0000000000000000e+00	9.8919114764961591e-01
1.7645278737662699e-02	0.0000000000000000e+00	9.8752741535295774e-01
1.7662732030182600e-02	0.0000000000000000e+00	9.8617530915610974e-01
1.7680185322702598e-02	0.0000000000000000e+00	9.8515936197369081e-01
1.7697638615222500e-02	0.0000000000000000e+00	9.8448027878691047e-01
1.7715091907742401e-02	0.0000000000000000e+00	9.8410739632644062e-01
1.7732545200262399e-02	0.0000000000000000e+00	9.8400002087989713e-01
1.7749998492782301e-02	0.0000000000000000e+00	9.8412981955693979e-01
1.7767451785302299e-02	0.0000000000000000e+00	9.8449672801374721e-01
1.7784905077822200e-02	0.0000000000000000e+00	9.8510747299398027e-01
1.7802358370342199e-02	0.0000000000000000e+00	9.8595838870378361e-01
1.7819811662862100e-02	0.0000000000000000e+00	9.8703382405660778e-01
1.7837264955382001e-02	0.0000000000000000e+00	9.8830353185815467e-01
1.7854718247902000e-02	0.0000000000000000e+00	9.8972556816123991e-01
1.7872171540421901e-02	0.0000000000000000e+00	9.9124358465068996e-01
1.7889624832941899e-02	0.0000000000000000e+00	9.9278103921903171e-01
1.7907078125461801e-02	0.0000000000000000e+00	9.9422528897781859e-01
1.7924531417981799e-02	0.0000000000000000e+00	9.9537486387194762e-01
1.7941984710501700e-02	0.0000000000000000e+00	9.9501047414126376e-01
1.7959438003021699e-02	0.0000000000000000e+00	9.9396519093098434e-01
1.7976891295541600e-02	0.0000000000000000e+00	9.9306492406950364e-01
1.7994344588061501e-02	0.0000000000000000e+00	9.9233227668876733e-01
1.8011797880581500e-02	0.0000000000000000e+00	9.9178572846765756e-01
1.8029251173101401e-02	0.0000000000000000e+00	9.9143913914363990e-01
1.8046704465621399e-02	0.0000000000000000e+00	9.9130136812161873e-01
1.8064157758141301e-02	0.0000000000000000e+00	9.9137602747847764e-01
1.8081611050661299e-02	0.0000000000000000e+00	9.9166137210907213e-01
1.8099064343181200e-02	0.0000000000000000e+00	9.9215033686674803e-01
1.8116517635701102e-02	0.0000000000000000e+00	9.9283071668426703e-01
1.8133970928221100e-02	0.0000000000000000e+00	9.9368548137131429e-01
1.8151424220741001e-02	0.0000000000000000e+00	9.9469321983360592e-01
1.8168877513261000e-02	0.0000000000000000e+00	9.9582869910497274e-01
1.8186330805780901e-02	0.0000000000000000e+00	9.9706354146961151e-01
1.8203784098300899e-02	0.0000000000000000e+00	9.9836694078562782e-01
1.8221237390820801e-02	0.0000000000000000e+00	9.9970646854856438e-01
1.8238690683340698e-02	0.0000000000000000e+00	1.0006169492025394e+00
1.8256143975860700e-02	0.0000000000000000e+00	9.9809600805430898e-01
1.8273597268380602e-02	0.0000000000000000e+00	9.9563463321576173e-01
1.8291050560900600e-02	0.0000000000000000e+00	9.9329316876089169e-01
1.8308503853420501e-02	0.0000000000000000e+00	9.9112816889411992e-01
1.8325957145940500e-02	0.0000000000000000e+00	9.8919113095545352e-01
1.8343410438460401e-02	0.0000000000000000e+00	9.8752740124522753e-01
1.8360863730980299e-02	0.0000000000000000e+00	9.8617529647723079e-01
1.8378317023500301e-02	0.0000000000000000e+00	9.8515935072626226e-01
1.8395770316020198e-02	0.0000000000000000e+00	9.8448026856239723e-01
1.8413223608540200e-02	0.0000000000000000e+00	9.8410739142338033e-01
1.8430676901060102e-02	0.0000000000000000e+00	9.8400002525219221e-01
1.8448130193580100e-02	0.0000000000000000e+00	9.8412982799001503e-01
1.8465583486100001e-02	0.0000000000000000e+00	9.8449673413132799e-01
1.8483036778619899e-02	0.0000000000000000e+00	9.8510747848647695e-01
1.8500490071139901e-02	0.0000000000000000e+00	9.8595839558485443e-01
1.8517943363659799e-02	0.0000000000000000e+00	9.8703383096183139e-01
1.8535396656179801e-02	0.0000000000000000e+00	9.8830353870669563e-01
1.8552849948699698e-02	0.0000000000000000e+00	9.8972557631323854e-01
1.8570303241219700e-02	0.0000000000000000e+00	9.9124359270365681e-01
1.8587756533739602e-02	0.0000000000000000e+00	9.9278104775107012e-01
1.8605209826259600e-02	0.0000000000000000e+00	9.9422529838787121e-01
1.8622663118779501e-02	0.0000000000000000e+00	9.9537487395799984e-01
1.8640116411299399e-02	0.0000000000000000e+00	9.9501048907197664e-01
1.8657569703819401e-02	0.0000000000000000e+00	9.9396520791854970e-01
1.8675022996339299e-02	0.0000000000000000e+00	9.9306494330557182e-01
1.8692476288859301e-02	0.0000000000000000e+00	9.9233229854463811e-01
1.8709929581379198e-02	0.0000000000000000e+00	9.9178575344054354e-01
1.8727382873899200e-02	0.0000000000000000e+00	9.9143916690948541e-01
1.8744836166419102e-02	0.0000000000000000e+00	9.9130139813194429e-01
1.8762289458938999e-02	0.0000000000000000e+00	9.9137605873205836e-01
1.8779742751459001e-02	0.0000000000000000e+00	9.9166140406605430e-01
1.8797196043978899e-02	0.0000000000000000e+00	9.9215037057132849e-01
1.8814649336498901e-02	0.0000000000000000e+00	9.9283075321863279e-01
1.8832102629018799e-02	0.0000000000000000e+00	9.9368552029848456e-01
1.8849555921538801e-02	0.0000000000000000e+00	9.9469325620584415e-01
1.8867009214058698e-02	0.0000000000000000e+00	9.9582873639971836e-01
1.8884462506578600e-02	0.0000000000000000e+00	9.9706357784364563e-01
1.8901915799098602e-02	0.0000000000000000e+00	9.9836697703552169e-01
1.8919369091618499e-02	0.0000000000000000e+00	9.9970650501280456e-01
1.8936822384138501e-02	0.0000000000000000e+00	1.0006169591349292e+00
1.8954275676658399e-02	0.0000000000000000e+00	9.9809601721749819e-01
1.8971728969178401e-02	0.0000000000000000e+00	9.9563464157573411e-01
1.8989182261698299e-02	0.0000000000000000e+00	9.9329317670574435e-01
1.9006635554218200e-02	0.0000000000000000e+00	9.9112817881517234e-01
1.9024088846738198e-02	0.0000000000000000e+00	9.8919114493106197e-01
1.9041542139258100e-02	0.0000000000000000e+00	9.8752741680107681e-01
1.9058995431778102e-02	0.0000000000000000e+00	9.8617531075502307e-01
1.9076448724297999e-02	0.0000000000000000e+00	9.8515936406925364e-01
1.9093902016818001e-02	0.0000000000000000e+00	9.8448028000635879e-01
1.9111355309337899e-02	0.0000000000000000e+00	9.8410739674256220e-01
1.9128808601857800e-02	0.0000000000000000e+00	9.8400002254486596e-01
1.9146261894377799e-02	0.0000000000000000e+00	9.8412982238467650e-01
1.9163715186897700e-02	0.0000000000000000e+00	9.8449673076688216e-01
1.9181168479417698e-02	0.0000000000000000e+00	9.8510747537636956e-01
1.9198621771937600e-02	0.0000000000000000e+00	9.8595839163646926e-01
1.9216075064457602e-02	0.0000000000000000e+00	9.8703382704769449e-01
1.9233528356977499e-02	0.0000000000000000e+00	9.8830353668006299e-01
1.9250981649497501e-02	0.0000000000000000e+00	9.8972557354444302e-01
1.9268434942017399e-02	0.0000000000000000e+00	9.9124358783935074e-01
1.9285888234537300e-02	0.0000000000000000e+00	9.9278104475312767e-01
1.9303341527057299e-02	0.0000000000000000e+00	9.9422529690102879e-01
1.9320794819577200e-02	0.0000000000000000e+00	9.9537487460600682e-01
1.9338248112097198e-02	0.0000000000000000e+00	9.9501049216049153e-01
1.9355701404617100e-02	0.0000000000000000e+00	9.9396520807545308e-01
1.9373154697137102e-02	0.0000000000000000e+00	9.9306494030851189e-01
1.9390607989656999e-02	0.0000000000000000e+00	9.9233229214944163e-01
1.9408061282176901e-02	0.0000000000000000e+00	9.9178574356266247e-01
1.9425514574696899e-02	0.0000000000000000e+00	9.9143915383074566e-01
1.9442967867216800e-02	0.0000000000000000e+00	9.9130138269963719e-01
1.9460421159736799e-02	0.0000000000000000e+00	9.9137604190514017e-01
1.9477874452256700e-02	0.0000000000000000e+00	9.9166138705294771e-01
1.9495327744776698e-02	0.0000000000000000e+00	9.9215035209794400e-01
1.9512781037296600e-02	0.0000000000000000e+00	9.9283073076341277e-01
1.9530234329816501e-02	0.0000000000000000e+00	9.9368549424024089e-01
1.9547687622336499e-02	0.0000000000000000e+00	9.9469322839193353e-01
1.9565140914856401e-02	0.0000000000000000e+00	9.9582870634805010e-01
1.9582594207376399e-02	0.0000000000000000e+00	9.9706354736425395e-01
1.9600047499896300e-02	0.0000000000000000e+00	9.9836694493823785e-01
1.9617500792416299e-02	0.0000000000000000e+00	9.9970647111954192e-01
1.9634954084936200e-02	0.0000000000000000e+00	1.0006169501931230e+00
1.9652407377456101e-02	0.0000000000000000e+00	9.9809600900316908e-01
1.9669860669976100e-02	0.0000000000000000e+00	9.9563463379542694e-01
1.9687313962496001e-02	0.0000000000000000e+00	9.9329316909103316e-01
1.9704767255015999e-02	0.0000000000000000e+00	9.9112817170895851e-01
1.9722220547535901e-02	0.0000000000000000e+00	9.8919113536756642e-01
1.9739673840055899e-02	0.0000000000000000e+00	9.8752740715086684e-01
1.9757127132575800e-02	0.0000000000000000e+00	9.8617530385142027e-01
1.9774580425095799e-02	0.0000000000000000e+00	9.8515935745425609e-01
1.9792033717615700e-02	0.0000000000000000e+00	9.8448027362804202e-01
1.9809487010135601e-02	0.0000000000000000e+00	9.8410739078745335e-01
1.9826940302655600e-02	0.0000000000000000e+00	9.8400001615662347e-01
1.9844393595175501e-02	0.0000000000000000e+00	9.8412981544993761e-01
1.9861846887695499e-02	0.0000000000000000e+00	9.8449672392948528e-01
1.9879300180215401e-02	0.0000000000000000e+00	9.8510746834227814e-01
1.9896753472735399e-02	0.0000000000000000e+00	9.8595838364802546e-01
1.9914206765255300e-02	0.0000000000000000e+00	9.8703381650728206e-01
1.9931660057775202e-02	0.0000000000000000e+00	9.8830352268058141e-01
1.9949113350295200e-02	0.0000000000000000e+00	9.8972555844041921e-01
1.9966566642815101e-02	0.0000000000000000e+00	9.9124357513003492e-01
1.9984019935335100e-02	0.0000000000000000e+00	9.9278103179012778e-01
2.0001473227855001e-02	0.0000000000000000e+00	9.9422528167656299e-01
2.0018926520374999e-02	0.0000000000000000e+00	9.9537485675643667e-01
2.0036379812894901e-02	0.0000000000000000e+00	9.9501046706267671e-01
2.0053833105414798e-02	0.0000000000000000e+00	9.9396518496516317e-01
2.0071286397934800e-02	0.0000000000000000e+00	9.9306491924113260e-01
2.0088739690454702e-02	0.0000000000000000e+00	9.9233227331218821e-01
2.0106192982974700e-02	0.0000000000000000e+00	9.9178572693111300e-01
2.0123646275494601e-02	0.0000000000000000e+00	9.9143913907387593e-01
2.0141099568014600e-02	0.0000000000000000e+00	9.9130136928907420e-01
2.0158552860534501e-02	0.0000000000000000e+00	9.9137602927929813e-01
2.0176006153054399e-02	0.0000000000000000e+00	9.9166137656666953e-01
2.0193459445574401e-02	0.0000000000000000e+00	9.9215034598555729e-01
2.0210912738094299e-02	0.0000000000000000e+00	9.9283072922680660e-01
2.0228366030614300e-02	0.0000000000000000e+00	9.9368549601050282e-01
2.0245819323134202e-02	0.0000000000000000e+00	9.9469323324321768e-01
2.0263272615654200e-02	0.0000000000000000e+00	9.9582871307232257e-01
2.0280725908174101e-02	0.0000000000000000e+00	9.9706355582038952e-01
2.0298179200694100e-02	0.0000000000000000e+00	9.9836695517136342e-01
2.0315632493214001e-02	0.0000000000000000e+00	9.9970648381127669e-01
2.0333085785733899e-02	0.0000000000000000e+00	1.0006169481033347e+00
2.0350539078253901e-02	0.0000000000000000e+00	9.9809600779310892e-01
2.0367992370773799e-02	0.0000000000000000e+00	9.9563463394438645e-01
2.0385445663293800e-02	0.0000000000000000e+00	9.9329317029579656e-01
2.0402898955813702e-02	0.0000000000000000e+00	9.9112817441590750e-01
2.0420352248333700e-02	0.0000000000000000e+00	9.8919113988157858e-01
2.0437805540853601e-02	0.0000000000000000e+00	9.8752741034005453e-01
2.0455258833373499e-02	0.0000000000000000e+00	9.8617530473886361e-01
2.0472712125893501e-02	0.0000000000000000e+00	9.8515935884594452e-01
2.0490165418413399e-02	0.0000000000000000e+00	9.8448027730775167e-01
2.0507618710933401e-02	0.0000000000000000e+00	9.8410739708862982e-01
2.0525072003453299e-02	0.0000000000000000e+00	9.8400002422457289e-01
2.0542525295973300e-02	0.0000000000000000e+00	9.8412982032055940e-01
2.0559978588493202e-02	0.0000000000000000e+00	9.8449672387124587e-01
2.0577431881013099e-02	0.0000000000000000e+00	9.8510746815566896e-01
2.0594885173533101e-02	0.0000000000000000e+00	9.8595838709272487e-01
2.0612338466052999e-02	0.0000000000000000e+00	9.8703382352100144e-01
2.0629791758573001e-02	0.0000000000000000e+00	9.8830353223256062e-01
2.0647245051092899e-02	0.0000000000000000e+00	9.8972556926909450e-01
2.0664698343612901e-02	0.0000000000000000e+00	9.9124358660167244e-01
2.0682151636132799e-02	0.0000000000000000e+00	9.9278104295829195e-01
2.0699604928652700e-02	0.0000000000000000e+00	9.9422529324221454e-01
2.0717058221172702e-02	0.0000000000000000e+00	9.9537486955000731e-01
2.0734511513692599e-02	0.0000000000000000e+00	9.9501048276193560e-01
2.0751964806212601e-02	0.0000000000000000e+00	9.9396519945464867e-01
2.0769418098732499e-02	0.0000000000000000e+00	9.9306493247927130e-01
2.0786871391252501e-02	0.0000000000000000e+00	9.9233228526898232e-01
2.0804324683772399e-02	0.0000000000000000e+00	9.9178573814927673e-01
2.0821777976292300e-02	0.0000000000000000e+00	9.9143914959162371e-01
2.0839231268812299e-02	0.0000000000000000e+00	9.9130137854923661e-01
2.0856684561332200e-02	0.0000000000000000e+00	9.9137603708377153e-01
2.0874137853852202e-02	0.0000000000000000e+00	9.9166138142683602e-01
2.0891591146372099e-02	0.0000000000000000e+00	9.9215034835267901e-01
2.0909044438892101e-02	0.0000000000000000e+00	9.9283073120876486e-01
2.0926497731411999e-02	0.0000000000000000e+00	9.9368549703807152e-01
2.0943951023932001e-02	0.0000000000000000e+00	9.9469323109601060e-01
