0.0000000000000000e+00	0.0000000000000000e+00	1.0000000000000000e-02
1.7453292519943300e-05	0.0000000000000000e+00	1.0000000000000000e-02
3.4906585039886600e-05	0.0000000000000000e+00	9.9999999999998094e-03
5.2359877559829903e-05	0.0000000000000000e+00	9.9999999999759101e-03
6.9813170079773199e-05	0.0000000000000000e+00	9.9999999994387096e-03
8.7266462599716496e-05	0.0000000000000000e+00	9.9999999947133905e-03
1.0471975511966000e-04	0.0000000000000000e+00	9.9999999707132102e-03
1.2217304763960301e-04	0.0000000000000000e+00	9.9999998849610704e-03
1.3962634015954599e-04	0.0000000000000000e+00	9.9999996441283504e-03
1.5707963267949001e-04	0.0000000000000000e+00	9.9999990755822599e-03
1.7453292519943299e-04	0.0000000000000000e+00	9.9999978979078297e-03
1.9198621771937600e-04	0.0000000000000000e+00	9.9999956952999906e-03
2.0943951023931999e-04	0.0000000000000000e+00	9.9999919006783199e-03
2.2689280275926300e-04	0.0000000000000000e+00	9.9999857920743708e-03
2.4434609527920601e-04	0.0000000000000000e+00	9.9999765059077608e-03
2.6179938779914903e-04	0.0000000000000000e+00	9.9999630695175902e-03
2.7925268031909301e-04	0.0000000000000000e+00	9.9999444542330299e-03
2.9670597283903603e-04	0.0000000000000000e+00	9.9999196482122507e-03
3.1415926535897898e-04	0.0000000000000000e+00	9.9998877468255899e-03
3.3161255787892303e-04	0.0000000000000000e+00	9.9998480571377602e-03
3.4906585039886598e-04	0.0000000000000000e+00	9.9998002113310305e-03
3.6651914291880900e-04	0.0000000000000000e+00	9.9997442825378695e-03
3.8397243543875201e-04	0.0000000000000000e+00	9.9996808961976304e-03
4.0142572795869599e-04	0.0000000000000000e+00	9.9996113288468892e-03
4.1887902047863901e-04	0.0000000000000000e+00	9.9995375871847706e-03
4.3633231299858202e-04	0.0000000000000000e+00	9.9994624593354002e-03
4.5378560551852601e-04	0.0000000000000000e+00	9.9993895318023097e-03
4.7123889803846902e-04	0.0000000000000000e+00	9.9993231663590993e-03
4.8869219055841203e-04	0.0000000000000000e+00	9.9992684327271791e-03
5.0614548307835602e-04	0.0000000000000000e+00	9.9992309948233500e-03
5.2359877559829903e-04	0.0000000000000000e+00	9.9992169500203402e-03
5.4105206811824204e-04	0.0000000000000000e+00	9.9992326236523592e-03
5.5850536063818505e-04	0.0000000000000000e+00	9.9992843228339096e-03
5.7595865315812904e-04	0.0000000000000000e+00	9.9993780563118594e-03
5.9341194567807205e-04	0.0000000000000000e+00	9.9995192285151999e-03
6.1086523819801496e-04	0.0000000000000000e+00	9.9997123189379897e-03
6.2831853071795905e-04	0.0000000000000000e+00	9.9999605588090498e-03
6.4577182323790196e-04	0.0000000000000000e+00	1.0000265617869800e-02
6.6322511575784497e-04	0.0000000000000000e+00	1.0000627316000999e-02
6.8067840827778798e-04	0.0000000000000000e+00	1.0001043374298999e-02
6.9813170079773197e-04	0.0000000000000000e+00	1.0001509217868699e-02
7.1558499331767498e-04	0.0000000000000000e+00	1.0002017845666501e-02
7.3303828583761799e-04	0.0000000000000000e+00	1.0002559775154300e-02
7.5049157835756198e-04	0.0000000000000000e+00	1.0003123081314600e-02
7.6794487087750499e-04	0.0000000000000000e+00	1.0003693518807101e-02
7.8539816339744800e-04	0.0000000000000000e+00	1.0004254747868200e-02
8.0285145591739199e-04	0.0000000000000000e+00	1.0004788660097300e-02
8.2030474843733500e-04	0.0000000000000000e+00	1.0005275795958200e-02
8.3775804095727801e-04	0.0000000000000000e+00	1.0005695853248800e-02
8.5521133347722102e-04	0.0000000000000000e+00	1.0006028273318601e-02
8.7266462599716501e-04	0.0000000000000000e+00	1.0006252893658300e-02
8.9011791851710802e-04	0.0000000000000000e+00	1.0006350643117600e-02
9.0757121103705104e-04	0.0000000000000000e+00	1.0006304262796700e-02
9.2502450355699502e-04	0.0000000000000000e+00	1.0006099044650199e-02
9.4247779607693804e-04	0.0000000000000000e+00	1.0005723523400000e-02
9.5993108859688105e-04	0.0000000000000000e+00	1.0005170147207599e-02
9.7738438111682406e-04	0.0000000000000000e+00	1.0004435863658999e-02
9.9483767363676805e-04	0.0000000000000000e+00	1.0003522607434300e-02
1.0122909661567101e-03	0.0000000000000000e+00	1.0002437678564700e-02
1.0297442586766500e-03	0.0000000000000000e+00	1.0001193957216801e-02
1.0471975511966000e-03	0.0000000000000000e+00	9.9998099758376504e-03
1.0646508437165401e-03	0.0000000000000000e+00	9.9983098200922896e-03
1.0821041362364800e-03	0.0000000000000000e+00	9.9967228445121802e-03
1.0995574287564300e-03	0.0000000000000000e+00	9.9950832017104193e-03
1.1170107212763701e-03	0.0000000000000000e+00	9.9934292056154603e-03
1.1344640137963100e-03	0.0000000000000000e+00	9.9918025148433808e-03
1.1519173063162600e-03	0.0000000000000000e+00	9.9902471643720098e-03
1.1693705988361999e-03	0.0000000000000000e+00	9.9888084638878692e-03
1.1868238913561400e-03	0.0000000000000000e+00	9.9875317871342198e-03
1.2042771838760900e-03	0.0000000000000000e+00	9.9864612846559796e-03
1.2217304763960299e-03	0.0000000000000000e+00	9.9856385528756895e-03
1.2391837689159700e-03	0.0000000000000000e+00	9.9851012972148896e-03
1.2566370614359201e-03	0.0000000000000000e+00	9.9848820280637202e-03
1.2740903539558599e-03	0.0000000000000000e+00	9.9850068294258503e-03
1.2915436464758000e-03	0.0000000000000000e+00	9.9854942398107105e-03
1.3089969389957501e-03	0.0000000000000000e+00	9.9863542834425206e-03
1.3264502315156899e-03	0.0000000000000000e+00	9.9875876875803998e-03
1.3439035240356300e-03	0.0000000000000000e+00	9.9891853222668706e-03
1.3613568165555801e-03	0.0000000000000000e+00	9.9911278715587408e-03
1.3788101090755199e-03	0.0000000000000000e+00	9.9933857830598900e-03
1.3962634015954600e-03	0.0000000000000000e+00	9.9959195062186007e-03
1.4137166941154101e-03	0.0000000000000000e+00	9.9986800101425806e-03
1.4311699866353500e-03	0.0000000000000000e+00	1.0001609611378399e-02
1.4486232791552900e-03	0.0000000000000000e+00	1.0004643060395901e-02
1.4660765716752401e-03	0.0000000000000000e+00	1.0007708919122300e-02
1.4835298641951800e-03	0.0000000000000000e+00	1.0010731170359100e-02
1.5009831567151201e-03	0.0000000000000000e+00	1.0013631046708700e-02
1.5184364492350699e-03	0.0000000000000000e+00	1.0016329025674500e-02
1.5358897417550100e-03	0.0000000000000000e+00	1.0018746948180900e-02
1.5533430342749501e-03	0.0000000000000000e+00	1.0020810203948500e-02
1.5707963267948999e-03	0.0000000000000000e+00	1.0022449924250301e-02
1.5882496193148400e-03	0.0000000000000000e+00	1.0023605118948399e-02
1.6057029118347801e-03	0.0000000000000000e+00	1.0024224692804401e-02
1.6231562043547299e-03	0.0000000000000000e+00	1.0024269276652601e-02
1.6406094968746700e-03	0.0000000000000000e+00	1.0023712811022300e-02
1.6580627893946101e-03	0.0000000000000000e+00	1.0022543827372801e-02
1.6755160819145599e-03	0.0000000000000000e+00	1.0020766377504700e-02
1.6929693744345000e-03	0.0000000000000000e+00	1.0018400563355000e-02
1.7104226669544401e-03	0.0000000000000000e+00	1.0015482641561799e-02
1.7278759594743899e-03	0.0000000000000000e+00	1.0012064692929999e-02
1.7453292519943300e-03	0.0000000000000000e+00	1.0008213853310299e-02
1.7627825445142699e-03	0.0000000000000000e+00	1.0004011082262400e-02
1.7802358370342200e-03	0.0000000000000000e+00	9.9995494986088208e-03
1.7976891295541600e-03	0.0000000000000000e+00	9.9949323783549496e-03
1.8151424220740999e-03	0.0000000000000000e+00	9.9902707971098095e-03
1.8325957145940500e-03	0.0000000000000000e+00	9.9856809699873095e-03
1.8500490071139900e-03	0.0000000000000000e+00	9.9812813922933105e-03
1.8675022996339299e-03	0.0000000000000000e+00	9.9771898279669702e-03
1.8849555921538800e-03	0.0000000000000000e+00	9.9735202263410601e-03
1.9024088846738201e-03	0.0000000000000000e+00	9.9703796498560003e-03
1.9198621771937599e-03	0.0000000000000000e+00	9.9678652888528299e-03
1.9373154697137100e-03	0.0000000000000000e+00	9.9660616442077393e-03
1.9547687622336499e-03	0.0000000000000000e+00	9.9650379530187207e-03
1.9722220547535902e-03	0.0000000000000000e+00	9.9648459284956397e-03
1.9896753472735400e-03	0.0000000000000000e+00	9.9655178783402600e-03
2.0071286397934799e-03	0.0000000000000000e+00	9.9670652624100405e-03
2.0245819323134202e-03	0.0000000000000000e+00	9.9694777297115907e-03
2.0420352248333700e-03	0.0000000000000000e+00	9.9727226815063703e-03
2.0594885173533099e-03	0.0000000000000000e+00	9.9767453965816100e-03
2.0769418098732502e-03	0.0000000000000000e+00	9.9814697083253807e-03
2.0943951023932000e-03	0.0000000000000000e+00	9.9867992556085007e-03
2.1118483949131399e-03	0.0000000000000000e+00	9.9926192859173292e-03
2.1293016874330802e-03	0.0000000000000000e+00	9.9987990363079992e-03
2.1467549799530201e-03	0.0000000000000000e+00	1.0005194550368100e-02
2.1642082724729699e-03	0.0000000000000000e+00	1.0011651961299300e-02
2.1816615649929102e-03	0.0000000000000000e+00	1.0018011160924500e-02
2.1991148575128501e-03	0.0000000000000000e+00	1.0024109743265000e-02
2.2165681500327999e-03	0.0000000000000000e+00	1.0029787152913000e-02
2.2340214425527402e-03	0.0000000000000000e+00	1.0034888924116900e-02
2.2514747350726801e-03	0.0000000000000000e+00	1.0039270895214499e-02
2.2689280275926299e-03	0.0000000000000000e+00	1.0042803283551000e-02
2.2863813201125698e-03	0.0000000000000000e+00	1.0045374497722999e-02
2.3038346126325101e-03	0.0000000000000000e+00	1.0046894569981099e-02
2.3212879051524599e-03	0.0000000000000000e+00	1.0047298098405299e-02
2.3387411976723998e-03	0.0000000000000000e+00	1.0046546598013901e-02
2.3561944901923401e-03	0.0000000000000000e+00	1.0044630177645401e-02
2.3736477827122899e-03	0.0000000000000000e+00	1.0041568484643500e-02
2.3911010752322298e-03	0.0000000000000000e+00	1.0037410860322900e-02
2.4085543677521701e-03	0.0000000000000000e+00	1.0032235696320099e-02
2.4260076602721200e-03	0.0000000000000000e+00	1.0026148988493400e-02
2.4434609527920598e-03	0.0000000000000000e+00	1.0019282181217001e-02
2.4609142453120001e-03	0.0000000000000000e+00	1.0011789252851200e-02
2.4783675378319500e-03	0.0000000000000000e+00	1.0003843103035700e-02
2.4958208303518898e-03	0.0000000000000000e+00	9.9956315263980602e-03
2.5132741228718301e-03	0.0000000000000000e+00	9.9873526956895699e-03
2.5307274153917800e-03	0.0000000000000000e+00	9.9792102837326698e-03
2.5481807079117198e-03	0.0000000000000000e+00	9.9714084307119897e-03
2.5656340004316601e-03	0.0000000000000000e+00	9.9641466231202395e-03
2.5830872929516100e-03	0.0000000000000000e+00	9.9576146253273993e-03
2.6005405854715499e-03	0.0000000000000000e+00	9.9519875943364505e-03
2.6179938779914902e-03	0.0000000000000000e+00	9.9474214891857003e-03
2.6354471705114400e-03	0.0000000000000000e+00	9.9440488871866302e-03
2.6529004630313799e-03	0.0000000000000000e+00	9.9419753101382402e-03
2.6703537555513202e-03	0.0000000000000000e+00	9.9412761454640893e-03
2.6878070480712700e-03	0.0000000000000000e+00	9.9419942510448299e-03
2.7052603405912099e-03	0.0000000000000000e+00	9.9441383024699691e-03
2.7227136331111502e-03	0.0000000000000000e+00	9.9476819054013493e-03
2.7401669256311000e-03	0.0000000000000000e+00	9.9525635773935906e-03
2.7576202181510399e-03	0.0000000000000000e+00	9.9586875464954504e-03
2.7750735106709802e-03	0.0000000000000000e+00	9.9659254180407605e-03
2.7925268031909300e-03	0.0000000000000000e+00	9.9741186483724500e-03
2.8099800957108699e-03	0.0000000000000000e+00	9.9830818479144795e-03
2.8274333882308102e-03	0.0000000000000000e+00	9.9926068389919499e-03
2.8448866807507600e-03	0.0000000000000000e+00	1.0002467348359800e-02
2.8623399732706999e-03	0.0000000000000000e+00	1.0012424317074799e-02
2.8797932657906402e-03	0.0000000000000000e+00	1.0022231680609700e-02
2.8972465583105901e-03	0.0000000000000000e+00	1.0031642475666000e-02
2.9146998508305299e-03	0.0000000000000000e+00	1.0040415145467701e-02
2.9321531433504698e-03	0.0000000000000000e+00	1.0048319868345101e-02
2.9496064358704201e-03	0.0000000000000000e+00	1.0055144734211100e-02
2.9670597283903599e-03	0.0000000000000000e+00	1.0060701593847400e-02
2.9845130209102998e-03	0.0000000000000000e+00	1.0064831401569200e-02
3.0019663134302501e-03	0.0000000000000000e+00	1.0067408878166600e-02
3.0194196059501899e-03	0.0000000000000000e+00	1.0068346342691300e-02
3.0368728984701298e-03	0.0000000000000000e+00	1.0067596583732200e-02
3.0543261909900801e-03	0.0000000000000000e+00	1.0065154665080799e-02
3.0717794835100200e-03	0.0000000000000000e+00	1.0061058611824301e-02
3.0892327760299598e-03	0.0000000000000000e+00	1.0055388947764201e-02
3.1066860685499101e-03	0.0000000000000000e+00	1.0048267022720599e-02
3.1241393610698500e-03	0.0000000000000000e+00	1.0039852309406299e-02
3.1415926535897898e-03	0.0000000000000000e+00	1.0030338605875100e-02
3.1590459461097401e-03	0.0000000000000000e+00	1.0019949433685700e-02
3.1764992386296800e-03	0.0000000000000000e+00	1.0008932508205099e-02
3.1939525311496198e-03	0.0000000000000000e+00	9.9975536276243407e-03
3.2114058236695701e-03	0.0000000000000000e+00	9.9860901995665104e-03
3.2288591161895100e-03	0.0000000000000000e+00	9.9748243626459100e-03
3.2463124087094499e-03	0.0000000000000000e+00	9.9640360093892297e-03
3.2637657012294001e-03	0.0000000000000000e+00	9.9539958932941194e-03
3.2812189937493400e-03	0.0000000000000000e+00	9.9449589234066396e-03
3.2986722862692799e-03	0.0000000000000000e+00	9.9371578371920902e-03
3.3161255787892301e-03	0.0000000000000000e+00	9.9307973811621694e-03
3.3335788713091700e-03	0.0000000000000000e+00	9.9260491343465696e-03
3.3510321638291099e-03	0.0000000000000000e+00	9.9230470817664104e-03
3.3684854563490602e-03	0.0000000000000000e+00	9.9218840272315093e-03
3.3859387488690000e-03	0.0000000000000000e+00	9.9226089550199098e-03
3.4033920413889399e-03	0.0000000000000000e+00	9.9252253730785795e-03
3.4208453339088902e-03	0.0000000000000000e+00	9.9296906731351098e-03
3.4382986264288300e-03	0.0000000000000000e+00	9.9359165682469993e-03
3.4557519189487699e-03	0.0000000000000000e+00	9.9437706530722900e-03
3.4732052114687202e-03	0.0000000000000000e+00	9.9530789418917406e-03
3.4906585039886600e-03	0.0000000000000000e+00	9.9636295001627601e-03
3.5081117965085999e-03	0.0000000000000000e+00	9.9751770201634091e-03
3.5255650890285502e-03	0.0000000000000000e+00	9.9874483743092896e-03
3.5430183815484901e-03	0.0000000000000000e+00	1.0000148853132600e-02
3.5604716740684299e-03	0.0000000000000000e+00	1.0012969173515900e-02
3.5779249665883698e-03	0.0000000000000000e+00	1.0025593010592601e-02
3.5953782591083201e-03	0.0000000000000000e+00	1.0037704861943900e-02
3.6128315516282599e-03	0.0000000000000000e+00	1.0048998104613301e-02
3.6302848441482102e-03	0.0000000000000000e+00	1.0059182994867700e-02
3.6477381366681501e-03	0.0000000000000000e+00	1.0067994383366601e-02
3.6651914291880900e-03	0.0000000000000000e+00	1.0075198932506600e-02
3.6826447217080398e-03	0.0000000000000000e+00	1.0080601603150999e-02
3.7000980142279801e-03	0.0000000000000000e+00	1.0084051195020800e-02
3.7175513067479200e-03	0.0000000000000000e+00	1.0085444751841701e-02
3.7350045992678598e-03	0.0000000000000000e+00	1.0084730708818599e-02
3.7524578917878101e-03	0.0000000000000000e+00	1.0081910612411199e-02
3.7699111843077500e-03	0.0000000000000000e+00	1.0077039446746599e-02
3.7873644768276998e-03	0.0000000000000000e+00	1.0070224437484100e-02
3.8048177693476401e-03	0.0000000000000000e+00	1.0061622506634000e-02
3.8222710618675800e-03	0.0000000000000000e+00	1.0051436323849101e-02
3.8397243543875199e-03	0.0000000000000000e+00	1.0039909235712000e-02
3.8571776469074701e-03	0.0000000000000000e+00	1.0027319135039100e-02
3.8746309394274100e-03	0.0000000000000000e+00	1.0013971419420700e-02
3.8920842319473499e-03	0.0000000000000000e+00	1.0000191345743800e-02
3.9095375244672997e-03	0.0000000000000000e+00	9.9863159058182407e-03
3.9269908169872400e-03	0.0000000000000000e+00	9.9726855775710901e-03
3.9444441095071803e-03	0.0000000000000000e+00	9.9596359566465793e-03
3.9618974020271302e-03	0.0000000000000000e+00	9.9474895724458792e-03
3.9793506945470696e-03	0.0000000000000000e+00	9.9365480994486506e-03
3.9968039870670099e-03	0.0000000000000000e+00	9.9270850689189994e-03
4.0142572795869597e-03	0.0000000000000000e+00	9.9193392918016706e-03
4.0317105721069000e-03	0.0000000000000000e+00	9.9135090613933999e-03
4.0491638646268403e-03	0.0000000000000000e+00	9.9097473109721404e-03
4.0666171571467902e-03	0.0000000000000000e+00	9.9081577928022899e-03
4.0840704496667296e-03	0.0000000000000000e+00	9.9087923525314307e-03
4.1015237421866699e-03	0.0000000000000000e+00	9.9116493889997697e-03
4.1189770347066198e-03	0.0000000000000000e+00	9.9166735042406397e-03
4.1364303272265601e-03	0.0000000000000000e+00	9.9237563605311906e-03
4.1538836197465004e-03	0.0000000000000000e+00	9.9327387632593203e-03
4.1713369122664502e-03	0.0000000000000000e+00	9.9434139497892697e-03
4.1887902047863896e-03	0.0000000000000000e+00	9.9555320565079507e-03
4.2062434973063299e-03	0.0000000000000000e+00	9.9688056303649606e-03
4.2236967898262798e-03	0.0000000000000000e+00	9.9829162195138599e-03
4.2411500823462201e-03	0.0000000000000000e+00	9.9975217305256908e-03
4.2586033748661604e-03	0.0000000000000000e+00	1.0012264605180600e-02
4.2760566673861102e-03	0.0000000000000000e+00	1.0026780558950701e-02
4.2935099599060497e-03	0.0000000000000000e+00	1.0040707646783199e-02
4.3109632524259900e-03	0.0000000000000000e+00	1.0053695501304400e-02
4.3284165449459398e-03	0.0000000000000000e+00	1.0065414448330300e-02
4.3458698374658801e-03	0.0000000000000000e+00	1.0075564233302100e-02
4.3633231299858204e-03	0.0000000000000000e+00	1.0083882116654499e-02
4.3807764225057702e-03	0.0000000000000000e+00	1.0090150075052699e-02
4.3982297150257097e-03	0.0000000000000000e+00	1.0094200870465701e-02
4.4156830075456500e-03	0.0000000000000000e+00	1.0095922761263800e-02
4.4331363000655998e-03	0.0000000000000000e+00	1.0095262674096300e-02
4.4505895925855401e-03	0.0000000000000000e+00	1.0092227847030301e-02
4.4680428851054804e-03	0.0000000000000000e+00	1.0086885765212199e-02
4.4854961776254303e-03	0.0000000000000000e+00	1.0079362394757700e-02
4.5029494701453697e-03	0.0000000000000000e+00	1.0069838984662500e-02
4.5204027626653100e-03	0.0000000000000000e+00	1.0058547290471001e-02
4.5378560551852598e-03	0.0000000000000000e+00	1.0045763442176900e-02
4.5553093477052001e-03	0.0000000000000000e+00	1.0031800805428800e-02
4.5727626402251396e-03	0.0000000000000000e+00	1.0017002011858300e-02
4.5902159327450903e-03	0.0000000000000000e+00	1.0001730244504200e-02
4.6076692252650297e-03	0.0000000000000000e+00	9.9863601502671196e-03
4.6251225177849700e-03	0.0000000000000000e+00	9.9712686679642604e-03
4.6425758103049199e-03	0.0000000000000000e+00	9.9568258222461400e-03
4.6600291028248602e-03	0.0000000000000000e+00	9.9433858014314307e-03
4.6774823953447996e-03	0.0000000000000000e+00	9.9312785306827495e-03
4.6949356878647503e-03	0.0000000000000000e+00	9.9208018617712602e-03
4.7123889803846897e-03	0.0000000000000000e+00	9.9122145626715508e-03
4.7298422729046300e-03	0.0000000000000000e+00	9.9057302332656895e-03
4.7472955654245799e-03	0.0000000000000000e+00	9.9015122711483203e-03
4.7647488579445202e-03	0.0000000000000000e+00	9.8996699648788902e-03
4.7822021504644596e-03	0.0000000000000000e+00	9.9002558011498393e-03
4.7996554429844103e-03	0.0000000000000000e+00	9.9032640509790805e-03
4.8171087355043498e-03	0.0000000000000000e+00	9.9086306011371104e-03
4.8345620280242901e-03	0.0000000000000000e+00	9.9162341215712994e-03
4.8520153205442399e-03	0.0000000000000000e+00	9.9258985923758591e-03
4.8694686130641802e-03	0.0000000000000000e+00	9.9373970153092007e-03
4.8869219055841196e-03	0.0000000000000000e+00	9.9504563591519008e-03
4.9043751981040704e-03	0.0000000000000000e+00	9.9647637531967096e-03
4.9218284906240098e-03	0.0000000000000000e+00	9.9799736226593907e-03
4.9392817831439501e-03	0.0000000000000000e+00	9.9957157366335307e-03
4.9567350756638999e-03	0.0000000000000000e+00	1.0011604108016400e-02
4.9741883681838402e-03	0.0000000000000000e+00	1.0027246408412901e-02
4.9916416607037797e-03	0.0000000000000000e+00	1.0042253746654000e-02
5.0090949532237304e-03	0.0000000000000000e+00	1.0056250579377099e-02
5.0265482457436698e-03	0.0000000000000000e+00	1.0068884449597500e-02
5.0440015382636101e-03	0.0000000000000000e+00	1.0079835266032400e-02
5.0614548307835600e-03	0.0000000000000000e+00	1.0088823901400900e-02
5.0789081233035003e-03	0.0000000000000000e+00	1.0095619763083100e-02
5.0963614158234397e-03	0.0000000000000000e+00	1.0100047085949700e-02
5.1138147083433904e-03	0.0000000000000000e+00	1.0101989818857999e-02
5.1312680008633298e-03	0.0000000000000000e+00	1.0101394730768400e-02
5.1487212933832701e-03	0.0000000000000000e+00	1.0098272972406700e-02
5.1661745859032200e-03	0.0000000000000000e+00	1.0092699734432701e-02
5.1836278784231603e-03	0.0000000000000000e+00	1.0084812118308599e-02
5.2010811709430997e-03	0.0000000000000000e+00	1.0074805508593200e-02
5.2185344634630504e-03	0.0000000000000000e+00	1.0062928253371600e-02
5.2359877559829899e-03	0.0000000000000000e+00	1.0049474970665400e-02
5.2534410485029302e-03	0.0000000000000000e+00	1.0034778882823900e-02
5.2708943410228696e-03	0.0000000000000000e+00	1.0019203203175600e-02
5.2883476335428203e-03	0.0000000000000000e+00	1.0003131910349600e-02
5.3058009260627597e-03	0.0000000000000000e+00	9.9869601062878097e-03
5.3232542185827000e-03	0.0000000000000000e+00	9.9710843327812000e-03
5.3407075111026499e-03	0.0000000000000000e+00	9.9558929711321496e-03
5.3581608036225902e-03	0.0000000000000000e+00	9.9417569359010506e-03
5.3756140961425296e-03	0.0000000000000000e+00	9.9290209248741306e-03
5.3930673886624803e-03	0.0000000000000000e+00	9.9179953596203099e-03
5.4105206811824198e-03	0.0000000000000000e+00	9.9089491847272095e-03
5.4279739737023601e-03	0.0000000000000000e+00	9.9021036595531107e-03
5.4454272662223099e-03	0.0000000000000000e+00	9.8976272505025102e-03
5.4628805587422502e-03	0.0000000000000000e+00	9.8956317204621207e-03
5.4803338512621896e-03	0.0000000000000000e+00	9.8961694715395208e-03
5.4977871437821403e-03	0.0000000000000000e+00	9.8992322017122103e-03
5.5152404363020798e-03	0.0000000000000000e+00	9.9047509180579304e-03
5.5326937288220201e-03	0.0000000000000000e+00	9.9125972871592100e-03
5.5501470213419699e-03	0.0000000000000000e+00	9.9225863455475495e-03
5.5676003138619102e-03	0.0000000000000000e+00	9.9344804530518208e-03
5.5850536063818497e-03	0.0000000000000000e+00	9.9479945912202203e-03
5.6025068989018004e-03	0.0000000000000000e+00	9.9628027684525704e-03
5.6199601914217398e-03	0.0000000000000000e+00	9.9785455713550398e-03
5.6374134839416801e-03	0.0000000000000000e+00	9.9948385334818306e-03
5.6548667764616299e-03	0.0000000000000000e+00	1.0011281368709400e-02
5.6723200689815702e-03	0.0000000000000000e+00	1.0027467760128601e-02
5.6897733615015097e-03	0.0000000000000000e+00	1.0042995472252301e-02
5.7072266540214604e-03	0.0000000000000000e+00	1.0057476597289800e-02
5.7246799465413998e-03	0.0000000000000000e+00	1.0070547607371701e-02
5.7421332390613401e-03	0.0000000000000000e+00	1.0081878897724000e-02
5.7595865315812900e-03	0.0000000000000000e+00	1.0091183596296500e-02
5.7770398241012303e-03	0.0000000000000000e+00	1.0098225286818700e-02
5.7944931166211697e-03	0.0000000000000000e+00	1.0102824442102599e-02
5.8119464091411204e-03	0.0000000000000000e+00	1.0104863305051700e-02
5.8293997016610598e-03	0.0000000000000000e+00	1.0104289005357901e-02
5.8468529941810002e-03	0.0000000000000000e+00	1.0101115010852500e-02
5.8643062867009500e-03	0.0000000000000000e+00	1.0095420639901600e-02
5.8817595792208903e-03	0.0000000000000000e+00	1.0087348746214701e-02
5.8992128717408297e-03	0.0000000000000000e+00	1.0077101851206499e-02
5.9166661642607796e-03	0.0000000000000000e+00	1.0064936524860700e-02
5.9341194567807199e-03	0.0000000000000000e+00	1.0051156469639499e-02
5.9515727493006602e-03	0.0000000000000000e+00	1.0036104530585000e-02
5.9690260418206100e-03	0.0000000000000000e+00	1.0020153812499200e-02
5.9864793343405503e-03	0.0000000000000000e+00	1.0003698169259599e-02
6.0039326268604898e-03	0.0000000000000000e+00	9.9871423668101995e-03
6.0213859193804396e-03	0.0000000000000000e+00	9.9708921059172197e-03
6.0388392119003799e-03	0.0000000000000000e+00	9.9553442651054997e-03
6.0562925044203202e-03	0.0000000000000000e+00	9.9408774335709195e-03
6.0737457969402700e-03	0.0000000000000000e+00	9.9278430011927703e-03
6.0911990894602103e-03	0.0000000000000000e+00	9.9165570182754102e-03
6.1086523819801498e-03	0.0000000000000000e+00	9.9072929137088098e-03
6.1261056745000996e-03	0.0000000000000000e+00	9.9002752379797297e-03
6.1435589670200399e-03	0.0000000000000000e+00	9.8956745503246506e-03
6.1610122595399802e-03	0.0000000000000000e+00	9.8936034968552904e-03
6.1784655520599301e-03	0.0000000000000000e+00	9.8941142113380103e-03
6.1959188445798704e-03	0.0000000000000000e+00	9.8971970124656292e-03
6.2133721370998098e-03	0.0000000000000000e+00	9.9027804926444495e-03
6.2308254296197596e-03	0.0000000000000000e+00	9.9107329670714197e-03
6.2482787221396999e-03	0.0000000000000000e+00	9.9208652652488793e-03
6.2657320146596402e-03	0.0000000000000000e+00	9.9329348713897408e-03
6.2831853071795901e-03	0.0000000000000000e+00	9.9466512717199893e-03
6.3006385996995304e-03	0.0000000000000000e+00	9.9616825610810596e-03
6.3180918922194698e-03	0.0000000000000000e+00	9.9776631171810994e-03
6.3355451847394197e-03	0.0000000000000000e+00	9.9942021492087103e-03
6.3529984772593600e-03	0.0000000000000000e+00	1.0010893060085400e-02
6.3704517697793003e-03	0.0000000000000000e+00	1.0027323405916701e-02
6.3879050622992501e-03	0.0000000000000000e+00	1.0043085154980000e-02
6.4053583548191904e-03	0.0000000000000000e+00	1.0057785063541101e-02
6.4228116473391298e-03	0.0000000000000000e+00	1.0071054857184901e-02
6.4402649398590797e-03	0.0000000000000000e+00	1.0082560905588900e-02
6.4577182323790200e-03	0.0000000000000000e+00	1.0092013091833401e-02
6.4751715248989603e-03	0.0000000000000000e+00	1.0099172592727400e-02
6.4926248174188997e-03	0.0000000000000000e+00	1.0103858392157701e-02
6.5100781099388504e-03	0.0000000000000000e+00	1.0105952102054399e-02
6.5275314024587899e-03	0.0000000000000000e+00	1.0105401109215000e-02
6.5449846949787302e-03	0.0000000000000000e+00	1.0102219957937199e-02
6.5624379874986800e-03	0.0000000000000000e+00	1.0096489792235999e-02
6.5798912800186203e-03	0.0000000000000000e+00	1.0088355952584900e-02
6.5973445725385597e-03	0.0000000000000000e+00	1.0078023999271799e-02
6.6147978650585096e-03	0.0000000000000000e+00	1.0065753973414899e-02
6.6322511575784499e-03	0.0000000000000000e+00	1.0051853366303201e-02
6.6497044500983902e-03	0.0000000000000000e+00	1.0036669004798099e-02
6.6671577426183400e-03	0.0000000000000000e+00	1.0020578051521900e-02
6.6846110351382803e-03	0.0000000000000000e+00	1.0003978383212399e-02
6.7020643276582198e-03	0.0000000000000000e+00	9.9872786538997404e-03
6.7195176201781696e-03	0.0000000000000000e+00	9.9708882301919807e-03
6.7369709126981099e-03	0.0000000000000000e+00	9.9552073570580001e-03
6.7544242052180502e-03	0.0000000000000000e+00	9.9406176280917701e-03
6.7718774977380001e-03	0.0000000000000000e+00	9.9274730273091697e-03
6.7893307902579404e-03	0.0000000000000000e+00	9.9160917518602999e-03
6.8067840827778798e-03	0.0000000000000000e+00	9.9067489080739996e-03
6.8242373752978296e-03	0.0000000000000000e+00	9.8996702404840105e-03
6.8416906678177699e-03	0.0000000000000000e+00	9.8950270201576696e-03
6.8591439603377102e-03	0.0000000000000000e+00	9.8929321316063908e-03
6.8765972528576601e-03	0.0000000000000000e+00	9.8934374905216907e-03
6.8940505453776004e-03	0.0000000000000000e+00	9.8965327709316202e-03
6.9115038378975398e-03	0.0000000000000000e+00	9.9021455231383601e-03
6.9289571304174897e-03	0.0000000000000000e+00	9.9101426684462101e-03
6.9464104229374300e-03	0.0000000000000000e+00	9.9203333319772807e-03
6.9638637154573703e-03	0.0000000000000000e+00	9.9324730349277593e-03
6.9813170079773201e-03	0.0000000000000000e+00	9.9462690958112606e-03
6.9987703004972604e-03	0.0000000000000000e+00	9.9613872960662205e-03
7.0162235930171998e-03	0.0000000000000000e+00	9.9774596110535404e-03
7.0336768855371497e-03	0.0000000000000000e+00	9.9940928173823107e-03
7.0511301780570900e-03	0.0000000000000000e+00	1.0010877916977801e-02
7.0685834705770303e-03	0.0000000000000000e+00	1.0027400154474000e-02
7.0860367630969801e-03	0.0000000000000000e+00	1.0043249328185899e-02
7.1034900556169204e-03	0.0000000000000000e+00	1.0058030221569500e-02
7.1209433481368599e-03	0.0000000000000000e+00	1.0071372828325900e-02
7.1383966406568097e-03	0.0000000000000000e+00	1.0082942063999499e-02
7.1558499331767500e-03	0.0000000000000000e+00	1.0092446660129499e-02
7.1733032256966903e-03	0.0000000000000000e+00	1.0099646977652700e-02
7.1907565182166401e-03	0.0000000000000000e+00	1.0104361497683300e-02
7.2082098107365796e-03	0.0000000000000000e+00	1.0106471707091801e-02
7.2256631032565199e-03	0.0000000000000000e+00	1.0105925174026901e-02
7.2431163957764697e-03	0.0000000000000000e+00	1.0102736899253400e-02
7.2605696882964100e-03	0.0000000000000000e+00	1.0096988785146100e-02
7.2780229808163503e-03	0.0000000000000000e+00	1.0088827173078100e-02
7.2954762733363002e-03	0.0000000000000000e+00	1.0078458744750199e-02
7.3129295658562396e-03	0.0000000000000000e+00	1.0066144882051299e-02
7.3303828583761799e-03	0.0000000000000000e+00	1.0052194529452101e-02
7.3478361508961297e-03	0.0000000000000000e+00	1.0036955990717701e-02
7.3652894434160700e-03	0.0000000000000000e+00	1.0020807920670300e-02
7.3827427359360103e-03	0.0000000000000000e+00	1.0004149693048100e-02
7.4001960284559602e-03	0.0000000000000000e+00	9.9873913692324606e-03
7.4176493209758996e-03	0.0000000000000000e+00	9.9709436515720892e-03
7.4351026134958399e-03	0.0000000000000000e+00	9.9552080055451807e-03
7.4525559060157898e-03	0.0000000000000000e+00	9.9405670962136594e-03
7.4700091985357301e-03	0.0000000000000000e+00	9.9273758369242994e-03
7.4874624910556704e-03	0.0000000000000000e+00	9.9159531847297592e-03
7.5049157835756202e-03	0.0000000000000000e+00	9.9065748346807807e-03
7.5223690760955596e-03	0.0000000000000000e+00	9.8994669569103695e-03
7.5398223686154999e-03	0.0000000000000000e+00	9.8948010600840505e-03
7.5572756611354498e-03	0.0000000000000000e+00	9.8926901198560999e-03
7.5747289536553901e-03	0.0000000000000000e+00	9.8931859682622192e-03
7.5921822461753304e-03	0.0000000000000000e+00	9.8962780587163492e-03
7.6096355386952802e-03	0.0000000000000000e+00	9.9018935848742395e-03
7.6270888312152197e-03	0.0000000000000000e+00	9.9098989812266801e-03
7.6445421237351600e-03	0.0000000000000000e+00	9.9201028023325599e-03
7.6619954162551098e-03	0.0000000000000000e+00	9.9322598897300992e-03
7.6794487087750501e-03	0.0000000000000000e+00	9.9460768489860098e-03
7.6969020012949904e-03	0.0000000000000000e+00	9.9612186810788504e-03
7.7143552938149403e-03	0.0000000000000000e+00	9.9773165673633906e-03
7.7318085863348797e-03	0.0000000000000000e+00	9.9939764694475901e-03
7.7492618788548200e-03	0.0000000000000000e+00	1.0010788605073300e-02
7.7667151713747698e-03	0.0000000000000000e+00	1.0027337457192999e-02
7.7841684638947101e-03	0.0000000000000000e+00	1.0043212116501500e-02
7.8016217564146496e-03	0.0000000000000000e+00	1.0058016732939001e-02
7.8190750489345994e-03	0.0000000000000000e+00	1.0071380753467999e-02
7.8365283414545406e-03	0.0000000000000000e+00	1.0082968624894700e-02
7.8539816339744800e-03	0.0000000000000000e+00	1.0092488725692799e-02
7.8714349264944194e-03	0.0000000000000000e+00	1.0099701170031500e-02
7.8888882190143693e-03	0.0000000000000000e+00	1.0104424305176900e-02
7.9063415115343105e-03	0.0000000000000000e+00	1.0106539573768600e-02
7.9237948040542603e-03	0.0000000000000000e+00	1.0105994604140500e-02
7.9412480965741997e-03	0.0000000000000000e+00	1.0102804579710601e-02
7.9587013890941392e-03	0.0000000000000000e+00	1.0097051648681200e-02
7.9761546816140907e-03	0.0000000000000000e+00	1.0088882450354400e-02
7.9936079741340302e-03	0.0000000000000000e+00	1.0078504094862800e-02
8.0110612666539696e-03	0.0000000000000000e+00	1.0066178382037100e-02
8.0285145591739195e-03	0.0000000000000000e+00	1.0052214672385500e-02
8.0459678516938606e-03	0.0000000000000000e+00	1.0036961745859401e-02
8.0634211442138001e-03	0.0000000000000000e+00	1.0020798730294401e-02
8.0808744367337395e-03	0.0000000000000000e+00	1.0004125442593201e-02
8.0983277292536893e-03	0.0000000000000000e+00	9.9873523605493193e-03
8.1157810217736305e-03	0.0000000000000000e+00	9.9708905872257104e-03
8.1332343142935803e-03	0.0000000000000000e+00	9.9551419405026192e-03
8.1506876068135198e-03	0.0000000000000000e+00	9.9404893943963995e-03
8.1681408993334592e-03	0.0000000000000000e+00	9.9272881126007597e-03
8.1855941918534108e-03	0.0000000000000000e+00	9.9158572616569896e-03
8.2030474843733502e-03	0.0000000000000000e+00	9.9064726805732795e-03
8.2205007768932897e-03	0.0000000000000000e+00	9.8993606362592097e-03
8.2379540694132308e-03	0.0000000000000000e+00	9.8946926779323596e-03
8.2554073619331807e-03	0.0000000000000000e+00	9.8925817740374792e-03
8.2728606544531201e-03	0.0000000000000000e+00	9.8930796969303892e-03
8.2903139469730595e-03	0.0000000000000000e+00	9.8961758165933694e-03
8.3077672394930094e-03	0.0000000000000000e+00	9.9017971699802507e-03
8.3252205320129506e-03	0.0000000000000000e+00	9.9098100277289596e-03
8.3426738245328900e-03	0.0000000000000000e+00	9.9200227266283691e-03
8.3601271170528398e-03	0.0000000000000000e+00	9.9321898883951397e-03
8.3775804095727793e-03	0.0000000000000000e+00	9.9460178754602908e-03
8.3950337020927204e-03	0.0000000000000000e+00	9.9611714399631002e-03
8.4124869946126703e-03	0.0000000000000000e+00	9.9772815133028804e-03
8.4299402871326097e-03	0.0000000000000000e+00	9.9939538005320797e-03
8.4473935796525491e-03	0.0000000000000000e+00	1.0010778273023300e-02
8.4648468721725007e-03	0.0000000000000000e+00	1.0027339180053199e-02
8.4823001646924402e-03	0.0000000000000000e+00	1.0043225394980201e-02
8.4997534572123796e-03	0.0000000000000000e+00	1.0058040871178800e-02
8.5172067497323294e-03	0.0000000000000000e+00	1.0071414889740700e-02
8.5346600422522706e-03	0.0000000000000000e+00	1.0083011756700400e-02
8.5521133347722100e-03	0.0000000000000000e+00	1.0092539741418700e-02
8.5695666272921599e-03	0.0000000000000000e+00	1.0099758893418199e-02
8.5870199198120993e-03	0.0000000000000000e+00	1.0104487498869601e-02
8.6044732123320405e-03	0.0000000000000000e+00	1.0106607010348800e-02
8.6219265048519903e-03	0.0000000000000000e+00	1.0106065063172900e-02
8.6393797973719298e-03	0.0000000000000000e+00	1.0102876889961299e-02
8.6568330898918692e-03	0.0000000000000000e+00	1.0097124707334600e-02
8.6742863824118208e-03	0.0000000000000000e+00	1.0088955244645601e-02
8.6917396749317602e-03	0.0000000000000000e+00	1.0078575706671200e-02
8.7091929674516996e-03	0.0000000000000000e+00	1.0066248018455201e-02
8.7266462599716495e-03	0.0000000000000000e+00	1.0052281665653799e-02
8.7440995524915906e-03	0.0000000000000000e+00	1.0037025553236901e-02
8.7615528450115301e-03	0.0000000000000000e+00	1.0020858937333300e-02
8.7790061375314799e-03	0.0000000000000000e+00	1.0004181755447200e-02
8.7964594300514194e-03	0.0000000000000000e+00	9.9874046238645105e-03
8.8139127225713605e-03	0.0000000000000000e+00	9.9709387447180706e-03
8.8313660150913104e-03	0.0000000000000000e+00	9.9551860277275594e-03
8.8488193076112498e-03	0.0000000000000000e+00	9.9405295378258499e-03
8.8662726001311892e-03	0.0000000000000000e+00	9.9273245152857303e-03
8.8837258926511408e-03	0.0000000000000000e+00	9.9158901835269993e-03
8.9011791851710802e-03	0.0000000000000000e+00	9.9065024312371894e-03
8.9186324776910197e-03	0.0000000000000000e+00	9.8993875553796806e-03
8.9360857702109695e-03	0.0000000000000000e+00	9.8947171296268292e-03
8.9535390627309107e-03	0.0000000000000000e+00	9.8926041215726904e-03
8.9709923552508501e-03	0.0000000000000000e+00	9.8931003111620598e-03
8.9884456477708000e-03	0.0000000000000000e+00	9.8961950266714706e-03
9.0058989402907394e-03	0.0000000000000000e+00	9.9018153036563201e-03
9.0233522328106806e-03	0.0000000000000000e+00	9.9098273679433906e-03
9.0408055253306304e-03	0.0000000000000000e+00	9.9200395327034806e-03
9.0582588178505698e-03	0.0000000000000000e+00	9.9322063727893609e-03
9.0757121103705093e-03	0.0000000000000000e+00	9.9460341946301205e-03
9.0931654028904609e-03	0.0000000000000000e+00	9.9611877024616494e-03
9.1106186954104003e-03	0.0000000000000000e+00	9.9772977678057907e-03
9.1280719879303397e-03	0.0000000000000000e+00	9.9939700443499400e-03
9.1455252804502896e-03	0.0000000000000000e+00	1.0010794453061401e-02
9.1629785729702307e-03	0.0000000000000000e+00	1.0027355195667401e-02
9.1804318654901702e-03	0.0000000000000000e+00	1.0043241104729400e-02
9.1978851580101200e-03	0.0000000000000000e+00	1.0058056099408101e-02
9.2153384505300594e-03	0.0000000000000000e+00	1.0071429429848800e-02
9.2327917430500006e-03	0.0000000000000000e+00	1.0083025380722799e-02
9.2502450355699505e-03	0.0000000000000000e+00	1.0092552208278000e-02
9.2676983280898899e-03	0.0000000000000000e+00	1.0099769948503000e-02
9.2851516206098293e-03	0.0000000000000000e+00	1.0104496900866400e-02
9.3026049131297792e-03	0.0000000000000000e+00	1.0106614511163500e-02
9.3200582056497203e-03	0.0000000000000000e+00	1.0106070439333700e-02
9.3375114981696598e-03	0.0000000000000000e+00	1.0102879936983200e-02
9.3549647906896096e-03	0.0000000000000000e+00	1.0097125248911499e-02
9.3724180832095508e-03	0.0000000000000000e+00	1.0088953137147100e-02
9.3898713757294902e-03	0.0000000000000000e+00	1.0078570853827700e-02
9.4073246682494296e-03	0.0000000000000000e+00	1.0066240351528401e-02
9.4247779607693795e-03	0.0000000000000000e+00	1.0052271157396500e-02
9.4422312532893207e-03	0.0000000000000000e+00	1.0037012218598099e-02
9.4596845458092705e-03	0.0000000000000000e+00	1.0020842829776101e-02
9.4771378383292099e-03	0.0000000000000000e+00	1.0004162960880201e-02
9.4945911308491494e-03	0.0000000000000000e+00	9.9873832647353507e-03
9.5120444233690905e-03	0.0000000000000000e+00	9.9709149732814892e-03
9.5294977158890404e-03	0.0000000000000000e+00	9.9551600248816794e-03
9.5469510084089798e-03	0.0000000000000000e+00	9.9405015089478292e-03
9.5644043009289192e-03	0.0000000000000000e+00	9.9272946836708696e-03
9.5818575934488708e-03	0.0000000000000000e+00	9.9158587876844902e-03
9.5993108859688103e-03	0.0000000000000000e+00	9.9064697224192297e-03
9.6167641784887497e-03	0.0000000000000000e+00	9.8993537879473095e-03
9.6342174710086995e-03	0.0000000000000000e+00	9.8946825659028802e-03
9.6516707635286407e-03	0.0000000000000000e+00	9.8925690183031597e-03
9.6691240560485905e-03	0.0000000000000000e+00	9.8930649209248104e-03
9.6865773485685300e-03	0.0000000000000000e+00	9.8961595953691497e-03
9.7040306410884694e-03	0.0000000000000000e+00	9.9017800641978994e-03
9.7214839336084106e-03	0.0000000000000000e+00	9.9097925432015104e-03
9.7389372261283604e-03	0.0000000000000000e+00	9.9200053260479794e-03
9.7563905186482999e-03	0.0000000000000000e+00	9.9321729749685898e-03
9.7738438111682393e-03	0.0000000000000000e+00	9.9460017813879503e-03
9.7912971036881909e-03	0.0000000000000000e+00	9.9611564228922096e-03
9.8087503962081303e-03	0.0000000000000000e+00	9.9772677453755405e-03
9.8262036887280697e-03	0.0000000000000000e+00	9.9939413958987800e-03
9.8436569812480196e-03	0.0000000000000000e+00	1.0010767269343300e-02
9.8611102737679607e-03	0.0000000000000000e+00	1.0027329553724800e-02
9.8785635662879106e-03	0.0000000000000000e+00	1.0043217068870401e-02
9.8960168588078500e-03	0.0000000000000000e+00	1.0058033715752699e-02
9.9134701513277895e-03	0.0000000000000000e+00	1.0071408721661200e-02
9.9309234438477306e-03	0.0000000000000000e+00	1.0083006368173201e-02
9.9483767363676805e-03	0.0000000000000000e+00	1.0092534897489999e-02
9.9658300288876199e-03	0.0000000000000000e+00	1.0099754328766501e-02
9.9832833214075593e-03	0.0000000000000000e+00	1.0104482954052399e-02
1.0000736613927501e-02	0.0000000000000000e+00	1.0106602218698600e-02
1.0018189906447501e-02	0.0000000000000000e+00	1.0106059792831501e-02
1.0035643198967400e-02	0.0000000000000000e+00	1.0102870908105500e-02
1.0053096491487300e-02	0.0000000000000000e+00	1.0097117812427600e-02
1.0070549784007300e-02	0.0000000000000000e+00	1.0088947289139699e-02
1.0088003076527199e-02	0.0000000000000000e+00	1.0078566541446100e-02
1.0105456369047200e-02	0.0000000000000000e+00	1.0066237525928300e-02
1.0122909661567101e-02	0.0000000000000000e+00	1.0052269801929900e-02
1.0140362954087099e-02	0.0000000000000000e+00	1.0037012304912401e-02
1.0157816246607001e-02	0.0000000000000000e+00	1.0020844318016500e-02
1.0175269539126900e-02	0.0000000000000000e+00	1.0004165826314601e-02
1.0192722831646900e-02	0.0000000000000000e+00	9.9873874700920906e-03
1.0210176124166800e-02	0.0000000000000000e+00	9.9709204848527494e-03
1.0227629416686800e-02	0.0000000000000000e+00	9.9551668144131997e-03
1.0245082709206699e-02	0.0000000000000000e+00	9.9405095395721805e-03
1.0262536001726700e-02	0.0000000000000000e+00	9.9273039214250597e-03
1.0279989294246601e-02	0.0000000000000000e+00	9.9158691930036798e-03
1.0297442586766500e-02	0.0000000000000000e+00	9.9064812529561404e-03
1.0314895879286501e-02	0.0000000000000000e+00	9.8993664022330105e-03
1.0332349171806400e-02	0.0000000000000000e+00	9.8946962097778892e-03
1.0349802464326400e-02	0.0000000000000000e+00	9.8925836441645307e-03
1.0367255756846300e-02	0.0000000000000000e+00	9.8930804674844802e-03
1.0384709049366300e-02	0.0000000000000000e+00	9.8961760055135007e-03
1.0402162341886199e-02	0.0000000000000000e+00	9.9017972723216708e-03
1.0419615634406101e-02	0.0000000000000000e+00	9.9098104789748700e-03
1.0437068926926101e-02	0.0000000000000000e+00	9.9200239190660698e-03
1.0454522219446000e-02	0.0000000000000000e+00	9.9321921436583901e-03
1.0471975511966001e-02	0.0000000000000000e+00	9.9460214470070401e-03
1.0489428804485900e-02	0.0000000000000000e+00	9.9611765046755899e-03
1.0506882097005900e-02	0.0000000000000000e+00	9.9772881672185697e-03
1.0524335389525800e-02	0.0000000000000000e+00	9.9939620687452303e-03
1.0541788682045699e-02	0.0000000000000000e+00	1.0010788108968501e-02
1.0559241974565699e-02	0.0000000000000000e+00	1.0027350470739301e-02
1.0576695267085601e-02	0.0000000000000000e+00	1.0043237968908100e-02
1.0594148559605601e-02	0.0000000000000000e+00	1.0058054506281401e-02
1.0611601852125500e-02	0.0000000000000000e+00	1.0071429318982000e-02
1.0629055144645501e-02	0.0000000000000000e+00	1.0083026679964000e-02
1.0646508437165400e-02	0.0000000000000000e+00	1.0092554835642800e-02
1.0663961729685400e-02	0.0000000000000000e+00	1.0099773814633100e-02
1.0681415022205300e-02	0.0000000000000000e+00	1.0104501911982399e-02
1.0698868314725199e-02	0.0000000000000000e+00	1.0106620570461800e-02
1.0716321607245199e-02	0.0000000000000000e+00	1.0106077449411900e-02
1.0733774899765101e-02	0.0000000000000000e+00	1.0102887801373200e-02
1.0751228192285101e-02	0.0000000000000000e+00	1.0097133874076099e-02
1.0768681484805000e-02	0.0000000000000000e+00	1.0088962433113399e-02
1.0786134777325001e-02	0.0000000000000000e+00	1.0078580735066000e-02
1.0803588069844900e-02	0.0000000000000000e+00	1.0066250738827200e-02
1.0821041362364800e-02	0.0000000000000000e+00	1.0052281976822400e-02
1.0838494654884800e-02	0.0000000000000000e+00	1.0037023402542400e-02
1.0855947947404699e-02	0.0000000000000000e+00	1.0020854316725900e-02
1.0873401239924699e-02	0.0000000000000000e+00	1.0004174695539100e-02
1.0890854532444601e-02	0.0000000000000000e+00	9.9873951970379099e-03
1.0908307824964599e-02	0.0000000000000000e+00	9.9709270585341906e-03
1.0925761117484500e-02	0.0000000000000000e+00	9.9551722227559092e-03
1.0943214410004400e-02	0.0000000000000000e+00	9.9405137832204605e-03
1.0960667702524400e-02	0.0000000000000000e+00	9.9273070013208304e-03
1.0978120995044300e-02	0.0000000000000000e+00	9.9158711187192893e-03
1.0995574287564300e-02	0.0000000000000000e+00	9.9064820382308502e-03
1.1013027580084199e-02	0.0000000000000000e+00	9.8993660628036908e-03
1.1030480872604199e-02	0.0000000000000000e+00	9.8946947729812804e-03
1.1047934165124101e-02	0.0000000000000000e+00	9.8925811328896603e-03
1.1065387457644000e-02	0.0000000000000000e+00	9.8930769176155797e-03
1.1082840750164000e-02	0.0000000000000000e+00	9.8961714482993096e-03
1.1100294042683900e-02	0.0000000000000000e+00	9.9017917481673493e-03
1.1117747335203900e-02	0.0000000000000000e+00	9.9098040309841904e-03
1.1135200627723800e-02	0.0000000000000000e+00	9.9200165908478691e-03
1.1152653920243800e-02	0.0000000000000000e+00	9.9321839880104398e-03
1.1170107212763699e-02	0.0000000000000000e+00	9.9460125136600908e-03
1.1187560505283699e-02	0.0000000000000000e+00	9.9611668439753692e-03
1.1205013797803601e-02	0.0000000000000000e+00	9.9772778229646700e-03
1.1222467090323500e-02	0.0000000000000000e+00	9.9939510974917604e-03
1.1239920382843500e-02	0.0000000000000000e+00	1.0010776561830199e-02
1.1257373675363400e-02	0.0000000000000000e+00	1.0027338402776099e-02
1.1274826967883400e-02	0.0000000000000000e+00	1.0043225441485800e-02
1.1292280260403300e-02	0.0000000000000000e+00	1.0058041575607300e-02
1.1309733552923300e-02	0.0000000000000000e+00	1.0071416035594900e-02
1.1327186845443199e-02	0.0000000000000000e+00	1.0083013098353100e-02
1.1344640137963101e-02	0.0000000000000000e+00	1.0092541011839200e-02
1.1362093430483101e-02	0.0000000000000000e+00	1.0099759810122001e-02
1.1379546723003000e-02	0.0000000000000000e+00	1.0104487804114300e-02
1.1397000015523000e-02	0.0000000000000000e+00	1.0106606396614599e-02
1.1414453308042900e-02	0.0000000000000000e+00	1.0106063264327199e-02
1.1431906600562900e-02	0.0000000000000000e+00	1.0102873666585200e-02
1.1449359893082800e-02	0.0000000000000000e+00	1.0097119824115101e-02
1.1466813185602699e-02	0.0000000000000000e+00	1.0088948526510200e-02
1.1484266478122699e-02	0.0000000000000000e+00	1.0078567034348901e-02
1.1501719770642601e-02	0.0000000000000000e+00	1.0066237304947099e-02
1.1519173063162601e-02	0.0000000000000000e+00	1.0052268872040200e-02
1.1536626355682500e-02	0.0000000000000000e+00	1.0037010674657900e-02
1.1554079648202500e-02	0.0000000000000000e+00	1.0020842012564200e-02
1.1571532940722400e-02	0.0000000000000000e+00	1.0004162871373901e-02
1.1588986233242300e-02	0.0000000000000000e+00	9.9873838909138798e-03
1.1606439525762300e-02	0.0000000000000000e+00	9.9709163072529694e-03
1.1623892818282199e-02	0.0000000000000000e+00	9.9551620620070592e-03
1.1641346110802199e-02	0.0000000000000000e+00	9.9405042379249204e-03
1.1658799403322101e-02	0.0000000000000000e+00	9.9272981000807607e-03
1.1676252695842101e-02	0.0000000000000000e+00	9.9158628853063795e-03
1.1693705988362000e-02	0.0000000000000000e+00	9.9064744961196004e-03
1.1711159280882000e-02	0.0000000000000000e+00	9.8993592323237192e-03
1.1728612573401900e-02	0.0000000000000000e+00	9.8946886680490904e-03
1.1746065865921800e-02	0.0000000000000000e+00	9.8925757692595508e-03
1.1763519158441800e-02	0.0000000000000000e+00	9.8930723085478393e-03
1.1780972450961699e-02	0.0000000000000000e+00	9.8961676063213898e-03
1.1798425743481699e-02	0.0000000000000000e+00	9.9017886709141297e-03
1.1815879036001601e-02	0.0000000000000000e+00	9.9098017237460399e-03
1.1833332328521601e-02	0.0000000000000000e+00	9.9200150484505898e-03
1.1850785621041500e-02	0.0000000000000000e+00	9.9321832065945199e-03
1.1868238913561400e-02	0.0000000000000000e+00	9.9460124766108902e-03
1.1885692206081400e-02	0.0000000000000000e+00	9.9611675442136897e-03
1.1903145498601300e-02	0.0000000000000000e+00	9.9772792488582798e-03
1.1920598791121300e-02	0.0000000000000000e+00	9.9939532291142101e-03
1.1938052083641199e-02	0.0000000000000000e+00	1.0010779378926500e-02
1.1955505376161199e-02	0.0000000000000000e+00	1.0027341884095599e-02
1.1972958668681101e-02	0.0000000000000000e+00	1.0043229559633500e-02
1.1990411961201000e-02	0.0000000000000000e+00	1.0058046306502600e-02
1.2007865253721000e-02	0.0000000000000000e+00	1.0071421354116501e-02
1.2025318546240900e-02	0.0000000000000000e+00	1.0083018984875200e-02
1.2042771838760900e-02	0.0000000000000000e+00	1.0092547428250000e-02
1.2060225131280800e-02	0.0000000000000000e+00	1.0099766720049299e-02
1.2077678423800800e-02	0.0000000000000000e+00	1.0104495149543600e-02
1.2095131716320699e-02	0.0000000000000000e+00	1.0106614156513500e-02
1.2112585008840600e-02	0.0000000000000000e+00	1.0106071410756000e-02
1.2130038301360601e-02	0.0000000000000000e+00	1.0102882157694899e-02
1.2147491593880500e-02	0.0000000000000000e+00	1.0097128640815200e-02
1.2164944886400500e-02	0.0000000000000000e+00	1.0088957642589000e-02
1.2182398178920400e-02	0.0000000000000000e+00	1.0078576377466500e-02
1.2199851471440400e-02	0.0000000000000000e+00	1.0066246816809401e-02
1.2217304763960300e-02	0.0000000000000000e+00	1.0052278514559899e-02
1.2234758056480201e-02	0.0000000000000000e+00	1.0037020399289600e-02
1.2252211349000199e-02	0.0000000000000000e+00	1.0020851773964201e-02
1.2269664641520101e-02	0.0000000000000000e+00	1.0004172618993799e-02
1.2287117934040101e-02	0.0000000000000000e+00	9.9873935870499995e-03
1.2304571226560000e-02	0.0000000000000000e+00	9.9709259175403998e-03
1.2322024519080000e-02	0.0000000000000000e+00	9.9551715494343093e-03
1.2339477811599900e-02	0.0000000000000000e+00	9.9405135708401406e-03
1.2356931104119900e-02	0.0000000000000000e+00	9.9273072476733001e-03
1.2374384396639800e-02	0.0000000000000000e+00	9.9158718141464305e-03
1.2391837689159701e-02	0.0000000000000000e+00	9.9064831733816500e-03
1.2409290981679699e-02	0.0000000000000000e+00	9.8993676297817208e-03
1.2426744274199601e-02	0.0000000000000000e+00	9.8946967547515596e-03
1.2444197566719601e-02	0.0000000000000000e+00	9.8925835198388004e-03
1.2461650859239500e-02	0.0000000000000000e+00	9.8930796881724504e-03
1.2479104151759500e-02	0.0000000000000000e+00	9.8961745875887699e-03
1.2496557444279400e-02	0.0000000000000000e+00	9.9017952377517694e-03
1.2514010736799299e-02	0.0000000000000000e+00	9.9098078503859106e-03
1.2531464029319300e-02	0.0000000000000000e+00	9.9200207294634600e-03
1.2548917321839201e-02	0.0000000000000000e+00	9.9321884160531795e-03
1.2566370614359199e-02	0.0000000000000000e+00	9.9460172049240306e-03
1.2583823906879101e-02	0.0000000000000000e+00	9.9611717733399004e-03
1.2601277199399101e-02	0.0000000000000000e+00	9.9772829737284907e-03
1.2618730491919000e-02	0.0000000000000000e+00	9.9939564428298492e-03
1.2636183784438900e-02	0.0000000000000000e+00	1.0010782077512499e-02
1.2653637076958900e-02	0.0000000000000000e+00	1.0027344065097100e-02
1.2671090369478799e-02	0.0000000000000000e+00	1.0043231219726801e-02
1.2688543661998800e-02	0.0000000000000000e+00	1.0058047445067900e-02
1.2705996954518701e-02	0.0000000000000000e+00	1.0071421976895900e-02
1.2723450247038699e-02	0.0000000000000000e+00	1.0083019091618800e-02
1.2740903539558601e-02	0.0000000000000000e+00	1.0092547029004100e-02
1.2758356832078500e-02	0.0000000000000000e+00	1.0099765830078900e-02
1.2775810124598500e-02	0.0000000000000000e+00	1.0104493771640700e-02
1.2793263417118400e-02	0.0000000000000000e+00	1.0106612313728100e-02
1.2810716709638400e-02	0.0000000000000000e+00	1.0106069109996599e-02
1.2828170002158299e-02	0.0000000000000000e+00	1.0102879416640301e-02
1.2845623294678300e-02	0.0000000000000000e+00	1.0097125479555401e-02
1.2863076587198201e-02	0.0000000000000000e+00	1.0088954065244500e-02
1.2880529879718199e-02	0.0000000000000000e+00	1.0078572417039499e-02
1.2897983172238101e-02	0.0000000000000000e+00	1.0066242504115700e-02
1.2915436464758000e-02	0.0000000000000000e+00	1.0052273859806900e-02
1.2932889757278000e-02	0.0000000000000000e+00	1.0037015431242399e-02
1.2950343049797900e-02	0.0000000000000000e+00	1.0020846518971701e-02
1.2967796342317900e-02	0.0000000000000000e+00	1.0004167102731699e-02
1.2985249634837799e-02	0.0000000000000000e+00	9.9873878375113800e-03
1.3002702927357800e-02	0.0000000000000000e+00	9.9709199602850598e-03
1.3020156219877701e-02	0.0000000000000000e+00	9.9551654114591499e-03
1.3037609512397600e-02	0.0000000000000000e+00	9.9405072822282402e-03
1.3055062804917601e-02	0.0000000000000000e+00	9.9273008340001693e-03
1.3072516097437500e-02	0.0000000000000000e+00	9.9158653062671100e-03
1.3089969389957500e-02	0.0000000000000000e+00	9.9064765993652805e-03
1.3107422682477400e-02	0.0000000000000000e+00	9.8993610155467902e-03
1.3124875974997400e-02	0.0000000000000000e+00	9.8946901318136792e-03
1.3142329267517299e-02	0.0000000000000000e+00	9.8925769122064199e-03
1.3159782560037201e-02	0.0000000000000000e+00	9.8930731286408606e-03
1.3177235852557199e-02	0.0000000000000000e+00	9.8961680997687006e-03
1.3194689145077100e-02	0.0000000000000000e+00	9.9017888468704504e-03
1.3212142437597101e-02	0.0000000000000000e+00	9.9098015845952604e-03
1.3229595730117000e-02	0.0000000000000000e+00	9.9200146093894308e-03
1.3247049022637000e-02	0.0000000000000000e+00	9.9321824650772297e-03
1.3264502315156900e-02	0.0000000000000000e+00	9.9460114388402292e-03
1.3281955607676799e-02	0.0000000000000000e+00	9.9611662161139605e-03
1.3299408900196799e-02	0.0000000000000000e+00	9.9772776453875296e-03
1.3316862192716701e-02	0.0000000000000000e+00	9.9939513592314094e-03
1.3334315485236699e-02	0.0000000000000000e+00	1.0010777256587401e-02
1.3351768777756600e-02	0.0000000000000000e+00	1.0027339519493099e-02
1.3369222070276601e-02	0.0000000000000000e+00	1.0043226965116000e-02
1.3386675362796500e-02	0.0000000000000000e+00	1.0058043500440299e-02
1.3404128655316400e-02	0.0000000000000000e+00	1.0071418356125499e-02
1.3421581947836400e-02	0.0000000000000000e+00	1.0083015806721799e-02
1.3439035240356299e-02	0.0000000000000000e+00	1.0092544090428699e-02
1.3456488532876299e-02	0.0000000000000000e+00	1.0099763231057100e-02
1.3473941825396201e-02	0.0000000000000000e+00	1.0104491523565001e-02
1.3491395117916199e-02	0.0000000000000000e+00	1.0106610412120800e-02
1.3508848410436100e-02	0.0000000000000000e+00	1.0106067569793100e-02
1.3526301702956101e-02	0.0000000000000000e+00	1.0102878233054700e-02
1.3543754995476000e-02	0.0000000000000000e+00	1.0097124650975099e-02
1.3561208287995900e-02	0.0000000000000000e+00	1.0088953612006500e-02
1.3578661580515900e-02	0.0000000000000000e+00	1.0078572319079999e-02
1.3596114873035799e-02	0.0000000000000000e+00	1.0066242739857300e-02
1.3613568165555799e-02	0.0000000000000000e+00	1.0052274434775400e-02
1.3631021458075701e-02	0.0000000000000000e+00	1.0037016341233799e-02
1.3648474750595699e-02	0.0000000000000000e+00	1.0020847748858400e-02
1.3665928043115600e-02	0.0000000000000000e+00	1.0004168646279000e-02
1.3683381335635500e-02	0.0000000000000000e+00	9.9873896767321800e-03
1.3700834628155500e-02	0.0000000000000000e+00	9.9709220798812892e-03
1.3718287920675400e-02	0.0000000000000000e+00	9.9551678031404994e-03
1.3735741213195400e-02	0.0000000000000000e+00	9.9405099304902406e-03
1.3753194505715299e-02	0.0000000000000000e+00	9.9273037261416296e-03
1.3770647798235299e-02	0.0000000000000000e+00	9.9158684257197299e-03
1.3788101090755201e-02	0.0000000000000000e+00	9.9064799307117604e-03
1.3805554383275100e-02	0.0000000000000000e+00	9.8993645441218508e-03
1.3823007675795100e-02	0.0000000000000000e+00	9.8946938369014296e-03
1.3840460968315000e-02	0.0000000000000000e+00	9.8925807804704797e-03
1.3857914260835000e-02	0.0000000000000000e+00	9.8930771360159694e-03
1.3875367553354900e-02	0.0000000000000000e+00	9.8961722322047606e-03
1.3892820845874900e-02	0.0000000000000000e+00	9.9017930828758493e-03
1.3910274138394799e-02	0.0000000000000000e+00	9.9098059023520202e-03
1.3927727430914701e-02	0.0000000000000000e+00	9.9200189899532592e-03
1.3945180723434701e-02	0.0000000000000000e+00	9.9321868920607993e-03
1.3962634015954600e-02	0.0000000000000000e+00	9.9460158952267893e-03
1.3980087308474600e-02	0.0000000000000000e+00	9.9611706813333093e-03
1.3997540600994500e-02	0.0000000000000000e+00	9.9772820992032208e-03
1.4014993893514500e-02	0.0000000000000000e+00	9.9939557855868392e-03
1.4032447186034400e-02	0.0000000000000000e+00	1.0010781636130100e-02
1.4049900478554400e-02	0.0000000000000000e+00	1.0027343838417000e-02
1.4067353771074299e-02	0.0000000000000000e+00	1.0043231205608299e-02
1.4084807063594201e-02	0.0000000000000000e+00	1.0058047639474601e-02
1.4102260356114201e-02	0.0000000000000000e+00	1.0071422372895700e-02
1.4119713648634100e-02	0.0000000000000000e+00	1.0083019687359500e-02
1.4137166941154100e-02	0.0000000000000000e+00	1.0092547815690999e-02
1.4154620233674000e-02	0.0000000000000000e+00	1.0099766796260000e-02
1.4172073526194000e-02	0.0000000000000000e+00	1.0104494917718500e-02
1.4189526818713900e-02	0.0000000000000000e+00	1.0106613629021400e-02
1.4206980111233799e-02	0.0000000000000000e+00	1.0106070592757100e-02
1.4224433403753799e-02	0.0000000000000000e+00	1.0102881057601499e-02
1.4241886696273701e-02	0.0000000000000000e+00	1.0097127269770200e-02
1.4259339988793701e-02	0.0000000000000000e+00	1.0088956003510299e-02
1.4276793281313600e-02	0.0000000000000000e+00	1.0078574486340600e-02
1.4294246573833600e-02	0.0000000000000000e+00	1.0066244688776401e-02
1.4311699866353500e-02	0.0000000000000000e+00	1.0052276156809901e-02
1.4329153158873400e-02	0.0000000000000000e+00	1.0037017825706001e-02
1.4346606451393400e-02	0.0000000000000000e+00	1.0020848998797400e-02
1.4364059743913299e-02	0.0000000000000000e+00	1.0004169656432900e-02
1.4381513036433299e-02	0.0000000000000000e+00	9.9873904506660206e-03
1.4398966328953201e-02	0.0000000000000000e+00	9.9709226210867707e-03
1.4416419621473201e-02	0.0000000000000000e+00	9.9551681081611592e-03
1.4433872913993100e-02	0.0000000000000000e+00	9.9405100022394201e-03
1.4451326206513000e-02	0.0000000000000000e+00	9.9273035654657404e-03
1.4468779499033000e-02	0.0000000000000000e+00	9.9158680371516008e-03
1.4486232791552900e-02	0.0000000000000000e+00	9.9064793188031394e-03
1.4503686084072900e-02	0.0000000000000000e+00	9.8993637107910506e-03
1.4521139376592799e-02	0.0000000000000000e+00	9.8946927940433103e-03
1.4538592669112799e-02	0.0000000000000000e+00	9.8925795302040303e-03
1.4556045961632701e-02	0.0000000000000000e+00	9.8930756891833400e-03
1.4573499254152701e-02	0.0000000000000000e+00	9.8961705967959800e-03
1.4590952546672600e-02	0.0000000000000000e+00	9.9017912685139108e-03
1.4608405839192500e-02	0.0000000000000000e+00	9.9098039403649699e-03
1.4625859131712500e-02	0.0000000000000000e+00	9.9200168823382999e-03
1.4643312424232400e-02	0.0000000000000000e+00	9.9321846452130394e-03
1.4660765716752400e-02	0.0000000000000000e+00	9.9460135140318397e-03
1.4678219009272299e-02	0.0000000000000000e+00	9.9611681799810798e-03
1.4695672301792299e-02	0.0000000000000000e+00	9.9772794917808091e-03
1.4713125594312201e-02	0.0000000000000000e+00	9.9939530818732598e-03
1.4730578886832100e-02	0.0000000000000000e+00	1.0010778850440700e-02
1.4748032179352100e-02	0.0000000000000000e+00	1.0027340980007900e-02
1.4765485471872000e-02	0.0000000000000000e+00	1.0043228288347399e-02
1.4782938764392000e-02	0.0000000000000000e+00	1.0058044684385601e-02
1.4800392056911900e-02	0.0000000000000000e+00	1.0071419399094301e-02
1.4817845349431900e-02	0.0000000000000000e+00	1.0083016708710301e-02
1.4835298641951799e-02	0.0000000000000000e+00	1.0092544843497800e-02
1.4852751934471701e-02	0.0000000000000000e+00	1.0099763838697500e-02
1.4870205226991701e-02	0.0000000000000000e+00	1.0104491988465200e-02
1.4887658519511600e-02	0.0000000000000000e+00	1.0106610730145099e-02
1.4905111812031600e-02	0.0000000000000000e+00	1.0106067739840499e-02
1.4922565104551500e-02	0.0000000000000000e+00	1.0102878259245000e-02
1.4940018397071500e-02	0.0000000000000000e+00	1.0097124532803901e-02
1.4957471689591400e-02	0.0000000000000000e+00	1.0088953351312600e-02
1.4974924982111301e-02	0.0000000000000000e+00	1.0078571919143599e-02
1.4992378274631299e-02	0.0000000000000000e+00	1.0066242208089800e-02
1.5009831567151201e-02	0.0000000000000000e+00	1.0052273776161399e-02
1.5027284859671201e-02	0.0000000000000000e+00	1.0037015558537799e-02
1.5044738152191100e-02	0.0000000000000000e+00	1.0020846848736800e-02
1.5062191444711100e-02	0.0000000000000000e+00	1.0004167635086800e-02
1.5079644737231000e-02	0.0000000000000000e+00	9.9873885603047208e-03
1.5097098029750899e-02	0.0000000000000000e+00	9.9709208646492700e-03
1.5114551322270900e-02	0.0000000000000000e+00	9.9551664959291603e-03
1.5132004614790801e-02	0.0000000000000000e+00	9.9405085382624908e-03
1.5149457907310799e-02	0.0000000000000000e+00	9.9273022565538101e-03
1.5166911199830701e-02	0.0000000000000000e+00	9.9158668855098397e-03
1.5184364492350701e-02	0.0000000000000000e+00	9.9064783288507208e-03
1.5201817784870600e-02	0.0000000000000000e+00	9.8993628863653805e-03
1.5219271077390600e-02	0.0000000000000000e+00	9.8946921317414095e-03
1.5236724369910500e-02	0.0000000000000000e+00	9.8925790361238403e-03
1.5254177662430399e-02	0.0000000000000000e+00	9.8930753584808000e-03
1.5271630954950400e-02	0.0000000000000000e+00	9.8961704308914294e-03
1.5289084247470301e-02	0.0000000000000000e+00	9.9017912635064598e-03
1.5306537539990299e-02	0.0000000000000000e+00	9.9098040753803299e-03
1.5323990832510201e-02	0.0000000000000000e+00	9.9200171584192202e-03
1.5341444125030201e-02	0.0000000000000000e+00	9.9321850688199407e-03
1.5358897417550100e-02	0.0000000000000000e+00	9.9460140858791506e-03
1.5376350710070000e-02	0.0000000000000000e+00	9.9611688922830594e-03
1.5393804002590000e-02	0.0000000000000000e+00	9.9772803362220396e-03
1.5411257295109899e-02	0.0000000000000000e+00	9.9939540554979701e-03
1.5428710587629900e-02	0.0000000000000000e+00	1.0010779945261500e-02
1.5446163880149801e-02	0.0000000000000000e+00	1.0027342193104000e-02
1.5463617172669799e-02	0.0000000000000000e+00	1.0043229613022399e-02
1.5481070465189701e-02	0.0000000000000000e+00	1.0058046106252400e-02
1.5498523757709600e-02	0.0000000000000000e+00	1.0071420904801700e-02
1.5515977050229600e-02	0.0000000000000000e+00	1.0083018290468100e-02
1.5533430342749500e-02	0.0000000000000000e+00	1.0092546495290500e-02
1.5550883635269500e-02	0.0000000000000000e+00	1.0099765557116801e-02
1.5568336927789399e-02	0.0000000000000000e+00	1.0104493763752199e-02
1.5585790220309400e-02	0.0000000000000000e+00	1.0106612561568799e-02
1.5603243512829299e-02	0.0000000000000000e+00	1.0106069614010700e-02
1.5620696805349200e-02	0.0000000000000000e+00	1.0102880170345200e-02
1.5638150097869199e-02	0.0000000000000000e+00	1.0097126475820100e-02
1.5655603390389100e-02	0.0000000000000000e+00	1.0088955304088900e-02
1.5673056682909099e-02	0.0000000000000000e+00	1.0078573882750901e-02
1.5690509975429000e-02	0.0000000000000000e+00	1.0066244182074101e-02
1.5707963267949002e-02	0.0000000000000000e+00	1.0052275748138601e-02
1.5725416560468899e-02	0.0000000000000000e+00	1.0037017515358800e-02
1.5742869852988801e-02	0.0000000000000000e+00	1.0020848786871900e-02
1.5760323145508799e-02	0.0000000000000000e+00	1.0004169542710800e-02
1.5777776438028700e-02	0.0000000000000000e+00	9.9873904341496109e-03
1.5795229730548699e-02	0.0000000000000000e+00	9.9709227006755993e-03
1.5812683023068600e-02	0.0000000000000000e+00	9.9551682823044892e-03
1.5830136315588599e-02	0.0000000000000000e+00	9.9405102686624305e-03
1.5847589608108500e-02	0.0000000000000000e+00	9.9273039218685504e-03
1.5865042900628502e-02	0.0000000000000000e+00	9.9158684809460898e-03
1.5882496193148399e-02	0.0000000000000000e+00	9.9064798464245998e-03
1.5899949485668301e-02	0.0000000000000000e+00	9.8993643192563895e-03
1.5917402778188299e-02	0.0000000000000000e+00	9.8946934790043496e-03
1.5934856070708200e-02	0.0000000000000000e+00	9.8925802881152294e-03
1.5952309363228199e-02	0.0000000000000000e+00	9.8930765178956506e-03
1.5969762655748100e-02	0.0000000000000000e+00	9.8961714896835407e-03
1.5987215948268099e-02	0.0000000000000000e+00	9.9017922208859306e-03
1.6004669240788000e-02	0.0000000000000000e+00	9.9098049344543901e-03
1.6022122533307901e-02	0.0000000000000000e+00	9.9200179181155295e-03
1.6039575825827899e-02	0.0000000000000000e+00	9.9321857247255604e-03
1.6057029118347801e-02	0.0000000000000000e+00	9.9460146313944797e-03
1.6074482410867799e-02	0.0000000000000000e+00	9.9611693341194792e-03
1.6091935703387700e-02	0.0000000000000000e+00	9.9772806766684694e-03
1.6109388995907699e-02	0.0000000000000000e+00	9.9939542921235001e-03
1.6126842288427600e-02	0.0000000000000000e+00	1.0010780080052600e-02
1.6144295580947501e-02	0.0000000000000000e+00	1.0027342222611700e-02
1.6161748873467500e-02	0.0000000000000000e+00	1.0043229540061101e-02
1.6179202165987401e-02	0.0000000000000000e+00	1.0058045942185101e-02
1.6196655458507399e-02	0.0000000000000000e+00	1.0071420659787099e-02
1.6214108751027301e-02	0.0000000000000000e+00	1.0083017967250901e-02
1.6231562043547299e-02	0.0000000000000000e+00	1.0092546091319600e-02
1.6249015336067200e-02	0.0000000000000000e+00	1.0099765072617801e-02
1.6266468628587199e-02	0.0000000000000000e+00	1.0104493202675400e-02
1.6283921921107100e-02	0.0000000000000000e+00	1.0106611921623100e-02
1.6301375213627001e-02	0.0000000000000000e+00	1.0106068901122100e-02
1.6318828506147000e-02	0.0000000000000000e+00	1.0102879386512600e-02
1.6336281798666901e-02	0.0000000000000000e+00	1.0097125622150699e-02
1.6353735091186899e-02	0.0000000000000000e+00	1.0088954394874901e-02
1.6371188383706801e-02	0.0000000000000000e+00	1.0078572915177900e-02
1.6388641676226799e-02	0.0000000000000000e+00	1.0066243155436000e-02
1.6406094968746700e-02	0.0000000000000000e+00	1.0052274672200901e-02
1.6423548261266602e-02	0.0000000000000000e+00	1.0037016396596401e-02
1.6441001553786600e-02	0.0000000000000000e+00	1.0020847628360200e-02
1.6458454846306501e-02	0.0000000000000000e+00	1.0004168349642200e-02
1.6475908138826500e-02	0.0000000000000000e+00	9.9873892140864094e-03
1.6493361431346401e-02	0.0000000000000000e+00	9.9709214604896696e-03
1.6510814723866400e-02	0.0000000000000000e+00	9.9551670274898897e-03
1.6528268016386301e-02	0.0000000000000000e+00	9.9405090036814199e-03
1.6545721308906199e-02	0.0000000000000000e+00	9.9273026542295896e-03
1.6563174601426200e-02	0.0000000000000000e+00	9.9158672145140195e-03
1.6580627893946102e-02	0.0000000000000000e+00	9.9064785865479107e-03
1.6598081186466100e-02	0.0000000000000000e+00	9.8993630738646397e-03
1.6615534478986001e-02	0.0000000000000000e+00	9.8946922494248801e-03
1.6632987771506000e-02	0.0000000000000000e+00	9.8925790816547805e-03
1.6650441064025901e-02	0.0000000000000000e+00	9.8930753379483094e-03
1.6667894356545799e-02	0.0000000000000000e+00	9.8961703397040905e-03
1.6685347649065801e-02	0.0000000000000000e+00	9.9017911087543008e-03
1.6702800941585699e-02	0.0000000000000000e+00	9.9098038653352497e-03
1.6720254234105700e-02	0.0000000000000000e+00	9.9200169018532798e-03
1.6737707526625598e-02	0.0000000000000000e+00	9.9321847508835898e-03
1.6755160819145600e-02	0.0000000000000000e+00	9.9460137078132300e-03
1.6772614111665501e-02	0.0000000000000000e+00	9.9611684533544506e-03
1.6790067404185399e-02	0.0000000000000000e+00	9.9772798408102603e-03
1.6807520696705401e-02	0.0000000000000000e+00	9.9939535095692703e-03
1.6824973989225299e-02	0.0000000000000000e+00	1.0010779357148799e-02
1.6842427281745301e-02	0.0000000000000000e+00	1.0027341567521501e-02
1.6859880574265199e-02	0.0000000000000000e+00	1.0043228961629500e-02
1.6877333866785200e-02	0.0000000000000000e+00	1.0058045447230700e-02
1.6894787159305098e-02	0.0000000000000000e+00	1.0071420253761900e-02
1.6912240451825100e-02	0.0000000000000000e+00	1.0083017652360299e-02
1.6929693744345001e-02	0.0000000000000000e+00	1.0092545866897500e-02
1.6947147036864899e-02	0.0000000000000000e+00	1.0099764937974700e-02
1.6964600329384901e-02	0.0000000000000000e+00	1.0104493152968800e-02
1.6982053621904799e-02	0.0000000000000000e+00	1.0106611931873500e-02
1.6999506914424801e-02	0.0000000000000000e+00	1.0106068994455000e-02
1.7016960206944699e-02	0.0000000000000000e+00	1.0102879560352900e-02
1.7034413499464700e-02	0.0000000000000000e+00	1.0097125869560700e-02
1.7051866791984598e-02	0.0000000000000000e+00	1.0088954728548601e-02
1.7069320084504500e-02	0.0000000000000000e+00	1.0078573331858000e-02
1.7086773377024501e-02	0.0000000000000000e+00	1.0066243637262400e-02
1.7104226669544399e-02	0.0000000000000000e+00	1.0052275197268000e-02
1.7121679962064401e-02	0.0000000000000000e+00	1.0037016972745500e-02
1.7139133254584299e-02	0.0000000000000000e+00	1.0020848253719100e-02
1.7156586547104301e-02	0.0000000000000000e+00	1.0004169014292600e-02
1.7174039839624199e-02	0.0000000000000000e+00	9.9873899133330994e-03
1.7191493132144100e-02	0.0000000000000000e+00	9.9709221883662203e-03
1.7208946424664098e-02	0.0000000000000000e+00	9.9551677811071000e-03
1.7226399717184000e-02	0.0000000000000000e+00	9.9405097814526805e-03
1.7243853009704001e-02	0.0000000000000000e+00	9.9273034518376907e-03
1.7261306302223899e-02	0.0000000000000000e+00	9.9158680282779906e-03
1.7278759594743901e-02	0.0000000000000000e+00	9.9064794165877896e-03
1.7296212887263799e-02	0.0000000000000000e+00	9.8993639136829206e-03
1.7313666179783700e-02	0.0000000000000000e+00	9.8946930972830700e-03
1.7331119472303699e-02	0.0000000000000000e+00	9.8925799370285106e-03
1.7348572764823600e-02	0.0000000000000000e+00	9.8930761932978194e-03
1.7366026057343598e-02	0.0000000000000000e+00	9.8961711956613505e-03
1.7383479349863500e-02	0.0000000000000000e+00	9.9017919643527696e-03
1.7400932642383501e-02	0.0000000000000000e+00	9.9098047255447904e-03
1.7418385934903399e-02	0.0000000000000000e+00	9.9200177517717106e-03
1.7435839227423401e-02	0.0000000000000000e+00	9.9321855952199094e-03
1.7453292519943299e-02	0.0000000000000000e+00	9.9460145319783307e-03
1.7470745812463200e-02	0.0000000000000000e+00	9.9611692680200998e-03
1.7488199104983199e-02	0.0000000000000000e+00	9.9772806442571596e-03
1.7505652397503100e-02	0.0000000000000000e+00	9.9939542906066405e-03
1.7523105690023098e-02	0.0000000000000000e+00	1.0010780107800699e-02
1.7540558982543000e-02	0.0000000000000000e+00	1.0027342278179500e-02
1.7558012275063001e-02	0.0000000000000000e+00	1.0043229623633101e-02
1.7575465567582899e-02	0.0000000000000000e+00	1.0058046055177501e-02
1.7592918860102801e-02	0.0000000000000000e+00	1.0071420805859399e-02
1.7610372152622799e-02	0.0000000000000000e+00	1.0083018136684000e-02
1.7627825445142700e-02	0.0000000000000000e+00	1.0092546290185800e-02
1.7645278737662699e-02	0.0000000000000000e+00	1.0099765301895700e-02
1.7662732030182600e-02	0.0000000000000000e+00	1.0104493447085101e-02
1.7680185322702598e-02	0.0000000000000000e+00	1.0106612180667300e-02
1.7697638615222500e-02	0.0000000000000000e+00	1.0106069185893501e-02
1.7715091907742401e-02	0.0000000000000000e+00	1.0102879692439200e-02
1.7732545200262399e-02	0.0000000000000000e+00	1.0097125950297700e-02
1.7749998492782301e-02	0.0000000000000000e+00	1.0088954748455200e-02
1.7767451785302299e-02	0.0000000000000000e+00	1.0078573302549699e-02
1.7784905077822200e-02	0.0000000000000000e+00	1.0066243550787401e-02
1.7802358370342199e-02	0.0000000000000000e+00	1.0052275068983700e-02
1.7819811662862100e-02	0.0000000000000000e+00	1.0037016804250200e-02
1.7837264955382001e-02	0.0000000000000000e+00	1.0020848040945799e-02
1.7854718247902000e-02	0.0000000000000000e+00	1.0004168763486599e-02
1.7872171540421901e-02	0.0000000000000000e+00	9.9873896241963901e-03
1.7889624832941899e-02	0.0000000000000000e+00	9.9709218615457399e-03
1.7907078125461801e-02	0.0000000000000000e+00	9.9551674207550497e-03
1.7924531417981799e-02	0.0000000000000000e+00	9.9405093884217498e-03
1.7941984710501700e-02	0.0000000000000000e+00	9.9273030301981601e-03
1.7959438003021699e-02	0.0000000000000000e+00	9.9158675797026505e-03
1.7976891295541600e-02	0.0000000000000000e+00	9.9064789430953204e-03
1.7994344588061501e-02	0.0000000000000000e+00	9.8993634181377202e-03
1.8011797880581500e-02	0.0000000000000000e+00	9.8946925811616501e-03
1.8029251173101401e-02	0.0000000000000000e+00	9.8925794029500903e-03
1.8046704465621399e-02	0.0000000000000000e+00	9.8930756443752505e-03
1.8064157758141301e-02	0.0000000000000000e+00	9.8961706362616607e-03
1.8081611050661299e-02	0.0000000000000000e+00	9.9017913891334096e-03
1.8099064343181200e-02	0.0000000000000000e+00	9.9098041221225494e-03
1.8116517635701102e-02	0.0000000000000000e+00	9.9200171286703796e-03
1.8133970928221100e-02	0.0000000000000000e+00	9.9321849635479308e-03
1.8151424220741001e-02	0.0000000000000000e+00	9.9460139069521697e-03
1.8168877513261000e-02	0.0000000000000000e+00	9.9611686415131198e-03
1.8186330805780901e-02	0.0000000000000000e+00	9.9772800163144097e-03
1.8203784098300899e-02	0.0000000000000000e+00	9.9939536688979994e-03
1.8221237390820801e-02	0.0000000000000000e+00	1.0010779494794000e-02
1.8238690683340698e-02	0.0000000000000000e+00	1.0027341681634201e-02
1.8256143975860700e-02	0.0000000000000000e+00	1.0043229043277100e-02
1.8273597268380602e-02	0.0000000000000000e+00	1.0058045481412901e-02
1.8291050560900600e-02	0.0000000000000000e+00	1.0071420228776599e-02
1.8308503853420501e-02	0.0000000000000000e+00	1.0083017566003700e-02
1.8325957145940500e-02	0.0000000000000000e+00	1.0092545726524601e-02
1.8343410438460401e-02	0.0000000000000000e+00	1.0099764748959799e-02
1.8360863730980299e-02	0.0000000000000000e+00	1.0104492918419699e-02
1.8378317023500301e-02	0.0000000000000000e+00	1.0106611682830001e-02
1.8395770316020198e-02	0.0000000000000000e+00	1.0106068704000401e-02
1.8413223608540200e-02	0.0000000000000000e+00	1.0102879233896300e-02
1.8430676901060102e-02	0.0000000000000000e+00	1.0097125516701600e-02
1.8448130193580100e-02	0.0000000000000000e+00	1.0088954327617800e-02
1.8465583486100001e-02	0.0000000000000000e+00	1.0078572892620799e-02
1.8483036778619899e-02	0.0000000000000000e+00	1.0066243182238799e-02
1.8500490071139901e-02	0.0000000000000000e+00	1.0052274744551301e-02
1.8517943363659799e-02	0.0000000000000000e+00	1.0037016512045201e-02
1.8535396656179801e-02	0.0000000000000000e+00	1.0020847788092200e-02
1.8552849948699698e-02	0.0000000000000000e+00	1.0004168558426100e-02
1.8570303241219700e-02	0.0000000000000000e+00	9.9873894604302505e-03
1.8587756533739602e-02	0.0000000000000000e+00	9.9709217380656197e-03
1.8605209826259600e-02	0.0000000000000000e+00	9.9551673395670299e-03
1.8622663118779501e-02	0.0000000000000000e+00	9.9405093497660600e-03
1.8640116411299399e-02	0.0000000000000000e+00	9.9273030305582297e-03
1.8657569703819401e-02	0.0000000000000000e+00	9.9158676225389805e-03
1.8675022996339299e-02	0.0000000000000000e+00	9.9064790235401205e-03
1.8692476288859301e-02	0.0000000000000000e+00	9.8993635384745007e-03
1.8709929581379198e-02	0.0000000000000000e+00	9.8946927386411795e-03
1.8727382873899200e-02	0.0000000000000000e+00	9.8925795946079292e-03
1.8744836166419102e-02	0.0000000000000000e+00	9.8930758690396001e-03
1.8762289458938999e-02	0.0000000000000000e+00	9.8961708896231106e-03
1.8779742751459001e-02	0.0000000000000000e+00	9.9017916727368194e-03
1.8797196043978899e-02	0.0000000000000000e+00	9.9098044302193405e-03
1.8814649336498901e-02	0.0000000000000000e+00	9.9200174562956000e-03
1.8832102629018799e-02	0.0000000000000000e+00	9.9321853026947300e-03
1.8849555921538801e-02	0.0000000000000000e+00	9.9460142643536496e-03
1.8867009214058698e-02	0.0000000000000000e+00	9.9611690166972501e-03
1.8884462506578600e-02	0.0000000000000000e+00	9.9772804102405098e-03
1.8901915799098602e-02	0.0000000000000000e+00	9.9939540792624206e-03
1.8919369091618499e-02	0.0000000000000000e+00	1.0010779922956301e-02
1.8936822384138501e-02	0.0000000000000000e+00	1.0027342124023699e-02
1.8954275676658399e-02	0.0000000000000000e+00	1.0043229497196500e-02
1.8971728969178401e-02	0.0000000000000000e+00	1.0058045944306100e-02
1.8989182261698299e-02	0.0000000000000000e+00	1.0071420701458500e-02
1.9006635554218200e-02	0.0000000000000000e+00	1.0083018040582000e-02
1.9024088846738198e-02	0.0000000000000000e+00	1.0092546207337599e-02
1.9041542139258100e-02	0.0000000000000000e+00	1.0099765232004700e-02
1.9058995431778102e-02	0.0000000000000000e+00	1.0104493404987199e-02
1.9076448724297999e-02	0.0000000000000000e+00	1.0106612171685901e-02
1.9093902016818001e-02	0.0000000000000000e+00	1.0106069189804900e-02
1.9111355309337899e-02	0.0000000000000000e+00	1.0102879710450400e-02
1.9128808601857800e-02	0.0000000000000000e+00	1.0097125981813100e-02
1.9146261894377799e-02	0.0000000000000000e+00	1.0088954767699901e-02
1.9163715186897700e-02	0.0000000000000000e+00	1.0078573321907900e-02
1.9181168479417698e-02	0.0000000000000000e+00	1.0066243604825199e-02
1.9198621771937600e-02	0.0000000000000000e+00	1.0052275145980401e-02
1.9216075064457602e-02	0.0000000000000000e+00	1.0037016897977299e-02
1.9233528356977499e-02	0.0000000000000000e+00	1.0020848159909401e-02
1.9250981649497501e-02	0.0000000000000000e+00	1.0004168907259400e-02
1.9268434942017399e-02	0.0000000000000000e+00	9.9873897959204504e-03
1.9285888234537300e-02	0.0000000000000000e+00	9.9709220620348305e-03
1.9303341527057299e-02	0.0000000000000000e+00	9.9551676462119598e-03
1.9320794819577200e-02	0.0000000000000000e+00	9.9405096397308396e-03
1.9338248112097198e-02	0.0000000000000000e+00	9.9273033023913899e-03
1.9355701404617100e-02	0.0000000000000000e+00	9.9158678740577499e-03
1.9373154697137102e-02	0.0000000000000000e+00	9.9064792541305093e-03
1.9390607989656999e-02	0.0000000000000000e+00	9.8993637458695393e-03
1.9408061282176901e-02	0.0000000000000000e+00	9.8946929238167593e-03
1.9425514574696899e-02	0.0000000000000000e+00	9.8925797534547000e-03
1.9442967867216800e-02	0.0000000000000000e+00	9.8930760066026392e-03
1.9460421159736799e-02	0.0000000000000000e+00	9.8961710019353100e-03
1.9477874452256700e-02	0.0000000000000000e+00	9.9017917623509897e-03
1.9495327744776698e-02	0.0000000000000000e+00	9.9098044959334500e-03
1.9512781037296600e-02	0.0000000000000000e+00	9.9200174982178504e-03
1.9530234329816501e-02	0.0000000000000000e+00	9.9321853216323298e-03
1.9547687622336499e-02	0.0000000000000000e+00	9.9460142574787896e-03
1.9565140914856401e-02	0.0000000000000000e+00	9.9611689870642405e-03
1.9582594207376399e-02	0.0000000000000000e+00	9.9772803584548906e-03
1.9600047499896300e-02	0.0000000000000000e+00	9.9939540051319792e-03
1.9617500792416299e-02	0.0000000000000000e+00	1.0010779826835500e-02
1.9634954084936200e-02	0.0000000000000000e+00	1.0027342005774299e-02
1.9652407377456101e-02	0.0000000000000000e+00	1.0043229357964400e-02
1.9669860669976100e-02	0.0000000000000000e+00	1.0058045789169400e-02
1.9687313962496001e-02	0.0000000000000000e+00	1.0071420532171299e-02
1.9704767255015999e-02	0.0000000000000000e+00	1.0083017861004099e-02
1.9722220547535901e-02	0.0000000000000000e+00	1.0092546019128300e-02
1.9739673840055899e-02	0.0000000000000000e+00	1.0099765026236600e-02
1.9757127132575800e-02	0.0000000000000000e+00	1.0104493176465100e-02
1.9774580425095799e-02	0.0000000000000000e+00	1.0106611921724100e-02
1.9792033717615700e-02	0.0000000000000000e+00	1.0106068935500600e-02
1.9809487010135601e-02	0.0000000000000000e+00	1.0102879449304400e-02
1.9826940302655600e-02	0.0000000000000000e+00	1.0097125717647501e-02
1.9844393595175501e-02	0.0000000000000000e+00	1.0088954526155399e-02
1.9861846887695499e-02	0.0000000000000000e+00	1.0078573086724401e-02
1.9879300180215401e-02	0.0000000000000000e+00	1.0066243351530601e-02
1.9896753472735399e-02	0.0000000000000000e+00	1.0052274888837399e-02
1.9914206765255300e-02	0.0000000000000000e+00	1.0037016641534601e-02
1.9931660057775202e-02	0.0000000000000000e+00	1.0020847894260399e-02
1.9949113350295200e-02	0.0000000000000000e+00	1.0004168636642699e-02
1.9966566642815101e-02	0.0000000000000000e+00	9.9873895156281905e-03
1.9984019935335100e-02	0.0000000000000000e+00	9.9709217710543096e-03
2.0001473227855001e-02	0.0000000000000000e+00	9.9551673496494596e-03
2.0018926520374999e-02	0.0000000000000000e+00	9.9405093364925701e-03
2.0036379812894901e-02	0.0000000000000000e+00	9.9273029975141293e-03
2.0053833105414798e-02	0.0000000000000000e+00	9.9158675661440397e-03
2.0071286397934800e-02	0.0000000000000000e+00	9.9064789486287604e-03
2.0088739690454702e-02	0.0000000000000000e+00	9.8993634420526996e-03
2.0106192982974700e-02	0.0000000000000000e+00	9.8946926238141393e-03
2.0123646275494601e-02	0.0000000000000000e+00	9.8925794621929491e-03
2.0141099568014600e-02	0.0000000000000000e+00	9.8930757187953994e-03
2.0158552860534501e-02	0.0000000000000000e+00	9.8961707257153100e-03
2.0176006153054399e-02	0.0000000000000000e+00	9.9017914919788206e-03
2.0193459445574401e-02	0.0000000000000000e+00	9.9098042389379696e-03
2.0210912738094299e-02	0.0000000000000000e+00	9.9200172538005203e-03
2.0228366030614300e-02	0.0000000000000000e+00	9.9321850971721796e-03
2.0245819323134202e-02	0.0000000000000000e+00	9.9460140492581908e-03
2.0263272615654200e-02	0.0000000000000000e+00	9.9611687947438205e-03
2.0280725908174101e-02	0.0000000000000000e+00	9.9772801789344608e-03
2.0298179200694100e-02	0.0000000000000000e+00	9.9939538402132704e-03
2.0315632493214001e-02	0.0000000000000000e+00	1.0010779674173799e-02
2.0333085785733899e-02	0.0000000000000000e+00	1.0027341868301200e-02
2.0350539078253901e-02	0.0000000000000000e+00	1.0043229236678100e-02
2.0367992370773799e-02	0.0000000000000000e+00	1.0058045680472701e-02
2.0385445663293800e-02	0.0000000000000000e+00	1.0071420431343800e-02
2.0402898955813702e-02	0.0000000000000000e+00	1.0083017772143901e-02
2.0420352248333700e-02	0.0000000000000000e+00	1.0092545934168799e-02
2.0437805540853601e-02	0.0000000000000000e+00	1.0099764954801501e-02
2.0455258833373499e-02	0.0000000000000000e+00	1.0104493123976000e-02
2.0472712125893501e-02	0.0000000000000000e+00	1.0106611885825600e-02
2.0490165418413399e-02	0.0000000000000000e+00	1.0106068908310501e-02
2.0507618710933401e-02	0.0000000000000000e+00	1.0102879437199201e-02
2.0525072003453299e-02	0.0000000000000000e+00	1.0097125717373300e-02
2.0542525295973300e-02	0.0000000000000000e+00	1.0088954530751700e-02
2.0559978588493202e-02	0.0000000000000000e+00	1.0078573093656401e-02
2.0577431881013099e-02	0.0000000000000000e+00	1.0066243377581399e-02
2.0594885173533101e-02	0.0000000000000000e+00	1.0052274935433200e-02
2.0612338466052999e-02	0.0000000000000000e+00	1.0037016696985800e-02
2.0629791758573001e-02	0.0000000000000000e+00	1.0020847965521600e-02
2.0647245051092899e-02	0.0000000000000000e+00	1.0004168721538200e-02
2.0664698343612901e-02	0.0000000000000000e+00	9.9873896174629898e-03
2.0682151636132799e-02	0.0000000000000000e+00	9.9709218933073801e-03
2.0699604928652700e-02	0.0000000000000000e+00	9.9551674883033292e-03
2.0717058221172702e-02	0.0000000000000000e+00	9.9405094903385598e-03
2.0734511513692599e-02	0.0000000000000000e+00	9.9273031651374508e-03
2.0751964806212601e-02	0.0000000000000000e+00	9.9158677466907406e-03
2.0769418098732499e-02	0.0000000000000000e+00	9.9064791377947402e-03
2.0786871391252501e-02	0.0000000000000000e+00	9.8993636423159500e-03
2.0804324683772399e-02	0.0000000000000000e+00	9.8946928311752693e-03
2.0821777976292300e-02	0.0000000000000000e+00	9.8925796759542807e-03
2.0839231268812299e-02	0.0000000000000000e+00	9.8930759385286605e-03
2.0856684561332200e-02	0.0000000000000000e+00	9.8961709473279792e-03
2.0874137853852202e-02	0.0000000000000000e+00	9.9017917181762997e-03
2.0891591146372099e-02	0.0000000000000000e+00	9.9098044640781105e-03
2.0909044438892101e-02	0.0000000000000000e+00	9.9200174869601507e-03
2.0926497731411999e-02	0.0000000000000000e+00	9.9321853301717593e-03
2.0943951023932001e-02	0.0000000000000000e+00	9.9460142776931597e-03
