0.0000000000000000e+00	0.0000000000000000e+00	0.0000000000000000e+00
1.7453292519943300e-05	0.0000000000000000e+00	7.6465133352289147e-04
3.4906585039886600e-05	0.0000000000000000e+00	4.7993744441000852e-04
5.2359877559829903e-05	0.0000000000000000e+00	3.5063532067375336e-04
6.9813170079773199e-05	0.0000000000000000e+00	3.1484592688169055e-04
8.7266462599716496e-05	0.0000000000000000e+00	2.8698251326475521e-04
1.0471975511966000e-04	0.0000000000000000e+00	2.4063071840840777e-04
1.2217304763960301e-04	0.0000000000000000e+00	2.0948623692351731e-04
1.3962634015954599e-04	0.0000000000000000e+00	1.8972467407607496e-04
1.5707963267949001e-04	0.0000000000000000e+00	1.6378505495495688e-04
1.7453292519943299e-04	0.0000000000000000e+00	1.4362868207840052e-04
1.9198621771937600e-04	0.0000000000000000e+00	1.3637594893367577e-04
2.0943951023931999e-04	0.0000000000000000e+00	1.3137731719581325e-04
2.2689280275926300e-04	0.0000000000000000e+00	1.2947421461007025e-04
2.4434609527920601e-04	0.0000000000000000e+00	1.2988921812961962e-04
2.6179938779914903e-04	0.0000000000000000e+00	1.3753192988730234e-04
2.7925268031909301e-04	0.0000000000000000e+00	1.5963841353539010e-04
2.9670597283903603e-04	0.0000000000000000e+00	1.4726895045669153e-04
3.1415926535897898e-04	0.0000000000000000e+00	1.4568401581982471e-04
3.3161255787892303e-04	0.0000000000000000e+00	1.3587120770353067e-04
3.4906585039886598e-04	0.0000000000000000e+00	1.1861421575076747e-04
3.6651914291880900e-04	0.0000000000000000e+00	9.7499954037516545e-05
3.8397243543875201e-04	0.0000000000000000e+00	2.0102796523957522e-04
4.0142572795869599e-04	0.0000000000000000e+00	3.1303569562624034e-04
4.1887902047863901e-04	0.0000000000000000e+00	4.8635838489019534e-04
4.3633231299858202e-04	0.0000000000000000e+00	6.0268489956172289e-04
4.5378560551852601e-04	0.0000000000000000e+00	6.9260449910757416e-04
4.7123889803846902e-04	0.0000000000000000e+00	7.8612939498157175e-04
4.8869219055841203e-04	0.0000000000000000e+00	9.1462495319660775e-04
5.0614548307835602e-04	0.0000000000000000e+00	1.0383764139305640e-03
5.2359877559829903e-04	0.0000000000000000e+00	1.1288997507108434e-03
5.4105206811824204e-04	0.0000000000000000e+00	1.1762126222834013e-03
5.5850536063818505e-04	0.0000000000000000e+00	1.1570389838198025e-03
5.7595865315812904e-04	0.0000000000000000e+00	1.1438788382065468e-03
5.9341194567807205e-04	0.0000000000000000e+00	1.0110607106526004e-03
6.1086523819801496e-04	0.0000000000000000e+00	7.7409736240952043e-04
6.2831853071795905e-04	0.0000000000000000e+00	7.1604693812332698e-04
6.4577182323790196e-04	0.0000000000000000e+00	5.1885951029362332e-04
6.6322511575784497e-04	0.0000000000000000e+00	5.5337389198939491e-04
6.8067840827778798e-04	0.0000000000000000e+00	9.1273536918379250e-04
6.9813170079773197e-04	0.0000000000000000e+00	1.5786319917197034e-03
7.1558499331767498e-04	0.0000000000000000e+00	1.5322060395988046e-03
7.3303828583761799e-04	0.0000000000000000e+00	1.7899563948162722e-03
7.5049157835756198e-04	0.0000000000000000e+00	1.9463904475571780e-03
7.6794487087750499e-04	0.0000000000000000e+00	1.8614070846183495e-03
7.8539816339744800e-04	0.0000000000000000e+00	1.6434873744017864e-03
8.0285145591739199e-04	0.0000000000000000e+00	1.4877055623401247e-03
8.2030474843733500e-04	0.0000000000000000e+00	1.3055882086518977e-03
8.3775804095727801e-04	0.0000000000000000e+00	1.0978893122910449e-03
8.5521133347722102e-04	0.0000000000000000e+00	1.0028045468857272e-03
8.7266462599716501e-04	0.0000000000000000e+00	9.0440178223616385e-04
8.9011791851710802e-04	0.0000000000000000e+00	9.8833723200186796e-04
9.0757121103705104e-04	0.0000000000000000e+00	8.2156822639944949e-04
9.2502450355699502e-04	0.0000000000000000e+00	7.1360795453756509e-04
9.4247779607693804e-04	0.0000000000000000e+00	1.5473458724954980e-03
9.5993108859688105e-04	0.0000000000000000e+00	4.1514546057896951e-03
9.7738438111682406e-04	0.0000000000000000e+00	5.9164449796753615e-03
9.9483767363676805e-04	0.0000000000000000e+00	5.9741151976595575e-03
1.0122909661567101e-03	0.0000000000000000e+00	5.8469356176829024e-03
1.0297442586766500e-03	0.0000000000000000e+00	6.8152485616792546e-03
1.0471975511966000e-03	0.0000000000000000e+00	7.5985293178746360e-03
1.0646508437165401e-03	0.0000000000000000e+00	8.2360414842241880e-03
1.0821041362364800e-03	0.0000000000000000e+00	6.2219213273237983e-03
1.0995574287564300e-03	0.0000000000000000e+00	4.8946977476589382e-03
1.1170107212763701e-03	0.0000000000000000e+00	3.5316572107149113e-03
1.1344640137963100e-03	0.0000000000000000e+00	2.4420912025888697e-03
1.1519173063162600e-03	0.0000000000000000e+00	1.4713730427047267e-03
1.1693705988361999e-03	0.0000000000000000e+00	6.9328618667441333e-04
1.1868238913561400e-03	0.0000000000000000e+00	2.7550418508326402e-04
1.2042771838760900e-03	0.0000000000000000e+00	5.7728720003069611e-04
1.2217304763960299e-03	0.0000000000000000e+00	9.8615786919253878e-04
1.2391837689159700e-03	0.0000000000000000e+00	1.3039778236816346e-03
1.2566370614359201e-03	0.0000000000000000e+00	1.5682625253248261e-03
1.2740903539558599e-03	0.0000000000000000e+00	1.6578606378061522e-03
1.2915436464758000e-03	0.0000000000000000e+00	2.1279809134284733e-03
1.3089969389957501e-03	0.0000000000000000e+00	2.6687634340305522e-03
1.3264502315156899e-03	0.0000000000000000e+00	3.2728222545301833e-03
1.3439035240356300e-03	0.0000000000000000e+00	3.0525580327775970e-03
1.3613568165555801e-03	0.0000000000000000e+00	6.4386702858882927e-03
1.3788101090755199e-03	0.0000000000000000e+00	6.3328477467621269e-03
1.3962634015954600e-03	0.0000000000000000e+00	6.5740196450860822e-03
1.4137166941154101e-03	0.0000000000000000e+00	8.3713590422576090e-03
1.4311699866353500e-03	0.0000000000000000e+00	5.9588327294477494e-03
1.4486232791552900e-03	0.0000000000000000e+00	5.0099845472004745e-03
1.4660765716752401e-03	0.0000000000000000e+00	4.1025430319905354e-03
1.4835298641951800e-03	0.0000000000000000e+00	2.8630209413904595e-03
1.5009831567151201e-03	0.0000000000000000e+00	2.7240794335057217e-03
1.5184364492350699e-03	0.0000000000000000e+00	2.4191440909362427e-03
1.5358897417550100e-03	0.0000000000000000e+00	2.1801868509783162e-03
1.5533430342749501e-03	0.0000000000000000e+00	1.9053117189287150e-03
1.5707963267948999e-03	0.0000000000000000e+00	2.1140427220416314e-03
1.5882496193148400e-03	0.0000000000000000e+00	2.8197302908665733e-03
1.6057029118347801e-03	0.0000000000000000e+00	3.3832077115221182e-03
1.6231562043547299e-03	0.0000000000000000e+00	3.4038992880596197e-03
1.6406094968746700e-03	0.0000000000000000e+00	2.8527185522762011e-03
1.6580627893946101e-03	0.0000000000000000e+00	3.2681682305337745e-03
1.6755160819145599e-03	0.0000000000000000e+00	4.7791676433917019e-03
1.6929693744345000e-03	0.0000000000000000e+00	7.1116501640062779e-03
1.7104226669544401e-03	0.0000000000000000e+00	7.6041994234401500e-03
1.7278759594743899e-03	0.0000000000000000e+00	1.0338621798837266e-02
1.7453292519943300e-03	0.0000000000000000e+00	9.0743198161362670e-03
1.7627825445142699e-03	0.0000000000000000e+00	6.6539876288516098e-03
1.7802358370342200e-03	0.0000000000000000e+00	3.9122807888816169e-03
1.7976891295541600e-03	0.0000000000000000e+00	3.4036436551332372e-03
1.8151424220740999e-03	0.0000000000000000e+00	2.5462915849061574e-03
1.8325957145940500e-03	0.0000000000000000e+00	2.6434059606117444e-03
1.8500490071139900e-03	0.0000000000000000e+00	2.4884668977165347e-03
1.8675022996339299e-03	0.0000000000000000e+00	2.1891723017688491e-03
1.8849555921538800e-03	0.0000000000000000e+00	2.7822328097499849e-03
1.9024088846738201e-03	0.0000000000000000e+00	3.3201674591509800e-03
1.9198621771937599e-03	0.0000000000000000e+00	3.7381808288046159e-03
1.9373154697137100e-03	0.0000000000000000e+00	3.7167634054640075e-03
1.9547687622336499e-03	0.0000000000000000e+00	3.7753335545858135e-03
1.9722220547535902e-03	0.0000000000000000e+00	3.7678119215343031e-03
1.9896753472735400e-03	0.0000000000000000e+00	3.5528085986697988e-03
2.0071286397934799e-03	0.0000000000000000e+00	5.3170154715189710e-03
2.0245819323134202e-03	0.0000000000000000e+00	5.9291278457749286e-03
2.0420352248333700e-03	0.0000000000000000e+00	7.1979709537117742e-03
2.0594885173533099e-03	0.0000000000000000e+00	1.3633431411108177e-02
2.0769418098732502e-03	0.0000000000000000e+00	1.8061126410430006e-02
2.0943951023932000e-03	0.0000000000000000e+00	2.2330820331717405e-02
2.1118483949131399e-03	0.0000000000000000e+00	1.0971563149269059e-02
2.1293016874330802e-03	0.0000000000000000e+00	8.6965564605634427e-03
2.1467549799530201e-03	0.0000000000000000e+00	6.2100340096549189e-03
2.1642082724729699e-03	0.0000000000000000e+00	3.8644879602998117e-03
2.1816615649929102e-03	0.0000000000000000e+00	2.2319378103361487e-03
2.1991148575128501e-03	0.0000000000000000e+00	9.1669360080004481e-04
2.2165681500327999e-03	0.0000000000000000e+00	1.2324260897003114e-03
2.2340214425527402e-03	0.0000000000000000e+00	1.7254964350286173e-03
2.2514747350726801e-03	0.0000000000000000e+00	2.9508955312849139e-03
2.2689280275926299e-03	0.0000000000000000e+00	4.1084213034991990e-03
2.2863813201125698e-03	0.0000000000000000e+00	4.5014141032879706e-03
2.3038346126325101e-03	0.0000000000000000e+00	4.6417664561886340e-03
2.3212879051524599e-03	0.0000000000000000e+00	4.2546233253233368e-03
2.3387411976723998e-03	0.0000000000000000e+00	2.6219978740300576e-03
2.3561944901923401e-03	0.0000000000000000e+00	5.8546526706777513e-03
2.3736477827122899e-03	0.0000000000000000e+00	4.5353228349540586e-03
2.3911010752322298e-03	0.0000000000000000e+00	5.2487900768483087e-03
2.4085543677521701e-03	0.0000000000000000e+00	1.2140068413827976e-02
2.4260076602721200e-03	0.0000000000000000e+00	1.2928442658449057e-02
2.4434609527920598e-03	0.0000000000000000e+00	2.2173856150686788e-02
2.4609142453120001e-03	0.0000000000000000e+00	7.5491818424779922e-03
2.4783675378319500e-03	0.0000000000000000e+00	4.6198823729355354e-03
2.4958208303518898e-03	0.0000000000000000e+00	5.3823534133812245e-03
2.5132741228718301e-03	0.0000000000000000e+00	3.1391141606036399e-03
2.5307274153917800e-03	0.0000000000000000e+00	2.8056495241344237e-03
2.5481807079117198e-03	0.0000000000000000e+00	3.5861567948813899e-03
2.5656340004316601e-03	0.0000000000000000e+00	4.1300162674815510e-03
2.5830872929516100e-03	0.0000000000000000e+00	4.4317575293462141e-03
2.6005405854715499e-03	0.0000000000000000e+00	4.9123317903649877e-03
2.6179938779914902e-03	0.0000000000000000e+00	5.1486677930370206e-03
2.6354471705114400e-03	0.0000000000000000e+00	5.2696218153869268e-03
2.6529004630313799e-03	0.0000000000000000e+00	5.1772807128145359e-03
2.6703537555513202e-03	0.0000000000000000e+00	4.3256644221401075e-03
2.6878070480712700e-03	0.0000000000000000e+00	3.4729873896139907e-03
2.7052603405912099e-03	0.0000000000000000e+00	2.8486530045483960e-03
2.7227136331111502e-03	0.0000000000000000e+00	6.6548983104439685e-03
2.7401669256311000e-03	0.0000000000000000e+00	1.0119796372237033e-02
2.7576202181510399e-03	0.0000000000000000e+00	1.5989782106771600e-02
2.7750735106709802e-03	0.0000000000000000e+00	2.1036673442722531e-02
2.7925268031909300e-03	0.0000000000000000e+00	2.4130179536768992e-02
2.8099800957108699e-03	0.0000000000000000e+00	1.7345749928608711e-02
2.8274333882308102e-03	0.0000000000000000e+00	1.4356720454998140e-02
2.8448866807507600e-03	0.0000000000000000e+00	1.1508083081480436e-02
2.8623399732706999e-03	0.0000000000000000e+00	6.5376841948534548e-03
2.8797932657906402e-03	0.0000000000000000e+00	3.6664450326497899e-03
2.8972465583105901e-03	0.0000000000000000e+00	2.4048063967256894e-03
2.9146998508305299e-03	0.0000000000000000e+00	2.6755418257380370e-03
2.9321531433504698e-03	0.0000000000000000e+00	4.4937390075574513e-03
2.9496064358704201e-03	0.0000000000000000e+00	6.1723636354145128e-03
2.9670597283903599e-03	0.0000000000000000e+00	5.4187782261578832e-03
2.9845130209102998e-03	0.0000000000000000e+00	4.8787232253744151e-03
3.0019663134302501e-03	0.0000000000000000e+00	4.9215797416763962e-03
3.0194196059501899e-03	0.0000000000000000e+00	4.3149370967512368e-03
3.0368728984701298e-03	0.0000000000000000e+00	3.7908793790393247e-03
3.0543261909900801e-03	0.0000000000000000e+00	5.1621906604850665e-03
3.0717794835100200e-03	0.0000000000000000e+00	1.5857918698202411e-02
3.0892327760299598e-03	0.0000000000000000e+00	1.2921847499455907e-02
3.1066860685499101e-03	0.0000000000000000e+00	9.2397528487708769e-03
3.1241393610698500e-03	0.0000000000000000e+00	1.3129801591276191e-02
3.1415926535897898e-03	0.0000000000000000e+00	1.0337473109757411e-02
3.1590459461097401e-03	0.0000000000000000e+00	6.9865378100075759e-03
3.1764992386296800e-03	0.0000000000000000e+00	5.7127032100510178e-03
3.1939525311496198e-03	0.0000000000000000e+00	4.6987713991484270e-03
3.2114058236695701e-03	0.0000000000000000e+00	4.0855790723526297e-03
3.2288591161895100e-03	0.0000000000000000e+00	2.6195327804998669e-03
3.2463124087094499e-03	0.0000000000000000e+00	3.8534359118784778e-03
3.2637657012294001e-03	0.0000000000000000e+00	4.8705445806263015e-03
3.2812189937493400e-03	0.0000000000000000e+00	5.5553364527440863e-03
3.2986722862692799e-03	0.0000000000000000e+00	5.7785167664405890e-03
3.3161255787892301e-03	0.0000000000000000e+00	5.9816476314153988e-03
3.3335788713091700e-03	0.0000000000000000e+00	6.1995755986572476e-03
3.3510321638291099e-03	0.0000000000000000e+00	5.8552471436996711e-03
3.3684854563490602e-03	0.0000000000000000e+00	5.4615164426650153e-03
3.3859387488690000e-03	0.0000000000000000e+00	5.2003946807417378e-03
3.4033920413889399e-03	0.0000000000000000e+00	7.5526460786932148e-03
3.4208453339088902e-03	0.0000000000000000e+00	1.5606420103722485e-02
3.4382986264288300e-03	0.0000000000000000e+00	1.1827108339048209e-02
3.4557519189487699e-03	0.0000000000000000e+00	9.6517485171716544e-03
3.4732052114687202e-03	0.0000000000000000e+00	1.4152638592349831e-02
3.4906585039886600e-03	0.0000000000000000e+00	1.8277744229635573e-02
3.5081117965085999e-03	0.0000000000000000e+00	1.4181319016643101e-02
3.5255650890285502e-03	0.0000000000000000e+00	1.1136799636915384e-02
3.5430183815484901e-03	0.0000000000000000e+00	7.2971951269664714e-03
3.5604716740684299e-03	0.0000000000000000e+00	4.5063373548828167e-03
3.5779249665883698e-03	0.0000000000000000e+00	5.6099717385222903e-03
3.5953782591083201e-03	0.0000000000000000e+00	4.7825136316532735e-03
3.6128315516282599e-03	0.0000000000000000e+00	4.6022719798202161e-03
3.6302848441482102e-03	0.0000000000000000e+00	7.0502972703252453e-03
3.6477381366681501e-03	0.0000000000000000e+00	1.1516742775711464e-02
3.6651914291880900e-03	0.0000000000000000e+00	1.6973613366644713e-02
3.6826447217080398e-03	0.0000000000000000e+00	1.0624509701301577e-02
3.7000980142279801e-03	0.0000000000000000e+00	4.0373046103923116e-03
3.7175513067479200e-03	0.0000000000000000e+00	8.4754348390561063e-03
3.7350045992678598e-03	0.0000000000000000e+00	1.4184437895892188e-02
3.7524578917878101e-03	0.0000000000000000e+00	1.4160793134578853e-02
3.7699111843077500e-03	0.0000000000000000e+00	9.5488851038680878e-03
3.7873644768276998e-03	0.0000000000000000e+00	1.8094117902819562e-02
3.8048177693476401e-03	0.0000000000000000e+00	1.6807361284008948e-02
3.8222710618675800e-03	0.0000000000000000e+00	1.2579237631143769e-02
3.8397243543875199e-03	0.0000000000000000e+00	1.6717603390588920e-02
3.8571776469074701e-03	0.0000000000000000e+00	5.1522914235135886e-03
3.8746309394274100e-03	0.0000000000000000e+00	1.3471861842276667e-02
3.8920842319473499e-03	0.0000000000000000e+00	3.1946292606335192e-03
3.9095375244672997e-03	0.0000000000000000e+00	2.2946201474951522e-03
3.9269908169872400e-03	0.0000000000000000e+00	1.8168615029026114e-03
3.9444441095071803e-03	0.0000000000000000e+00	2.0232266601851734e-03
3.9618974020271302e-03	0.0000000000000000e+00	2.5305531607955345e-03
3.9793506945470696e-03	0.0000000000000000e+00	3.0602206079493044e-03
3.9968039870670099e-03	0.0000000000000000e+00	5.1484918287769688e-03
4.0142572795869597e-03	0.0000000000000000e+00	4.9821786142274505e-03
4.0317105721069000e-03	0.0000000000000000e+00	5.3834226093840698e-03
4.0491638646268403e-03	0.0000000000000000e+00	3.8749833558995306e-03
4.0666171571467902e-03	0.0000000000000000e+00	9.6950421325345815e-03
4.0840704496667296e-03	0.0000000000000000e+00	6.9451129731987749e-03
4.1015237421866699e-03	0.0000000000000000e+00	7.7123326693708805e-03
4.1189770347066198e-03	0.0000000000000000e+00	1.9345493357832311e-02
4.1364303272265601e-03	0.0000000000000000e+00	2.9207361480075633e-02
4.1538836197465004e-03	0.0000000000000000e+00	3.4787995453370968e-02
4.1713369122664502e-03	0.0000000000000000e+00	3.4509916231399984e-02
4.1887902047863896e-03	0.0000000000000000e+00	2.8673231263383059e-02
4.2062434973063299e-03	0.0000000000000000e+00	2.1282484057337570e-02
4.2236967898262798e-03	0.0000000000000000e+00	1.4549622018421360e-02
4.2411500823462201e-03	0.0000000000000000e+00	9.6508038072897762e-03
4.2586033748661604e-03	0.0000000000000000e+00	8.0651868925087911e-03
4.2760566673861102e-03	0.0000000000000000e+00	6.4348437880425990e-03
4.2935099599060497e-03	0.0000000000000000e+00	4.0393920571091257e-03
4.3109632524259900e-03	0.0000000000000000e+00	6.6409190094418591e-03
4.3284165449459398e-03	0.0000000000000000e+00	8.3540467589955369e-03
4.3458698374658801e-03	0.0000000000000000e+00	7.1118712176030385e-03
4.3633231299858204e-03	0.0000000000000000e+00	6.6622849794839567e-03
4.3807764225057702e-03	0.0000000000000000e+00	8.5252828539523762e-03
4.3982297150257097e-03	0.0000000000000000e+00	1.7039094800566090e-02
4.4156830075456500e-03	0.0000000000000000e+00	1.8850333759473870e-02
4.4331363000655998e-03	0.0000000000000000e+00	1.8262710360431811e-02
4.4505895925855401e-03	0.0000000000000000e+00	1.8727316899457946e-02
4.4680428851054804e-03	0.0000000000000000e+00	1.6797664336991147e-02
4.4854961776254303e-03	0.0000000000000000e+00	1.3444433023323654e-02
4.5029494701453697e-03	0.0000000000000000e+00	5.3380284749891871e-02
4.5204027626653100e-03	0.0000000000000000e+00	3.5506543844121552e-02
4.5378560551852598e-03	0.0000000000000000e+00	2.8360156616827226e-02
4.5553093477052001e-03	0.0000000000000000e+00	2.5805116205845025e-02
4.5727626402251396e-03	0.0000000000000000e+00	1.4657409067410754e-02
4.5902159327450903e-03	0.0000000000000000e+00	5.8316509891795931e-03
4.6076692252650297e-03	0.0000000000000000e+00	5.4924486610161694e-03
4.6251225177849700e-03	0.0000000000000000e+00	5.0958310480382352e-03
4.6425758103049199e-03	0.0000000000000000e+00	4.6492537246649590e-03
4.6600291028248602e-03	0.0000000000000000e+00	4.1346124662595685e-03
4.6774823953447996e-03	0.0000000000000000e+00	3.5963417581115209e-03
4.6949356878647503e-03	0.0000000000000000e+00	3.7287080428995978e-03
4.7123889803846897e-03	0.0000000000000000e+00	1.1215409997475945e-02
4.7298422729046300e-03	0.0000000000000000e+00	8.5988127307246032e-03
4.7472955654245799e-03	0.0000000000000000e+00	1.0647698655702698e-02
4.7647488579445202e-03	0.0000000000000000e+00	9.6000403177640692e-03
4.7822021504644596e-03	0.0000000000000000e+00	1.0398864118997153e-02
4.7996554429844103e-03	0.0000000000000000e+00	1.1835114819405135e-02
4.8171087355043498e-03	0.0000000000000000e+00	2.1744995694461977e-02
4.8345620280242901e-03	0.0000000000000000e+00	2.2282060454017483e-02
4.8520153205442399e-03	0.0000000000000000e+00	1.3209441282015177e-02
4.8694686130641802e-03	0.0000000000000000e+00	5.3861774795223027e-03
4.8869219055841196e-03	0.0000000000000000e+00	3.2230087481366354e-03
4.9043751981040704e-03	0.0000000000000000e+00	4.3532161307666684e-03
4.9218284906240098e-03	0.0000000000000000e+00	6.7090438373611505e-03
4.9392817831439501e-03	0.0000000000000000e+00	4.6251242129642378e-03
4.9567350756638999e-03	0.0000000000000000e+00	2.9216940201877151e-03
4.9741883681838402e-03	0.0000000000000000e+00	9.9807102633349132e-03
4.9916416607037797e-03	0.0000000000000000e+00	5.6921307586890180e-03
5.0090949532237304e-03	0.0000000000000000e+00	6.8924760355457693e-03
5.0265482457436698e-03	0.0000000000000000e+00	8.5083943304198328e-03
5.0440015382636101e-03	0.0000000000000000e+00	1.2336540134128882e-02
5.0614548307835600e-03	0.0000000000000000e+00	1.2868086745584151e-02
5.0789081233035003e-03	0.0000000000000000e+00	7.2903659320218139e-03
5.0963614158234397e-03	0.0000000000000000e+00	6.9709949966636486e-03
5.1138147083433904e-03	0.0000000000000000e+00	1.3666932746673410e-02
5.1312680008633298e-03	0.0000000000000000e+00	1.2745573054417036e-02
5.1487212933832701e-03	0.0000000000000000e+00	1.3650411892740522e-02
5.1661745859032200e-03	0.0000000000000000e+00	1.2912278896010321e-02
5.1836278784231603e-03	0.0000000000000000e+00	1.1880890531756449e-02
5.2010811709430997e-03	0.0000000000000000e+00	5.4207212112714842e-02
5.2185344634630504e-03	0.0000000000000000e+00	4.1916119363236248e-02
5.2359877559829899e-03	0.0000000000000000e+00	2.7747494300797371e-02
5.2534410485029302e-03	0.0000000000000000e+00	3.1325125028502043e-02
5.2708943410228696e-03	0.0000000000000000e+00	1.3718161722053424e-02
5.2883476335428203e-03	0.0000000000000000e+00	1.0025557173264588e-02
5.3058009260627597e-03	0.0000000000000000e+00	1.0011172701183568e-02
5.3232542185827000e-03	0.0000000000000000e+00	8.6762370997348626e-03
5.3407075111026499e-03	0.0000000000000000e+00	1.0481934503786761e-02
5.3581608036225902e-03	0.0000000000000000e+00	1.0496142415831855e-02
5.3756140961425296e-03	0.0000000000000000e+00	1.1394843820198730e-02
5.3930673886624803e-03	0.0000000000000000e+00	1.1361900684732973e-02
5.4105206811824198e-03	0.0000000000000000e+00	1.3780598365428887e-02
5.4279739737023601e-03	0.0000000000000000e+00	1.1733600585102977e-02
5.4454272662223099e-03	0.0000000000000000e+00	1.3690240230516793e-02
5.4628805587422502e-03	0.0000000000000000e+00	1.1878892208187608e-02
5.4803338512621896e-03	0.0000000000000000e+00	1.9593093509683968e-02
5.4977871437821403e-03	0.0000000000000000e+00	1.5406477353280934e-02
5.5152404363020798e-03	0.0000000000000000e+00	1.8355131708176486e-02
5.5326937288220201e-03	0.0000000000000000e+00	1.6982005053705507e-02
5.5501470213419699e-03	0.0000000000000000e+00	1.5364474220405100e-02
5.5676003138619102e-03	0.0000000000000000e+00	2.8465521021416862e-02
5.5850536063818497e-03	0.0000000000000000e+00	2.3892763805633876e-02
5.6025068989018004e-03	0.0000000000000000e+00	1.5756487555336207e-02
5.6199601914217398e-03	0.0000000000000000e+00	1.1313183718527853e-02
5.6374134839416801e-03	0.0000000000000000e+00	1.1161804110457751e-02
5.6548667764616299e-03	0.0000000000000000e+00	7.9943738071506232e-03
5.6723200689815702e-03	0.0000000000000000e+00	7.1301556110938691e-03
5.6897733615015097e-03	0.0000000000000000e+00	7.5437083453380183e-03
5.7072266540214604e-03	0.0000000000000000e+00	1.3552074182371143e-02
5.7246799465413998e-03	0.0000000000000000e+00	9.4997795313247479e-03
5.7421332390613401e-03	0.0000000000000000e+00	1.1138395382431554e-02
5.7595865315812900e-03	0.0000000000000000e+00	7.9888388868312177e-03
5.7770398241012303e-03	0.0000000000000000e+00	1.2121473377192160e-02
5.7944931166211697e-03	0.0000000000000000e+00	2.2456630784290610e-02
5.8119464091411204e-03	0.0000000000000000e+00	2.6031068344309460e-02
5.8293997016610598e-03	0.0000000000000000e+00	2.5534292602969799e-02
5.8468529941810002e-03	0.0000000000000000e+00	1.8030360191914951e-02
5.8643062867009500e-03	0.0000000000000000e+00	8.4805919977952726e-03
5.8817595792208903e-03	0.0000000000000000e+00	1.1756108184272307e-02
5.8992128717408297e-03	0.0000000000000000e+00	4.1745899322677360e-02
5.9166661642607796e-03	0.0000000000000000e+00	3.6461799909147885e-02
5.9341194567807199e-03	0.0000000000000000e+00	1.7967583030099377e-02
5.9515727493006602e-03	0.0000000000000000e+00	2.2993732462850858e-02
5.9690260418206100e-03	0.0000000000000000e+00	1.7932674018084072e-03
5.9864793343405503e-03	0.0000000000000000e+00	3.9499901627095824e-03
6.0039326268604898e-03	0.0000000000000000e+00	4.8640498728218517e-03
6.0213859193804396e-03	0.0000000000000000e+00	6.2493804680343601e-03
6.0388392119003799e-03	0.0000000000000000e+00	8.1772573721536901e-03
6.0562925044203202e-03	0.0000000000000000e+00	9.1745709087263094e-03
6.0737457969402700e-03	0.0000000000000000e+00	1.0929038744052377e-02
6.0911990894602103e-03	0.0000000000000000e+00	1.3113190113017481e-02
6.1086523819801498e-03	0.0000000000000000e+00	1.5394772628042119e-02
6.1261056745000996e-03	0.0000000000000000e+00	1.7312764975486061e-02
6.1435589670200399e-03	0.0000000000000000e+00	1.8735127910986193e-02
6.1610122595399802e-03	0.0000000000000000e+00	1.9634509676961898e-02
6.1784655520599301e-03	0.0000000000000000e+00	1.6937469589265675e-02
6.1959188445798704e-03	0.0000000000000000e+00	2.3450951917538987e-02
6.2133721370998098e-03	0.0000000000000000e+00	2.4257202943772427e-02
6.2308254296197596e-03	0.0000000000000000e+00	2.1685205288576981e-02
6.2482787221396999e-03	0.0000000000000000e+00	1.7160399892418354e-02
6.2657320146596402e-03	0.0000000000000000e+00	3.3132777469518260e-02
6.2831853071795901e-03	0.0000000000000000e+00	2.8337211407233553e-02
6.3006385996995304e-03	0.0000000000000000e+00	2.2463658292508626e-02
6.3180918922194698e-03	0.0000000000000000e+00	2.3958625286468305e-02
6.3355451847394197e-03	0.0000000000000000e+00	2.6140978118291969e-02
6.3529984772593600e-03	0.0000000000000000e+00	2.2561526617437266e-02
6.3704517697793003e-03	0.0000000000000000e+00	1.8905005003574615e-02
6.3879050622992501e-03	0.0000000000000000e+00	1.7090171713789459e-02
6.4053583548191904e-03	0.0000000000000000e+00	1.8097877704349230e-02
6.4228116473391298e-03	0.0000000000000000e+00	2.1021475586167071e-02
6.4402649398590797e-03	0.0000000000000000e+00	2.2663839807137265e-02
6.4577182323790200e-03	0.0000000000000000e+00	2.1218469637460657e-02
6.4751715248989603e-03	0.0000000000000000e+00	3.3051148071535863e-02
6.4926248174188997e-03	0.0000000000000000e+00	4.1714220977155492e-02
6.5100781099388504e-03	0.0000000000000000e+00	4.4181713943544310e-02
6.5275314024587899e-03	0.0000000000000000e+00	4.4191973145643715e-02
6.5449846949787302e-03	0.0000000000000000e+00	4.0952455474325689e-02
6.5624379874986800e-03	0.0000000000000000e+00	3.4884964377852157e-02
6.5798912800186203e-03	0.0000000000000000e+00	3.1953929716109997e-02
6.5973445725385597e-03	0.0000000000000000e+00	4.7392892973221024e-02
6.6147978650585096e-03	0.0000000000000000e+00	3.8808329188213975e-02
6.6322511575784499e-03	0.0000000000000000e+00	1.7302003368627084e-02
6.6497044500983902e-03	0.0000000000000000e+00	2.4332551678412528e-02
6.6671577426183400e-03	0.0000000000000000e+00	2.9563736911768501e-03
6.6846110351382803e-03	0.0000000000000000e+00	6.3729614194016904e-03
6.7020643276582198e-03	0.0000000000000000e+00	9.5534750219030684e-03
6.7195176201781696e-03	0.0000000000000000e+00	1.1575246242045978e-02
6.7369709126981099e-03	0.0000000000000000e+00	1.3747575327215600e-02
6.7544242052180502e-03	0.0000000000000000e+00	1.4865012479276629e-02
6.7718774977380001e-03	0.0000000000000000e+00	1.5603378584273742e-02
6.7893307902579404e-03	0.0000000000000000e+00	1.6233701449891669e-02
6.8067840827778798e-03	0.0000000000000000e+00	1.6833875184602221e-02
6.8242373752978296e-03	0.0000000000000000e+00	1.6911924401938450e-02
6.8416906678177699e-03	0.0000000000000000e+00	1.6608520178124309e-02
6.8591439603377102e-03	0.0000000000000000e+00	1.5250250526150921e-02
6.8765972528576601e-03	0.0000000000000000e+00	1.1740631602151552e-02
6.8940505453776004e-03	0.0000000000000000e+00	1.1246317444602028e-02
6.9115038378975398e-03	0.0000000000000000e+00	2.2647567835520022e-02
6.9289571304174897e-03	0.0000000000000000e+00	3.0567960890039103e-02
6.9464104229374300e-03	0.0000000000000000e+00	3.9235074997122865e-02
6.9638637154573703e-03	0.0000000000000000e+00	4.7036009826115333e-02
6.9813170079773201e-03	0.0000000000000000e+00	3.4936281674163183e-02
6.9987703004972604e-03	0.0000000000000000e+00	2.2757242048101034e-02
7.0162235930171998e-03	0.0000000000000000e+00	1.8831504727131687e-02
7.0336768855371497e-03	0.0000000000000000e+00	1.2414212748808495e-02
7.0511301780570900e-03	0.0000000000000000e+00	8.3197383622746202e-03
7.0685834705770303e-03	0.0000000000000000e+00	6.9250957183157880e-03
7.0860367630969801e-03	0.0000000000000000e+00	6.9161717104861964e-03
7.1034900556169204e-03	0.0000000000000000e+00	6.8824238485376554e-03
7.1209433481368599e-03	0.0000000000000000e+00	5.0834172216127627e-03
7.1383966406568097e-03	0.0000000000000000e+00	8.5330270485428628e-03
7.1558499331767500e-03	0.0000000000000000e+00	5.2996675581198360e-03
7.1733032256966903e-03	0.0000000000000000e+00	1.3828362232743530e-02
7.1907565182166401e-03	0.0000000000000000e+00	2.0623654185328633e-02
7.2082098107365796e-03	0.0000000000000000e+00	1.9868364950525574e-02
7.2256631032565199e-03	0.0000000000000000e+00	1.9913560452550882e-02
7.2431163957764697e-03	0.0000000000000000e+00	2.2185933059517993e-02
7.2605696882964100e-03	0.0000000000000000e+00	1.9386155741813127e-02
7.2780229808163503e-03	0.0000000000000000e+00	8.0199056610581465e-03
7.2954762733363002e-03	0.0000000000000000e+00	3.6721665513141488e-02
7.3129295658562396e-03	0.0000000000000000e+00	2.3932975723255367e-02
7.3303828583761799e-03	0.0000000000000000e+00	2.5150643726078670e-02
7.3478361508961297e-03	0.0000000000000000e+00	1.8686396495183999e-02
7.3652894434160700e-03	0.0000000000000000e+00	9.8036307256137434e-03
7.3827427359360103e-03	0.0000000000000000e+00	3.9124851807628147e-03
7.4001960284559602e-03	0.0000000000000000e+00	4.9107204308711516e-03
7.4176493209758996e-03	0.0000000000000000e+00	5.3200860174911213e-03
7.4351026134958399e-03	0.0000000000000000e+00	6.0256033220866811e-03
7.4525559060157898e-03	0.0000000000000000e+00	6.1445787850971101e-03
7.4700091985357301e-03	0.0000000000000000e+00	6.2768213119852589e-03
7.4874624910556704e-03	0.0000000000000000e+00	6.9734272019559285e-03
7.5049157835756202e-03	0.0000000000000000e+00	8.5553029157381388e-03
7.5223690760955596e-03	0.0000000000000000e+00	9.2731530626224412e-03
7.5398223686154999e-03	0.0000000000000000e+00	1.0169189424686920e-02
7.5572756611354498e-03	0.0000000000000000e+00	1.0786006925172842e-02
7.5747289536553901e-03	0.0000000000000000e+00	6.7335231542529073e-03
7.5921822461753304e-03	0.0000000000000000e+00	1.7102433154605023e-02
7.6096355386952802e-03	0.0000000000000000e+00	9.3921346629031177e-03
7.6270888312152197e-03	0.0000000000000000e+00	6.9408779254445108e-03
7.6445421237351600e-03	0.0000000000000000e+00	1.3227769461082062e-02
7.6619954162551098e-03	0.0000000000000000e+00	3.1147295198024949e-02
7.6794487087750501e-03	0.0000000000000000e+00	2.7746721161747701e-02
7.6969020012949904e-03	0.0000000000000000e+00	2.3188436764030484e-02
7.7143552938149403e-03	0.0000000000000000e+00	1.9733592976990622e-02
7.7318085863348797e-03	0.0000000000000000e+00	1.6434135267900274e-02
7.7492618788548200e-03	0.0000000000000000e+00	1.3178260129961927e-02
7.7667151713747698e-03	0.0000000000000000e+00	8.2521006362981097e-03
7.7841684638947101e-03	0.0000000000000000e+00	1.0851108201677562e-02
7.8016217564146496e-03	0.0000000000000000e+00	9.9887058659078320e-03
7.8190750489345994e-03	0.0000000000000000e+00	9.1627113761205692e-03
7.8365283414545406e-03	0.0000000000000000e+00	8.7007200327207102e-03
7.8539816339744800e-03	0.0000000000000000e+00	7.1067460471567756e-03
7.8714349264944194e-03	0.0000000000000000e+00	7.8777401668048697e-03
7.8888882190143693e-03	0.0000000000000000e+00	1.0501836997718783e-02
7.9063415115343105e-03	0.0000000000000000e+00	1.7587678637937643e-02
7.9237948040542603e-03	0.0000000000000000e+00	1.9366355598322116e-02
7.9412480965741997e-03	0.0000000000000000e+00	1.8671906560484786e-02
7.9587013890941392e-03	0.0000000000000000e+00	1.5985248255674378e-02
7.9761546816140907e-03	0.0000000000000000e+00	1.3120988687660429e-02
7.9936079741340302e-03	0.0000000000000000e+00	5.0523199814051623e-02
8.0110612666539696e-03	0.0000000000000000e+00	3.9010985955428623e-02
8.0285145591739195e-03	0.0000000000000000e+00	2.0557055538120039e-02
8.0459678516938606e-03	0.0000000000000000e+00	2.7347423416586025e-02
8.0634211442138001e-03	0.0000000000000000e+00	4.9996559055784928e-03
8.0808744367337395e-03	0.0000000000000000e+00	7.1574303786121618e-03
8.0983277292536893e-03	0.0000000000000000e+00	4.6166456486389507e-03
8.1157810217736305e-03	0.0000000000000000e+00	3.5480454855587595e-03
8.1332343142935803e-03	0.0000000000000000e+00	2.6539202513049531e-03
8.1506876068135198e-03	0.0000000000000000e+00	6.2499341329385061e-03
8.1681408993334592e-03	0.0000000000000000e+00	1.4920966859790497e-03
8.1855941918534108e-03	0.0000000000000000e+00	1.0479085945917177e-02
8.2030474843733502e-03	0.0000000000000000e+00	5.5075763143577205e-03
8.2205007768932897e-03	0.0000000000000000e+00	1.1007776953192661e-02
8.2379540694132308e-03	0.0000000000000000e+00	8.1114473896377604e-03
8.2554073619331807e-03	0.0000000000000000e+00	1.1339053308802249e-02
8.2728606544531201e-03	0.0000000000000000e+00	9.3725040974277363e-03
8.2903139469730595e-03	0.0000000000000000e+00	6.3458362819801550e-03
8.3077672394930094e-03	0.0000000000000000e+00	7.5494013544812333e-03
8.3252205320129506e-03	0.0000000000000000e+00	1.6645470393996220e-02
8.3426738245328900e-03	0.0000000000000000e+00	2.2958274996199179e-02
8.3601271170528398e-03	0.0000000000000000e+00	2.7315201827150304e-02
8.3775804095727793e-03	0.0000000000000000e+00	1.7024599814249086e-02
8.3950337020927204e-03	0.0000000000000000e+00	1.3571836107075796e-02
8.4124869946126703e-03	0.0000000000000000e+00	1.0891770885791630e-02
8.4299402871326097e-03	0.0000000000000000e+00	7.6766723233276934e-03
8.4473935796525491e-03	0.0000000000000000e+00	5.6098415367387133e-03
8.4648468721725007e-03	0.0000000000000000e+00	5.2500289752970275e-03
8.4823001646924402e-03	0.0000000000000000e+00	8.3854613603762118e-03
8.4997534572123796e-03	0.0000000000000000e+00	6.9192979808576638e-03
8.5172067497323294e-03	0.0000000000000000e+00	4.7282333598559489e-03
8.5346600422522706e-03	0.0000000000000000e+00	5.1267990706946875e-03
8.5521133347722100e-03	0.0000000000000000e+00	5.8419828669684648e-03
8.5695666272921599e-03	0.0000000000000000e+00	1.4716535140905762e-02
8.5870199198120993e-03	0.0000000000000000e+00	2.6182207933743484e-02
8.6044732123320405e-03	0.0000000000000000e+00	2.8353082521789474e-02
8.6219265048519903e-03	0.0000000000000000e+00	2.7142726397869410e-02
8.6393797973719298e-03	0.0000000000000000e+00	2.6092548523592995e-02
8.6568330898918692e-03	0.0000000000000000e+00	2.0806369509955402e-02
8.6742863824118208e-03	0.0000000000000000e+00	1.3870899419998750e-02
8.6917396749317602e-03	0.0000000000000000e+00	5.0866015989640800e-02
8.7091929674516996e-03	0.0000000000000000e+00	3.7352715855831775e-02
8.7266462599716495e-03	0.0000000000000000e+00	2.3868636439374313e-02
8.7440995524915906e-03	0.0000000000000000e+00	2.7815405621879563e-02
8.7615528450115301e-03	0.0000000000000000e+00	9.6435251521853615e-03
8.7790061375314799e-03	0.0000000000000000e+00	8.2687369435916480e-03
8.7964594300514194e-03	0.0000000000000000e+00	1.0675393374185660e-02
8.8139127225713605e-03	0.0000000000000000e+00	1.1137685969515587e-02
8.8313660150913104e-03	0.0000000000000000e+00	1.2756755957525456e-02
8.8488193076112498e-03	0.0000000000000000e+00	1.3048257573245792e-02
8.8662726001311892e-03	0.0000000000000000e+00	1.3163328634618665e-02
8.8837258926511408e-03	0.0000000000000000e+00	1.2872011064246180e-02
8.9011791851710802e-03	0.0000000000000000e+00	1.2205108214402571e-02
8.9186324776910197e-03	0.0000000000000000e+00	1.1306197993690148e-02
8.9360857702109695e-03	0.0000000000000000e+00	1.0205875936662778e-02
8.9535390627309107e-03	0.0000000000000000e+00	8.9951058362203185e-03
8.9709923552508501e-03	0.0000000000000000e+00	5.4778013800387271e-03
8.9884456477708000e-03	0.0000000000000000e+00	1.3053672468231525e-02
9.0058989402907394e-03	0.0000000000000000e+00	1.0245945995166039e-02
9.0233522328106806e-03	0.0000000000000000e+00	7.5647048611244827e-03
9.0408055253306304e-03	0.0000000000000000e+00	2.1680335430573905e-02
9.0582588178505698e-03	0.0000000000000000e+00	3.5975809309093165e-02
9.0757121103705093e-03	0.0000000000000000e+00	2.5629966667111148e-02
9.0931654028904609e-03	0.0000000000000000e+00	2.3332949864197872e-02
9.1106186954104003e-03	0.0000000000000000e+00	1.7607120576940360e-02
9.1280719879303397e-03	0.0000000000000000e+00	1.4933440608274395e-02
9.1455252804502896e-03	0.0000000000000000e+00	1.1788012845727280e-02
9.1629785729702307e-03	0.0000000000000000e+00	7.3555589406169020e-03
9.1804318654901702e-03	0.0000000000000000e+00	9.7390947121311910e-03
9.1978851580101200e-03	0.0000000000000000e+00	9.7824295517057180e-03
9.2153384505300594e-03	0.0000000000000000e+00	9.7092779851664091e-03
9.2327917430500006e-03	0.0000000000000000e+00	1.0808678509420133e-02
9.2502450355699505e-03	0.0000000000000000e+00	1.1268573762208689e-02
9.2676983280898899e-03	0.0000000000000000e+00	2.0821276459173532e-02
9.2851516206098293e-03	0.0000000000000000e+00	2.5361728112329729e-02
9.3026049131297792e-03	0.0000000000000000e+00	2.8985672648559557e-02
9.3200582056497203e-03	0.0000000000000000e+00	2.9996169192600064e-02
9.3375114981696598e-03	0.0000000000000000e+00	2.8535288929560920e-02
9.3549647906896096e-03	0.0000000000000000e+00	2.1689246288588038e-02
9.3724180832095508e-03	0.0000000000000000e+00	1.6371455631087883e-02
9.3898713757294902e-03	0.0000000000000000e+00	4.8459324316809216e-02
9.4073246682494296e-03	0.0000000000000000e+00	3.9132353057539149e-02
9.4247779607693795e-03	0.0000000000000000e+00	2.0345612897472165e-02
9.4422312532893207e-03	0.0000000000000000e+00	2.7050121738284361e-02
9.4596845458092705e-03	0.0000000000000000e+00	4.7270181781868814e-03
9.4771378383292099e-03	0.0000000000000000e+00	7.8516449005121558e-03
9.4945911308491494e-03	0.0000000000000000e+00	5.1547600593266907e-03
9.5120444233690905e-03	0.0000000000000000e+00	5.0331865045336599e-03
9.5294977158890404e-03	0.0000000000000000e+00	4.1436564970354084e-03
9.5469510084089798e-03	0.0000000000000000e+00	6.4472283040686307e-03
9.5644043009289192e-03	0.0000000000000000e+00	6.8334770562614722e-03
9.5818575934488708e-03	0.0000000000000000e+00	7.3532406372578407e-03
9.5993108859688103e-03	0.0000000000000000e+00	7.9827325926089543e-03
9.6167641784887497e-03	0.0000000000000000e+00	8.5936984460204258e-03
9.6342174710086995e-03	0.0000000000000000e+00	8.8198141897919413e-03
9.6516707635286407e-03	0.0000000000000000e+00	8.8887804381556634e-03
9.6691240560485905e-03	0.0000000000000000e+00	6.1962449544807896e-03
9.6865773485685300e-03	0.0000000000000000e+00	1.2381806525809225e-02
9.7040306410884694e-03	0.0000000000000000e+00	1.3132168449374149e-02
9.7214839336084106e-03	0.0000000000000000e+00	1.1861727685754886e-02
9.7389372261283604e-03	0.0000000000000000e+00	6.6019900859828340e-03
9.7563905186482999e-03	0.0000000000000000e+00	2.2267157364694867e-02
9.7738438111682393e-03	0.0000000000000000e+00	2.2284532451521954e-02
9.7912971036881909e-03	0.0000000000000000e+00	1.6960813934929320e-02
9.8087503962081303e-03	0.0000000000000000e+00	1.3255814898911922e-02
9.8262036887280697e-03	0.0000000000000000e+00	8.0570307086418325e-03
9.8436569812480196e-03	0.0000000000000000e+00	5.6877097377991959e-03
9.8611102737679607e-03	0.0000000000000000e+00	5.5044853124854853e-03
9.8785635662879106e-03	0.0000000000000000e+00	1.0865953108805115e-02
9.8960168588078500e-03	0.0000000000000000e+00	1.5569056518870639e-02
9.9134701513277895e-03	0.0000000000000000e+00	2.1227691911917645e-02
9.9309234438477306e-03	0.0000000000000000e+00	2.7445999941846821e-02
9.9483767363676805e-03	0.0000000000000000e+00	3.3365815910656238e-02
9.9658300288876199e-03	0.0000000000000000e+00	4.0793157921143575e-02
9.9832833214075593e-03	0.0000000000000000e+00	4.8491125315194950e-02
1.0000736613927501e-02	0.0000000000000000e+00	4.8308313260349678e-02
1.0018189906447501e-02	0.0000000000000000e+00	4.2386871940834681e-02
1.0035643198967400e-02	0.0000000000000000e+00	3.6219899226125563e-02
1.0053096491487300e-02	0.0000000000000000e+00	2.0988935873447190e-02
1.0070549784007300e-02	0.0000000000000000e+00	1.2351174257219100e-02
1.0088003076527199e-02	0.0000000000000000e+00	4.4745758719500373e-02
1.0105456369047200e-02	0.0000000000000000e+00	3.2948633361343127e-02
1.0122909661567101e-02	0.0000000000000000e+00	3.4765083113370565e-02
1.0140362954087099e-02	0.0000000000000000e+00	2.8845245072886883e-02
1.0157816246607001e-02	0.0000000000000000e+00	2.1040119060941720e-02
1.0175269539126900e-02	0.0000000000000000e+00	1.4433097806758610e-02
1.0192722831646900e-02	0.0000000000000000e+00	1.3732438644638023e-02
1.0210176124166800e-02	0.0000000000000000e+00	1.3689631300110250e-02
1.0227629416686800e-02	0.0000000000000000e+00	2.4156566997362461e-02
1.0245082709206699e-02	0.0000000000000000e+00	1.5663177646729309e-02
1.0262536001726700e-02	0.0000000000000000e+00	1.7525367054986418e-02
1.0279989294246601e-02	0.0000000000000000e+00	1.7224025881660054e-02
1.0297442586766500e-02	0.0000000000000000e+00	1.8126789776943042e-02
1.0314895879286501e-02	0.0000000000000000e+00	1.7817845705849322e-02
1.0332349171806400e-02	0.0000000000000000e+00	1.7570622157109028e-02
1.0349802464326400e-02	0.0000000000000000e+00	1.7732367556163808e-02
1.0367255756846300e-02	0.0000000000000000e+00	1.4193981627613539e-02
1.0384709049366300e-02	0.0000000000000000e+00	2.2056197161873570e-02
1.0402162341886199e-02	0.0000000000000000e+00	1.5942716388963163e-02
1.0419615634406101e-02	0.0000000000000000e+00	1.1263501808571164e-02
1.0437068926926101e-02	0.0000000000000000e+00	1.4414983668757486e-02
1.0454522219446000e-02	0.0000000000000000e+00	2.7171836778506986e-02
1.0471975511966001e-02	0.0000000000000000e+00	1.9474767899737344e-02
1.0489428804485900e-02	0.0000000000000000e+00	1.5486720842091017e-02
1.0506882097005900e-02	0.0000000000000000e+00	1.1484083688628743e-02
1.0524335389525800e-02	0.0000000000000000e+00	8.4132813741462087e-03
1.0541788682045699e-02	0.0000000000000000e+00	5.8885471304392922e-03
1.0559241974565699e-02	0.0000000000000000e+00	5.5966482632356929e-03
1.0576695267085601e-02	0.0000000000000000e+00	8.0223916247632587e-03
1.0594148559605601e-02	0.0000000000000000e+00	5.7701826262928080e-03
1.0611601852125500e-02	0.0000000000000000e+00	4.0452894590998767e-03
1.0629055144645501e-02	0.0000000000000000e+00	5.5356760894937906e-03
1.0646508437165400e-02	0.0000000000000000e+00	7.3675188723427709e-03
1.0663961729685400e-02	0.0000000000000000e+00	1.6034087591833668e-02
1.0681415022205300e-02	0.0000000000000000e+00	1.9378084820345975e-02
1.0698868314725199e-02	0.0000000000000000e+00	2.3226447308843490e-02
1.0716321607245199e-02	0.0000000000000000e+00	2.4434456794551807e-02
1.0733774899765101e-02	0.0000000000000000e+00	2.3232769821333932e-02
1.0751228192285101e-02	0.0000000000000000e+00	1.7646477954258444e-02
1.0768681484805000e-02	0.0000000000000000e+00	1.2500490265665576e-02
1.0786134777325001e-02	0.0000000000000000e+00	4.4284996327860426e-02
1.0803588069844900e-02	0.0000000000000000e+00	3.5039155245158327e-02
1.0821041362364800e-02	0.0000000000000000e+00	1.7291845019940411e-02
1.0838494654884800e-02	0.0000000000000000e+00	2.4654580038372842e-02
1.0855947947404699e-02	0.0000000000000000e+00	3.9016669842908414e-03
1.0873401239924699e-02	0.0000000000000000e+00	5.0700223616786388e-03
1.0890854532444601e-02	0.0000000000000000e+00	5.3535619472313556e-03
1.0908307824964599e-02	0.0000000000000000e+00	4.0511320828500175e-03
1.0925761117484500e-02	0.0000000000000000e+00	6.1291639638056949e-03
1.0943214410004400e-02	0.0000000000000000e+00	8.4834516510454705e-03
1.0960667702524400e-02	0.0000000000000000e+00	1.0316146116338132e-02
1.0978120995044300e-02	0.0000000000000000e+00	1.1582474278384325e-02
1.0995574287564300e-02	0.0000000000000000e+00	1.3205830093284021e-02
1.1013027580084199e-02	0.0000000000000000e+00	1.4857235080398823e-02
1.1030480872604199e-02	0.0000000000000000e+00	1.5998611376744520e-02
1.1047934165124101e-02	0.0000000000000000e+00	1.7049521205080964e-02
1.1065387457644000e-02	0.0000000000000000e+00	1.2038788232530351e-02
1.1082840750164000e-02	0.0000000000000000e+00	2.0346471772882069e-02
1.1100294042683900e-02	0.0000000000000000e+00	1.7833002416637100e-02
1.1117747335203900e-02	0.0000000000000000e+00	1.7938615258344726e-02
1.1135200627723800e-02	0.0000000000000000e+00	2.6308805721782846e-02
1.1152653920243800e-02	0.0000000000000000e+00	4.1182747045240831e-02
1.1170107212763699e-02	0.0000000000000000e+00	3.6721902166391374e-02
1.1187560505283699e-02	0.0000000000000000e+00	2.7536853440324194e-02
1.1205013797803601e-02	0.0000000000000000e+00	2.4482789052854059e-02
1.1222467090323500e-02	0.0000000000000000e+00	2.1224568585239467e-02
1.1239920382843500e-02	0.0000000000000000e+00	1.7027017358259400e-02
1.1257373675363400e-02	0.0000000000000000e+00	1.2961609997887535e-02
1.1274826967883400e-02	0.0000000000000000e+00	1.2300142225285526e-02
1.1292280260403300e-02	0.0000000000000000e+00	1.3965681115223560e-02
1.1309733552923300e-02	0.0000000000000000e+00	1.6568285340326838e-02
1.1327186845443199e-02	0.0000000000000000e+00	1.9840020431729499e-02
1.1344640137963101e-02	0.0000000000000000e+00	2.5059476291062310e-02
1.1362093430483101e-02	0.0000000000000000e+00	2.9090370957419509e-02
1.1379546723003000e-02	0.0000000000000000e+00	3.4700483887718292e-02
1.1397000015523000e-02	0.0000000000000000e+00	3.2365999169996940e-02
1.1414453308042900e-02	0.0000000000000000e+00	3.0809660900558811e-02
1.1431906600562900e-02	0.0000000000000000e+00	2.7599323031608947e-02
1.1449359893082800e-02	0.0000000000000000e+00	1.0944227429718012e-02
1.1466813185602699e-02	0.0000000000000000e+00	4.7404565945271315e-02
1.1484266478122699e-02	0.0000000000000000e+00	2.5458086529397406e-02
1.1501719770642601e-02	0.0000000000000000e+00	9.7801327256092918e-03
1.1519173063162601e-02	0.0000000000000000e+00	3.6783283668000877e-02
1.1536626355682500e-02	0.0000000000000000e+00	4.2250920926107938e-03
1.1554079648202500e-02	0.0000000000000000e+00	6.4690353879655049e-03
1.1571532940722400e-02	0.0000000000000000e+00	6.5906453204149784e-03
1.1588986233242300e-02	0.0000000000000000e+00	6.9821352069538989e-03
1.1606439525762300e-02	0.0000000000000000e+00	7.7525950609924621e-03
1.1623892818282199e-02	0.0000000000000000e+00	8.2388018645360717e-03
1.1641346110802199e-02	0.0000000000000000e+00	7.5836679243366234e-03
1.1658799403322101e-02	0.0000000000000000e+00	8.5200106623233296e-03
1.1676252695842101e-02	0.0000000000000000e+00	8.0417083026986802e-03
1.1693705988362000e-02	0.0000000000000000e+00	8.9992649800478830e-03
1.1711159280882000e-02	0.0000000000000000e+00	8.9012684638873907e-03
1.1728612573401900e-02	0.0000000000000000e+00	1.0715572889239411e-02
1.1746065865921800e-02	0.0000000000000000e+00	9.0959878421017493e-03
1.1763519158441800e-02	0.0000000000000000e+00	1.1823866702798114e-02
1.1780972450961699e-02	0.0000000000000000e+00	1.1282499480557817e-02
1.1798425743481699e-02	0.0000000000000000e+00	2.2080910028307699e-02
1.1815879036001601e-02	0.0000000000000000e+00	3.2832098870130721e-02
1.1833332328521601e-02	0.0000000000000000e+00	3.7414909927974804e-02
1.1850785621041500e-02	0.0000000000000000e+00	4.7446524262340972e-02
1.1868238913561400e-02	0.0000000000000000e+00	3.9606886704859789e-02
1.1885692206081400e-02	0.0000000000000000e+00	2.5008974564116215e-02
1.1903145498601300e-02	0.0000000000000000e+00	1.6009778837542399e-02
1.1920598791121300e-02	0.0000000000000000e+00	1.4321482023916587e-02
1.1938052083641199e-02	0.0000000000000000e+00	1.1609669563085845e-02
1.1955505376161199e-02	0.0000000000000000e+00	9.7540581298289908e-03
1.1972958668681101e-02	0.0000000000000000e+00	1.0165007155137573e-02
1.1990411961201000e-02	0.0000000000000000e+00	9.8970852377533447e-03
1.2007865253721000e-02	0.0000000000000000e+00	9.7010752283495094e-03
1.2025318546240900e-02	0.0000000000000000e+00	9.0707136987475678e-03
1.2042771838760900e-02	0.0000000000000000e+00	1.7045145719748689e-02
1.2060225131280800e-02	0.0000000000000000e+00	2.7418074729212094e-02
1.2077678423800800e-02	0.0000000000000000e+00	3.6113703754381277e-02
1.2095131716320699e-02	0.0000000000000000e+00	3.6037079942616401e-02
1.2112585008840600e-02	0.0000000000000000e+00	2.9756528587313369e-02
1.2130038301360601e-02	0.0000000000000000e+00	2.0947431130480254e-02
1.2147491593880500e-02	0.0000000000000000e+00	1.4126994101616219e-02
1.2164944886400500e-02	0.0000000000000000e+00	6.4329234410251956e-03
1.2182398178920400e-02	0.0000000000000000e+00	4.4785732359969188e-02
1.2199851471440400e-02	0.0000000000000000e+00	2.6831324494764885e-02
1.2217304763960300e-02	0.0000000000000000e+00	2.3247563691711548e-02
1.2234758056480201e-02	0.0000000000000000e+00	2.2178890155942099e-02
1.2252211349000199e-02	0.0000000000000000e+00	9.2286847734897037e-03
1.2269664641520101e-02	0.0000000000000000e+00	4.4029723252947406e-03
1.2287117934040101e-02	0.0000000000000000e+00	4.9781230384269293e-03
1.2304571226560000e-02	0.0000000000000000e+00	6.2817278226248163e-03
1.2322024519080000e-02	0.0000000000000000e+00	9.4344926728808787e-03
1.2339477811599900e-02	0.0000000000000000e+00	6.6190957932121819e-03
1.2356931104119900e-02	0.0000000000000000e+00	7.0355178343106672e-03
1.2374384396639800e-02	0.0000000000000000e+00	8.4834372601108043e-03
1.2391837689159701e-02	0.0000000000000000e+00	1.0532510937537154e-02
1.2409290981679699e-02	0.0000000000000000e+00	1.2132303775615583e-02
1.2426744274199601e-02	0.0000000000000000e+00	1.3501448231636459e-02
1.2444197566719601e-02	0.0000000000000000e+00	1.1017218892448000e-02
1.2461650859239500e-02	0.0000000000000000e+00	1.8733682963556930e-02
1.2479104151759500e-02	0.0000000000000000e+00	1.4598507698565300e-02
1.2496557444279400e-02	0.0000000000000000e+00	1.9605022214363999e-02
1.2514010736799299e-02	0.0000000000000000e+00	1.5139054107976335e-02
1.2531464029319300e-02	0.0000000000000000e+00	2.3690862317380379e-02
1.2548917321839201e-02	0.0000000000000000e+00	4.1383268298886833e-02
1.2566370614359199e-02	0.0000000000000000e+00	3.0755076741115772e-02
1.2583823906879101e-02	0.0000000000000000e+00	2.3774221674102591e-02
1.2601277199399101e-02	0.0000000000000000e+00	1.9979034776042681e-02
1.2618730491919000e-02	0.0000000000000000e+00	1.7936322400146310e-02
1.2636183784438900e-02	0.0000000000000000e+00	1.2700206489625998e-02
1.2653637076958900e-02	0.0000000000000000e+00	1.1289006046808936e-02
1.2671090369478799e-02	0.0000000000000000e+00	1.3869559317754465e-02
1.2688543661998800e-02	0.0000000000000000e+00	1.8477046103726025e-02
1.2705996954518701e-02	0.0000000000000000e+00	2.0800565731406095e-02
1.2723450247038699e-02	0.0000000000000000e+00	2.5043073881533928e-02
1.2740903539558601e-02	0.0000000000000000e+00	2.9878714409278473e-02
1.2758356832078500e-02	0.0000000000000000e+00	3.2782424717879621e-02
1.2775810124598500e-02	0.0000000000000000e+00	3.7383408998721279e-02
1.2793263417118400e-02	0.0000000000000000e+00	3.9459828160033794e-02
1.2810716709638400e-02	0.0000000000000000e+00	3.5112367888359586e-02
1.2828170002158299e-02	0.0000000000000000e+00	3.1296679702791153e-02
1.2845623294678300e-02	0.0000000000000000e+00	1.8347110075410455e-02
1.2863076587198201e-02	0.0000000000000000e+00	7.6421039993874729e-03
1.2880529879718199e-02	0.0000000000000000e+00	4.8383893657955923e-02
1.2897983172238101e-02	0.0000000000000000e+00	3.0648696685148025e-02
1.2915436464758000e-02	0.0000000000000000e+00	1.7423824005049937e-02
1.2932889757278000e-02	0.0000000000000000e+00	2.1932252697979493e-02
1.2950343049797900e-02	0.0000000000000000e+00	3.9476710033170548e-03
1.2967796342317900e-02	0.0000000000000000e+00	1.9375677316020301e-03
1.2985249634837799e-02	0.0000000000000000e+00	5.6886593533818086e-03
1.3002702927357800e-02	0.0000000000000000e+00	4.9343851864591670e-03
1.3020156219877701e-02	0.0000000000000000e+00	5.7146144772559637e-03
1.3037609512397600e-02	0.0000000000000000e+00	7.4423552873668086e-03
1.3055062804917601e-02	0.0000000000000000e+00	8.7527936266269535e-03
1.3072516097437500e-02	0.0000000000000000e+00	9.5330254130203684e-03
1.3089969389957500e-02	0.0000000000000000e+00	1.0959079872918664e-02
1.3107422682477400e-02	0.0000000000000000e+00	1.2139501512592688e-02
1.3124875974997400e-02	0.0000000000000000e+00	1.2452147881958808e-02
1.3142329267517299e-02	0.0000000000000000e+00	8.9224055227532517e-03
1.3159782560037201e-02	0.0000000000000000e+00	1.9080661096722906e-02
1.3177235852557199e-02	0.0000000000000000e+00	1.2409890701746917e-02
1.3194689145077100e-02	0.0000000000000000e+00	2.0136983367137873e-02
1.3212142437597101e-02	0.0000000000000000e+00	2.3121498517866712e-02
1.3229595730117000e-02	0.0000000000000000e+00	2.7304397874104325e-02
1.3247049022637000e-02	0.0000000000000000e+00	3.4147677886721794e-02
1.3264502315156900e-02	0.0000000000000000e+00	2.0573573219735408e-02
1.3281955607676799e-02	0.0000000000000000e+00	1.7800947714249560e-02
1.3299408900196799e-02	0.0000000000000000e+00	1.3278083000500374e-02
1.3316862192716701e-02	0.0000000000000000e+00	1.2701148535114726e-02
1.3334315485236699e-02	0.0000000000000000e+00	1.0124846602479920e-02
1.3351768777756600e-02	0.0000000000000000e+00	9.3540738535011769e-03
1.3369222070276601e-02	0.0000000000000000e+00	1.0388997047357407e-02
1.3386675362796500e-02	0.0000000000000000e+00	1.3369323622100637e-02
1.3404128655316400e-02	0.0000000000000000e+00	1.9485695127514191e-02
1.3421581947836400e-02	0.0000000000000000e+00	2.3422669388310169e-02
1.3439035240356299e-02	0.0000000000000000e+00	1.6046952932811109e-02
1.3456488532876299e-02	0.0000000000000000e+00	8.0880959117166640e-03
1.3473941825396201e-02	0.0000000000000000e+00	1.5346886146289762e-02
1.3491395117916199e-02	0.0000000000000000e+00	1.7078870765544707e-02
1.3508848410436100e-02	0.0000000000000000e+00	1.7543366888276068e-02
1.3526301702956101e-02	0.0000000000000000e+00	2.0287398427171865e-02
1.3543754995476000e-02	0.0000000000000000e+00	1.7514978953840910e-02
1.3561208287995900e-02	0.0000000000000000e+00	6.0554700357897673e-03
1.3578661580515900e-02	0.0000000000000000e+00	3.7750120155806144e-02
1.3596114873035799e-02	0.0000000000000000e+00	2.3858375147597144e-02
1.3613568165555799e-02	0.0000000000000000e+00	2.4539909722761877e-02
1.3631021458075701e-02	0.0000000000000000e+00	1.8359679963339204e-02
1.3648474750595699e-02	0.0000000000000000e+00	8.8133609571485749e-03
1.3665928043115600e-02	0.0000000000000000e+00	2.0103595485778669e-03
1.3683381335635500e-02	0.0000000000000000e+00	3.1283538846764714e-03
1.3700834628155500e-02	0.0000000000000000e+00	3.1825600326556014e-03
1.3718287920675400e-02	0.0000000000000000e+00	3.8071578055678401e-03
1.3735741213195400e-02	0.0000000000000000e+00	5.1677227934305847e-03
1.3753194505715299e-02	0.0000000000000000e+00	6.6793815458368044e-03
1.3770647798235299e-02	0.0000000000000000e+00	7.8534144931836636e-03
1.3788101090755201e-02	0.0000000000000000e+00	9.4863337267270254e-03
1.3805554383275100e-02	0.0000000000000000e+00	1.0667530157661531e-02
1.3823007675795100e-02	0.0000000000000000e+00	1.1960966030073905e-02
1.3840460968315000e-02	0.0000000000000000e+00	9.7128696952495375e-03
1.3857914260835000e-02	0.0000000000000000e+00	1.6977382363165816e-02
1.3875367553354900e-02	0.0000000000000000e+00	1.3343099674784753e-02
1.3892820845874900e-02	0.0000000000000000e+00	1.8263359463389861e-02
1.3910274138394799e-02	0.0000000000000000e+00	1.4150794468378081e-02
1.3927727430914701e-02	0.0000000000000000e+00	1.8672807327675400e-02
1.3945180723434701e-02	0.0000000000000000e+00	3.6090632042032667e-02
1.3962634015954600e-02	0.0000000000000000e+00	2.5392021107109031e-02
1.3980087308474600e-02	0.0000000000000000e+00	1.8492739938665181e-02
1.3997540600994500e-02	0.0000000000000000e+00	1.6826395578391384e-02
1.4014993893514500e-02	0.0000000000000000e+00	1.6305198264035425e-02
1.4032447186034400e-02	0.0000000000000000e+00	1.2344590154498292e-02
1.4049900478554400e-02	0.0000000000000000e+00	8.7189693013556280e-03
1.4067353771074299e-02	0.0000000000000000e+00	9.2153125297045335e-03
1.4084807063594201e-02	0.0000000000000000e+00	8.7763981046009576e-03
1.4102260356114201e-02	0.0000000000000000e+00	9.4413844262817292e-03
1.4119713648634100e-02	0.0000000000000000e+00	8.6288441652868642e-03
1.4137166941154100e-02	0.0000000000000000e+00	8.2795036619245366e-03
1.4154620233674000e-02	0.0000000000000000e+00	7.0946578116490855e-03
1.4172073526194000e-02	0.0000000000000000e+00	1.5452122464921558e-02
1.4189526818713900e-02	0.0000000000000000e+00	1.9027216472750297e-02
1.4206980111233799e-02	0.0000000000000000e+00	1.9497266668622615e-02
1.4224433403753799e-02	0.0000000000000000e+00	2.1718719410273479e-02
1.4241886696273701e-02	0.0000000000000000e+00	1.6922719780268380e-02
1.4259339988793701e-02	0.0000000000000000e+00	6.2066914742899826e-03
1.4276793281313600e-02	0.0000000000000000e+00	4.9380428954464151e-02
1.4294246573833600e-02	0.0000000000000000e+00	2.9166674983116536e-02
1.4311699866353500e-02	0.0000000000000000e+00	2.2432925100019929e-02
1.4329153158873400e-02	0.0000000000000000e+00	2.4687944135962425e-02
1.4346606451393400e-02	0.0000000000000000e+00	9.1437488500503150e-03
1.4364059743913299e-02	0.0000000000000000e+00	4.3573585760441347e-03
1.4381513036433299e-02	0.0000000000000000e+00	4.9555932940847924e-03
1.4398966328953201e-02	0.0000000000000000e+00	3.5494896128511755e-03
1.4416419621473201e-02	0.0000000000000000e+00	4.5422025950756506e-03
1.4433872913993100e-02	0.0000000000000000e+00	3.8175266649886908e-03
1.4451326206513000e-02	0.0000000000000000e+00	3.8666300129079900e-03
1.4468779499033000e-02	0.0000000000000000e+00	4.3845746909028094e-03
1.4486232791552900e-02	0.0000000000000000e+00	5.5601058902539080e-03
1.4503686084072900e-02	0.0000000000000000e+00	6.3330257148663804e-03
1.4521139376592799e-02	0.0000000000000000e+00	4.6975790573924314e-03
1.4538592669112799e-02	0.0000000000000000e+00	1.0132936530681036e-02
1.4556045961632701e-02	0.0000000000000000e+00	7.4048531823791564e-03
1.4573499254152701e-02	0.0000000000000000e+00	1.1828976816104841e-02
1.4590952546672600e-02	0.0000000000000000e+00	9.1089030011062277e-03
1.4608405839192500e-02	0.0000000000000000e+00	8.3825990623154212e-03
1.4625859131712500e-02	0.0000000000000000e+00	2.5863022416615422e-02
1.4643312424232400e-02	0.0000000000000000e+00	1.8977094142428541e-02
1.4660765716752400e-02	0.0000000000000000e+00	1.9725592776012491e-02
1.4678219009272299e-02	0.0000000000000000e+00	1.4977586187001179e-02
1.4695672301792299e-02	0.0000000000000000e+00	1.0875180108087079e-02
1.4713125594312201e-02	0.0000000000000000e+00	7.4760861999436656e-03
1.4730578886832100e-02	0.0000000000000000e+00	5.8132059670015224e-03
1.4748032179352100e-02	0.0000000000000000e+00	6.0419263027142733e-03
1.4765485471872000e-02	0.0000000000000000e+00	7.0848167806616402e-03
1.4782938764392000e-02	0.0000000000000000e+00	8.7437367110396735e-03
1.4800392056911900e-02	0.0000000000000000e+00	1.2416776306054089e-02
1.4817845349431900e-02	0.0000000000000000e+00	1.0021082049206598e-02
1.4835298641951799e-02	0.0000000000000000e+00	2.4730745019041933e-02
1.4852751934471701e-02	0.0000000000000000e+00	3.7287214621755993e-02
1.4870205226991701e-02	0.0000000000000000e+00	4.5180949637142476e-02
1.4887658519511600e-02	0.0000000000000000e+00	4.6708246685739141e-02
1.4905111812031600e-02	0.0000000000000000e+00	4.2325869610067457e-02
1.4922565104551500e-02	0.0000000000000000e+00	3.6552671052049845e-02
1.4940018397071500e-02	0.0000000000000000e+00	2.2560200156931387e-02
1.4957471689591400e-02	0.0000000000000000e+00	1.5345970805810794e-02
1.4974924982111301e-02	0.0000000000000000e+00	4.9861331686315680e-02
1.4992378274631299e-02	0.0000000000000000e+00	3.3772182714074006e-02
1.5009831567151201e-02	0.0000000000000000e+00	3.4265621297890902e-02
1.5027284859671201e-02	0.0000000000000000e+00	2.9867890562911725e-02
1.5044738152191100e-02	0.0000000000000000e+00	2.0628727278477754e-02
1.5062191444711100e-02	0.0000000000000000e+00	1.4095960922077211e-02
1.5079644737231000e-02	0.0000000000000000e+00	1.5947926889111841e-02
1.5097098029750899e-02	0.0000000000000000e+00	1.5484184598847150e-02
1.5114551322270900e-02	0.0000000000000000e+00	1.6330758537378642e-02
1.5132004614790801e-02	0.0000000000000000e+00	1.6914416890813300e-02
1.5149457907310799e-02	0.0000000000000000e+00	1.7066188511307701e-02
1.5166911199830701e-02	0.0000000000000000e+00	1.6721531897019304e-02
1.5184364492350701e-02	0.0000000000000000e+00	1.6567197701078840e-02
1.5201817784870600e-02	0.0000000000000000e+00	1.6334845862729708e-02
1.5219271077390600e-02	0.0000000000000000e+00	1.5577403504721588e-02
1.5236724369910500e-02	0.0000000000000000e+00	1.3205799579736777e-02
1.5254177662430399e-02	0.0000000000000000e+00	1.3073070182144875e-02
1.5271630954950400e-02	0.0000000000000000e+00	1.0317123080312740e-02
1.5289084247470301e-02	0.0000000000000000e+00	2.3384260723105399e-02
1.5306537539990299e-02	0.0000000000000000e+00	3.2283047508826712e-02
1.5323990832510201e-02	0.0000000000000000e+00	4.0295320060977247e-02
1.5341444125030201e-02	0.0000000000000000e+00	5.2339082631078782e-02
1.5358897417550100e-02	0.0000000000000000e+00	4.0438238072965760e-02
1.5376350710070000e-02	0.0000000000000000e+00	2.9312310191016877e-02
1.5393804002590000e-02	0.0000000000000000e+00	2.4681653283550986e-02
1.5411257295109899e-02	0.0000000000000000e+00	1.8882548622514150e-02
1.5428710587629900e-02	0.0000000000000000e+00	1.3965635394924902e-02
1.5446163880149801e-02	0.0000000000000000e+00	7.6458043499769701e-03
1.5463617172669799e-02	0.0000000000000000e+00	7.7124959461798426e-03
1.5481070465189701e-02	0.0000000000000000e+00	6.5049666463892208e-03
1.5498523757709600e-02	0.0000000000000000e+00	7.4132582860784169e-03
1.5515977050229600e-02	0.0000000000000000e+00	8.8875156002359290e-03
1.5533430342749500e-02	0.0000000000000000e+00	9.6990961674237042e-03
1.5550883635269500e-02	0.0000000000000000e+00	9.8139490137327812e-03
1.5568336927789399e-02	0.0000000000000000e+00	1.0831786761627882e-02
1.5585790220309400e-02	0.0000000000000000e+00	1.7212193140949239e-02
1.5603243512829299e-02	0.0000000000000000e+00	1.7306385567280813e-02
1.5620696805349200e-02	0.0000000000000000e+00	1.9920545411878265e-02
1.5638150097869199e-02	0.0000000000000000e+00	2.0004755503123306e-02
1.5655603390389100e-02	0.0000000000000000e+00	1.4982203233557811e-02
1.5673056682909099e-02	0.0000000000000000e+00	6.0301775788047962e-02
1.5690509975429000e-02	0.0000000000000000e+00	3.9386401904494051e-02
1.5707963267949002e-02	0.0000000000000000e+00	3.3269410286266066e-02
1.5725416560468899e-02	0.0000000000000000e+00	3.5868641022261727e-02
1.5742869852988801e-02	0.0000000000000000e+00	2.0918006504075493e-02
1.5760323145508799e-02	0.0000000000000000e+00	1.8813040026998351e-02
1.5777776438028700e-02	0.0000000000000000e+00	1.7040391962837020e-02
1.5795229730548699e-02	0.0000000000000000e+00	1.7083404192135276e-02
1.5812683023068600e-02	0.0000000000000000e+00	1.8684166266441593e-02
1.5830136315588599e-02	0.0000000000000000e+00	1.6565344654054570e-02
1.5847589608108500e-02	0.0000000000000000e+00	1.6768237801443320e-02
1.5865042900628502e-02	0.0000000000000000e+00	1.6560446830226283e-02
1.5882496193148399e-02	0.0000000000000000e+00	1.6460644794733525e-02
1.5899949485668301e-02	0.0000000000000000e+00	1.6765203288741759e-02
1.5917402778188299e-02	0.0000000000000000e+00	1.6672626651597966e-02
1.5934856070708200e-02	0.0000000000000000e+00	1.1891947837284533e-02
1.5952309363228199e-02	0.0000000000000000e+00	2.1696242842153879e-02
1.5969762655748100e-02	0.0000000000000000e+00	1.4581943029497779e-02
1.5987215948268099e-02	0.0000000000000000e+00	1.6990819078728236e-02
1.6004669240788000e-02	0.0000000000000000e+00	1.1230895155904363e-02
1.6022122533307901e-02	0.0000000000000000e+00	2.0133158990574884e-02
1.6039575825827899e-02	0.0000000000000000e+00	3.1402314441947965e-02
1.6057029118347801e-02	0.0000000000000000e+00	2.7533110311196651e-02
1.6074482410867799e-02	0.0000000000000000e+00	2.0582573592037079e-02
1.6091935703387700e-02	0.0000000000000000e+00	1.3606901051389286e-02
1.6109388995907699e-02	0.0000000000000000e+00	9.7934363707281591e-03
1.6126842288427600e-02	0.0000000000000000e+00	4.9594812545592504e-03
1.6144295580947501e-02	0.0000000000000000e+00	3.5342903865966946e-03
1.6161748873467500e-02	0.0000000000000000e+00	1.1712593735865084e-02
1.6179202165987401e-02	0.0000000000000000e+00	7.3482473490003031e-03
1.6196655458507399e-02	0.0000000000000000e+00	9.7175803057325538e-03
1.6214108751027301e-02	0.0000000000000000e+00	8.9285675021528732e-03
1.6231562043547299e-02	0.0000000000000000e+00	6.6653931753535289e-03
1.6249015336067200e-02	0.0000000000000000e+00	6.5220949873037171e-03
1.6266468628587199e-02	0.0000000000000000e+00	1.0917287218035199e-02
1.6283921921107100e-02	0.0000000000000000e+00	1.6074148275947664e-02
1.6301375213627001e-02	0.0000000000000000e+00	1.5133551318285754e-02
1.6318828506147000e-02	0.0000000000000000e+00	1.6790340330771869e-02
1.6336281798666901e-02	0.0000000000000000e+00	1.5647371055138137e-02
1.6353735091186899e-02	0.0000000000000000e+00	6.9076969580237346e-03
1.6371188383706801e-02	0.0000000000000000e+00	4.5491049965676211e-02
1.6388641676226799e-02	0.0000000000000000e+00	2.8217447995189104e-02
1.6406094968746700e-02	0.0000000000000000e+00	2.7578197076309152e-02
1.6423548261266602e-02	0.0000000000000000e+00	2.6221070751148545e-02
1.6441001553786600e-02	0.0000000000000000e+00	1.5303307979536385e-02
1.6458454846306501e-02	0.0000000000000000e+00	1.2325185421588003e-02
1.6475908138826500e-02	0.0000000000000000e+00	1.1410633311129459e-02
1.6493361431346401e-02	0.0000000000000000e+00	1.0750839203637952e-02
1.6510814723866400e-02	0.0000000000000000e+00	1.3292354267150586e-02
1.6528268016386301e-02	0.0000000000000000e+00	1.4781115889491048e-02
1.6545721308906199e-02	0.0000000000000000e+00	1.6914538784476463e-02
1.6563174601426200e-02	0.0000000000000000e+00	1.7544674336477328e-02
1.6580627893946102e-02	0.0000000000000000e+00	1.8621717895257461e-02
1.6598081186466100e-02	0.0000000000000000e+00	1.9447593757831783e-02
1.6615534478986001e-02	0.0000000000000000e+00	1.9159866584232077e-02
1.6632987771506000e-02	0.0000000000000000e+00	1.8591300550269807e-02
1.6650441064025901e-02	0.0000000000000000e+00	2.0393195921315055e-02
1.6667894356545799e-02	0.0000000000000000e+00	2.2951238628593273e-02
1.6685347649065801e-02	0.0000000000000000e+00	2.0184272039386997e-02
1.6702800941585699e-02	0.0000000000000000e+00	1.5304281452927171e-02
1.6720254234105700e-02	0.0000000000000000e+00	4.1475665420875885e-02
1.6737707526625598e-02	0.0000000000000000e+00	3.1004340037952716e-02
1.6755160819145600e-02	0.0000000000000000e+00	1.6668028399635659e-02
1.6772614111665501e-02	0.0000000000000000e+00	1.6012628181215405e-02
1.6790067404185399e-02	0.0000000000000000e+00	1.6298293396403096e-02
1.6807520696705401e-02	0.0000000000000000e+00	1.5391971771293811e-02
1.6824973989225299e-02	0.0000000000000000e+00	1.4482094639845400e-02
1.6842427281745301e-02	0.0000000000000000e+00	1.3077385380938722e-02
1.6859880574265199e-02	0.0000000000000000e+00	1.1594692476819546e-02
1.6877333866785200e-02	0.0000000000000000e+00	1.1673626071569743e-02
1.6894787159305098e-02	0.0000000000000000e+00	2.2032379310985561e-02
1.6912240451825100e-02	0.0000000000000000e+00	2.0315265406679828e-02
1.6929693744345001e-02	0.0000000000000000e+00	9.7583786637187586e-03
1.6947147036864899e-02	0.0000000000000000e+00	1.2001849183434388e-02
1.6964600329384901e-02	0.0000000000000000e+00	1.9906210593035212e-02
1.6982053621904799e-02	0.0000000000000000e+00	2.3443559362931410e-02
1.6999506914424801e-02	0.0000000000000000e+00	1.9971855108451564e-02
1.7016960206944699e-02	0.0000000000000000e+00	1.5455585948075168e-02
1.7034413499464700e-02	0.0000000000000000e+00	6.1459836074391205e-03
1.7051866791984598e-02	0.0000000000000000e+00	1.2340381399553735e-02
1.7069320084504500e-02	0.0000000000000000e+00	1.5606822920744889e-02
1.7086773377024501e-02	0.0000000000000000e+00	3.2274714905952351e-02
1.7104226669544399e-02	0.0000000000000000e+00	3.2661644268273449e-02
1.7121679962064401e-02	0.0000000000000000e+00	1.8213006637779472e-02
1.7139133254584299e-02	0.0000000000000000e+00	2.0294500163345219e-02
1.7156586547104301e-02	0.0000000000000000e+00	1.0467295713169733e-02
1.7174039839624199e-02	0.0000000000000000e+00	1.0199094818517551e-02
1.7191493132144100e-02	0.0000000000000000e+00	1.2533702515554523e-02
1.7208946424664098e-02	0.0000000000000000e+00	1.4149332855595276e-02
1.7226399717184000e-02	0.0000000000000000e+00	1.5384486641778494e-02
1.7243853009704001e-02	0.0000000000000000e+00	1.5925084773698472e-02
1.7261306302223899e-02	0.0000000000000000e+00	1.9847602050958812e-02
1.7278759594743901e-02	0.0000000000000000e+00	1.6126964987961401e-02
1.7296212887263799e-02	0.0000000000000000e+00	1.6120500144097605e-02
1.7313666179783700e-02	0.0000000000000000e+00	1.2243465767824091e-02
1.7331119472303699e-02	0.0000000000000000e+00	1.8794129882735433e-02
1.7348572764823600e-02	0.0000000000000000e+00	1.2725014890747843e-02
1.7366026057343598e-02	0.0000000000000000e+00	1.4758922616692871e-02
1.7383479349863500e-02	0.0000000000000000e+00	1.0361110890471537e-02
1.7400932642383501e-02	0.0000000000000000e+00	1.4966313577360779e-02
1.7418385934903399e-02	0.0000000000000000e+00	2.1146312994687833e-02
1.7435839227423401e-02	0.0000000000000000e+00	2.4668436188221676e-02
1.7453292519943299e-02	0.0000000000000000e+00	2.0499764419582789e-02
1.7470745812463200e-02	0.0000000000000000e+00	1.6479554076795466e-02
1.7488199104983199e-02	0.0000000000000000e+00	1.0519901886254956e-02
1.7505652397503100e-02	0.0000000000000000e+00	8.5841851723671425e-03
1.7523105690023098e-02	0.0000000000000000e+00	5.2903476794199378e-03
1.7540558982543000e-02	0.0000000000000000e+00	9.3432154353649821e-03
1.7558012275063001e-02	0.0000000000000000e+00	6.0452881298260763e-03
1.7575465567582899e-02	0.0000000000000000e+00	6.8159661498157220e-03
1.7592918860102801e-02	0.0000000000000000e+00	1.5072245420014951e-02
1.7610372152622799e-02	0.0000000000000000e+00	1.7452347085054498e-02
1.7627825445142700e-02	0.0000000000000000e+00	1.7035133325407514e-02
1.7645278737662699e-02	0.0000000000000000e+00	4.4304274133537547e-03
1.7662732030182600e-02	0.0000000000000000e+00	1.5820182907191338e-02
1.7680185322702598e-02	0.0000000000000000e+00	1.9471727919153636e-02
1.7697638615222500e-02	0.0000000000000000e+00	2.0784182572242571e-02
1.7715091907742401e-02	0.0000000000000000e+00	2.2312334600428585e-02
1.7732545200262399e-02	0.0000000000000000e+00	1.9867635292030172e-02
1.7749998492782301e-02	0.0000000000000000e+00	1.0250155533867655e-02
1.7767451785302299e-02	0.0000000000000000e+00	2.7588774309606379e-02
1.7784905077822200e-02	0.0000000000000000e+00	2.4053961128174706e-02
1.7802358370342199e-02	0.0000000000000000e+00	2.8187485945863955e-02
1.7819811662862100e-02	0.0000000000000000e+00	1.5334164881323886e-02
1.7837264955382001e-02	0.0000000000000000e+00	1.1294492851277482e-02
1.7854718247902000e-02	0.0000000000000000e+00	3.9390511707892983e-03
1.7872171540421901e-02	0.0000000000000000e+00	3.5086928146483842e-03
1.7889624832941899e-02	0.0000000000000000e+00	2.1738095874752617e-03
1.7907078125461801e-02	0.0000000000000000e+00	3.5284121631775633e-03
1.7924531417981799e-02	0.0000000000000000e+00	5.4367182015084836e-03
1.7941984710501700e-02	0.0000000000000000e+00	6.9192140372251743e-03
1.7959438003021699e-02	0.0000000000000000e+00	7.6139150469316519e-03
1.7976891295541600e-02	0.0000000000000000e+00	9.3099666883063037e-03
1.7994344588061501e-02	0.0000000000000000e+00	1.0199347627349198e-02
1.8011797880581500e-02	0.0000000000000000e+00	1.0408977370843786e-02
1.8029251173101401e-02	0.0000000000000000e+00	8.5231716002454050e-03
1.8046704465621399e-02	0.0000000000000000e+00	1.3114329448853823e-02
1.8064157758141301e-02	0.0000000000000000e+00	1.1742824914108496e-02
1.8081611050661299e-02	0.0000000000000000e+00	1.4696057682158425e-02
1.8099064343181200e-02	0.0000000000000000e+00	7.6370924052753253e-03
1.8116517635701102e-02	0.0000000000000000e+00	7.9526108553409358e-03
1.8133970928221100e-02	0.0000000000000000e+00	2.8542651609768654e-02
1.8151424220741001e-02	0.0000000000000000e+00	1.8196834235595816e-02
1.8168877513261000e-02	0.0000000000000000e+00	9.4846787123969989e-03
1.8186330805780901e-02	0.0000000000000000e+00	7.5039734329038765e-03
1.8203784098300899e-02	0.0000000000000000e+00	9.9283967710590559e-03
1.8221237390820801e-02	0.0000000000000000e+00	7.3768446275153110e-03
1.8238690683340698e-02	0.0000000000000000e+00	6.8864523636875674e-03
1.8256143975860700e-02	0.0000000000000000e+00	7.9740915757611219e-03
1.8273597268380602e-02	0.0000000000000000e+00	8.8444851462554652e-03
1.8291050560900600e-02	0.0000000000000000e+00	1.0193884285399690e-02
1.8308503853420501e-02	0.0000000000000000e+00	2.1824295599799370e-02
1.8325957145940500e-02	0.0000000000000000e+00	3.3853596567496425e-02
1.8343410438460401e-02	0.0000000000000000e+00	4.4080544721509796e-02
1.8360863730980299e-02	0.0000000000000000e+00	5.1590322211268358e-02
1.8378317023500301e-02	0.0000000000000000e+00	4.9625687566731358e-02
1.8395770316020198e-02	0.0000000000000000e+00	4.2120602582144784e-02
1.8413223608540200e-02	0.0000000000000000e+00	2.7587878234044183e-02
1.8430676901060102e-02	0.0000000000000000e+00	1.9723699851283527e-02
1.8448130193580100e-02	0.0000000000000000e+00	1.2320056275029856e-02
1.8465583486100001e-02	0.0000000000000000e+00	5.3486970452240712e-02
1.8483036778619899e-02	0.0000000000000000e+00	3.5034405553915349e-02
1.8500490071139901e-02	0.0000000000000000e+00	2.9793327670063263e-02
1.8517943363659799e-02	0.0000000000000000e+00	3.0691756666158199e-02
1.8535396656179801e-02	0.0000000000000000e+00	1.6410175866852228e-02
1.8552849948699698e-02	0.0000000000000000e+00	1.1768718514076681e-02
1.8570303241219700e-02	0.0000000000000000e+00	1.2319526868395769e-02
1.8587756533739602e-02	0.0000000000000000e+00	1.0801422729400656e-02
1.8605209826259600e-02	0.0000000000000000e+00	1.1716974767068677e-02
1.8622663118779501e-02	0.0000000000000000e+00	1.6633475063372316e-02
1.8640116411299399e-02	0.0000000000000000e+00	1.5584979557388579e-02
1.8657569703819401e-02	0.0000000000000000e+00	1.6973585550658754e-02
1.8675022996339299e-02	0.0000000000000000e+00	1.6849027249918436e-02
1.8692476288859301e-02	0.0000000000000000e+00	1.7664835938376200e-02
1.8709929581379198e-02	0.0000000000000000e+00	1.7524182933811971e-02
1.8727382873899200e-02	0.0000000000000000e+00	1.7859357457837177e-02
1.8744836166419102e-02	0.0000000000000000e+00	1.0843531152431751e-02
1.8762289458938999e-02	0.0000000000000000e+00	2.1784463303447410e-02
1.8779742751459001e-02	0.0000000000000000e+00	1.2071139082763693e-02
1.8797196043978899e-02	0.0000000000000000e+00	9.2202870382607216e-03
1.8814649336498901e-02	0.0000000000000000e+00	1.0931885382888140e-02
1.8832102629018799e-02	0.0000000000000000e+00	2.5088637399676372e-02
1.8849555921538801e-02	0.0000000000000000e+00	1.9502045923218247e-02
1.8867009214058698e-02	0.0000000000000000e+00	1.6080440536825336e-02
1.8884462506578600e-02	0.0000000000000000e+00	1.0500737143502192e-02
1.8901915799098602e-02	0.0000000000000000e+00	7.5309600091060247e-03
1.8919369091618499e-02	0.0000000000000000e+00	4.6885320160754418e-03
1.8936822384138501e-02	0.0000000000000000e+00	5.8383458489288387e-03
1.8954275676658399e-02	0.0000000000000000e+00	7.7101289352867752e-03
1.8971728969178401e-02	0.0000000000000000e+00	1.0420017062642728e-02
1.8989182261698299e-02	0.0000000000000000e+00	1.2656359216634883e-02
1.9006635554218200e-02	0.0000000000000000e+00	1.9418645068071783e-02
1.9024088846738198e-02	0.0000000000000000e+00	1.7733359291014494e-02
1.9041542139258100e-02	0.0000000000000000e+00	2.2728596970409853e-02
1.9058995431778102e-02	0.0000000000000000e+00	3.1641996309190290e-02
1.9076448724297999e-02	0.0000000000000000e+00	3.2802179903228534e-02
1.9093902016818001e-02	0.0000000000000000e+00	3.4208200482680695e-02
1.9111355309337899e-02	0.0000000000000000e+00	3.4603174208314158e-02
1.9128808601857800e-02	0.0000000000000000e+00	2.8322940219368320e-02
1.9146261894377799e-02	0.0000000000000000e+00	2.4303838290506974e-02
1.9163715186897700e-02	0.0000000000000000e+00	4.6536894776409099e-02
1.9181168479417698e-02	0.0000000000000000e+00	3.7052942138302569e-02
1.9198621771937600e-02	0.0000000000000000e+00	1.9900052734101337e-02
1.9216075064457602e-02	0.0000000000000000e+00	2.4786067428749448e-02
1.9233528356977499e-02	0.0000000000000000e+00	4.6183911951516166e-03
1.9250981649497501e-02	0.0000000000000000e+00	4.6332159559483443e-03
1.9268434942017399e-02	0.0000000000000000e+00	5.9063954862494938e-03
1.9285888234537300e-02	0.0000000000000000e+00	5.9648334381563473e-03
1.9303341527057299e-02	0.0000000000000000e+00	8.0066530745170894e-03
1.9320794819577200e-02	0.0000000000000000e+00	8.6752026454632869e-03
1.9338248112097198e-02	0.0000000000000000e+00	8.9688957177713746e-03
1.9355701404617100e-02	0.0000000000000000e+00	9.2192400825297227e-03
1.9373154697137102e-02	0.0000000000000000e+00	9.0263544843764976e-03
1.9390607989656999e-02	0.0000000000000000e+00	9.6108346679102397e-03
1.9408061282176901e-02	0.0000000000000000e+00	1.0786344319967611e-02
1.9425514574696899e-02	0.0000000000000000e+00	1.1957397144669812e-02
1.9442967867216800e-02	0.0000000000000000e+00	7.3754284030655981e-03
1.9460421159736799e-02	0.0000000000000000e+00	1.5261812482094683e-02
1.9477874452256700e-02	0.0000000000000000e+00	9.8485907765279990e-03
1.9495327744776698e-02	0.0000000000000000e+00	1.4953578021959402e-02
1.9512781037296600e-02	0.0000000000000000e+00	1.7701594635582296e-02
1.9530234329816501e-02	0.0000000000000000e+00	3.1380213669763179e-02
1.9547687622336499e-02	0.0000000000000000e+00	2.5898082740241080e-02
1.9565140914856401e-02	0.0000000000000000e+00	2.2608679219047190e-02
1.9582594207376399e-02	0.0000000000000000e+00	1.7116861812610296e-02
1.9600047499896300e-02	0.0000000000000000e+00	1.4211869123300858e-02
1.9617500792416299e-02	0.0000000000000000e+00	9.8498940781155397e-03
1.9634954084936200e-02	0.0000000000000000e+00	7.4742564938787837e-03
1.9652407377456101e-02	0.0000000000000000e+00	9.4529110920120729e-03
1.9669860669976100e-02	0.0000000000000000e+00	1.0198507397944923e-02
1.9687313962496001e-02	0.0000000000000000e+00	1.2138224361478933e-02
1.9704767255015999e-02	0.0000000000000000e+00	1.5934453767840751e-02
1.9722220547535901e-02	0.0000000000000000e+00	2.0843644499109359e-02
1.9739673840055899e-02	0.0000000000000000e+00	2.9030449975834927e-02
1.9757127132575800e-02	0.0000000000000000e+00	3.4185517575679114e-02
1.9774580425095799e-02	0.0000000000000000e+00	3.3208427099452820e-02
1.9792033717615700e-02	0.0000000000000000e+00	3.2083915302791866e-02
1.9809487010135601e-02	0.0000000000000000e+00	3.2837420079886215e-02
1.9826940302655600e-02	0.0000000000000000e+00	2.6983459538314492e-02
1.9844393595175501e-02	0.0000000000000000e+00	1.3901649796025595e-02
1.9861846887695499e-02	0.0000000000000000e+00	3.4368145842108788e-02
1.9879300180215401e-02	0.0000000000000000e+00	2.2364899451986275e-02
1.9896753472735399e-02	0.0000000000000000e+00	2.6327567697990162e-02
1.9914206765255300e-02	0.0000000000000000e+00	1.7406864319696069e-02
1.9931660057775202e-02	0.0000000000000000e+00	9.6461480858636151e-03
1.9949113350295200e-02	0.0000000000000000e+00	3.5413379490591979e-03
1.9966566642815101e-02	0.0000000000000000e+00	4.2359241833764827e-03
1.9984019935335100e-02	0.0000000000000000e+00	3.6094950100959977e-03
2.0001473227855001e-02	0.0000000000000000e+00	4.6413430873144534e-03
2.0018926520374999e-02	0.0000000000000000e+00	6.2262678620754741e-03
2.0036379812894901e-02	0.0000000000000000e+00	7.1742930344953493e-03
2.0053833105414798e-02	0.0000000000000000e+00	8.0504574361839332e-03
2.0071286397934800e-02	0.0000000000000000e+00	9.2184425902814837e-03
2.0088739690454702e-02	0.0000000000000000e+00	9.7873365266423207e-03
2.0106192982974700e-02	0.0000000000000000e+00	1.0618378946674056e-02
2.0123646275494601e-02	0.0000000000000000e+00	1.1063702422688948e-02
2.0141099568014600e-02	0.0000000000000000e+00	1.4465727992501343e-02
2.0158552860534501e-02	0.0000000000000000e+00	1.6144525514391717e-02
2.0176006153054399e-02	0.0000000000000000e+00	7.5273199308867333e-03
2.0193459445574401e-02	0.0000000000000000e+00	1.7977750812860904e-02
2.0210912738094299e-02	0.0000000000000000e+00	2.5849411302260705e-02
2.0228366030614300e-02	0.0000000000000000e+00	3.7004202578827972e-02
2.0245819323134202e-02	0.0000000000000000e+00	3.1321481465056422e-02
2.0263272615654200e-02	0.0000000000000000e+00	1.9419395965087460e-02
2.0280725908174101e-02	0.0000000000000000e+00	1.4531341283145593e-02
2.0298179200694100e-02	0.0000000000000000e+00	9.6609794280055894e-03
2.0315632493214001e-02	0.0000000000000000e+00	7.0143870606216296e-03
2.0333085785733899e-02	0.0000000000000000e+00	6.2229077614119888e-03
2.0350539078253901e-02	0.0000000000000000e+00	6.2840790668019508e-03
2.0367992370773799e-02	0.0000000000000000e+00	6.4263397284776147e-03
2.0385445663293800e-02	0.0000000000000000e+00	5.9411658694443759e-03
2.0402898955813702e-02	0.0000000000000000e+00	5.4442985669993504e-03
2.0420352248333700e-02	0.0000000000000000e+00	6.1801338051736820e-03
2.0437805540853601e-02	0.0000000000000000e+00	1.7164025201054756e-02
2.0455258833373499e-02	0.0000000000000000e+00	2.7479101361677749e-02
2.0472712125893501e-02	0.0000000000000000e+00	2.6888529100688174e-02
2.0490165418413399e-02	0.0000000000000000e+00	2.1572193007159512e-02
2.0507618710933401e-02	0.0000000000000000e+00	1.7870107840280980e-02
2.0525072003453299e-02	0.0000000000000000e+00	1.4358723480199842e-02
2.0542525295973300e-02	0.0000000000000000e+00	8.7241789037761919e-03
2.0559978588493202e-02	0.0000000000000000e+00	4.6612070298124308e-02
2.0577431881013099e-02	0.0000000000000000e+00	2.8516478017422742e-02
2.0594885173533101e-02	0.0000000000000000e+00	2.4604569964708389e-02
2.0612338466052999e-02	0.0000000000000000e+00	2.4441933110267655e-02
2.0629791758573001e-02	0.0000000000000000e+00	1.1556317192543020e-02
2.0647245051092899e-02	0.0000000000000000e+00	6.8225935980166241e-03
2.0664698343612901e-02	0.0000000000000000e+00	6.7860970805213583e-03
2.0682151636132799e-02	0.0000000000000000e+00	7.0395924485637806e-03
2.0699604928652700e-02	0.0000000000000000e+00	8.3571754985314328e-03
2.0717058221172702e-02	0.0000000000000000e+00	8.3615540452228743e-03
2.0734511513692599e-02	0.0000000000000000e+00	8.4864639457009616e-03
2.0751964806212601e-02	0.0000000000000000e+00	8.7028716097847791e-03
2.0769418098732499e-02	0.0000000000000000e+00	9.0928023928427137e-03
2.0786871391252501e-02	0.0000000000000000e+00	9.5427894375461619e-03
2.0804324683772399e-02	0.0000000000000000e+00	9.1495504893828183e-03
2.0821777976292300e-02	0.0000000000000000e+00	7.0505936200788710e-03
2.0839231268812299e-02	0.0000000000000000e+00	1.3623424117668037e-02
2.0856684561332200e-02	0.0000000000000000e+00	1.2238472070748685e-02
2.0874137853852202e-02	0.0000000000000000e+00	1.4952215052289830e-02
2.0891591146372099e-02	0.0000000000000000e+00	1.0260998377134456e-02
2.0909044438892101e-02	0.0000000000000000e+00	2.2245670055781375e-02
2.0926497731411999e-02	0.0000000000000000e+00	3.6937973995009088e-02
2.0943951023932001e-02	0.0000000000000000e+00	2.4734751212236006e-02
