0.0000000000000000e+00	0.0000000000000000e+00	0.0000000000000000e+00
1.7453292519943300e-05	0.0000000000000000e+00	0.0000000000000000e+00
3.4906585039886600e-05	0.0000000000000000e+00	6.2573235481977463e-09
5.2359877559829903e-05	0.0000000000000000e+00	1.4522811397910118e-07
6.9813170079773199e-05	0.0000000000000000e+00	8.8430533651262522e-07
8.7266462599716496e-05	0.0000000000000000e+00	2.4365726858377457e-06
1.0471975511966000e-04	0.0000000000000000e+00	5.2199902711436152e-06
1.2217304763960301e-04	0.0000000000000000e+00	8.9413078967481852e-06
1.3962634015954599e-04	0.0000000000000000e+00	1.2611810234375298e-05
1.5707963267949001e-04	0.0000000000000000e+00	1.6770092770457268e-05
1.7453292519943299e-04	0.0000000000000000e+00	2.1028536139056087e-05
1.9198621771937600e-04	0.0000000000000000e+00	2.5353670935146511e-05
2.0943951023931999e-04	0.0000000000000000e+00	2.9064831323921680e-05
2.2689280275926300e-04	0.0000000000000000e+00	3.2851487048901618e-05
2.4434609527920601e-04	0.0000000000000000e+00	3.7686928408220410e-05
2.6179938779914903e-04	0.0000000000000000e+00	4.0306797018274665e-05
2.7925268031909301e-04	0.0000000000000000e+00	4.3129824916832149e-05
2.9670597283903603e-04	0.0000000000000000e+00	4.8694229917600751e-05
3.1415926535897898e-04	0.0000000000000000e+00	5.4973846999928355e-05
3.3161255787892303e-04	0.0000000000000000e+00	6.1592945712618530e-05
3.4906585039886598e-04	0.0000000000000000e+00	6.8748122430406511e-05
3.6651914291880900e-04	0.0000000000000000e+00	7.7502118074335158e-05
3.8397243543875201e-04	0.0000000000000000e+00	9.6064934041351080e-05
4.0142572795869599e-04	0.0000000000000000e+00	1.2118642916902900e-04
4.1887902047863901e-04	0.0000000000000000e+00	1.5446188626810908e-04
4.3633231299858202e-04	0.0000000000000000e+00	1.8577798618935049e-04
4.5378560551852601e-04	0.0000000000000000e+00	2.1423603175207973e-04
4.7123889803846902e-04	0.0000000000000000e+00	2.4115927226375788e-04
4.8869219055841203e-04	0.0000000000000000e+00	2.6727569638751447e-04
5.0614548307835602e-04	0.0000000000000000e+00	2.9081932734698057e-04
5.2359877559829903e-04	0.0000000000000000e+00	3.0542875174432993e-04
5.4105206811824204e-04	0.0000000000000000e+00	3.0862816493026912e-04
5.5850536063818505e-04	0.0000000000000000e+00	2.9606859607156366e-04
5.7595865315812904e-04	0.0000000000000000e+00	2.7239506016485393e-04
5.9341194567807205e-04	0.0000000000000000e+00	2.2658941452391446e-04
6.1086523819801496e-04	0.0000000000000000e+00	1.6269662592094392e-04
6.2831853071795905e-04	0.0000000000000000e+00	8.3766848547384143e-05
6.4577182323790196e-04	0.0000000000000000e+00	2.0315710571594536e-05
6.6322511575784497e-04	0.0000000000000000e+00	1.4417248894460499e-04
6.8067840827778798e-04	0.0000000000000000e+00	2.8700310213025659e-04
6.9813170079773197e-04	0.0000000000000000e+00	4.4384023931343108e-04
7.1558499331767498e-04	0.0000000000000000e+00	5.9135309129487723e-04
7.3303828583761799e-04	0.0000000000000000e+00	7.1527161344420165e-04
7.5049157835756198e-04	0.0000000000000000e+00	8.0998848716262728e-04
7.6794487087750499e-04	0.0000000000000000e+00	8.8019626855384558e-04
7.8539816339744800e-04	0.0000000000000000e+00	9.4055752560961992e-04
8.0285145591739199e-04	0.0000000000000000e+00	9.8504175548441708e-04
8.2030474843733500e-04	0.0000000000000000e+00	1.0098373022628948e-03
8.3775804095727801e-04	0.0000000000000000e+00	1.0144109401153401e-03
8.5521133347722102e-04	0.0000000000000000e+00	1.0027513053501025e-03
8.7266462599716501e-04	0.0000000000000000e+00	9.0138259110972285e-04
8.9011791851710802e-04	0.0000000000000000e+00	7.5119014945812523e-04
9.0757121103705104e-04	0.0000000000000000e+00	8.1924416008405387e-04
9.2502450355699502e-04	0.0000000000000000e+00	7.1103163645602763e-04
9.4247779607693804e-04	0.0000000000000000e+00	5.1710721163544804e-04
9.5993108859688105e-04	0.0000000000000000e+00	1.3998404028825462e-04
9.7738438111682406e-04	0.0000000000000000e+00	1.5823113790247589e-04
9.9483767363676805e-04	0.0000000000000000e+00	2.0963817951269448e-04
1.0122909661567101e-03	0.0000000000000000e+00	3.5880501673091203e-04
1.0297442586766500e-03	0.0000000000000000e+00	6.4845023734960705e-04
1.0471975511966000e-03	0.0000000000000000e+00	9.1260450426489115e-04
1.0646508437165401e-03	0.0000000000000000e+00	1.0876785090658814e-03
1.0821041362364800e-03	0.0000000000000000e+00	9.6610319451428950e-04
1.0995574287564300e-03	0.0000000000000000e+00	8.7500052177347243e-04
1.1170107212763701e-03	0.0000000000000000e+00	7.1815618139225990e-04
1.1344640137963100e-03	0.0000000000000000e+00	5.6821308680810034e-04
1.1519173063162600e-03	0.0000000000000000e+00	3.9523077430203557e-04
1.1693705988361999e-03	0.0000000000000000e+00	2.1524820476770401e-04
1.1868238913561400e-03	0.0000000000000000e+00	3.6651472328230739e-05
1.2042771838760900e-03	0.0000000000000000e+00	1.5212628932204098e-04
1.2217304763960299e-03	0.0000000000000000e+00	3.4332837094552815e-04
1.2391837689159700e-03	0.0000000000000000e+00	5.3519096400123090e-04
1.2566370614359201e-03	0.0000000000000000e+00	7.2571964119561017e-04
1.2740903539558599e-03	0.0000000000000000e+00	9.1438977688085288e-04
1.2915436464758000e-03	0.0000000000000000e+00	1.1631229281192645e-03
1.3089969389957501e-03	0.0000000000000000e+00	1.4393292512977496e-03
1.3264502315156899e-03	0.0000000000000000e+00	1.7282053013332188e-03
1.3439035240356300e-03	0.0000000000000000e+00	1.8502470047678798e-03
1.3613568165555801e-03	0.0000000000000000e+00	2.0874763577012345e-03
1.3788101090755199e-03	0.0000000000000000e+00	2.4551336682634428e-03
1.3962634015954600e-03	0.0000000000000000e+00	2.7853002684423700e-03
1.4137166941154101e-03	0.0000000000000000e+00	3.2469228026457131e-03
1.4311699866353500e-03	0.0000000000000000e+00	3.1455226271646097e-03
1.4486232791552900e-03	0.0000000000000000e+00	3.1248851155396551e-03
1.4660765716752401e-03	0.0000000000000000e+00	3.0486330360872671e-03
1.4835298641951800e-03	0.0000000000000000e+00	2.8673058404820040e-03
1.5009831567151201e-03	0.0000000000000000e+00	2.6630590000422671e-03
1.5184364492350699e-03	0.0000000000000000e+00	2.4261825165012851e-03
1.5358897417550100e-03	0.0000000000000000e+00	2.1749826264567673e-03
1.5533430342749501e-03	0.0000000000000000e+00	1.8899613933172077e-03
1.5707963267948999e-03	0.0000000000000000e+00	1.5660720091545954e-03
1.5882496193148400e-03	0.0000000000000000e+00	1.2243659439263865e-03
1.6057029118347801e-03	0.0000000000000000e+00	8.7664340389892459e-04
1.6231562043547299e-03	0.0000000000000000e+00	6.1288330471143126e-04
1.6406094968746700e-03	0.0000000000000000e+00	4.0904850175138563e-04
1.6580627893946101e-03	0.0000000000000000e+00	1.9177219655830413e-04
1.6755160819145599e-03	0.0000000000000000e+00	3.8938912621233612e-04
1.6929693744345000e-03	0.0000000000000000e+00	1.1341560602886602e-03
1.7104226669544401e-03	0.0000000000000000e+00	1.6592611791566014e-03
1.7278759594743899e-03	0.0000000000000000e+00	1.9383343314984813e-03
1.7453292519943300e-03	0.0000000000000000e+00	2.3656237026443705e-03
1.7627825445142699e-03	0.0000000000000000e+00	2.4027305335039273e-03
1.7802358370342200e-03	0.0000000000000000e+00	2.3615782556589693e-03
1.7976891295541600e-03	0.0000000000000000e+00	2.3428107379004359e-03
1.8151424220740999e-03	0.0000000000000000e+00	2.2513519361382350e-03
1.8325957145940500e-03	0.0000000000000000e+00	2.1958143770461902e-03
1.8500490071139900e-03	0.0000000000000000e+00	2.1244423696771264e-03
1.8675022996339299e-03	0.0000000000000000e+00	2.0315084693720564e-03
1.8849555921538800e-03	0.0000000000000000e+00	1.9409451051615179e-03
1.9024088846738201e-03	0.0000000000000000e+00	1.8416319071548060e-03
1.9198621771937599e-03	0.0000000000000000e+00	1.7236731509910896e-03
1.9373154697137100e-03	0.0000000000000000e+00	1.6337131091859192e-03
1.9547687622336499e-03	0.0000000000000000e+00	1.5695405309088528e-03
1.9722220547535902e-03	0.0000000000000000e+00	1.5329987509176135e-03
1.9896753472735400e-03	0.0000000000000000e+00	1.4023848343640566e-03
2.0071286397934799e-03	0.0000000000000000e+00	1.1009205336449668e-03
2.0245819323134202e-03	0.0000000000000000e+00	7.8098104859236628e-04
2.0420352248333700e-03	0.0000000000000000e+00	4.9453772953711450e-04
2.0594885173533099e-03	0.0000000000000000e+00	2.6601832360029221e-05
2.0769418098732502e-03	0.0000000000000000e+00	8.2091371587011963e-04
2.0943951023932000e-03	0.0000000000000000e+00	1.4113263314357027e-03
2.1118483949131399e-03	0.0000000000000000e+00	1.0915372549789026e-03
2.1293016874330802e-03	0.0000000000000000e+00	9.9131156457588077e-04
2.1467549799530201e-03	0.0000000000000000e+00	7.2829255077522248e-04
2.1642082724729699e-03	0.0000000000000000e+00	4.9326244334224612e-04
2.1816615649929102e-03	0.0000000000000000e+00	2.6544055435806513e-04
2.1991148575128501e-03	0.0000000000000000e+00	4.0340135456062853e-05
2.2165681500327999e-03	0.0000000000000000e+00	1.3024504005443305e-04
2.2340214425527402e-03	0.0000000000000000e+00	3.8311653770506382e-04
2.2514747350726801e-03	0.0000000000000000e+00	7.4219625093974173e-04
2.2689280275926299e-03	0.0000000000000000e+00	1.1000756348948926e-03
2.2863813201125698e-03	0.0000000000000000e+00	1.3746321201324463e-03
2.3038346126325101e-03	0.0000000000000000e+00	1.6272215289063752e-03
2.3212879051524599e-03	0.0000000000000000e+00	1.7884870176203549e-03
2.3387411976723998e-03	0.0000000000000000e+00	1.7568945186212659e-03
2.3561944901923401e-03	0.0000000000000000e+00	1.5790421457495540e-03
2.3736477827122899e-03	0.0000000000000000e+00	1.6645547293592244e-03
2.3911010752322298e-03	0.0000000000000000e+00	2.6111047627637163e-03
2.4085543677521701e-03	0.0000000000000000e+00	4.2426700965734199e-03
2.4260076602721200e-03	0.0000000000000000e+00	4.9210584984393790e-03
2.4434609527920598e-03	0.0000000000000000e+00	4.9025944317691028e-03
2.4609142453120001e-03	0.0000000000000000e+00	4.3032856920035556e-03
2.4783675378319500e-03	0.0000000000000000e+00	4.0238111250801012e-03
2.4958208303518898e-03	0.0000000000000000e+00	3.4335532400291413e-03
2.5132741228718301e-03	0.0000000000000000e+00	3.0606731743318960e-03
2.5307274153917800e-03	0.0000000000000000e+00	2.7257241890765727e-03
2.5481807079117198e-03	0.0000000000000000e+00	2.4159285676432773e-03
2.5656340004316601e-03	0.0000000000000000e+00	2.1424680162454024e-03
2.5830872929516100e-03	0.0000000000000000e+00	1.7958925600396469e-03
2.6005405854715499e-03	0.0000000000000000e+00	1.4208805805537850e-03
2.6179938779914902e-03	0.0000000000000000e+00	1.0413468698970973e-03
2.6354471705114400e-03	0.0000000000000000e+00	6.8385984923224896e-04
2.6529004630313799e-03	0.0000000000000000e+00	3.8480223156511784e-04
2.6703537555513202e-03	0.0000000000000000e+00	3.1677901279181242e-04
2.6878070480712700e-03	0.0000000000000000e+00	3.1232023320626467e-04
2.7052603405912099e-03	0.0000000000000000e+00	5.9004538343288004e-04
2.7227136331111502e-03	0.0000000000000000e+00	1.5829442418180406e-05
2.7401669256311000e-03	0.0000000000000000e+00	1.4238070580177009e-03
2.7576202181510399e-03	0.0000000000000000e+00	2.7837477100547403e-03
2.7750735106709802e-03	0.0000000000000000e+00	4.0391756629105657e-03
2.7925268031909300e-03	0.0000000000000000e+00	4.6269661543192342e-03
2.8099800957108699e-03	0.0000000000000000e+00	4.3290261673973873e-03
2.8274333882308102e-03	0.0000000000000000e+00	4.1372434061486274e-03
2.8448866807507600e-03	0.0000000000000000e+00	3.8446572580141947e-03
2.8623399732706999e-03	0.0000000000000000e+00	3.2631310459692031e-03
2.8797932657906402e-03	0.0000000000000000e+00	2.7062607114203274e-03
2.8972465583105901e-03	0.0000000000000000e+00	2.1866320312255993e-03
2.9146998508305299e-03	0.0000000000000000e+00	1.7174393869936466e-03
2.9321531433504698e-03	0.0000000000000000e+00	1.1902205733349547e-03
2.9496064358704201e-03	0.0000000000000000e+00	7.6055507815908641e-04
2.9670597283903599e-03	0.0000000000000000e+00	4.6732759801670909e-04
2.9845130209102998e-03	0.0000000000000000e+00	2.4578382726758718e-04
3.0019663134302501e-03	0.0000000000000000e+00	4.9731752369552851e-06
3.0194196059501899e-03	0.0000000000000000e+00	4.7331748646683991e-05
3.0368728984701298e-03	0.0000000000000000e+00	2.4111481616273522e-04
3.0543261909900801e-03	0.0000000000000000e+00	7.6951007940806448e-04
3.0717794835100200e-03	0.0000000000000000e+00	7.8069724258966744e-04
3.0892327760299598e-03	0.0000000000000000e+00	7.0968756335787475e-04
3.1066860685499101e-03	0.0000000000000000e+00	2.1294822363415733e-03
3.1241393610698500e-03	0.0000000000000000e+00	3.5421149950707331e-03
3.1415926535897898e-03	0.0000000000000000e+00	3.7564272788586095e-03
3.1590459461097401e-03	0.0000000000000000e+00	3.3085529285017401e-03
3.1764992386296800e-03	0.0000000000000000e+00	2.9825656092725694e-03
3.1939525311496198e-03	0.0000000000000000e+00	2.6465657429071143e-03
3.2114058236695701e-03	0.0000000000000000e+00	2.1997918956913054e-03
3.2288591161895100e-03	0.0000000000000000e+00	1.7954827781068161e-03
3.2463124087094499e-03	0.0000000000000000e+00	1.4664794434793293e-03
3.2637657012294001e-03	0.0000000000000000e+00	1.2195521121611819e-03
3.2812189937493400e-03	0.0000000000000000e+00	1.0009612451540306e-03
3.2986722862692799e-03	0.0000000000000000e+00	7.3323752440046519e-04
3.3161255787892301e-03	0.0000000000000000e+00	4.8988404159899801e-04
3.3335788713091700e-03	0.0000000000000000e+00	1.7040639068000019e-04
3.3510321638291099e-03	0.0000000000000000e+00	7.8818076872266829e-05
3.3684854563490602e-03	0.0000000000000000e+00	1.9166144193150103e-04
3.3859387488690000e-03	0.0000000000000000e+00	5.9697958931792527e-04
3.4033920413889399e-03	0.0000000000000000e+00	1.4818316558375955e-03
3.4208453339088902e-03	0.0000000000000000e+00	2.3011079611023888e-03
3.4382986264288300e-03	0.0000000000000000e+00	1.4655333943665028e-03
3.4557519189487699e-03	0.0000000000000000e+00	3.8698417483828962e-05
3.4732052114687202e-03	0.0000000000000000e+00	1.2812424538424239e-03
3.4906585039886600e-03	0.0000000000000000e+00	2.2260459372773767e-03
3.5081117965085999e-03	0.0000000000000000e+00	1.9925609667552635e-03
3.5255650890285502e-03	0.0000000000000000e+00	1.7592437943676487e-03
3.5430183815484901e-03	0.0000000000000000e+00	1.4332363789435476e-03
3.5604716740684299e-03	0.0000000000000000e+00	1.1398442584322765e-03
3.5779249665883698e-03	0.0000000000000000e+00	8.5368378495331854e-04
3.5953782591083201e-03	0.0000000000000000e+00	6.5482415084261447e-04
3.6128315516282599e-03	0.0000000000000000e+00	5.8163805806543678e-04
3.6302848441482102e-03	0.0000000000000000e+00	2.2272666683420539e-04
3.6477381366681501e-03	0.0000000000000000e+00	5.9962880914099514e-04
3.6651914291880900e-03	0.0000000000000000e+00	1.3323217135621235e-03
3.6826447217080398e-03	0.0000000000000000e+00	9.4560027355328202e-04
3.7000980142279801e-03	0.0000000000000000e+00	4.0430214721709490e-04
3.7175513067479200e-03	0.0000000000000000e+00	3.5535762435756624e-04
3.7350045992678598e-03	0.0000000000000000e+00	8.0818776041269302e-04
3.7524578917878101e-03	0.0000000000000000e+00	1.4868250582367182e-03
3.7699111843077500e-03	0.0000000000000000e+00	9.3336087593343109e-04
3.7873644768276998e-03	0.0000000000000000e+00	1.2907599448226392e-03
3.8048177693476401e-03	0.0000000000000000e+00	3.7137444305699319e-03
3.8222710618675800e-03	0.0000000000000000e+00	4.6012381935724989e-03
3.8397243543875199e-03	0.0000000000000000e+00	3.9837796648498625e-03
3.8571776469074701e-03	0.0000000000000000e+00	1.7562111897859722e-03
3.8746309394274100e-03	0.0000000000000000e+00	6.2322818848770112e-04
3.8920842319473499e-03	0.0000000000000000e+00	9.5680481172166765e-04
3.9095375244672997e-03	0.0000000000000000e+00	1.1332509748172015e-03
3.9269908169872400e-03	0.0000000000000000e+00	1.4586640754714608e-03
3.9444441095071803e-03	0.0000000000000000e+00	2.0324670040281489e-03
3.9618974020271302e-03	0.0000000000000000e+00	2.5610218726797029e-03
3.9793506945470696e-03	0.0000000000000000e+00	3.0688924452988431e-03
3.9968039870670099e-03	0.0000000000000000e+00	3.3160824532387778e-03
4.0142572795869597e-03	0.0000000000000000e+00	3.4554467856651172e-03
4.0317105721069000e-03	0.0000000000000000e+00	3.4969449188793078e-03
4.0491638646268403e-03	0.0000000000000000e+00	3.6793076724279672e-03
4.0666171571467902e-03	0.0000000000000000e+00	3.9880020631244406e-03
4.0840704496667296e-03	0.0000000000000000e+00	4.1287812055088580e-03
4.1015237421866699e-03	0.0000000000000000e+00	3.3241860801354051e-03
4.1189770347066198e-03	0.0000000000000000e+00	1.2622961221495643e-03
4.1364303272265601e-03	0.0000000000000000e+00	3.6083634768147022e-04
4.1538836197465004e-03	0.0000000000000000e+00	9.8433248058427125e-04
4.1713369122664502e-03	0.0000000000000000e+00	1.4630774821853265e-03
4.1887902047863896e-03	0.0000000000000000e+00	1.1947072925977409e-03
4.2062434973063299e-03	0.0000000000000000e+00	2.9642779554706067e-04
4.2236967898262798e-03	0.0000000000000000e+00	6.2232978234533221e-04
4.2411500823462201e-03	0.0000000000000000e+00	1.8960614543175325e-03
4.2586033748661604e-03	0.0000000000000000e+00	2.3298905725823715e-03
4.2760566673861102e-03	0.0000000000000000e+00	2.7845522854477167e-03
4.2935099599060497e-03	0.0000000000000000e+00	3.7462465843418613e-03
4.3109632524259900e-03	0.0000000000000000e+00	4.6697932557435706e-03
4.3284165449459398e-03	0.0000000000000000e+00	5.3697539988206699e-03
4.3458698374658801e-03	0.0000000000000000e+00	6.0695293359458447e-03
4.3633231299858204e-03	0.0000000000000000e+00	6.4350856846431270e-03
4.3807764225057702e-03	0.0000000000000000e+00	5.5474899854743853e-03
4.3982297150257097e-03	0.0000000000000000e+00	4.4737255811924115e-03
4.4156830075456500e-03	0.0000000000000000e+00	4.0686468419153243e-03
4.4331363000655998e-03	0.0000000000000000e+00	3.7454702105605975e-03
4.4505895925855401e-03	0.0000000000000000e+00	3.3868967730086297e-03
4.4680428851054804e-03	0.0000000000000000e+00	3.4105201921192929e-03
4.4854961776254303e-03	0.0000000000000000e+00	3.6459958646446466e-03
4.5029494701453697e-03	0.0000000000000000e+00	3.6727896949741989e-03
4.5204027626653100e-03	0.0000000000000000e+00	3.8469887804239988e-03
4.5378560551852598e-03	0.0000000000000000e+00	4.4189800391905010e-03
4.5553093477052001e-03	0.0000000000000000e+00	4.5584587642224506e-03
4.5727626402251396e-03	0.0000000000000000e+00	4.8180916928686202e-03
4.5902159327450903e-03	0.0000000000000000e+00	5.6427350646117702e-03
4.6076692252650297e-03	0.0000000000000000e+00	5.7701273617567495e-03
4.6251225177849700e-03	0.0000000000000000e+00	5.2815936360275373e-03
4.6425758103049199e-03	0.0000000000000000e+00	4.7379747265949845e-03
4.6600291028248602e-03	0.0000000000000000e+00	4.2185948695987463e-03
4.6774823953447996e-03	0.0000000000000000e+00	3.6734328314196318e-03
4.6949356878647503e-03	0.0000000000000000e+00	3.1563487427774817e-03
4.7123889803846897e-03	0.0000000000000000e+00	2.7214112778892741e-03
4.7298422729046300e-03	0.0000000000000000e+00	2.4449081247439608e-03
4.7472955654245799e-03	0.0000000000000000e+00	2.0967601594747975e-03
4.7647488579445202e-03	0.0000000000000000e+00	1.9195678614778444e-03
4.7822021504644596e-03	0.0000000000000000e+00	2.0796428871108219e-03
4.7996554429844103e-03	0.0000000000000000e+00	2.9215483955340460e-03
4.8171087355043498e-03	0.0000000000000000e+00	4.3159283959539607e-03
4.8345620280242901e-03	0.0000000000000000e+00	4.3822440638905391e-03
4.8520153205442399e-03	0.0000000000000000e+00	2.6406869874335825e-03
4.8694686130641802e-03	0.0000000000000000e+00	7.9730468860361725e-04
4.8869219055841196e-03	0.0000000000000000e+00	5.1223876653239131e-05
4.9043751981040704e-03	0.0000000000000000e+00	5.0312766688875854e-04
4.9218284906240098e-03	0.0000000000000000e+00	1.2220036296639591e-03
4.9392817831439501e-03	0.0000000000000000e+00	1.7826044786488637e-03
4.9567350756638999e-03	0.0000000000000000e+00	2.3187223414424807e-03
4.9741883681838402e-03	0.0000000000000000e+00	2.8674473724095151e-03
4.9916416607037797e-03	0.0000000000000000e+00	3.5761293256655335e-03
5.0090949532237304e-03	0.0000000000000000e+00	4.3256681674392894e-03
5.0265482457436698e-03	0.0000000000000000e+00	4.4691045477520674e-03
5.0440015382636101e-03	0.0000000000000000e+00	4.3383011507103220e-03
5.0614548307835600e-03	0.0000000000000000e+00	4.3106095399707556e-03
5.0789081233035003e-03	0.0000000000000000e+00	5.2602760843001306e-03
5.0963614158234397e-03	0.0000000000000000e+00	6.6976321977563202e-03
5.1138147083433904e-03	0.0000000000000000e+00	7.2968422027770430e-03
5.1312680008633298e-03	0.0000000000000000e+00	8.3760595298372209e-03
5.1487212933832701e-03	0.0000000000000000e+00	9.4036041409708560e-03
5.1661745859032200e-03	0.0000000000000000e+00	8.9846379414666444e-03
5.1836278784231603e-03	0.0000000000000000e+00	8.3563093940028921e-03
5.2010811709430997e-03	0.0000000000000000e+00	8.4945083799539134e-03
5.2185344634630504e-03	0.0000000000000000e+00	8.5653046990046278e-03
5.2359877559829899e-03	0.0000000000000000e+00	8.4613884100690484e-03
5.2534410485029302e-03	0.0000000000000000e+00	8.3486923103919253e-03
5.2708943410228696e-03	0.0000000000000000e+00	8.3624139952007681e-03
5.2883476335428203e-03	0.0000000000000000e+00	8.0092149437405169e-03
5.3058009260627597e-03	0.0000000000000000e+00	7.9772785538807511e-03
5.3232542185827000e-03	0.0000000000000000e+00	8.6925636132946238e-03
5.3407075111026499e-03	0.0000000000000000e+00	9.2720115499105304e-03
5.3581608036225902e-03	0.0000000000000000e+00	9.7177866264246404e-03
5.3756140961425296e-03	0.0000000000000000e+00	1.0105423105414957e-02
5.3930673886624803e-03	0.0000000000000000e+00	1.0260154493153095e-02
5.4105206811824198e-03	0.0000000000000000e+00	1.0314544662833214e-02
5.4279739737023601e-03	0.0000000000000000e+00	1.0456091491505504e-02
5.4454272662223099e-03	0.0000000000000000e+00	1.1061277808039449e-02
5.4628805587422502e-03	0.0000000000000000e+00	1.1347475330694579e-02
5.4803338512621896e-03	0.0000000000000000e+00	1.0537261987337843e-02
5.4977871437821403e-03	0.0000000000000000e+00	9.8338201787555590e-03
5.5152404363020798e-03	0.0000000000000000e+00	9.4064530567266047e-03
5.5326937288220201e-03	0.0000000000000000e+00	1.0567004967015237e-02
5.5501470213419699e-03	0.0000000000000000e+00	1.1712966967024840e-02
5.5676003138619102e-03	0.0000000000000000e+00	1.3083000507322140e-02
5.5850536063818497e-03	0.0000000000000000e+00	1.2834461391321383e-02
5.6025068989018004e-03	0.0000000000000000e+00	1.1688564394717105e-02
5.6199601914217398e-03	0.0000000000000000e+00	1.0486264989594929e-02
5.6374134839416801e-03	0.0000000000000000e+00	9.2206133704166859e-03
5.6548667764616299e-03	0.0000000000000000e+00	8.0591537553118542e-03
5.6723200689815702e-03	0.0000000000000000e+00	6.8957908661104739e-03
5.6897733615015097e-03	0.0000000000000000e+00	6.1807069723727182e-03
5.7072266540214604e-03	0.0000000000000000e+00	5.7435335183981806e-03
5.7246799465413998e-03	0.0000000000000000e+00	5.0974764744751155e-03
5.7421332390613401e-03	0.0000000000000000e+00	4.6954468998592347e-03
5.7595865315812900e-03	0.0000000000000000e+00	4.5761186192976311e-03
5.7770398241012303e-03	0.0000000000000000e+00	5.0230999331688508e-03
5.7944931166211697e-03	0.0000000000000000e+00	6.2592289323220029e-03
5.8119464091411204e-03	0.0000000000000000e+00	6.4633925212547183e-03
5.8293997016610598e-03	0.0000000000000000e+00	6.5189209853997454e-03
5.8468529941810002e-03	0.0000000000000000e+00	5.4854171030456200e-03
5.8643062867009500e-03	0.0000000000000000e+00	3.7740167608717456e-03
5.8817595792208903e-03	0.0000000000000000e+00	3.7638358626281843e-03
5.8992128717408297e-03	0.0000000000000000e+00	4.7161836700979620e-03
5.9166661642607796e-03	0.0000000000000000e+00	3.8651243085041642e-03
5.9341194567807199e-03	0.0000000000000000e+00	2.2282285499386489e-03
5.9515727493006602e-03	0.0000000000000000e+00	1.0989885631715879e-03
5.9690260418206100e-03	0.0000000000000000e+00	1.0271423525409773e-03
5.9864793343405503e-03	0.0000000000000000e+00	4.4569608871825039e-04
6.0039326268604898e-03	0.0000000000000000e+00	1.3685319718206301e-03
6.0213859193804396e-03	0.0000000000000000e+00	3.1407377246068791e-03
6.0388392119003799e-03	0.0000000000000000e+00	5.0712415686575696e-03
6.0562925044203202e-03	0.0000000000000000e+00	7.0094687107484788e-03
6.0737457969402700e-03	0.0000000000000000e+00	8.7705615878803656e-03
6.0911990894602103e-03	0.0000000000000000e+00	1.0484509810339659e-02
6.1086523819801498e-03	0.0000000000000000e+00	1.1993628373602405e-02
6.1261056745000996e-03	0.0000000000000000e+00	1.3269413102534600e-02
6.1435589670200399e-03	0.0000000000000000e+00	1.4433302014367655e-02
6.1610122595399802e-03	0.0000000000000000e+00	1.5373796835774556e-02
6.1784655520599301e-03	0.0000000000000000e+00	1.6549885986023583e-02
6.1959188445798704e-03	0.0000000000000000e+00	1.7789115066989325e-02
6.2133721370998098e-03	0.0000000000000000e+00	1.8686910450924188e-02
6.2308254296197596e-03	0.0000000000000000e+00	1.9267875250079669e-02
6.2482787221396999e-03	0.0000000000000000e+00	1.8104638613294810e-02
6.2657320146596402e-03	0.0000000000000000e+00	1.6676434417604469e-02
6.2831853071795901e-03	0.0000000000000000e+00	1.7142012758995406e-02
6.3006385996995304e-03	0.0000000000000000e+00	1.7333486743154936e-02
6.3180918922194698e-03	0.0000000000000000e+00	1.6706101145246066e-02
6.3355451847394197e-03	0.0000000000000000e+00	1.6599460854195058e-02
6.3529984772593600e-03	0.0000000000000000e+00	1.6661348839988932e-02
6.3704517697793003e-03	0.0000000000000000e+00	1.6689532625605352e-02
6.3879050622992501e-03	0.0000000000000000e+00	1.6458070807857439e-02
6.4053583548191904e-03	0.0000000000000000e+00	1.5734461310785264e-02
6.4228116473391298e-03	0.0000000000000000e+00	1.4641224057413638e-02
6.4402649398590797e-03	0.0000000000000000e+00	1.3559056285885163e-02
6.4577182323790200e-03	0.0000000000000000e+00	1.2788692940375768e-02
6.4751715248989603e-03	0.0000000000000000e+00	1.0223992605460808e-02
6.4926248174188997e-03	0.0000000000000000e+00	7.6085210166638717e-03
6.5100781099388504e-03	0.0000000000000000e+00	6.0582101432373747e-03
6.5275314024587899e-03	0.0000000000000000e+00	4.2117421544389799e-03
6.5449846949787302e-03	0.0000000000000000e+00	2.3656637204112485e-03
6.5624379874986800e-03	0.0000000000000000e+00	9.4303772493731230e-04
6.5798912800186203e-03	0.0000000000000000e+00	1.9345931650605053e-04
6.5973445725385597e-03	0.0000000000000000e+00	4.7002379142213613e-04
6.6147978650585096e-03	0.0000000000000000e+00	1.5290034934878349e-04
6.6322511575784499e-03	0.0000000000000000e+00	3.1807959021534771e-04
6.6497044500983902e-03	0.0000000000000000e+00	7.3661620263010263e-05
6.6671577426183400e-03	0.0000000000000000e+00	2.0996168314013630e-04
6.6846110351382803e-03	0.0000000000000000e+00	2.4593465786892921e-04
6.7020643276582198e-03	0.0000000000000000e+00	6.5733256633393466e-05
6.7195176201781696e-03	0.0000000000000000e+00	2.3690282250754535e-04
6.7369709126981099e-03	0.0000000000000000e+00	3.5900440707337111e-04
6.7544242052180502e-03	0.0000000000000000e+00	4.0098201134242117e-04
6.7718774977380001e-03	0.0000000000000000e+00	2.7257135661784559e-04
6.7893307902579404e-03	0.0000000000000000e+00	2.5323912268504500e-05
6.8067840827778798e-03	0.0000000000000000e+00	2.9684246692340821e-04
6.8242373752978296e-03	0.0000000000000000e+00	2.2412395628634840e-04
6.8416906678177699e-03	0.0000000000000000e+00	6.6853463067673147e-05
6.8591439603377102e-03	0.0000000000000000e+00	2.6332271227147430e-04
6.8765972528576601e-03	0.0000000000000000e+00	7.8487614518962801e-04
6.8940505453776004e-03	0.0000000000000000e+00	3.0851121118757874e-03
6.9115038378975398e-03	0.0000000000000000e+00	6.1623474466614425e-03
6.9289571304174897e-03	0.0000000000000000e+00	8.5822263208683580e-03
6.9464104229374300e-03	0.0000000000000000e+00	1.0834094064193778e-02
6.9638637154573703e-03	0.0000000000000000e+00	1.2025188188999891e-02
6.9813170079773201e-03	0.0000000000000000e+00	1.1277070530923083e-02
6.9987703004972604e-03	0.0000000000000000e+00	1.0425118947750889e-02
7.0162235930171998e-03	0.0000000000000000e+00	1.0003773335483856e-02
7.0336768855371497e-03	0.0000000000000000e+00	9.0564800921129063e-03
7.0511301780570900e-03	0.0000000000000000e+00	8.0844810290727764e-03
7.0685834705770303e-03	0.0000000000000000e+00	6.9382304645841941e-03
7.0860367630969801e-03	0.0000000000000000e+00	5.9590956516331062e-03
7.1034900556169204e-03	0.0000000000000000e+00	5.4154634854057804e-03
7.1209433481368599e-03	0.0000000000000000e+00	4.8915338265942410e-03
7.1383966406568097e-03	0.0000000000000000e+00	4.0332156058866531e-03
7.1558499331767500e-03	0.0000000000000000e+00	4.1243483574362472e-03
7.1733032256966903e-03	0.0000000000000000e+00	5.3827699011890218e-03
7.1907565182166401e-03	0.0000000000000000e+00	6.5235114307142794e-03
7.2082098107365796e-03	0.0000000000000000e+00	6.7166893859393895e-03
7.2256631032565199e-03	0.0000000000000000e+00	7.0187635574257001e-03
7.2431163957764697e-03	0.0000000000000000e+00	7.4430922104511410e-03
7.2605696882964100e-03	0.0000000000000000e+00	7.1039379545254633e-03
7.2780229808163503e-03	0.0000000000000000e+00	5.4975579987512901e-03
7.2954762733363002e-03	0.0000000000000000e+00	4.3917422153754160e-03
7.3129295658562396e-03	0.0000000000000000e+00	3.3473206567578018e-03
7.3303828583761799e-03	0.0000000000000000e+00	2.3425075341947377e-03
7.3478361508961297e-03	0.0000000000000000e+00	1.7048830923158675e-03
7.3652894434160700e-03	0.0000000000000000e+00	1.5792653430253267e-03
7.3827427359360103e-03	0.0000000000000000e+00	1.5050930669531226e-03
7.4001960284559602e-03	0.0000000000000000e+00	6.6186346521135420e-04
7.4176493209758996e-03	0.0000000000000000e+00	1.1369009735062718e-04
7.4351026134958399e-03	0.0000000000000000e+00	8.6111633572727442e-04
7.4525559060157898e-03	0.0000000000000000e+00	1.5912970120552927e-03
7.4700091985357301e-03	0.0000000000000000e+00	2.3192244843812659e-03
7.4874624910556704e-03	0.0000000000000000e+00	2.9509349551517516e-03
7.5049157835756202e-03	0.0000000000000000e+00	3.3833918860182166e-03
7.5223690760955596e-03	0.0000000000000000e+00	3.9249710534932092e-03
7.5398223686154999e-03	0.0000000000000000e+00	4.1167657036567107e-03
7.5572756611354498e-03	0.0000000000000000e+00	4.5448415330611169e-03
7.5747289536553901e-03	0.0000000000000000e+00	5.4444824345409870e-03
7.5921822461753304e-03	0.0000000000000000e+00	6.4071389933815226e-03
7.6096355386952802e-03	0.0000000000000000e+00	7.2776393208187073e-03
7.6270888312152197e-03	0.0000000000000000e+00	7.1767039771657437e-03
7.6445421237351600e-03	0.0000000000000000e+00	5.4546903847949579e-03
7.6619954162551098e-03	0.0000000000000000e+00	3.3422244596295059e-03
7.6794487087750501e-03	0.0000000000000000e+00	3.4968773543369025e-03
7.6969020012949904e-03	0.0000000000000000e+00	4.1573782509658486e-03
7.7143552938149403e-03	0.0000000000000000e+00	4.4075349142076448e-03
7.7318085863348797e-03	0.0000000000000000e+00	4.9813392979558557e-03
7.7492618788548200e-03	0.0000000000000000e+00	5.4938842076808214e-03
7.7667151713747698e-03	0.0000000000000000e+00	6.1123710765969008e-03
7.7841684638947101e-03	0.0000000000000000e+00	6.3976121164159849e-03
7.8016217564146496e-03	0.0000000000000000e+00	6.1862333968747407e-03
7.8190750489345994e-03	0.0000000000000000e+00	6.0307102248771116e-03
7.8365283414545406e-03	0.0000000000000000e+00	5.9417846787255257e-03
7.8539816339744800e-03	0.0000000000000000e+00	6.2269786430988461e-03
7.8714349264944194e-03	0.0000000000000000e+00	5.6731200893409550e-03
7.8888882190143693e-03	0.0000000000000000e+00	5.0613083731150255e-03
7.9063415115343105e-03	0.0000000000000000e+00	4.6816189278615639e-03
7.9237948040542603e-03	0.0000000000000000e+00	3.6685768136521801e-03
7.9412480965741997e-03	0.0000000000000000e+00	2.5909130636136979e-03
7.9587013890941392e-03	0.0000000000000000e+00	2.5185445992974564e-03
7.9761546816140907e-03	0.0000000000000000e+00	3.0178094457369298e-03
7.9936079741340302e-03	0.0000000000000000e+00	3.4896731231128797e-03
8.0110612666539696e-03	0.0000000000000000e+00	3.7135158490855247e-03
8.0285145591739195e-03	0.0000000000000000e+00	3.4807210613507777e-03
8.0459678516938606e-03	0.0000000000000000e+00	3.5145746078342199e-03
8.0634211442138001e-03	0.0000000000000000e+00	3.4568971314001828e-03
8.0808744367337395e-03	0.0000000000000000e+00	3.4519604087108746e-03
8.0983277292536893e-03	0.0000000000000000e+00	2.7646360686048865e-03
8.1157810217736305e-03	0.0000000000000000e+00	1.9595880294218659e-03
8.1332343142935803e-03	0.0000000000000000e+00	1.4417838247027248e-03
8.1506876068135198e-03	0.0000000000000000e+00	1.0681826970539987e-03
8.1681408993334592e-03	0.0000000000000000e+00	5.9034013247583061e-04
8.1855941918534108e-03	0.0000000000000000e+00	2.7380541723687202e-04
8.2030474843733502e-03	0.0000000000000000e+00	3.5659017157740891e-05
8.2205007768932897e-03	0.0000000000000000e+00	2.6778684696182609e-04
8.2379540694132308e-03	0.0000000000000000e+00	5.3029943956062198e-04
8.2554073619331807e-03	0.0000000000000000e+00	6.1887007905170321e-04
8.2728606544531201e-03	0.0000000000000000e+00	8.4663744200952351e-04
8.2903139469730595e-03	0.0000000000000000e+00	1.1725344083970413e-03
8.3077672394930094e-03	0.0000000000000000e+00	2.9152485949452966e-03
8.3252205320129506e-03	0.0000000000000000e+00	5.0325794873060659e-03
8.3426738245328900e-03	0.0000000000000000e+00	6.7097682767780498e-03
8.3601271170528398e-03	0.0000000000000000e+00	7.9971754603320733e-03
8.3775804095727793e-03	0.0000000000000000e+00	7.2338862082688138e-03
8.3950337020927204e-03	0.0000000000000000e+00	7.0666546671418473e-03
8.4124869946126703e-03	0.0000000000000000e+00	6.9124900910537690e-03
8.4299402871326097e-03	0.0000000000000000e+00	6.4474691171199083e-03
8.4473935796525491e-03	0.0000000000000000e+00	5.9097701305290684e-03
8.4648468721725007e-03	0.0000000000000000e+00	5.1816633931593969e-03
8.4823001646924402e-03	0.0000000000000000e+00	4.7827286616666242e-03
8.4997534572123796e-03	0.0000000000000000e+00	4.9280356761300936e-03
8.5172067497323294e-03	0.0000000000000000e+00	4.8709778202464804e-03
8.5346600422522706e-03	0.0000000000000000e+00	4.7533359902445227e-03
8.5521133347722100e-03	0.0000000000000000e+00	4.6797774994047359e-03
8.5695666272921599e-03	0.0000000000000000e+00	6.6154573141830042e-03
8.5870199198120993e-03	0.0000000000000000e+00	8.7355359719367698e-03
8.6044732123320405e-03	0.0000000000000000e+00	9.4893128552939743e-03
8.6219265048519903e-03	0.0000000000000000e+00	1.0385190951637924e-02
8.6393797973719298e-03	0.0000000000000000e+00	1.1215388192795217e-02
8.6568330898918692e-03	0.0000000000000000e+00	1.1192860067239963e-02
8.6742863824118208e-03	0.0000000000000000e+00	1.0616401559673250e-02
8.6917396749317602e-03	0.0000000000000000e+00	1.0017359774792567e-02
8.7091929674516996e-03	0.0000000000000000e+00	8.5801685054320842e-03
8.7266462599716495e-03	0.0000000000000000e+00	7.6633627613773569e-03
8.7440995524915906e-03	0.0000000000000000e+00	6.9869424914941192e-03
8.7615528450115301e-03	0.0000000000000000e+00	7.1265105507336557e-03
8.7790061375314799e-03	0.0000000000000000e+00	6.9315392756834626e-03
8.7964594300514194e-03	0.0000000000000000e+00	5.6089111894834787e-03
8.8139127225713605e-03	0.0000000000000000e+00	4.4602545676752925e-03
8.8313660150913104e-03	0.0000000000000000e+00	3.5406869865255430e-03
8.8488193076112498e-03	0.0000000000000000e+00	2.3516253131674603e-03
8.8662726001311892e-03	0.0000000000000000e+00	1.2946915521752089e-03
8.8837258926511408e-03	0.0000000000000000e+00	2.6553850329946727e-04
8.9011791851710802e-03	0.0000000000000000e+00	6.7397454404272139e-04
8.9186324776910197e-03	0.0000000000000000e+00	1.4858790236758068e-03
8.9360857702109695e-03	0.0000000000000000e+00	2.3066170251695439e-03
8.9535390627309107e-03	0.0000000000000000e+00	3.0578595178667456e-03
8.9709923552508501e-03	0.0000000000000000e+00	4.0746115410001948e-03
8.9884456477708000e-03	0.0000000000000000e+00	4.9369379703421146e-03
9.0058989402907394e-03	0.0000000000000000e+00	5.8354334032628685e-03
9.0233522328106806e-03	0.0000000000000000e+00	5.0952346791746095e-03
9.0408055253306304e-03	0.0000000000000000e+00	3.2180258713196963e-03
9.0582588178505698e-03	0.0000000000000000e+00	1.8032140214927495e-03
9.0757121103705093e-03	0.0000000000000000e+00	3.0912182410247624e-03
9.0931654028904609e-03	0.0000000000000000e+00	3.7965691881254315e-03
9.1106186954104003e-03	0.0000000000000000e+00	4.5388506259769201e-03
9.1280719879303397e-03	0.0000000000000000e+00	5.3704249876318499e-03
9.1455252804502896e-03	0.0000000000000000e+00	6.0192631499376148e-03
9.1629785729702307e-03	0.0000000000000000e+00	6.7947852949146181e-03
9.1804318654901702e-03	0.0000000000000000e+00	7.1436045400332659e-03
9.1978851580101200e-03	0.0000000000000000e+00	6.9772378337802365e-03
9.2153384505300594e-03	0.0000000000000000e+00	6.9577031536027789e-03
9.2327917430500006e-03	0.0000000000000000e+00	6.7526963539421558e-03
9.2502450355699505e-03	0.0000000000000000e+00	6.6141872812295333e-03
9.2676983280898899e-03	0.0000000000000000e+00	5.3015860466985032e-03
9.2851516206098293e-03	0.0000000000000000e+00	4.2017519153887406e-03
9.3026049131297792e-03	0.0000000000000000e+00	3.5455200850265101e-03
9.3200582056497203e-03	0.0000000000000000e+00	2.5896072620525956e-03
9.3375114981696598e-03	0.0000000000000000e+00	1.5831967320991680e-03
9.3549647906896096e-03	0.0000000000000000e+00	2.0729712268803269e-03
9.3724180832095508e-03	0.0000000000000000e+00	3.0026093008928001e-03
9.3898713757294902e-03	0.0000000000000000e+00	3.5620117705548182e-03
9.4073246682494296e-03	0.0000000000000000e+00	3.6680147895822302e-03
9.4247779607693795e-03	0.0000000000000000e+00	3.8749953964725137e-03
9.4422312532893207e-03	0.0000000000000000e+00	4.0946209046524018e-03
9.4596845458092705e-03	0.0000000000000000e+00	4.1356039000675082e-03
9.4771378383292099e-03	0.0000000000000000e+00	3.4732396015897393e-03
9.4945911308491494e-03	0.0000000000000000e+00	3.3846290025394410e-03
9.5120444233690905e-03	0.0000000000000000e+00	3.5045755794271827e-03
9.5294977158890404e-03	0.0000000000000000e+00	3.4018016594927758e-03
9.5469510084089798e-03	0.0000000000000000e+00	3.3855236251838505e-03
9.5644043009289192e-03	0.0000000000000000e+00	3.3422412234358490e-03
9.5818575934488708e-03	0.0000000000000000e+00	3.3149974624393508e-03
9.5993108859688103e-03	0.0000000000000000e+00	3.1790154171176255e-03
9.6167641784887497e-03	0.0000000000000000e+00	3.1921955378493294e-03
9.6342174710086995e-03	0.0000000000000000e+00	3.3103258610935882e-03
9.6516707635286407e-03	0.0000000000000000e+00	3.1754306255606934e-03
9.6691240560485905e-03	0.0000000000000000e+00	3.5485695698298514e-03
9.6865773485685300e-03	0.0000000000000000e+00	3.9033844077493995e-03
9.7040306410884694e-03	0.0000000000000000e+00	4.2175545677309856e-03
9.7214839336084106e-03	0.0000000000000000e+00	3.7043140910100192e-03
9.7389372261283604e-03	0.0000000000000000e+00	1.9523920782376081e-03
9.7563905186482999e-03	0.0000000000000000e+00	4.3607990664895624e-04
9.7738438111682393e-03	0.0000000000000000e+00	1.5359316603280604e-03
9.7912971036881909e-03	0.0000000000000000e+00	1.3132562162354589e-03
9.8087503962081303e-03	0.0000000000000000e+00	1.3986043923068792e-03
9.8262036887280697e-03	0.0000000000000000e+00	1.1790847638621926e-03
9.8436569812480196e-03	0.0000000000000000e+00	1.1721495102392510e-03
9.8611102737679607e-03	0.0000000000000000e+00	1.1103867873316631e-03
9.8785635662879106e-03	0.0000000000000000e+00	1.3075708702672273e-03
9.8960168588078500e-03	0.0000000000000000e+00	2.2222044790396467e-03
9.9134701513277895e-03	0.0000000000000000e+00	3.7523444771068171e-03
9.9309234438477306e-03	0.0000000000000000e+00	5.5981786426855251e-03
9.9483767363676805e-03	0.0000000000000000e+00	7.6223071955610067e-03
9.9658300288876199e-03	0.0000000000000000e+00	1.0071876909933053e-02
9.9832833214075593e-03	0.0000000000000000e+00	1.2877719796961173e-02
1.0000736613927501e-02	0.0000000000000000e+00	1.4876588000333868e-02
1.0018189906447501e-02	0.0000000000000000e+00	1.5986927566700615e-02
1.0035643198967400e-02	0.0000000000000000e+00	1.6320452530635521e-02
1.0053096491487300e-02	0.0000000000000000e+00	1.4349606266478077e-02
1.0070549784007300e-02	0.0000000000000000e+00	1.1685115197906271e-02
1.0088003076527199e-02	0.0000000000000000e+00	1.1200642431504093e-02
1.0105456369047200e-02	0.0000000000000000e+00	1.1612871472607367e-02
1.0122909661567101e-02	0.0000000000000000e+00	1.1437097855377942e-02
1.0140362954087099e-02	0.0000000000000000e+00	1.1021952319424599e-02
1.0157816246607001e-02	0.0000000000000000e+00	1.1289238740573637e-02
1.0175269539126900e-02	0.0000000000000000e+00	1.1585952845052816e-02
1.0192722831646900e-02	0.0000000000000000e+00	1.2218206524266861e-02
1.0210176124166800e-02	0.0000000000000000e+00	1.2655247934162617e-02
1.0227629416686800e-02	0.0000000000000000e+00	1.2802670593373477e-02
1.0245082709206699e-02	0.0000000000000000e+00	1.2941286317072809e-02
1.0262536001726700e-02	0.0000000000000000e+00	1.2925570612424053e-02
1.0279989294246601e-02	0.0000000000000000e+00	1.2805457212380134e-02
1.0297442586766500e-02	0.0000000000000000e+00	1.2567889818456024e-02
1.0314895879286501e-02	0.0000000000000000e+00	1.1681611329549924e-02
1.0332349171806400e-02	0.0000000000000000e+00	1.0874868356040679e-02
1.0349802464326400e-02	0.0000000000000000e+00	9.9375855788821355e-03
1.0367255756846300e-02	0.0000000000000000e+00	9.2323441931512207e-03
1.0384709049366300e-02	0.0000000000000000e+00	8.4565058932639658e-03
1.0402162341886199e-02	0.0000000000000000e+00	7.6813385821878910e-03
1.0419615634406101e-02	0.0000000000000000e+00	8.0862273462116718e-03
1.0437068926926101e-02	0.0000000000000000e+00	9.9134809715906158e-03
1.0454522219446000e-02	0.0000000000000000e+00	1.1576029151910916e-02
1.0471975511966001e-02	0.0000000000000000e+00	1.0533861976000480e-02
1.0489428804485900e-02	0.0000000000000000e+00	9.4972550141392276e-03
1.0506882097005900e-02	0.0000000000000000e+00	8.6269095336319879e-03
1.0524335389525800e-02	0.0000000000000000e+00	7.4374770920258015e-03
1.0541788682045699e-02	0.0000000000000000e+00	6.3127340690698475e-03
1.0559241974565699e-02	0.0000000000000000e+00	5.0826312508434057e-03
1.0576695267085601e-02	0.0000000000000000e+00	4.2765953548951074e-03
1.0594148559605601e-02	0.0000000000000000e+00	3.9525101892650127e-03
1.0611601852125500e-02	0.0000000000000000e+00	3.5305821220390499e-03
1.0629055144645501e-02	0.0000000000000000e+00	3.2133697241079062e-03
1.0646508437165400e-02	0.0000000000000000e+00	2.9446975240716711e-03
1.0663961729685400e-02	0.0000000000000000e+00	3.6139899020781741e-03
1.0681415022205300e-02	0.0000000000000000e+00	3.9518361445516348e-03
1.0698868314725199e-02	0.0000000000000000e+00	3.9844729471951723e-03
1.0716321607245199e-02	0.0000000000000000e+00	4.2987598135368899e-03
1.0733774899765101e-02	0.0000000000000000e+00	4.6393446391448379e-03
1.0751228192285101e-02	0.0000000000000000e+00	3.6999227449996397e-03
1.0768681484805000e-02	0.0000000000000000e+00	2.2051145788282156e-03
1.0786134777325001e-02	0.0000000000000000e+00	9.5089663227554411e-04
1.0803588069844900e-02	0.0000000000000000e+00	5.6744043831713498e-05
1.0821041362364800e-02	0.0000000000000000e+00	5.9547880664467812e-04
1.0838494654884800e-02	0.0000000000000000e+00	1.4619659195886925e-03
1.0855947947404699e-02	0.0000000000000000e+00	1.6871917323442176e-03
1.0873401239924699e-02	0.0000000000000000e+00	1.6234585345955566e-03
1.0890854532444601e-02	0.0000000000000000e+00	2.8262162231840193e-03
1.0908307824964599e-02	0.0000000000000000e+00	3.9205273642437533e-03
1.0925761117484500e-02	0.0000000000000000e+00	4.7661562857683748e-03
1.0943214410004400e-02	0.0000000000000000e+00	5.8904672478092834e-03
1.0960667702524400e-02	0.0000000000000000e+00	6.7976997379446402e-03
1.0978120995044300e-02	0.0000000000000000e+00	7.7511529234470800e-03
1.0995574287564300e-02	0.0000000000000000e+00	8.8302041112910956e-03
1.1013027580084199e-02	0.0000000000000000e+00	9.8297677759546787e-03
1.1030480872604199e-02	0.0000000000000000e+00	1.0833720210939646e-02
1.1047934165124101e-02	0.0000000000000000e+00	1.1721095099346712e-02
1.1065387457644000e-02	0.0000000000000000e+00	1.2719265883788466e-02
1.1082840750164000e-02	0.0000000000000000e+00	1.3413201362709515e-02
1.1100294042683900e-02	0.0000000000000000e+00	1.3729741491260938e-02
1.1117747335203900e-02	0.0000000000000000e+00	1.2111309755709954e-02
1.1135200627723800e-02	0.0000000000000000e+00	9.9959049548488110e-03
1.1152653920243800e-02	0.0000000000000000e+00	8.4441901126410812e-03
1.1170107212763699e-02	0.0000000000000000e+00	8.0792116932570934e-03
1.1187560505283699e-02	0.0000000000000000e+00	8.9937770535470918e-03
1.1205013797803601e-02	0.0000000000000000e+00	9.1677359450841323e-03
1.1222467090323500e-02	0.0000000000000000e+00	9.7347019764129072e-03
1.1239920382843500e-02	0.0000000000000000e+00	9.9676105892285705e-03
1.1257373675363400e-02	0.0000000000000000e+00	1.0251712388708256e-02
1.1274826967883400e-02	0.0000000000000000e+00	1.0423335319501348e-02
1.1292280260403300e-02	0.0000000000000000e+00	9.9427363456925377e-03
1.1309733552923300e-02	0.0000000000000000e+00	9.0623822616180405e-03
1.1327186845443199e-02	0.0000000000000000e+00	8.0076105223270133e-03
1.1344640137963101e-02	0.0000000000000000e+00	6.6268308873986825e-03
1.1362093430483101e-02	0.0000000000000000e+00	5.1068834582110867e-03
1.1379546723003000e-02	0.0000000000000000e+00	3.3598819572944194e-03
1.1397000015523000e-02	0.0000000000000000e+00	2.0696497231256217e-03
1.1414453308042900e-02	0.0000000000000000e+00	7.7704258728772402e-04
1.1431906600562900e-02	0.0000000000000000e+00	1.1838897917186841e-03
1.1449359893082800e-02	0.0000000000000000e+00	2.1814635401824489e-03
1.1466813185602699e-02	0.0000000000000000e+00	1.0398263257229701e-03
1.1484266478122699e-02	0.0000000000000000e+00	4.3335788359399885e-04
1.1501719770642601e-02	0.0000000000000000e+00	9.5121339836623520e-04
1.1519173063162601e-02	0.0000000000000000e+00	7.6397960947360843e-04
1.1536626355682500e-02	0.0000000000000000e+00	9.3160917458590120e-04
1.1554079648202500e-02	0.0000000000000000e+00	1.1818823841167614e-03
1.1571532940722400e-02	0.0000000000000000e+00	1.1158874403918162e-03
1.1588986233242300e-02	0.0000000000000000e+00	1.2702370004262775e-03
1.1606439525762300e-02	0.0000000000000000e+00	1.6932544094743207e-03
1.1623892818282199e-02	0.0000000000000000e+00	1.9585981935961172e-03
1.1641346110802199e-02	0.0000000000000000e+00	2.4305084807565436e-03
1.1658799403322101e-02	0.0000000000000000e+00	3.0777537176618353e-03
1.1676252695842101e-02	0.0000000000000000e+00	3.8615377416135743e-03
1.1693705988362000e-02	0.0000000000000000e+00	4.5947228354634717e-03
1.1711159280882000e-02	0.0000000000000000e+00	5.2546066290233284e-03
1.1728612573401900e-02	0.0000000000000000e+00	5.9143897087778896e-03
1.1746065865921800e-02	0.0000000000000000e+00	6.4797560480656102e-03
1.1763519158441800e-02	0.0000000000000000e+00	6.6745888034347445e-03
1.1780972450961699e-02	0.0000000000000000e+00	8.2701798964990303e-03
1.1798425743481699e-02	0.0000000000000000e+00	1.1365237500285730e-02
1.1815879036001601e-02	0.0000000000000000e+00	1.3994676890433766e-02
1.1833332328521601e-02	0.0000000000000000e+00	1.5592882497003302e-02
1.1850785621041500e-02	0.0000000000000000e+00	1.6903463183552958e-02
1.1868238913561400e-02	0.0000000000000000e+00	1.6751357310567982e-02
1.1885692206081400e-02	0.0000000000000000e+00	1.5267013892298564e-02
1.1903145498601300e-02	0.0000000000000000e+00	1.3994868801091798e-02
1.1920598791121300e-02	0.0000000000000000e+00	1.2350977369351313e-02
1.1938052083641199e-02	0.0000000000000000e+00	1.1192233403562568e-02
1.1955505376161199e-02	0.0000000000000000e+00	9.7404611733509228e-03
1.1972958668681101e-02	0.0000000000000000e+00	8.3471761463442817e-03
1.1990411961201000e-02	0.0000000000000000e+00	7.3179981700377539e-03
1.2007865253721000e-02	0.0000000000000000e+00	6.8322621955303475e-03
1.2025318546240900e-02	0.0000000000000000e+00	6.8639392266049981e-03
1.2042771838760900e-02	0.0000000000000000e+00	7.7030864194966853e-03
1.2060225131280800e-02	0.0000000000000000e+00	9.0523765684338287e-03
1.2077678423800800e-02	0.0000000000000000e+00	1.0623484558891505e-02
1.2095131716320699e-02	0.0000000000000000e+00	1.1119405331555754e-02
1.2112585008840600e-02	0.0000000000000000e+00	1.0867122051422484e-02
1.2130038301360601e-02	0.0000000000000000e+00	9.4495654484489933e-03
1.2147491593880500e-02	0.0000000000000000e+00	7.1473516291007400e-03
1.2164944886400500e-02	0.0000000000000000e+00	6.0926217265659943e-03
1.2182398178920400e-02	0.0000000000000000e+00	6.8327679909998551e-03
1.2199851471440400e-02	0.0000000000000000e+00	5.9382001491030678e-03
1.2217304763960300e-02	0.0000000000000000e+00	3.9635832363273948e-03
1.2234758056480201e-02	0.0000000000000000e+00	2.9478464275598526e-03
1.2252211349000199e-02	0.0000000000000000e+00	2.4217821628553793e-03
1.2269664641520101e-02	0.0000000000000000e+00	1.8391232733847573e-03
1.2287117934040101e-02	0.0000000000000000e+00	1.2155202712165192e-03
1.2304571226560000e-02	0.0000000000000000e+00	1.0499566269572824e-04
1.2322024519080000e-02	0.0000000000000000e+00	9.5164397498592734e-04
1.2339477811599900e-02	0.0000000000000000e+00	2.2100511268945411e-03
1.2356931104119900e-02	0.0000000000000000e+00	3.6239838227629662e-03
1.2374384396639800e-02	0.0000000000000000e+00	4.9788908363552764e-03
1.2391837689159701e-02	0.0000000000000000e+00	6.1385601002257317e-03
1.2409290981679699e-02	0.0000000000000000e+00	7.2440927178831771e-03
1.2426744274199601e-02	0.0000000000000000e+00	8.2467208267189562e-03
1.2444197566719601e-02	0.0000000000000000e+00	9.2139283951837569e-03
1.2461650859239500e-02	0.0000000000000000e+00	9.7260392649332061e-03
1.2479104151759500e-02	0.0000000000000000e+00	1.0291553917340934e-02
1.2496557444279400e-02	0.0000000000000000e+00	1.0766613821033388e-02
1.2514010736799299e-02	0.0000000000000000e+00	1.0070028161862865e-02
1.2531464029319300e-02	0.0000000000000000e+00	8.4475561452563852e-03
1.2548917321839201e-02	0.0000000000000000e+00	6.9000788644189015e-03
1.2566370614359199e-02	0.0000000000000000e+00	7.9414597712457180e-03
1.2583823906879101e-02	0.0000000000000000e+00	8.6456032004207373e-03
1.2601277199399101e-02	0.0000000000000000e+00	9.3898468621773645e-03
1.2618730491919000e-02	0.0000000000000000e+00	1.0076976876007393e-02
1.2636183784438900e-02	0.0000000000000000e+00	1.0588487552013248e-02
1.2653637076958900e-02	0.0000000000000000e+00	1.1046274274121970e-02
1.2671090369478799e-02	0.0000000000000000e+00	1.0938821913441643e-02
1.2688543661998800e-02	0.0000000000000000e+00	1.0067693277960643e-02
1.2705996954518701e-02	0.0000000000000000e+00	8.9625886612338945e-03
1.2723450247038699e-02	0.0000000000000000e+00	7.6295896724332124e-03
1.2740903539558601e-02	0.0000000000000000e+00	6.1083035252522677e-03
1.2758356832078500e-02	0.0000000000000000e+00	4.4986361172050238e-03
1.2775810124598500e-02	0.0000000000000000e+00	2.5114437157753855e-03
1.2793263417118400e-02	0.0000000000000000e+00	1.1001128586940467e-03
1.2810716709638400e-02	0.0000000000000000e+00	9.6060743089765310e-05
1.2828170002158299e-02	0.0000000000000000e+00	9.5598578627686948e-04
1.2845623294678300e-02	0.0000000000000000e+00	4.4956426427233964e-04
1.2863076587198201e-02	0.0000000000000000e+00	1.5537891449639574e-03
1.2880529879718199e-02	0.0000000000000000e+00	1.1032920738216490e-03
1.2897983172238101e-02	0.0000000000000000e+00	1.0460303747095168e-03
1.2915436464758000e-02	0.0000000000000000e+00	9.6697920525912195e-04
1.2932889757278000e-02	0.0000000000000000e+00	5.7218193251173943e-04
1.2950343049797900e-02	0.0000000000000000e+00	1.8710400036070496e-04
1.2967796342317900e-02	0.0000000000000000e+00	1.0202316043432802e-03
1.2985249634837799e-02	0.0000000000000000e+00	1.8665223469724879e-03
1.3002702927357800e-02	0.0000000000000000e+00	2.5053838471649215e-03
1.3020156219877701e-02	0.0000000000000000e+00	3.1765018356963992e-03
1.3037609512397600e-02	0.0000000000000000e+00	3.7542124628089368e-03
1.3055062804917601e-02	0.0000000000000000e+00	4.4196519447723404e-03
1.3072516097437500e-02	0.0000000000000000e+00	4.9448241043137386e-03
1.3089969389957500e-02	0.0000000000000000e+00	5.5151263513835147e-03
1.3107422682477400e-02	0.0000000000000000e+00	5.9991930029354990e-03
1.3124875974997400e-02	0.0000000000000000e+00	5.8339505631010979e-03
1.3142329267517299e-02	0.0000000000000000e+00	5.7296975428471342e-03
1.3159782560037201e-02	0.0000000000000000e+00	5.5829209450166672e-03
1.3177235852557199e-02	0.0000000000000000e+00	7.1327995829051360e-03
1.3194689145077100e-02	0.0000000000000000e+00	9.6221745188813657e-03
1.3212142437597101e-02	0.0000000000000000e+00	1.1779575870605186e-02
1.3229595730117000e-02	0.0000000000000000e+00	1.3262301174108870e-02
1.3247049022637000e-02	0.0000000000000000e+00	1.4308716694358736e-02
1.3264502315156900e-02	0.0000000000000000e+00	1.3324684492545202e-02
1.3281955607676799e-02	0.0000000000000000e+00	1.2614826628123410e-02
1.3299408900196799e-02	0.0000000000000000e+00	1.1846791123389266e-02
1.3316862192716701e-02	0.0000000000000000e+00	1.0924138041445985e-02
1.3334315485236699e-02	0.0000000000000000e+00	1.0142661820282228e-02
1.3351768777756600e-02	0.0000000000000000e+00	9.2132549179950729e-03
1.3369222070276601e-02	0.0000000000000000e+00	8.4810819826088846e-03
1.3386675362796500e-02	0.0000000000000000e+00	7.9086869955062866e-03
1.3404128655316400e-02	0.0000000000000000e+00	6.9692672550445423e-03
1.3421581947836400e-02	0.0000000000000000e+00	5.4123225709190592e-03
1.3439035240356299e-02	0.0000000000000000e+00	4.8863674019230530e-03
1.3456488532876299e-02	0.0000000000000000e+00	6.1260986549314111e-03
1.3473941825396201e-02	0.0000000000000000e+00	7.2862196248024702e-03
1.3491395117916199e-02	0.0000000000000000e+00	7.6403557177400216e-03
1.3508848410436100e-02	0.0000000000000000e+00	7.7605086989933625e-03
1.3526301702956101e-02	0.0000000000000000e+00	8.0355563841294497e-03
1.3543754995476000e-02	0.0000000000000000e+00	7.3648657562443987e-03
1.3561208287995900e-02	0.0000000000000000e+00	5.5341767874779180e-03
1.3578661580515900e-02	0.0000000000000000e+00	4.0327978640561923e-03
1.3596114873035799e-02	0.0000000000000000e+00	3.0174590938258916e-03
1.3613568165555799e-02	0.0000000000000000e+00	2.0022220705868676e-03
1.3631021458075701e-02	0.0000000000000000e+00	1.2147519155405462e-03
1.3648474750595699e-02	0.0000000000000000e+00	7.2828716656658798e-04
1.3665928043115600e-02	0.0000000000000000e+00	7.2735156572889537e-04
1.3683381335635500e-02	0.0000000000000000e+00	2.0662962924689054e-05
1.3700834628155500e-02	0.0000000000000000e+00	6.6088777384720743e-04
1.3718287920675400e-02	0.0000000000000000e+00	1.2435679673217237e-03
1.3735741213195400e-02	0.0000000000000000e+00	1.9155429181410000e-03
1.3753194505715299e-02	0.0000000000000000e+00	2.6598694676067680e-03
1.3770647798235299e-02	0.0000000000000000e+00	3.2567004964221269e-03
1.3788101090755201e-02	0.0000000000000000e+00	4.0699901001062244e-03
1.3805554383275100e-02	0.0000000000000000e+00	5.1227272633695975e-03
1.3823007675795100e-02	0.0000000000000000e+00	5.9831239632330835e-03
1.3840460968315000e-02	0.0000000000000000e+00	6.9148456095717847e-03
1.3857914260835000e-02	0.0000000000000000e+00	7.7263957791728899e-03
1.3875367553354900e-02	0.0000000000000000e+00	8.5522307344945148e-03
1.3892820845874900e-02	0.0000000000000000e+00	9.2169267882127315e-03
1.3910274138394799e-02	0.0000000000000000e+00	8.5321361984824762e-03
1.3927727430914701e-02	0.0000000000000000e+00	6.7139003658667207e-03
1.3945180723434701e-02	0.0000000000000000e+00	5.0859154725912958e-03
1.3962634015954600e-02	0.0000000000000000e+00	5.8785182191058993e-03
1.3980087308474600e-02	0.0000000000000000e+00	6.3993933144956827e-03
1.3997540600994500e-02	0.0000000000000000e+00	6.6294930438743904e-03
1.4014993893514500e-02	0.0000000000000000e+00	7.1336128312395886e-03
1.4032447186034400e-02	0.0000000000000000e+00	7.3255466559203342e-03
1.4049900478554400e-02	0.0000000000000000e+00	7.7382296876749024e-03
1.4067353771074299e-02	0.0000000000000000e+00	7.8969464957481250e-03
1.4084807063594201e-02	0.0000000000000000e+00	7.5838644115719944e-03
1.4102260356114201e-02	0.0000000000000000e+00	7.3162757325917482e-03
1.4119713648634100e-02	0.0000000000000000e+00	7.4906978261424229e-03
1.4137166941154100e-02	0.0000000000000000e+00	7.8283362818183377e-03
1.4154620233674000e-02	0.0000000000000000e+00	7.2060754901031032e-03
1.4172073526194000e-02	0.0000000000000000e+00	5.5704812548356131e-03
1.4189526818713900e-02	0.0000000000000000e+00	4.7128638398135081e-03
1.4206980111233799e-02	0.0000000000000000e+00	3.7475823337445036e-03
1.4224433403753799e-02	0.0000000000000000e+00	2.7442509017419070e-03
1.4241886696273701e-02	0.0000000000000000e+00	3.3717101759975776e-03
1.4259339988793701e-02	0.0000000000000000e+00	4.8674861172912642e-03
1.4276793281313600e-02	0.0000000000000000e+00	5.1926085288869217e-03
1.4294246573833600e-02	0.0000000000000000e+00	4.8588275531074032e-03
1.4311699866353500e-02	0.0000000000000000e+00	4.9876550183398649e-03
1.4329153158873400e-02	0.0000000000000000e+00	4.8425946006318554e-03
1.4346606451393400e-02	0.0000000000000000e+00	4.3516412406461313e-03
1.4364059743913299e-02	0.0000000000000000e+00	3.2855826721061021e-03
1.4381513036433299e-02	0.0000000000000000e+00	2.5594823819119483e-03
1.4398966328953201e-02	0.0000000000000000e+00	2.0188996277283877e-03
1.4416419621473201e-02	0.0000000000000000e+00	1.2385089939925820e-03
1.4433872913993100e-02	0.0000000000000000e+00	6.5404198539908975e-04
1.4451326206513000e-02	0.0000000000000000e+00	1.9875957514159381e-04
1.4468779499033000e-02	0.0000000000000000e+00	1.8822612764779478e-04
1.4486232791552900e-02	0.0000000000000000e+00	5.2812161447945982e-04
1.4503686084072900e-02	0.0000000000000000e+00	8.5062361904419959e-04
1.4521139376592799e-02	0.0000000000000000e+00	9.9357363069429994e-04
1.4538592669112799e-02	0.0000000000000000e+00	1.1806817929027602e-03
1.4556045961632701e-02	0.0000000000000000e+00	1.4386278780875728e-03
1.4573499254152701e-02	0.0000000000000000e+00	1.7525785078760237e-03
1.4590952546672600e-02	0.0000000000000000e+00	2.0086373406229541e-03
1.4608405839192500e-02	0.0000000000000000e+00	2.2533242154167965e-03
1.4625859131712500e-02	0.0000000000000000e+00	3.5287187056383118e-03
1.4643312424232400e-02	0.0000000000000000e+00	5.7053081109188497e-03
1.4660765716752400e-02	0.0000000000000000e+00	6.9059580710018054e-03
1.4678219009272299e-02	0.0000000000000000e+00	6.7348738666623831e-03
1.4695672301792299e-02	0.0000000000000000e+00	6.7402923596091568e-03
1.4713125594312201e-02	0.0000000000000000e+00	6.3463760743616149e-03
1.4730578886832100e-02	0.0000000000000000e+00	6.0938379756407812e-03
1.4748032179352100e-02	0.0000000000000000e+00	5.7998316333396360e-03
1.4765485471872000e-02	0.0000000000000000e+00	5.8887616032734513e-03
1.4782938764392000e-02	0.0000000000000000e+00	6.3665175985079259e-03
1.4800392056911900e-02	0.0000000000000000e+00	7.1210255991900340e-03
1.4817845349431900e-02	0.0000000000000000e+00	7.7855421404819936e-03
1.4835298641951799e-02	0.0000000000000000e+00	9.8821871943073347e-03
1.4852751934471701e-02	0.0000000000000000e+00	1.2471673981053755e-02
1.4870205226991701e-02	0.0000000000000000e+00	1.5030752503662370e-02
1.4887658519511600e-02	0.0000000000000000e+00	1.6851845968631096e-02
1.4905111812031600e-02	0.0000000000000000e+00	1.8039871472865343e-02
1.4922565104551500e-02	0.0000000000000000e+00	1.8373886065091938e-02
1.4940018397071500e-02	0.0000000000000000e+00	1.6410298325354233e-02
1.4957471689591400e-02	0.0000000000000000e+00	1.3561219529947266e-02
1.4974924982111301e-02	0.0000000000000000e+00	1.2932083860505372e-02
1.4992378274631299e-02	0.0000000000000000e+00	1.2958696010173298e-02
1.5009831567151201e-02	0.0000000000000000e+00	1.2288074867683463e-02
1.5027284859671201e-02	0.0000000000000000e+00	1.1869755384395830e-02
1.5044738152191100e-02	0.0000000000000000e+00	1.2735610318486579e-02
1.5062191444711100e-02	0.0000000000000000e+00	1.2308449469855987e-02
1.5079644737231000e-02	0.0000000000000000e+00	1.1196102524991147e-02
1.5097098029750899e-02	0.0000000000000000e+00	1.0510255204280838e-02
1.5114551322270900e-02	0.0000000000000000e+00	9.7315740131307393e-03
1.5132004614790801e-02	0.0000000000000000e+00	8.8566352496854961e-03
1.5149457907310799e-02	0.0000000000000000e+00	7.5958271772833541e-03
1.5166911199830701e-02	0.0000000000000000e+00	6.1839585396228358e-03
1.5184364492350701e-02	0.0000000000000000e+00	4.6768192696617916e-03
1.5201817784870600e-02	0.0000000000000000e+00	3.3999094594037160e-03
1.5219271077390600e-02	0.0000000000000000e+00	2.3852042068028823e-03
1.5236724369910500e-02	0.0000000000000000e+00	1.2796991359209642e-03
1.5254177662430399e-02	0.0000000000000000e+00	5.9772797976620495e-04
1.5271630954950400e-02	0.0000000000000000e+00	1.5834824735065922e-03
1.5289084247470301e-02	0.0000000000000000e+00	3.4286095324205235e-03
1.5306537539990299e-02	0.0000000000000000e+00	4.7108660655794665e-03
1.5323990832510201e-02	0.0000000000000000e+00	5.6607835867907852e-03
1.5341444125030201e-02	0.0000000000000000e+00	6.0641077434411272e-03
1.5358897417550100e-02	0.0000000000000000e+00	4.5432337210513651e-03
1.5376350710070000e-02	0.0000000000000000e+00	2.7268644043942913e-03
1.5393804002590000e-02	0.0000000000000000e+00	1.3407658261712641e-03
1.5411257295109899e-02	0.0000000000000000e+00	4.4828261889051646e-04
1.5428710587629900e-02	0.0000000000000000e+00	2.0860483055002987e-03
1.5446163880149801e-02	0.0000000000000000e+00	3.8762582262279466e-03
1.5463617172669799e-02	0.0000000000000000e+00	5.3438037284649909e-03
1.5481070465189701e-02	0.0000000000000000e+00	6.2683358264621347e-03
1.5498523757709600e-02	0.0000000000000000e+00	7.0327502180589363e-03
1.5515977050229600e-02	0.0000000000000000e+00	8.2818629452958703e-03
1.5533430342749500e-02	0.0000000000000000e+00	9.3682505685137585e-03
1.5550883635269500e-02	0.0000000000000000e+00	9.7600050212349743e-03
1.5568336927789399e-02	0.0000000000000000e+00	9.6759682346601039e-03
1.5585790220309400e-02	0.0000000000000000e+00	9.6960388327715918e-03
1.5603243512829299e-02	0.0000000000000000e+00	9.8948446102440357e-03
1.5620696805349200e-02	0.0000000000000000e+00	1.0108100294019096e-02
1.5638150097869199e-02	0.0000000000000000e+00	1.2339388762484305e-02
1.5655603390389100e-02	0.0000000000000000e+00	1.4660631102742627e-02
1.5673056682909099e-02	0.0000000000000000e+00	1.4933920319890603e-02
1.5690509975429000e-02	0.0000000000000000e+00	1.5183040508418344e-02
1.5707963267949002e-02	0.0000000000000000e+00	1.5737308058305643e-02
1.5725416560468899e-02	0.0000000000000000e+00	1.5793590384419076e-02
1.5742869852988801e-02	0.0000000000000000e+00	1.5334675699705258e-02
1.5760323145508799e-02	0.0000000000000000e+00	1.4266114172642119e-02
1.5777776438028700e-02	0.0000000000000000e+00	1.3977239403175190e-02
1.5795229730548699e-02	0.0000000000000000e+00	1.3860412349458784e-02
1.5812683023068600e-02	0.0000000000000000e+00	1.3425259734503925e-02
1.5830136315588599e-02	0.0000000000000000e+00	1.3054135037236847e-02
1.5847589608108500e-02	0.0000000000000000e+00	1.2598479428561404e-02
1.5865042900628502e-02	0.0000000000000000e+00	1.2025790929328650e-02
1.5882496193148399e-02	0.0000000000000000e+00	1.1718775946064852e-02
1.5899949485668301e-02	0.0000000000000000e+00	1.1639426142210141e-02
1.5917402778188299e-02	0.0000000000000000e+00	1.1562956598936580e-02
1.5934856070708200e-02	0.0000000000000000e+00	1.1470596306025982e-02
1.5952309363228199e-02	0.0000000000000000e+00	1.1582439110497944e-02
1.5969762655748100e-02	0.0000000000000000e+00	1.1543883680133149e-02
1.5987215948268099e-02	0.0000000000000000e+00	1.0873623017687351e-02
1.6004669240788000e-02	0.0000000000000000e+00	8.7399356125388294e-03
1.6022122533307901e-02	0.0000000000000000e+00	6.2521923973690718e-03
1.6039575825827899e-02	0.0000000000000000e+00	3.8757754518883303e-03
1.6057029118347801e-02	0.0000000000000000e+00	2.8092042048228905e-03
1.6074482410867799e-02	0.0000000000000000e+00	2.7846445154864341e-03
1.6091935703387700e-02	0.0000000000000000e+00	2.5480867043370381e-03
1.6109388995907699e-02	0.0000000000000000e+00	2.4282067752210423e-03
1.6126842288427600e-02	0.0000000000000000e+00	2.0240824960637838e-03
1.6144295580947501e-02	0.0000000000000000e+00	1.6818295407574624e-03
1.6161748873467500e-02	0.0000000000000000e+00	1.0906415263889357e-03
1.6179202165987401e-02	0.0000000000000000e+00	4.4632273784372956e-04
1.6196655458507399e-02	0.0000000000000000e+00	1.2782115663867444e-04
1.6214108751027301e-02	0.0000000000000000e+00	3.2826850656419992e-05
1.6231562043547299e-02	0.0000000000000000e+00	7.1246424340642989e-04
1.6249015336067200e-02	0.0000000000000000e+00	2.3739093303447589e-03
1.6266468628587199e-02	0.0000000000000000e+00	3.8309576339088380e-03
1.6283921921107100e-02	0.0000000000000000e+00	5.2904203766956925e-03
1.6301375213627001e-02	0.0000000000000000e+00	6.6683099139481783e-03
1.6318828506147000e-02	0.0000000000000000e+00	7.9293687449535355e-03
1.6336281798666901e-02	0.0000000000000000e+00	7.5563242862699553e-03
1.6353735091186899e-02	0.0000000000000000e+00	6.0954366344958544e-03
1.6371188383706801e-02	0.0000000000000000e+00	6.3213355169864371e-03
1.6388641676226799e-02	0.0000000000000000e+00	6.7890398931922391e-03
1.6406094968746700e-02	0.0000000000000000e+00	6.6996261448366567e-03
1.6423548261266602e-02	0.0000000000000000e+00	6.9079754175618291e-03
1.6441001553786600e-02	0.0000000000000000e+00	7.5524674466578290e-03
1.6458454846306501e-02	0.0000000000000000e+00	8.2115711120422930e-03
1.6475908138826500e-02	0.0000000000000000e+00	8.9121617493219674e-03
1.6493361431346401e-02	0.0000000000000000e+00	1.0203519908827730e-02
1.6510814723866400e-02	0.0000000000000000e+00	1.1636602212092839e-02
1.6528268016386301e-02	0.0000000000000000e+00	1.2571733619552106e-02
1.6545721308906199e-02	0.0000000000000000e+00	1.3287583773490041e-02
1.6563174601426200e-02	0.0000000000000000e+00	1.3833323391736485e-02
1.6580627893946102e-02	0.0000000000000000e+00	1.4290323466411792e-02
1.6598081186466100e-02	0.0000000000000000e+00	1.4491484806057997e-02
1.6615534478986001e-02	0.0000000000000000e+00	1.4585472817998379e-02
1.6632987771506000e-02	0.0000000000000000e+00	1.4589735917979851e-02
1.6650441064025901e-02	0.0000000000000000e+00	1.4660698667285033e-02
1.6667894356545799e-02	0.0000000000000000e+00	1.4647824398707598e-02
1.6685347649065801e-02	0.0000000000000000e+00	1.4420367733691819e-02
1.6702800941585699e-02	0.0000000000000000e+00	1.5389276406494901e-02
1.6720254234105700e-02	0.0000000000000000e+00	1.6825894781504758e-02
1.6737707526625598e-02	0.0000000000000000e+00	1.8149238123442046e-02
1.6755160819145600e-02	0.0000000000000000e+00	1.7175010900245979e-02
1.6772614111665501e-02	0.0000000000000000e+00	1.6705264875781722e-02
1.6790067404185399e-02	0.0000000000000000e+00	1.6413360412116162e-02
1.6807520696705401e-02	0.0000000000000000e+00	1.5534180420218036e-02
1.6824973989225299e-02	0.0000000000000000e+00	1.4455824522883631e-02
1.6842427281745301e-02	0.0000000000000000e+00	1.3075992217636667e-02
1.6859880574265199e-02	0.0000000000000000e+00	1.1591403759666719e-02
1.6877333866785200e-02	0.0000000000000000e+00	9.9219422409078106e-03
1.6894787159305098e-02	0.0000000000000000e+00	7.6849348843097687e-03
1.6912240451825100e-02	0.0000000000000000e+00	6.1448256019502878e-03
1.6929693744345001e-02	0.0000000000000000e+00	5.9757643321063370e-03
1.6947147036864899e-02	0.0000000000000000e+00	6.3005994743434712e-03
1.6964600329384901e-02	0.0000000000000000e+00	6.7295787739567459e-03
1.6982053621904799e-02	0.0000000000000000e+00	6.8755659885937348e-03
1.6999506914424801e-02	0.0000000000000000e+00	5.5632343864999712e-03
1.7016960206944699e-02	0.0000000000000000e+00	4.1676254331832752e-03
1.7034413499464700e-02	0.0000000000000000e+00	7.3542899917811155e-04
1.7051866791984598e-02	0.0000000000000000e+00	3.4470130485715345e-03
1.7069320084504500e-02	0.0000000000000000e+00	5.0673719670157880e-03
1.7086773377024501e-02	0.0000000000000000e+00	6.1024585884297267e-03
1.7104226669544399e-02	0.0000000000000000e+00	6.9020037626614794e-03
1.7121679962064401e-02	0.0000000000000000e+00	7.6850408513564616e-03
1.7139133254584299e-02	0.0000000000000000e+00	7.9068595805438235e-03
1.7156586547104301e-02	0.0000000000000000e+00	7.8177894174586982e-03
1.7174039839624199e-02	0.0000000000000000e+00	7.5290673121344298e-03
1.7191493132144100e-02	0.0000000000000000e+00	7.1525482053402811e-03
1.7208946424664098e-02	0.0000000000000000e+00	6.7364503920543939e-03
1.7226399717184000e-02	0.0000000000000000e+00	6.6608271445147693e-03
1.7243853009704001e-02	0.0000000000000000e+00	6.7793659109156579e-03
1.7261306302223899e-02	0.0000000000000000e+00	6.9273732078727335e-03
1.7278759594743901e-02	0.0000000000000000e+00	6.8678938550874591e-03
1.7296212887263799e-02	0.0000000000000000e+00	6.6235016129212454e-03
1.7313666179783700e-02	0.0000000000000000e+00	6.3817120390012860e-03
1.7331119472303699e-02	0.0000000000000000e+00	6.3492443587165326e-03
1.7348572764823600e-02	0.0000000000000000e+00	6.5301669092150405e-03
1.7366026057343598e-02	0.0000000000000000e+00	6.7552933178376406e-03
1.7383479349863500e-02	0.0000000000000000e+00	7.0786619180580601e-03
1.7400932642383501e-02	0.0000000000000000e+00	7.1439995808759704e-03
1.7418385934903399e-02	0.0000000000000000e+00	5.5405353195965290e-03
1.7435839227423401e-02	0.0000000000000000e+00	3.8112365728011355e-03
1.7453292519943299e-02	0.0000000000000000e+00	3.7700059474445879e-03
1.7470745812463200e-02	0.0000000000000000e+00	4.1779567400226370e-03
1.7488199104983199e-02	0.0000000000000000e+00	4.3241761013632640e-03
1.7505652397503100e-02	0.0000000000000000e+00	4.5534603268606588e-03
1.7523105690023098e-02	0.0000000000000000e+00	4.4298887951299548e-03
1.7540558982543000e-02	0.0000000000000000e+00	4.3553482973948121e-03
1.7558012275063001e-02	0.0000000000000000e+00	4.2412934853928164e-03
1.7575465567582899e-02	0.0000000000000000e+00	4.2138398130191490e-03
1.7592918860102801e-02	0.0000000000000000e+00	4.8039585672086105e-03
1.7610372152622799e-02	0.0000000000000000e+00	5.4354332532966509e-03
1.7627825445142700e-02	0.0000000000000000e+00	5.9289126656949520e-03
1.7645278737662699e-02	0.0000000000000000e+00	4.3897726136492565e-03
1.7662732030182600e-02	0.0000000000000000e+00	2.2199964441824704e-03
1.7680185322702598e-02	0.0000000000000000e+00	9.7640845342539251e-04
1.7697638615222500e-02	0.0000000000000000e+00	3.3927394542843103e-04
1.7715091907742401e-02	0.0000000000000000e+00	4.7667896433267742e-04
1.7732545200262399e-02	0.0000000000000000e+00	1.0002774215536192e-03
1.7749998492782301e-02	0.0000000000000000e+00	2.5963738153222948e-04
1.7767451785302299e-02	0.0000000000000000e+00	1.0134049371117726e-03
1.7784905077822200e-02	0.0000000000000000e+00	1.1436259082984179e-03
1.7802358370342199e-02	0.0000000000000000e+00	1.1247156362514943e-03
1.7819811662862100e-02	0.0000000000000000e+00	1.3382983452174813e-03
1.7837264955382001e-02	0.0000000000000000e+00	1.0489860142115504e-03
1.7854718247902000e-02	0.0000000000000000e+00	6.2769855139777064e-04
1.7872171540421901e-02	0.0000000000000000e+00	1.9531612633727491e-04
1.7889624832941899e-02	0.0000000000000000e+00	7.0491868245881051e-04
1.7907078125461801e-02	0.0000000000000000e+00	1.4385666436282918e-03
1.7924531417981799e-02	0.0000000000000000e+00	2.0256015268387273e-03
1.7941984710501700e-02	0.0000000000000000e+00	2.5723261933308095e-03
1.7959438003021699e-02	0.0000000000000000e+00	3.3006039884639904e-03
1.7976891295541600e-02	0.0000000000000000e+00	3.8041146326577291e-03
1.7994344588061501e-02	0.0000000000000000e+00	4.0683834376977757e-03
1.8011797880581500e-02	0.0000000000000000e+00	3.8896100886631757e-03
1.8029251173101401e-02	0.0000000000000000e+00	3.5666439071064815e-03
1.8046704465621399e-02	0.0000000000000000e+00	3.4749681217363104e-03
1.8064157758141301e-02	0.0000000000000000e+00	3.8824382354505360e-03
1.8081611050661299e-02	0.0000000000000000e+00	4.4809152022935450e-03
1.8099064343181200e-02	0.0000000000000000e+00	4.9320984398946166e-03
1.8116517635701102e-02	0.0000000000000000e+00	5.7111502537736669e-03
1.8133970928221100e-02	0.0000000000000000e+00	7.0226901443675160e-03
1.8151424220741001e-02	0.0000000000000000e+00	8.4600757400039583e-03
1.8168877513261000e-02	0.0000000000000000e+00	7.9421328264288604e-03
1.8186330805780901e-02	0.0000000000000000e+00	7.8962223487906158e-03
1.8203784098300899e-02	0.0000000000000000e+00	7.5929357408313081e-03
1.8221237390820801e-02	0.0000000000000000e+00	7.2629627102287486e-03
1.8238690683340698e-02	0.0000000000000000e+00	6.8556781479855999e-03
1.8256143975860700e-02	0.0000000000000000e+00	6.6658878058660775e-03
1.8273597268380602e-02	0.0000000000000000e+00	7.0564161724178120e-03
1.8291050560900600e-02	0.0000000000000000e+00	7.7286854793783277e-03
1.8308503853420501e-02	0.0000000000000000e+00	9.1918895195703954e-03
1.8325957145940500e-02	0.0000000000000000e+00	1.1410740567953326e-02
1.8343410438460401e-02	0.0000000000000000e+00	1.3920958546805196e-02
1.8360863730980299e-02	0.0000000000000000e+00	1.6475116950459778e-02
1.8378317023500301e-02	0.0000000000000000e+00	1.7681747282040305e-02
1.8395770316020198e-02	0.0000000000000000e+00	1.8474988843081519e-02
1.8413223608540200e-02	0.0000000000000000e+00	1.7033755793818273e-02
1.8430676901060102e-02	0.0000000000000000e+00	1.3507780706277117e-02
1.8448130193580100e-02	0.0000000000000000e+00	1.1521041116793640e-02
1.8465583486100001e-02	0.0000000000000000e+00	1.1624024060438387e-02
1.8483036778619899e-02	0.0000000000000000e+00	1.1202525492990389e-02
1.8500490071139901e-02	0.0000000000000000e+00	1.0275941749569029e-02
1.8517943363659799e-02	0.0000000000000000e+00	1.0045653732959181e-02
1.8535396656179801e-02	0.0000000000000000e+00	1.0155543815926649e-02
1.8552849948699698e-02	0.0000000000000000e+00	9.9141885875724256e-03
1.8570303241219700e-02	0.0000000000000000e+00	1.0163049679249525e-02
1.8587756533739602e-02	0.0000000000000000e+00	1.1027483094949275e-02
1.8605209826259600e-02	0.0000000000000000e+00	1.1745833486202173e-02
1.8622663118779501e-02	0.0000000000000000e+00	1.1932478373637423e-02
1.8640116411299399e-02	0.0000000000000000e+00	1.1851757240947336e-02
1.8657569703819401e-02	0.0000000000000000e+00	1.1447684053564444e-02
1.8675022996339299e-02	0.0000000000000000e+00	1.1233453944441862e-02
1.8692476288859301e-02	0.0000000000000000e+00	1.0963391352561302e-02
1.8709929581379198e-02	0.0000000000000000e+00	1.0801435390021652e-02
1.8727382873899200e-02	0.0000000000000000e+00	1.0295395113644190e-02
1.8744836166419102e-02	0.0000000000000000e+00	9.5580102497478947e-03
1.8762289458938999e-02	0.0000000000000000e+00	8.7748228397686034e-03
1.8779742751459001e-02	0.0000000000000000e+00	7.9103858734015375e-03
1.8797196043978899e-02	0.0000000000000000e+00	8.0005083582364023e-03
1.8814649336498901e-02	0.0000000000000000e+00	9.2978764150757343e-03
1.8832102629018799e-02	0.0000000000000000e+00	1.1028472246835008e-02
1.8849555921538801e-02	0.0000000000000000e+00	1.0235248933895491e-02
1.8867009214058698e-02	0.0000000000000000e+00	9.2280311655486003e-03
1.8884462506578600e-02	0.0000000000000000e+00	7.7651317842537537e-03
1.8901915799098602e-02	0.0000000000000000e+00	6.5753360249800608e-03
1.8919369091618499e-02	0.0000000000000000e+00	5.5421346769435331e-03
1.8936822384138501e-02	0.0000000000000000e+00	4.3832428782479838e-03
1.8954275676658399e-02	0.0000000000000000e+00	3.8172650674823672e-03
1.8971728969178401e-02	0.0000000000000000e+00	3.8569067983189598e-03
1.8989182261698299e-02	0.0000000000000000e+00	4.0653681353433058e-03
1.9006635554218200e-02	0.0000000000000000e+00	4.7805995418457314e-03
1.9024088846738198e-02	0.0000000000000000e+00	4.9167954857693985e-03
1.9041542139258100e-02	0.0000000000000000e+00	5.7026747817872092e-03
1.9058995431778102e-02	0.0000000000000000e+00	7.1694084763294086e-03
1.9076448724297999e-02	0.0000000000000000e+00	7.4553163431119174e-03
1.9093902016818001e-02	0.0000000000000000e+00	8.3408892969600856e-03
1.9111355309337899e-02	0.0000000000000000e+00	9.1672281268984079e-03
1.9128808601857800e-02	0.0000000000000000e+00	8.7498717475682497e-03
1.9146261894377799e-02	0.0000000000000000e+00	8.3103270881110802e-03
1.9163715186897700e-02	0.0000000000000000e+00	7.3574989655753598e-03
1.9181168479417698e-02	0.0000000000000000e+00	6.2394440901698545e-03
1.9198621771937600e-02	0.0000000000000000e+00	5.4130709613673389e-03
1.9216075064457602e-02	0.0000000000000000e+00	4.6217001217883080e-03
1.9233528356977499e-02	0.0000000000000000e+00	3.5610921477200463e-03
1.9250981649497501e-02	0.0000000000000000e+00	2.9448531131492928e-03
1.9268434942017399e-02	0.0000000000000000e+00	2.1970435191178694e-03
1.9285888234537300e-02	0.0000000000000000e+00	1.1498084350023419e-03
1.9303341527057299e-02	0.0000000000000000e+00	2.1192341228015721e-04
1.9320794819577200e-02	0.0000000000000000e+00	7.7980534115340561e-04
1.9338248112097198e-02	0.0000000000000000e+00	1.7019373044604436e-03
1.9355701404617100e-02	0.0000000000000000e+00	2.5603443791624159e-03
1.9373154697137102e-02	0.0000000000000000e+00	3.3802582474891096e-03
1.9390607989656999e-02	0.0000000000000000e+00	4.2836989014176652e-03
1.9408061282176901e-02	0.0000000000000000e+00	5.1752963190665469e-03
1.9425514574696899e-02	0.0000000000000000e+00	5.9695796662708744e-03
1.9442967867216800e-02	0.0000000000000000e+00	6.4652255241526291e-03
1.9460421159736799e-02	0.0000000000000000e+00	6.1788990278728306e-03
1.9477874452256700e-02	0.0000000000000000e+00	5.4407513962360099e-03
1.9495327744776698e-02	0.0000000000000000e+00	4.8240315227303654e-03
1.9512781037296600e-02	0.0000000000000000e+00	4.5593885442940518e-03
1.9530234329816501e-02	0.0000000000000000e+00	3.4605513646965846e-03
1.9547687622336499e-02	0.0000000000000000e+00	3.7386171024991199e-03
1.9565140914856401e-02	0.0000000000000000e+00	4.6449347428278998e-03
1.9582594207376399e-02	0.0000000000000000e+00	5.1408519648248330e-03
1.9600047499896300e-02	0.0000000000000000e+00	5.8929374790750444e-03
1.9617500792416299e-02	0.0000000000000000e+00	6.5658210514811799e-03
1.9634954084936200e-02	0.0000000000000000e+00	7.1897773741511628e-03
1.9652407377456101e-02	0.0000000000000000e+00	7.3317292844876647e-03
1.9669860669976100e-02	0.0000000000000000e+00	6.9650950463255867e-03
1.9687313962496001e-02	0.0000000000000000e+00	6.4746035495772958e-03
1.9704767255015999e-02	0.0000000000000000e+00	5.7160402939189225e-03
1.9722220547535901e-02	0.0000000000000000e+00	4.6974994183983654e-03
1.9739673840055899e-02	0.0000000000000000e+00	3.0331087909871712e-03
1.9757127132575800e-02	0.0000000000000000e+00	1.3833567645633593e-03
1.9774580425095799e-02	0.0000000000000000e+00	3.7751044146716595e-04
1.9792033717615700e-02	0.0000000000000000e+00	5.6382860930170864e-04
1.9809487010135601e-02	0.0000000000000000e+00	1.5566597139695659e-03
1.9826940302655600e-02	0.0000000000000000e+00	1.4833109744358808e-03
1.9844393595175501e-02	0.0000000000000000e+00	2.9094264027662575e-04
1.9861846887695499e-02	0.0000000000000000e+00	8.6953805293887854e-04
1.9879300180215401e-02	0.0000000000000000e+00	9.8510280076880008e-04
1.9896753472735399e-02	0.0000000000000000e+00	1.0432534181745723e-03
1.9914206765255300e-02	0.0000000000000000e+00	7.4551948637235910e-04
1.9931660057775202e-02	0.0000000000000000e+00	1.0707428737077862e-04
1.9949113350295200e-02	0.0000000000000000e+00	1.1439344962127507e-04
1.9966566642815101e-02	0.0000000000000000e+00	2.0813076116610318e-04
1.9984019935335100e-02	0.0000000000000000e+00	8.9606214896775782e-04
2.0001473227855001e-02	0.0000000000000000e+00	1.4708341914229095e-03
2.0018926520374999e-02	0.0000000000000000e+00	1.8661336944205686e-03
2.0036379812894901e-02	0.0000000000000000e+00	2.2631433530477807e-03
2.0053833105414798e-02	0.0000000000000000e+00	2.5659034145064652e-03
2.0071286397934800e-02	0.0000000000000000e+00	2.6257308927597478e-03
2.0088739690454702e-02	0.0000000000000000e+00	2.7567343204282224e-03
2.0106192982974700e-02	0.0000000000000000e+00	2.7406000881455839e-03
2.0123646275494601e-02	0.0000000000000000e+00	2.2929988917894661e-03
2.0141099568014600e-02	0.0000000000000000e+00	1.9618605292635038e-03
2.0158552860534501e-02	0.0000000000000000e+00	1.6859791358001530e-03
2.0176006153054399e-02	0.0000000000000000e+00	3.3093199890572578e-03
2.0193459445574401e-02	0.0000000000000000e+00	5.9895145823247731e-03
2.0210912738094299e-02	0.0000000000000000e+00	8.0754020455060527e-03
2.0228366030614300e-02	0.0000000000000000e+00	9.6448377007618546e-03
2.0245819323134202e-02	0.0000000000000000e+00	9.8772840283345431e-03
2.0263272615654200e-02	0.0000000000000000e+00	8.9969841064885259e-03
2.0280725908174101e-02	0.0000000000000000e+00	8.5414788482012227e-03
2.0298179200694100e-02	0.0000000000000000e+00	7.6879148691659793e-03
2.0315632493214001e-02	0.0000000000000000e+00	7.1118192718131468e-03
2.0333085785733899e-02	0.0000000000000000e+00	6.2747947667958215e-03
2.0350539078253901e-02	0.0000000000000000e+00	5.5678895878372714e-03
2.0367992370773799e-02	0.0000000000000000e+00	5.3764459007652476e-03
2.0385445663293800e-02	0.0000000000000000e+00	5.4775202879682183e-03
2.0402898955813702e-02	0.0000000000000000e+00	5.3743299504276365e-03
2.0420352248333700e-02	0.0000000000000000e+00	5.5945502099348232e-03
2.0437805540853601e-02	0.0000000000000000e+00	6.9609145866706967e-03
2.0455258833373499e-02	0.0000000000000000e+00	8.7406051898142323e-03
2.0472712125893501e-02	0.0000000000000000e+00	9.2190488940104842e-03
2.0490165418413399e-02	0.0000000000000000e+00	9.1672405105782673e-03
2.0507618710933401e-02	0.0000000000000000e+00	8.7652635120321065e-03
2.0525072003453299e-02	0.0000000000000000e+00	8.0563149822410196e-03
2.0542525295973300e-02	0.0000000000000000e+00	8.3898355514975265e-03
2.0559978588493202e-02	0.0000000000000000e+00	9.1575110127450898e-03
2.0577431881013099e-02	0.0000000000000000e+00	8.4210136992624030e-03
2.0594885173533101e-02	0.0000000000000000e+00	6.4385224541183561e-03
2.0612338466052999e-02	0.0000000000000000e+00	5.4832167079439387e-03
2.0629791758573001e-02	0.0000000000000000e+00	4.9192332371603698e-03
2.0647245051092899e-02	0.0000000000000000e+00	4.3749914621002972e-03
2.0664698343612901e-02	0.0000000000000000e+00	3.7510491529246792e-03
2.0682151636132799e-02	0.0000000000000000e+00	3.4003451437456533e-03
2.0699604928652700e-02	0.0000000000000000e+00	2.8538879996631294e-03
2.0717058221172702e-02	0.0000000000000000e+00	2.0913750049658120e-03
2.0734511513692599e-02	0.0000000000000000e+00	1.1582181323319674e-03
2.0751964806212601e-02	0.0000000000000000e+00	1.5271217853296548e-04
2.0769418098732499e-02	0.0000000000000000e+00	8.9330866467207670e-04
2.0786871391252501e-02	0.0000000000000000e+00	1.9508133700583130e-03
2.0804324683772399e-02	0.0000000000000000e+00	2.4785187706584111e-03
2.0821777976292300e-02	0.0000000000000000e+00	3.4423652832629159e-03
2.0839231268812299e-02	0.0000000000000000e+00	4.7578234807588160e-03
2.0856684561332200e-02	0.0000000000000000e+00	5.8946509379893541e-03
2.0874137853852202e-02	0.0000000000000000e+00	6.3413282332476228e-03
2.0891591146372099e-02	0.0000000000000000e+00	4.9482760659884661e-03
2.0909044438892101e-02	0.0000000000000000e+00	3.0274812161223963e-03
2.0926497731411999e-02	0.0000000000000000e+00	1.6460303450003266e-03
2.0943951023932001e-02	0.0000000000000000e+00	2.4582461774116382e-03
