0.0000000000000000e+00	0.0000000000000000e+00	0.0000000000000000e+00
1.7453292519943300e-05	0.0000000000000000e+00	9.2513158619020874e+00
3.4906585039886600e-05	0.0000000000000000e+00	1.5449824933758683e+02
5.2359877559829903e-05	0.0000000000000000e+00	7.3383400378713759e+02
6.9813170079773199e-05	0.0000000000000000e+00	1.7471515733803424e+03
8.7266462599716496e-05	0.0000000000000000e+00	2.3459407053515502e+03
1.0471975511966000e-04	0.0000000000000000e+00	2.2293506631660262e+03
1.2217304763960301e-04	0.0000000000000000e+00	1.7719282203230975e+03
1.3962634015954599e-04	0.0000000000000000e+00	1.5690673038514281e+03
1.5707963267949001e-04	0.0000000000000000e+00	1.9267653780991209e+03
1.7453292519943299e-04	0.0000000000000000e+00	1.8494419199392714e+03
1.9198621771937600e-04	0.0000000000000000e+00	1.5659722016853011e+03
2.0943951023931999e-04	0.0000000000000000e+00	1.2357680289181710e+03
2.2689280275926300e-04	0.0000000000000000e+00	8.0202017553051371e+02
2.4434609527920601e-04	0.0000000000000000e+00	6.3976396240567522e+02
2.6179938779914903e-04	0.0000000000000000e+00	7.5051008071794922e+02
2.7925268031909301e-04	0.0000000000000000e+00	6.9004279653186131e+02
2.9670597283903603e-04	0.0000000000000000e+00	5.8337455587221245e+02
3.1415926535897898e-04	0.0000000000000000e+00	1.0790526906427058e+03
3.3161255787892303e-04	0.0000000000000000e+00	3.1063149940535427e+03
3.4906585039886598e-04	0.0000000000000000e+00	5.5842024438362141e+03
3.6651914291880900e-04	0.0000000000000000e+00	5.7357919325933271e+03
3.8397243543875201e-04	0.0000000000000000e+00	4.8703986837561824e+03
4.0142572795869599e-04	0.0000000000000000e+00	4.3414998168482962e+03
4.1887902047863901e-04	0.0000000000000000e+00	3.5822292061994781e+03
4.3633231299858202e-04	0.0000000000000000e+00	1.3451041279830017e+04
4.5378560551852601e-04	0.0000000000000000e+00	2.1634340952389026e+04
4.7123889803846902e-04	0.0000000000000000e+00	2.1985117134637781e+04
4.8869219055841203e-04	0.0000000000000000e+00	1.3872870013162077e+04
5.0614548307835602e-04	0.0000000000000000e+00	6.8404547268026545e+03
5.2359877559829903e-04	0.0000000000000000e+00	1.1246594004989243e+04
5.4105206811824204e-04	0.0000000000000000e+00	1.4855221349099638e+04
5.5850536063818505e-04	0.0000000000000000e+00	1.7144675222454985e+04
5.7595865315812904e-04	0.0000000000000000e+00	1.7074481774811356e+04
5.9341194567807205e-04	0.0000000000000000e+00	1.5646580260392122e+04
6.1086523819801496e-04	0.0000000000000000e+00	1.8344186355701058e+04
6.2831853071795905e-04	0.0000000000000000e+00	1.9836246181729381e+04
6.4577182323790196e-04	0.0000000000000000e+00	2.8211996603338881e+04
6.6322511575784497e-04	0.0000000000000000e+00	5.2088219729308446e+04
6.8067840827778798e-04	0.0000000000000000e+00	6.2022275237748589e+04
6.9813170079773197e-04	0.0000000000000000e+00	5.6378520486864705e+04
7.1558499331767498e-04	0.0000000000000000e+00	4.1645868871188974e+06
7.3303828583761799e-04	0.0000000000000000e+00	1.5440283948453851e+07
7.5049157835756198e-04	0.0000000000000000e+00	2.4364742448146857e+07
7.6794487087750499e-04	0.0000000000000000e+00	1.5460759745592469e+07
7.8539816339744800e-04	0.0000000000000000e+00	4.0265029860112052e+06
8.0285145591739199e-04	0.0000000000000000e+00	1.2560130623665583e+05
8.2030474843733500e-04	0.0000000000000000e+00	1.1336375567830708e+06
8.3775804095727801e-04	0.0000000000000000e+00	5.9651409637460008e+05
8.5521133347722102e-04	0.0000000000000000e+00	1.2339716106069714e+06
8.7266462599716501e-04	0.0000000000000000e+00	4.9555518147485992e+06
8.9011791851710802e-04	0.0000000000000000e+00	7.2743115807695100e+06
9.0757121103705104e-04	0.0000000000000000e+00	7.5655529664629931e+06
9.2502450355699502e-04	0.0000000000000000e+00	2.3444934409571383e+06
9.4247779607693804e-04	0.0000000000000000e+00	1.0102750597046120e+06
9.5993108859688105e-04	0.0000000000000000e+00	6.8874287524542762e+06
9.7738438111682406e-04	0.0000000000000000e+00	1.2447031677420890e+07
9.9483767363676805e-04	0.0000000000000000e+00	9.7871274630488623e+06
1.0122909661567101e-03	0.0000000000000000e+00	3.3166101017223941e+06
1.0297442586766500e-03	0.0000000000000000e+00	4.0708300948325684e+05
1.0471975511966000e-03	0.0000000000000000e+00	5.8995015227601593e+06
1.0646508437165401e-03	0.0000000000000000e+00	9.3707783734643441e+06
1.0821041362364800e-03	0.0000000000000000e+00	3.7794093437177236e+06
1.0995574287564300e-03	0.0000000000000000e+00	3.7390327299862150e+06
1.1170107212763701e-03	0.0000000000000000e+00	9.6312547324365322e+06
1.1344640137963100e-03	0.0000000000000000e+00	1.0654603677144274e+07
1.1519173063162600e-03	0.0000000000000000e+00	1.3947453637920601e+07
1.1693705988361999e-03	0.0000000000000000e+00	1.6536446066352511e+07
1.1868238913561400e-03	0.0000000000000000e+00	1.6945097112764344e+07
1.2042771838760900e-03	0.0000000000000000e+00	9.0013549034865107e+06
1.2217304763960299e-03	0.0000000000000000e+00	1.8892777125330959e+06
1.2391837689159700e-03	0.0000000000000000e+00	1.4290758319571838e+06
1.2566370614359201e-03	0.0000000000000000e+00	4.5651254961849554e+06
1.2740903539558599e-03	0.0000000000000000e+00	2.2395743447148137e+07
1.2915436464758000e-03	0.0000000000000000e+00	4.1662896889687739e+07
1.3089969389957501e-03	0.0000000000000000e+00	5.4814436845457368e+07
1.3264502315156899e-03	0.0000000000000000e+00	8.0182254829195648e+07
1.3439035240356300e-03	0.0000000000000000e+00	9.9112415220375955e+07
1.3613568165555801e-03	0.0000000000000000e+00	8.8843126662064090e+07
1.3788101090755199e-03	0.0000000000000000e+00	7.7281293492151827e+07
1.3962634015954600e-03	0.0000000000000000e+00	8.9550041598824754e+07
1.4137166941154101e-03	0.0000000000000000e+00	8.6898413500916595e+09
1.4311699866353500e-03	0.0000000000000000e+00	5.0714293219070419e+10
1.4486232791552900e-03	0.0000000000000000e+00	1.3037956392349246e+11
1.4660765716752401e-03	0.0000000000000000e+00	2.4125462787969534e+11
1.4835298641951800e-03	0.0000000000000000e+00	3.4079634836102893e+11
1.5009831567151201e-03	0.0000000000000000e+00	1.0095955224112502e+11
1.5184364492350699e-03	0.0000000000000000e+00	1.0330676256001234e+12
1.5358897417550100e-03	0.0000000000000000e+00	2.5771383728621719e+12
1.5533430342749501e-03	0.0000000000000000e+00	3.5349589861248345e+12
1.5707963267948999e-03	0.0000000000000000e+00	4.4009516715529883e+12
1.5882496193148400e-03	0.0000000000000000e+00	5.2584864089558672e+12
1.6057029118347801e-03	0.0000000000000000e+00	6.0685934631874258e+12
1.6231562043547299e-03	0.0000000000000000e+00	6.6039840827866777e+12
1.6406094968746700e-03	0.0000000000000000e+00	5.8452471548875527e+12
1.6580627893946101e-03	0.0000000000000000e+00	2.3192522101030723e+12
1.6755160819145599e-03	0.0000000000000000e+00	5.6290547857591293e+10
1.6929693744345000e-03	0.0000000000000000e+00	2.6468939860207027e+10
1.7104226669544401e-03	0.0000000000000000e+00	9.2859173993887451e+10
1.7278759594743899e-03	0.0000000000000000e+00	5.1683518114413379e+12
1.7453292519943300e-03	0.0000000000000000e+00	1.3389910396761824e+13
1.7627825445142699e-03	0.0000000000000000e+00	1.7724588810985777e+13
1.7802358370342200e-03	0.0000000000000000e+00	2.0430332667088434e+13
1.7976891295541600e-03	0.0000000000000000e+00	2.2639287771092230e+13
1.8151424220740999e-03	0.0000000000000000e+00	2.4648606104715023e+13
1.8325957145940500e-03	0.0000000000000000e+00	2.6505030218809383e+13
1.8500490071139900e-03	0.0000000000000000e+00	2.8034790639704758e+13
1.8675022996339299e-03	0.0000000000000000e+00	2.8715072576578715e+13
1.8849555921538800e-03	0.0000000000000000e+00	2.8471870502241125e+13
1.9024088846738201e-03	0.0000000000000000e+00	2.9870329405337918e+13
1.9198621771937599e-03	0.0000000000000000e+00	3.4026257146860074e+13
1.9373154697137100e-03	0.0000000000000000e+00	3.8466725880776047e+13
1.9547687622336499e-03	0.0000000000000000e+00	4.2180216499782555e+13
1.9722220547535902e-03	0.0000000000000000e+00	4.5450245389952930e+13
1.9896753472735400e-03	0.0000000000000000e+00	4.8519994971937977e+13
2.0071286397934799e-03	0.0000000000000000e+00	5.1350105006253758e+13
2.0245819323134202e-03	0.0000000000000000e+00	5.3539345033216172e+13
2.0420352248333700e-03	0.0000000000000000e+00	5.4291076559547266e+13
2.0594885173533099e-03	0.0000000000000000e+00	5.3387619756261859e+13
2.0769418098732502e-03	0.0000000000000000e+00	5.2324177905715664e+13
2.0943951023932000e-03	0.0000000000000000e+00	5.2449398437642625e+13
2.1118483949131399e-03	0.0000000000000000e+00	5.3328182069186520e+15
2.1293016874330802e-03	0.0000000000000000e+00	2.4843873713043330e+15
2.1467549799530201e-03	0.0000000000000000e+00	7.1081611450006838e+14
2.1642082724729699e-03	0.0000000000000000e+00	3.7402589911428432e+16
2.1816615649929102e-03	0.0000000000000000e+00	3.7402589911396848e+16
2.1991148575128501e-03	0.0000000000000000e+00	3.7402589911384280e+16
2.2165681500327999e-03	0.0000000000000000e+00	3.7402589911392392e+16
2.2340214425527402e-03	0.0000000000000000e+00	3.7402589911420760e+16
2.2514747350726801e-03	0.0000000000000000e+00	3.7402589911466840e+16
2.2689280275926299e-03	0.0000000000000000e+00	3.7402589911526128e+16
2.2863813201125698e-03	0.0000000000000000e+00	1.3756417625232612e+14
2.3038346126325101e-03	0.0000000000000000e+00	1.3756417626007062e+14
2.3212879051524599e-03	0.0000000000000000e+00	1.3756417626295270e+14
2.3387411976723998e-03	0.0000000000000000e+00	1.3756417626019841e+14
2.3561944901923401e-03	0.0000000000000000e+00	1.3756417625155555e+14
2.3736477827122899e-03	0.0000000000000000e+00	1.3756417623735052e+14
2.3911010752322298e-03	0.0000000000000000e+00	1.3756417621848931e+14
2.4085543677521701e-03	0.0000000000000000e+00	1.3756417619639888e+14
2.4260076602721200e-03	0.0000000000000000e+00	1.3756417617291075e+14
2.4434609527920598e-03	0.0000000000000000e+00	1.3756417615009570e+14
2.4609142453120001e-03	0.0000000000000000e+00	1.3756417613006375e+14
2.4783675378319500e-03	0.0000000000000000e+00	1.3756417611474928e+14
2.4958208303518898e-03	0.0000000000000000e+00	1.3756417610570256e+14
2.5132741228718301e-03	0.0000000000000000e+00	1.3756417610391052e+14
2.5307274153917800e-03	0.0000000000000000e+00	1.3756417610966781e+14
2.5481807079117198e-03	0.0000000000000000e+00	1.3756417612251386e+14
2.5656340004316601e-03	0.0000000000000000e+00	1.3756417614124592e+14
2.5830872929516100e-03	0.0000000000000000e+00	1.3756417616401002e+14
2.6005405854715499e-03	0.0000000000000000e+00	1.3756417618846334e+14
2.6179938779914902e-03	0.0000000000000000e+00	1.3756417621199394e+14
2.6354471705114400e-03	0.0000000000000000e+00	1.3756417623197656e+14
2.6529004630313799e-03	0.0000000000000000e+00	1.3756417624603933e+14
2.6703537555513202e-03	0.0000000000000000e+00	1.3756417625231362e+14
2.6878070480712700e-03	0.0000000000000000e+00	1.3756417624964103e+14
2.7052603405912099e-03	0.0000000000000000e+00	1.3756417623771444e+14
2.7227136331111502e-03	0.0000000000000000e+00	1.3756417621713731e+14
2.7401669256311000e-03	0.0000000000000000e+00	1.3756417618939270e+14
2.7576202181510399e-03	0.0000000000000000e+00	1.3756417615672328e+14
2.7750735106709802e-03	0.0000000000000000e+00	1.3756417612193195e+14
2.7925268031909300e-03	0.0000000000000000e+00	1.3756417608812303e+14
2.8099800957108699e-03	0.0000000000000000e+00	1.4642924327199381e+14
2.8274333882308102e-03	0.0000000000000000e+00	1.5599514532873162e+14
2.8448866807507600e-03	0.0000000000000000e+00	1.6511555442459653e+14
2.8623399732706999e-03	0.0000000000000000e+00	1.7168771989153478e+14
2.8797932657906402e-03	0.0000000000000000e+00	1.6842409445472909e+14
2.8972465583105901e-03	0.0000000000000000e+00	1.6190781182061578e+14
2.9146998508305299e-03	0.0000000000000000e+00	1.5657023566018153e+14
2.9321531433504698e-03	0.0000000000000000e+00	1.5770916484859088e+14
2.9496064358704201e-03	0.0000000000000000e+00	1.6715800566759791e+14
2.9670597283903599e-03	0.0000000000000000e+00	1.8578425488806047e+14
2.9845130209102998e-03	0.0000000000000000e+00	2.1165394250857044e+14
3.0019663134302501e-03	0.0000000000000000e+00	2.3808331722815381e+14
3.0194196059501899e-03	0.0000000000000000e+00	2.5863594149878484e+14
3.0368728984701298e-03	0.0000000000000000e+00	2.7901156061233997e+14
3.0543261909900801e-03	0.0000000000000000e+00	3.0635589021192475e+14
3.0717794835100200e-03	0.0000000000000000e+00	3.3430378683125931e+14
3.0892327760299598e-03	0.0000000000000000e+00	3.5972638577588606e+14
3.1066860685499101e-03	0.0000000000000000e+00	3.7761558000397150e+14
3.1241393610698500e-03	0.0000000000000000e+00	3.8364900479184750e+14
3.1415926535897898e-03	0.0000000000000000e+00	3.8887772042373394e+14
3.1590459461097401e-03	0.0000000000000000e+00	3.8769278870030862e+14
3.1764992386296800e-03	0.0000000000000000e+00	3.6001114075637638e+14
3.1939525311496198e-03	0.0000000000000000e+00	3.1574216685894638e+14
3.2114058236695701e-03	0.0000000000000000e+00	2.8458507393068494e+14
3.2288591161895100e-03	0.0000000000000000e+00	2.6951696305131241e+14
3.2463124087094499e-03	0.0000000000000000e+00	2.6156864253768275e+14
3.2637657012294001e-03	0.0000000000000000e+00	2.5861440122286588e+14
3.2812189937493400e-03	0.0000000000000000e+00	2.6401870047798612e+14
3.2986722862692799e-03	0.0000000000000000e+00	2.7805267949834438e+14
3.3161255787892301e-03	0.0000000000000000e+00	2.9452380265758594e+14
3.3335788713091700e-03	0.0000000000000000e+00	2.8354111887441062e+14
3.3510321638291099e-03	0.0000000000000000e+00	2.3421078685215534e+14
3.3684854563490602e-03	0.0000000000000000e+00	1.8103114360510216e+14
3.3859387488690000e-03	0.0000000000000000e+00	1.4653994213023169e+14
3.4033920413889399e-03	0.0000000000000000e+00	1.3064495118880877e+14
3.4208453339088902e-03	0.0000000000000000e+00	1.2543935573242098e+14
3.4382986264288300e-03	0.0000000000000000e+00	1.2800582807676912e+14
3.4557519189487699e-03	0.0000000000000000e+00	1.3850118075944975e+14
3.4732052114687202e-03	0.0000000000000000e+00	1.5348363951421600e+14
3.4906585039886600e-03	0.0000000000000000e+00	1.5900775631174238e+14
3.5081117965085999e-03	0.0000000000000000e+00	1.5566408970561372e+14
3.5255650890285502e-03	0.0000000000000000e+00	1.3682318816900634e+14
3.5430183815484901e-03	0.0000000000000000e+00	1.1821214864429836e+14
3.5604716740684299e-03	0.0000000000000000e+00	1.0959958915111641e+14
3.5779249665883698e-03	0.0000000000000000e+00	1.1331783194758170e+14
3.5953782591083201e-03	0.0000000000000000e+00	1.3191565204912923e+14
3.6128315516282599e-03	0.0000000000000000e+00	1.5921106599034922e+14
3.6302848441482102e-03	0.0000000000000000e+00	1.7084564713756200e+14
3.6477381366681501e-03	0.0000000000000000e+00	1.6890794616357162e+14
3.6651914291880900e-03	0.0000000000000000e+00	1.4085994942887094e+14
3.6826447217080398e-03	0.0000000000000000e+00	1.3225326540449328e+14
3.7000980142279801e-03	0.0000000000000000e+00	1.3276506269026466e+14
3.7175513067479200e-03	0.0000000000000000e+00	1.3305383079718600e+14
3.7350045992678598e-03	0.0000000000000000e+00	1.3308990681728194e+14
3.7524578917878101e-03	0.0000000000000000e+00	1.3297073361301173e+14
3.7699111843077500e-03	0.0000000000000000e+00	1.3246361860219964e+14
3.7873644768276998e-03	0.0000000000000000e+00	1.6004462475674253e+14
3.8048177693476401e-03	0.0000000000000000e+00	2.5285075725871891e+14
3.8222710618675800e-03	0.0000000000000000e+00	3.6840059786539206e+14
3.8397243543875199e-03	0.0000000000000000e+00	3.5392489633584388e+14
3.8571776469074701e-03	0.0000000000000000e+00	2.1052261835341884e+14
3.8746309394274100e-03	0.0000000000000000e+00	1.3114510066267423e+14
3.8920842319473499e-03	0.0000000000000000e+00	1.3249619315391498e+14
3.9095375244672997e-03	0.0000000000000000e+00	1.3340840866998658e+14
3.9269908169872400e-03	0.0000000000000000e+00	1.3870153244811139e+14
3.9444441095071803e-03	0.0000000000000000e+00	1.4053546562771247e+14
3.9618974020271302e-03	0.0000000000000000e+00	1.3327268478359945e+14
3.9793506945470696e-03	0.0000000000000000e+00	1.3099949005930144e+14
3.9968039870670099e-03	0.0000000000000000e+00	1.2789604583872331e+14
4.0142572795869597e-03	0.0000000000000000e+00	1.2634237078042512e+14
4.0317105721069000e-03	0.0000000000000000e+00	1.5156638831061275e+14
4.0491638646268403e-03	0.0000000000000000e+00	1.8988510796634797e+14
4.0666171571467902e-03	0.0000000000000000e+00	1.6247058664499066e+14
4.0840704496667296e-03	0.0000000000000000e+00	1.2726216200673672e+14
4.1015237421866699e-03	0.0000000000000000e+00	1.3057908146141264e+14
4.1189770347066198e-03	0.0000000000000000e+00	1.5946637845733781e+14
4.1364303272265601e-03	0.0000000000000000e+00	3.9525975414918200e+14
4.1538836197465004e-03	0.0000000000000000e+00	1.1395968979820680e+15
4.1713369122664502e-03	0.0000000000000000e+00	2.1263815957193762e+15
4.1887902047863896e-03	0.0000000000000000e+00	1.4057080154330865e+15
4.2062434973063299e-03	0.0000000000000000e+00	8.6757476963141688e+13
4.2236967898262798e-03	0.0000000000000000e+00	2.9606321160721119e+14
4.2411500823462201e-03	0.0000000000000000e+00	6.6657641094230900e+14
4.2586033748661604e-03	0.0000000000000000e+00	1.0317345629849289e+15
4.2760566673861102e-03	0.0000000000000000e+00	6.0675217611771138e+14
4.2935099599060497e-03	0.0000000000000000e+00	1.9178123345006980e+15
4.3109632524259900e-03	0.0000000000000000e+00	3.6286397669835215e+15
4.3284165449459398e-03	0.0000000000000000e+00	4.7941603738095100e+15
4.3458698374658801e-03	0.0000000000000000e+00	6.0733930977331480e+15
4.3633231299858204e-03	0.0000000000000000e+00	7.5012209550571320e+15
4.3807764225057702e-03	0.0000000000000000e+00	9.0792748076628440e+15
4.3982297150257097e-03	0.0000000000000000e+00	1.0807597025497760e+16
4.4156830075456500e-03	0.0000000000000000e+00	1.2685270752265484e+16
4.4331363000655998e-03	0.0000000000000000e+00	1.4698865725084992e+16
4.4505895925855401e-03	0.0000000000000000e+00	1.4878386976090262e+16
4.4680428851054804e-03	0.0000000000000000e+00	6.1173379699943170e+15
4.4854961776254303e-03	0.0000000000000000e+00	8.7851479773652420e+15
4.5029494701453697e-03	0.0000000000000000e+00	9.6353852794772420e+15
4.5204027626653100e-03	0.0000000000000000e+00	7.8078294093015900e+15
4.5378560551852598e-03	0.0000000000000000e+00	6.7989931572812781e+13
4.5553093477052001e-03	0.0000000000000000e+00	1.2255075346721148e+16
4.5727626402251396e-03	0.0000000000000000e+00	1.0720885806359612e+16
4.5902159327450903e-03	0.0000000000000000e+00	1.6232509055293594e+16
4.6076692252650297e-03	0.0000000000000000e+00	1.7825506318016166e+16
4.6251225177849700e-03	0.0000000000000000e+00	1.9264618411641856e+16
4.6425758103049199e-03	0.0000000000000000e+00	2.0752482927177692e+16
4.6600291028248602e-03	0.0000000000000000e+00	2.2294733715812220e+16
4.6774823953447996e-03	0.0000000000000000e+00	2.3892121681653480e+16
4.6949356878647503e-03	0.0000000000000000e+00	2.5544733406284380e+16
4.7123889803846897e-03	0.0000000000000000e+00	2.7252535209982100e+16
4.7298422729046300e-03	0.0000000000000000e+00	2.9015362667096820e+16
4.7472955654245799e-03	0.0000000000000000e+00	3.0832554451723748e+16
4.7647488579445202e-03	0.0000000000000000e+00	3.2699970981186184e+16
4.7822021504644596e-03	0.0000000000000000e+00	3.4528133359875008e+16
4.7996554429844103e-03	0.0000000000000000e+00	9.0618099697701020e+15
4.8171087355043498e-03	0.0000000000000000e+00	3.7362272394594728e+16
4.8345620280242901e-03	0.0000000000000000e+00	3.7365495237105760e+16
4.8520153205442399e-03	0.0000000000000000e+00	3.7366382777411048e+16
4.8694686130641802e-03	0.0000000000000000e+00	1.4272017055048756e+16
4.8869219055841196e-03	0.0000000000000000e+00	3.7359517158342760e+16
4.9043751981040704e-03	0.0000000000000000e+00	3.1816595302271260e+16
4.9218284906240098e-03	0.0000000000000000e+00	2.6526403685839528e+16
4.9392817831439501e-03	0.0000000000000000e+00	3.1096595424422892e+16
4.9567350756638999e-03	0.0000000000000000e+00	3.1670065144005144e+16
4.9741883681838402e-03	0.0000000000000000e+00	3.0002422352448984e+16
4.9916416607037797e-03	0.0000000000000000e+00	3.7394841105409736e+16
5.0090949532237304e-03	0.0000000000000000e+00	3.7404008773666392e+16
5.0265482457436698e-03	0.0000000000000000e+00	3.7395234568804744e+16
5.0440015382636101e-03	0.0000000000000000e+00	3.7395832204544128e+16
5.0614548307835600e-03	0.0000000000000000e+00	3.7397711853839712e+16
5.0789081233035003e-03	0.0000000000000000e+00	3.7397042791606072e+16
5.0963614158234397e-03	0.0000000000000000e+00	3.7396526242408792e+16
5.1138147083433904e-03	0.0000000000000000e+00	3.7396029009185272e+16
5.1312680008633298e-03	0.0000000000000000e+00	3.7395547075023576e+16
5.1487212933832701e-03	0.0000000000000000e+00	3.7395167808921072e+16
5.1661745859032200e-03	0.0000000000000000e+00	3.7410075797368784e+16
5.1836278784231603e-03	0.0000000000000000e+00	3.7410075797283320e+16
5.2010811709430997e-03	0.0000000000000000e+00	3.7410075797181384e+16
5.2185344634630504e-03	0.0000000000000000e+00	3.7384875126168496e+16
5.2359877559829899e-03	0.0000000000000000e+00	3.7383138117490976e+16
5.2534410485029302e-03	0.0000000000000000e+00	3.7382375860521232e+16
5.2708943410228696e-03	0.0000000000000000e+00	3.7403917273407208e+16
5.2883476335428203e-03	0.0000000000000000e+00	3.7426240972963240e+16
5.3058009260627597e-03	0.0000000000000000e+00	3.7424085173087384e+16
5.3232542185827000e-03	0.0000000000000000e+00	3.7425620177269200e+16
5.3407075111026499e-03	0.0000000000000000e+00	3.7431923089591944e+16
5.3581608036225902e-03	0.0000000000000000e+00	3.7400025850252128e+16
5.3756140961425296e-03	0.0000000000000000e+00	3.7397930379233624e+16
5.3930673886624803e-03	0.0000000000000000e+00	3.7401400532426232e+16
5.4105206811824198e-03	0.0000000000000000e+00	3.7399052708411688e+16
5.4279739737023601e-03	0.0000000000000000e+00	3.7381887657944880e+16
5.4454272662223099e-03	0.0000000000000000e+00	3.7433493225618336e+16
5.4628805587422502e-03	0.0000000000000000e+00	3.7424303877200744e+16
5.4803338512621896e-03	0.0000000000000000e+00	3.7421193518012816e+16
5.4977871437821403e-03	0.0000000000000000e+00	3.7410075797429688e+16
5.5152404363020798e-03	0.0000000000000000e+00	3.7418946655059432e+16
5.5326937288220201e-03	0.0000000000000000e+00	3.7423784393593880e+16
5.5501470213419699e-03	0.0000000000000000e+00	3.7434254298779952e+16
5.5676003138619102e-03	0.0000000000000000e+00	3.7434780286852888e+16
5.5850536063818497e-03	0.0000000000000000e+00	3.7434780286744592e+16
5.6025068989018004e-03	0.0000000000000000e+00	3.6795649478809520e+16
5.6199601914217398e-03	0.0000000000000000e+00	3.6274095320718784e+16
5.6374134839416801e-03	0.0000000000000000e+00	3.5756279403950332e+16
5.6548667764616299e-03	0.0000000000000000e+00	3.5242203040206152e+16
5.6723200689815702e-03	0.0000000000000000e+00	3.4731870244206320e+16
5.6897733615015097e-03	0.0000000000000000e+00	3.4225285089277320e+16
5.7072266540214604e-03	0.0000000000000000e+00	3.3722428273800376e+16
5.7246799465413998e-03	0.0000000000000000e+00	3.3223285495213204e+16
5.7421332390613401e-03	0.0000000000000000e+00	3.2727880302647364e+16
5.7595865315812900e-03	0.0000000000000000e+00	3.2236218508123132e+16
5.7770398241012303e-03	0.0000000000000000e+00	3.1748297526374672e+16
5.7944931166211697e-03	0.0000000000000000e+00	3.1264116273855372e+16
5.8119464091411204e-03	0.0000000000000000e+00	3.0783674377332156e+16
5.8293997016610598e-03	0.0000000000000000e+00	3.0306972079667784e+16
5.8468529941810002e-03	0.0000000000000000e+00	2.9834008859842016e+16
5.8643062867009500e-03	0.0000000000000000e+00	2.9364780924056084e+16
5.8817595792208903e-03	0.0000000000000000e+00	2.8899284308121756e+16
5.8992128717408297e-03	0.0000000000000000e+00	2.8437521287574128e+16
5.9166661642607796e-03	0.0000000000000000e+00	2.7979496535360444e+16
5.9341194567807199e-03	0.0000000000000000e+00	2.7525211601265368e+16
5.9515727493006602e-03	0.0000000000000000e+00	3.1508263154969336e+16
5.9690260418206100e-03	0.0000000000000000e+00	3.4582444867778076e+16
5.9864793343405503e-03	0.0000000000000000e+00	3.7364167390125256e+16
6.0039326268604898e-03	0.0000000000000000e+00	3.7365980086228696e+16
6.0213859193804396e-03	0.0000000000000000e+00	3.7367792821919632e+16
6.0388392119003799e-03	0.0000000000000000e+00	3.7369605644764080e+16
6.0562925044203202e-03	0.0000000000000000e+00	3.7371418567485112e+16
6.0737457969402700e-03	0.0000000000000000e+00	3.7373231566622104e+16
6.0911990894602103e-03	0.0000000000000000e+00	3.7375044624766824e+16
6.1086523819801498e-03	0.0000000000000000e+00	3.7376857719506240e+16
6.1261056745000996e-03	0.0000000000000000e+00	3.7378670840705960e+16
6.1435589670200399e-03	0.0000000000000000e+00	3.7380483987223400e+16
6.1610122595399802e-03	0.0000000000000000e+00	3.7382297156693024e+16
6.1784655520599301e-03	0.0000000000000000e+00	3.7384110353960960e+16
6.1959188445798704e-03	0.0000000000000000e+00	3.7385923581688544e+16
6.2133721370998098e-03	0.0000000000000000e+00	3.7387736820158360e+16
6.2308254296197596e-03	0.0000000000000000e+00	3.7389550051721896e+16
6.2482787221396999e-03	0.0000000000000000e+00	3.7391363277420712e+16
6.2657320146596402e-03	0.0000000000000000e+00	3.7393176472198544e+16
6.2831853071795901e-03	0.0000000000000000e+00	3.7394989635549344e+16
6.3006385996995304e-03	0.0000000000000000e+00	3.7267714193118808e+16
6.3180918922194698e-03	0.0000000000000000e+00	2.6336008624513452e+16
6.3355451847394197e-03	0.0000000000000000e+00	2.6330730965839144e+16
6.3529984772593600e-03	0.0000000000000000e+00	2.6322739520785516e+16
6.3704517697793003e-03	0.0000000000000000e+00	2.6316579068797184e+16
6.3879050622992501e-03	0.0000000000000000e+00	2.6318087650266008e+16
6.4053583548191904e-03	0.0000000000000000e+00	2.6324767861324376e+16
6.4228116473391298e-03	0.0000000000000000e+00	2.6328694920535976e+16
6.4402649398590797e-03	0.0000000000000000e+00	2.6325420792311408e+16
6.4577182323790200e-03	0.0000000000000000e+00	2.6309230476677548e+16
6.4751715248989603e-03	0.0000000000000000e+00	2.6281354580330044e+16
6.4926248174188997e-03	0.0000000000000000e+00	2.6251101543868336e+16
6.5100781099388504e-03	0.0000000000000000e+00	2.6231908337788596e+16
6.5275314024587899e-03	0.0000000000000000e+00	2.6229317420353848e+16
6.5449846949787302e-03	0.0000000000000000e+00	2.6235000397638740e+16
6.5624379874986800e-03	0.0000000000000000e+00	2.6244702113599344e+16
6.5798912800186203e-03	0.0000000000000000e+00	2.6260812140369972e+16
6.5973445725385597e-03	0.0000000000000000e+00	2.6284007645600280e+16
6.6147978650585096e-03	0.0000000000000000e+00	2.6304415120895520e+16
6.6322511575784499e-03	0.0000000000000000e+00	2.6312123455284652e+16
6.6497044500983902e-03	0.0000000000000000e+00	2.6303145068452536e+16
6.6671577426183400e-03	0.0000000000000000e+00	2.6276649044215732e+16
6.6846110351382803e-03	0.0000000000000000e+00	2.6241416050021480e+16
6.7020643276582198e-03	0.0000000000000000e+00	2.6204998074663136e+16
6.7195176201781696e-03	0.0000000000000000e+00	2.6166661506398236e+16
6.7369709126981099e-03	0.0000000000000000e+00	2.6120097311620196e+16
6.7544242052180502e-03	0.0000000000000000e+00	2.6058950242721412e+16
6.7718774977380001e-03	0.0000000000000000e+00	2.5970882783526124e+16
6.7893307902579404e-03	0.0000000000000000e+00	2.5848557349971808e+16
6.8067840827778798e-03	0.0000000000000000e+00	2.5717742008257032e+16
6.8242373752978296e-03	0.0000000000000000e+00	2.5614870726657240e+16
6.8416906678177699e-03	0.0000000000000000e+00	2.5544596169828884e+16
6.8591439603377102e-03	0.0000000000000000e+00	2.5495665420576772e+16
6.8765972528576601e-03	0.0000000000000000e+00	2.5454560498335984e+16
6.8940505453776004e-03	0.0000000000000000e+00	2.5423527483561296e+16
6.9115038378975398e-03	0.0000000000000000e+00	2.5422930838587700e+16
6.9289571304174897e-03	0.0000000000000000e+00	2.5457890688511760e+16
6.9464104229374300e-03	0.0000000000000000e+00	2.5502701130989180e+16
6.9638637154573703e-03	0.0000000000000000e+00	2.5532651269922464e+16
6.9813170079773201e-03	0.0000000000000000e+00	2.5541700533886908e+16
6.9987703004972604e-03	0.0000000000000000e+00	2.5595429567917140e+16
7.0162235930171998e-03	0.0000000000000000e+00	2.5640888713814412e+16
7.0336768855371497e-03	0.0000000000000000e+00	2.5665772250187532e+16
7.0511301780570900e-03	0.0000000000000000e+00	2.5663214145215132e+16
7.0685834705770303e-03	0.0000000000000000e+00	2.5640739340240716e+16
7.0860367630969801e-03	0.0000000000000000e+00	2.5608601848370940e+16
7.1034900556169204e-03	0.0000000000000000e+00	2.5580196262333520e+16
7.1209433481368599e-03	0.0000000000000000e+00	2.5575165294126940e+16
7.1383966406568097e-03	0.0000000000000000e+00	2.5592357720918204e+16
7.1558499331767500e-03	0.0000000000000000e+00	2.5622356094318520e+16
7.1733032256966903e-03	0.0000000000000000e+00	2.5670446614028612e+16
7.1907565182166401e-03	0.0000000000000000e+00	2.5731436008033544e+16
7.2082098107365796e-03	0.0000000000000000e+00	2.5766845897711100e+16
7.2256631032565199e-03	0.0000000000000000e+00	2.5745096485305012e+16
7.2431163957764697e-03	0.0000000000000000e+00	2.5677795281208208e+16
7.2605696882964100e-03	0.0000000000000000e+00	2.5582142712048560e+16
7.2780229808163503e-03	0.0000000000000000e+00	2.5470868595741760e+16
7.2954762733363002e-03	0.0000000000000000e+00	2.5359104224245728e+16
7.3129295658562396e-03	0.0000000000000000e+00	2.5259297824691944e+16
7.3303828583761799e-03	0.0000000000000000e+00	2.5195267764776664e+16
7.3478361508961297e-03	0.0000000000000000e+00	2.5202081627213320e+16
7.3652894434160700e-03	0.0000000000000000e+00	2.5269247721121720e+16
7.3827427359360103e-03	0.0000000000000000e+00	2.5391344123338164e+16
7.4001960284559602e-03	0.0000000000000000e+00	2.5574223344378696e+16
7.4176493209758996e-03	0.0000000000000000e+00	2.5816578684338396e+16
7.4351026134958399e-03	0.0000000000000000e+00	2.6057281286747804e+16
7.4525559060157898e-03	0.0000000000000000e+00	2.6202845527024432e+16
7.4700091985357301e-03	0.0000000000000000e+00	2.6241379690866336e+16
7.4874624910556704e-03	0.0000000000000000e+00	2.6216604837651360e+16
7.5049157835756202e-03	0.0000000000000000e+00	2.6175941716625336e+16
7.5223690760955596e-03	0.0000000000000000e+00	2.6141757387999832e+16
7.5398223686154999e-03	0.0000000000000000e+00	2.6098924429533320e+16
7.5572756611354498e-03	0.0000000000000000e+00	2.6043730954391912e+16
7.5747289536553901e-03	0.0000000000000000e+00	2.5997269346072112e+16
7.5921822461753304e-03	0.0000000000000000e+00	2.5986889638147944e+16
7.6096355386952802e-03	0.0000000000000000e+00	2.5998910207781420e+16
7.6270888312152197e-03	0.0000000000000000e+00	2.6008211678596092e+16
7.6445421237351600e-03	0.0000000000000000e+00	2.6001627878148792e+16
7.6619954162551098e-03	0.0000000000000000e+00	2.5985535436323884e+16
7.6794487087750501e-03	0.0000000000000000e+00	2.5953750008568216e+16
7.6969020012949904e-03	0.0000000000000000e+00	2.5953719194650144e+16
7.7143552938149403e-03	0.0000000000000000e+00	2.5953341430835912e+16
7.7318085863348797e-03	0.0000000000000000e+00	2.5952855947809856e+16
7.7492618788548200e-03	0.0000000000000000e+00	2.5952708048526012e+16
7.7667151713747698e-03	0.0000000000000000e+00	2.5953140247263588e+16
7.7841684638947101e-03	0.0000000000000000e+00	2.5954234960069636e+16
7.8016217564146496e-03	0.0000000000000000e+00	2.5956460596081640e+16
7.8190750489345994e-03	0.0000000000000000e+00	2.5960091544500780e+16
7.8365283414545406e-03	0.0000000000000000e+00	2.5964277341233096e+16
7.8539816339744800e-03	0.0000000000000000e+00	2.5967785286917228e+16
7.8714349264944194e-03	0.0000000000000000e+00	2.5970714589678528e+16
7.8888882190143693e-03	0.0000000000000000e+00	2.5973452103640292e+16
7.9063415115343105e-03	0.0000000000000000e+00	2.5975635512503940e+16
7.9237948040542603e-03	0.0000000000000000e+00	2.5977111884506144e+16
7.9412480965741997e-03	0.0000000000000000e+00	2.5978685362623712e+16
7.9587013890941392e-03	0.0000000000000000e+00	2.5980389817328728e+16
7.9761546816140907e-03	0.0000000000000000e+00	2.5981452587160264e+16
7.9936079741340302e-03	0.0000000000000000e+00	2.5982045691308192e+16
8.0110612666539696e-03	0.0000000000000000e+00	2.5983002075917780e+16
8.0285145591739195e-03	0.0000000000000000e+00	2.5984218732826160e+16
8.0459678516938606e-03	0.0000000000000000e+00	2.5985311944319520e+16
8.0634211442138001e-03	0.0000000000000000e+00	2.5985516708532444e+16
8.0808744367337395e-03	0.0000000000000000e+00	2.5984148930459800e+16
8.0983277292536893e-03	0.0000000000000000e+00	2.5980418399529364e+16
8.1157810217736305e-03	0.0000000000000000e+00	2.5975213387417220e+16
8.1332343142935803e-03	0.0000000000000000e+00	2.5971649176825044e+16
8.1506876068135198e-03	0.0000000000000000e+00	2.5970919137521332e+16
8.1681408993334592e-03	0.0000000000000000e+00	2.5972193694620904e+16
8.1855941918534108e-03	0.0000000000000000e+00	2.5975545971820368e+16
8.2030474843733502e-03	0.0000000000000000e+00	2.5981821282018660e+16
8.2205007768932897e-03	0.0000000000000000e+00	2.5989300703436200e+16
8.2379540694132308e-03	0.0000000000000000e+00	2.5995720144330120e+16
8.2554073619331807e-03	0.0000000000000000e+00	2.5998393376412560e+16
8.2728606544531201e-03	0.0000000000000000e+00	2.5995720145737216e+16
8.2903139469730595e-03	0.0000000000000000e+00	2.5988398447037608e+16
8.3077672394930094e-03	0.0000000000000000e+00	2.5978526350069536e+16
8.3252205320129506e-03	0.0000000000000000e+00	2.5970708158409220e+16
8.3426738245328900e-03	0.0000000000000000e+00	2.5969035460985704e+16
8.3601271170528398e-03	0.0000000000000000e+00	2.5973520369612116e+16
8.3775804095727793e-03	0.0000000000000000e+00	2.5982351383091784e+16
8.3950337020927204e-03	0.0000000000000000e+00	2.5977520049790016e+16
8.4124869946126703e-03	0.0000000000000000e+00	2.5973325115769568e+16
8.4299402871326097e-03	0.0000000000000000e+00	2.5970521951621624e+16
8.4473935796525491e-03	0.0000000000000000e+00	2.5970007018383612e+16
8.4648468721725007e-03	0.0000000000000000e+00	2.5971381085516124e+16
8.4823001646924402e-03	0.0000000000000000e+00	2.5972254941054792e+16
8.4997534572123796e-03	0.0000000000000000e+00	2.5970670046347852e+16
8.5172067497323294e-03	0.0000000000000000e+00	2.5966272276904620e+16
8.5346600422522706e-03	0.0000000000000000e+00	2.5960098072920620e+16
8.5521133347722100e-03	0.0000000000000000e+00	2.5953331625340964e+16
8.5695666272921599e-03	0.0000000000000000e+00	2.5946809599738716e+16
8.5870199198120993e-03	0.0000000000000000e+00	2.5941961851836288e+16
8.6044732123320405e-03	0.0000000000000000e+00	2.5939237038441688e+16
8.6219265048519903e-03	0.0000000000000000e+00	2.5938549964004756e+16
8.6393797973719298e-03	0.0000000000000000e+00	2.5938784967112200e+16
8.6568330898918692e-03	0.0000000000000000e+00	2.5936765464170716e+16
8.6742863824118208e-03	0.0000000000000000e+00	2.5930685848185632e+16
8.6917396749317602e-03	0.0000000000000000e+00	2.5921830271740212e+16
8.7091929674516996e-03	0.0000000000000000e+00	2.5883777692347400e+16
8.7266462599716495e-03	0.0000000000000000e+00	2.5645449884487568e+16
8.7440995524915906e-03	0.0000000000000000e+00	2.5445604265714516e+16
8.7615528450115301e-03	0.0000000000000000e+00	2.5313053041609736e+16
8.7790061375314799e-03	0.0000000000000000e+00	2.5276322684110648e+16
8.7964594300514194e-03	0.0000000000000000e+00	2.5356774023367848e+16
8.8139127225713605e-03	0.0000000000000000e+00	2.5546708710625324e+16
8.8313660150913104e-03	0.0000000000000000e+00	2.5757417708445460e+16
8.8488193076112498e-03	0.0000000000000000e+00	2.5875482553169276e+16
8.8662726001311892e-03	0.0000000000000000e+00	2.5885349569523732e+16
8.8837258926511408e-03	0.0000000000000000e+00	2.5815269077445524e+16
8.9011791851710802e-03	0.0000000000000000e+00	2.5689553001924488e+16
8.9186324776910197e-03	0.0000000000000000e+00	2.5518169657268580e+16
8.9360857702109695e-03	0.0000000000000000e+00	2.5340433851505428e+16
8.9535390627309107e-03	0.0000000000000000e+00	2.5224332707598336e+16
8.9709923552508501e-03	0.0000000000000000e+00	2.5186355967324812e+16
8.9884456477708000e-03	0.0000000000000000e+00	2.5212887127523248e+16
9.0058989402907394e-03	0.0000000000000000e+00	2.5318582627216224e+16
9.0233522328106806e-03	0.0000000000000000e+00	2.5471574646185484e+16
9.0408055253306304e-03	0.0000000000000000e+00	2.5647435455632224e+16
9.0582588178505698e-03	0.0000000000000000e+00	2.5893255971686692e+16
9.0757121103705093e-03	0.0000000000000000e+00	2.5904617451137344e+16
9.0931654028904609e-03	0.0000000000000000e+00	1.3815427404395970e+14
9.1106186954104003e-03	0.0000000000000000e+00	1.3815427392521592e+14
9.1280719879303397e-03	0.0000000000000000e+00	1.3815427386769494e+14
9.1455252804502896e-03	0.0000000000000000e+00	1.3815427387705666e+14
9.1629785729702307e-03	0.0000000000000000e+00	1.3815427395236752e+14
9.1804318654901702e-03	0.0000000000000000e+00	1.3658073549107603e+14
9.1978851580101200e-03	0.0000000000000000e+00	1.3658073567023255e+14
9.2153384505300594e-03	0.0000000000000000e+00	1.3658073587708208e+14
9.2327917430500006e-03	0.0000000000000000e+00	1.3658073609129309e+14
9.2502450355699505e-03	0.0000000000000000e+00	1.3815427488696873e+14
9.2676983280898899e-03	0.0000000000000000e+00	1.3815427505424145e+14
9.2851516206098293e-03	0.0000000000000000e+00	1.3815427517191873e+14
9.3026049131297792e-03	0.0000000000000000e+00	1.3815427522859330e+14
9.3200582056497203e-03	0.0000000000000000e+00	1.3815427521885975e+14
9.3375114981696598e-03	0.0000000000000000e+00	1.3815427514381608e+14
9.3549647906896096e-03	0.0000000000000000e+00	1.3815427501092561e+14
9.3724180832095508e-03	0.0000000000000000e+00	1.3815427483326112e+14
9.3898713757294902e-03	0.0000000000000000e+00	1.3815427462821052e+14
9.4073246682494296e-03	0.0000000000000000e+00	1.3815427441577634e+14
9.4247779607693795e-03	0.0000000000000000e+00	1.3815427421663367e+14
9.4422312532893207e-03	0.0000000000000000e+00	1.3815427405013467e+14
9.4596845458092705e-03	0.0000000000000000e+00	1.3815427393244928e+14
9.4771378383292099e-03	0.0000000000000000e+00	1.3815427387500948e+14
9.4945911308491494e-03	0.0000000000000000e+00	1.3815427388341130e+14
9.5120444233690905e-03	0.0000000000000000e+00	1.3815427395687178e+14
9.5294977158890404e-03	0.0000000000000000e+00	1.3815427408829153e+14
9.5469510084089798e-03	0.0000000000000000e+00	1.3815427426492453e+14
9.5644043009289192e-03	0.0000000000000000e+00	1.3815427446959542e+14
9.5818575934488708e-03	0.0000000000000000e+00	1.3815427468235123e+14
9.5993108859688103e-03	0.0000000000000000e+00	1.3815427488239277e+14
9.6167641784887497e-03	0.0000000000000000e+00	1.3815427505010298e+14
9.6342174710086995e-03	0.0000000000000000e+00	1.3815427516897347e+14
9.6516707635286407e-03	0.0000000000000000e+00	1.3815427522723875e+14
9.6691240560485905e-03	0.0000000000000000e+00	1.3815427521905392e+14
9.6865773485685300e-03	0.0000000000000000e+00	1.3815427514509398e+14
9.7040306410884694e-03	0.0000000000000000e+00	1.3815427501251011e+14
9.7214839336084106e-03	0.0000000000000000e+00	1.3815427483424397e+14
9.7389372261283604e-03	0.0000000000000000e+00	1.3815427462776381e+14
9.7563905186482999e-03	0.0000000000000000e+00	1.3815427441334698e+14
9.7738438111682393e-03	0.0000000000000000e+00	1.3815427421208022e+14
9.7912971036881909e-03	0.0000000000000000e+00	1.4638833970805709e+14
9.8087503962081303e-03	0.0000000000000000e+00	1.5299921448097081e+14
9.8262036887280697e-03	0.0000000000000000e+00	1.5381940692747069e+14
9.8436569812480196e-03	0.0000000000000000e+00	1.3749012363829800e+14
9.8611102737679607e-03	0.0000000000000000e+00	1.3682767312225159e+14
9.8785635662879106e-03	0.0000000000000000e+00	1.3720839815769409e+14
9.8960168588078500e-03	0.0000000000000000e+00	1.8689118087319956e+14
9.9134701513277895e-03	0.0000000000000000e+00	1.2892269372294080e+15
9.9309234438477306e-03	0.0000000000000000e+00	3.4331746297499804e+16
9.9483767363676805e-03	0.0000000000000000e+00	3.3583938005894384e+16
9.9658300288876199e-03	0.0000000000000000e+00	3.4117865654663656e+16
9.9832833214075593e-03	0.0000000000000000e+00	3.3943805391307388e+16
1.0000736613927501e-02	0.0000000000000000e+00	3.6438208657962320e+16
1.0018189906447501e-02	0.0000000000000000e+00	1.9305633014830608e+16
1.0035643198967400e-02	0.0000000000000000e+00	1.9118734295297084e+14
1.0053096491487300e-02	0.0000000000000000e+00	1.3576730431887398e+14
1.0070549784007300e-02	0.0000000000000000e+00	2.6013142169909572e+14
1.0088003076527199e-02	0.0000000000000000e+00	2.9909218450686475e+14
1.0105456369047200e-02	0.0000000000000000e+00	1.8290186800242194e+14
1.0122909661567101e-02	0.0000000000000000e+00	1.3578961122167511e+14
1.0140362954087099e-02	0.0000000000000000e+00	1.3602418987399970e+14
1.0157816246607001e-02	0.0000000000000000e+00	1.9219590202692078e+14
1.0175269539126900e-02	0.0000000000000000e+00	2.7079304559268425e+14
1.0192722831646900e-02	0.0000000000000000e+00	2.3727437805851509e+14
1.0210176124166800e-02	0.0000000000000000e+00	2.6183732323662088e+14
1.0227629416686800e-02	0.0000000000000000e+00	4.5876671036802538e+14
1.0245082709206699e-02	0.0000000000000000e+00	6.3188172009304138e+14
1.0262536001726700e-02	0.0000000000000000e+00	7.4663476037735562e+14
1.0279989294246601e-02	0.0000000000000000e+00	8.1032519742043175e+14
1.0297442586766500e-02	0.0000000000000000e+00	8.3001988299403450e+14
1.0314895879286501e-02	0.0000000000000000e+00	7.9050861233351488e+14
1.0332349171806400e-02	0.0000000000000000e+00	6.8399715366703962e+14
1.0349802464326400e-02	0.0000000000000000e+00	5.4366564696243112e+14
1.0367255756846300e-02	0.0000000000000000e+00	4.1995887599242962e+14
1.0384709049366300e-02	0.0000000000000000e+00	3.2907340019198631e+14
1.0402162341886199e-02	0.0000000000000000e+00	3.8385923301057738e+14
1.0419615634406101e-02	0.0000000000000000e+00	4.9546697603804156e+14
1.0437068926926101e-02	0.0000000000000000e+00	5.6839158807313200e+14
1.0454522219446000e-02	0.0000000000000000e+00	5.7101576214838325e+14
1.0471975511966001e-02	0.0000000000000000e+00	5.0840174212928538e+14
1.0489428804485900e-02	0.0000000000000000e+00	3.8599418081765575e+14
1.0506882097005900e-02	0.0000000000000000e+00	3.5720120003107096e+16
1.0524335389525800e-02	0.0000000000000000e+00	3.5888959109664404e+16
1.0541788682045699e-02	0.0000000000000000e+00	3.5914555155175556e+16
1.0559241974565699e-02	0.0000000000000000e+00	3.9520546152054831e+14
1.0576695267085601e-02	0.0000000000000000e+00	3.5287997821521964e+16
1.0594148559605601e-02	0.0000000000000000e+00	3.5116134113825148e+16
1.0611601852125500e-02	0.0000000000000000e+00	3.4965007872683204e+16
1.0629055144645501e-02	0.0000000000000000e+00	3.5127168181865308e+16
1.0646508437165400e-02	0.0000000000000000e+00	3.5487838402854352e+16
1.0663961729685400e-02	0.0000000000000000e+00	3.5940282692380072e+16
1.0681415022205300e-02	0.0000000000000000e+00	3.6465429779276488e+16
1.0698868314725199e-02	0.0000000000000000e+00	3.6713455776920200e+16
1.0716321607245199e-02	0.0000000000000000e+00	3.6678493711451496e+16
1.0733774899765101e-02	0.0000000000000000e+00	3.6352100081411528e+16
1.0751228192285101e-02	0.0000000000000000e+00	3.5811598881740656e+16
1.0768681484805000e-02	0.0000000000000000e+00	2.0844100867122722e+15
1.0786134777325001e-02	0.0000000000000000e+00	3.5360730052945116e+16
1.0803588069844900e-02	0.0000000000000000e+00	3.5501014294895576e+16
1.0821041362364800e-02	0.0000000000000000e+00	8.0223601525704588e+14
1.0838494654884800e-02	0.0000000000000000e+00	4.8241199012837356e+14
1.0855947947404699e-02	0.0000000000000000e+00	3.6213485516779080e+16
1.0873401239924699e-02	0.0000000000000000e+00	3.6334547791778392e+16
1.0890854532444601e-02	0.0000000000000000e+00	3.0079986400532155e+15
1.0908307824964599e-02	0.0000000000000000e+00	7.0958331027343430e+15
1.0925761117484500e-02	0.0000000000000000e+00	3.5151692861406724e+16
1.0943214410004400e-02	0.0000000000000000e+00	3.4542898042656032e+16
1.0960667702524400e-02	0.0000000000000000e+00	3.4239897741217212e+16
1.0978120995044300e-02	0.0000000000000000e+00	3.4285541444397988e+16
1.0995574287564300e-02	0.0000000000000000e+00	3.4542008030561860e+16
1.1013027580084199e-02	0.0000000000000000e+00	3.5142084537283812e+16
1.1030480872604199e-02	0.0000000000000000e+00	6.8415053317439338e+14
1.1047934165124101e-02	0.0000000000000000e+00	3.6290370674224632e+16
1.1065387457644000e-02	0.0000000000000000e+00	3.7008416724888440e+16
1.1082840750164000e-02	0.0000000000000000e+00	3.7428123410969336e+16
1.1100294042683900e-02	0.0000000000000000e+00	3.7274616435193424e+16
1.1117747335203900e-02	0.0000000000000000e+00	3.6589283203771024e+16
1.1135200627723800e-02	0.0000000000000000e+00	1.7055596740604088e+14
1.1152653920243800e-02	0.0000000000000000e+00	3.4805371557237284e+16
1.1170107212763699e-02	0.0000000000000000e+00	3.3277820002907872e+16
1.1187560505283699e-02	0.0000000000000000e+00	3.3267641753434184e+16
1.1205013797803601e-02	0.0000000000000000e+00	3.3257716606076176e+16
1.1222467090323500e-02	0.0000000000000000e+00	3.3249110629248536e+16
1.1239920382843500e-02	0.0000000000000000e+00	3.3243671979398316e+16
1.1257373675363400e-02	0.0000000000000000e+00	3.3241966118365992e+16
1.1274826967883400e-02	0.0000000000000000e+00	3.3243107024705312e+16
1.1292280260403300e-02	0.0000000000000000e+00	3.3244884429360772e+16
1.1309733552923300e-02	0.0000000000000000e+00	3.3245367165802240e+16
1.1327186845443199e-02	0.0000000000000000e+00	3.3244632660284168e+16
1.1344640137963101e-02	0.0000000000000000e+00	3.3242599909172480e+16
1.1362093430483101e-02	0.0000000000000000e+00	3.3236885665601376e+16
1.1379546723003000e-02	0.0000000000000000e+00	3.3258212452473336e+16
1.1397000015523000e-02	0.0000000000000000e+00	3.3270570679809144e+16
1.1414453308042900e-02	0.0000000000000000e+00	3.3260930033600948e+16
1.1431906600562900e-02	0.0000000000000000e+00	3.3233658143922396e+16
1.1449359893082800e-02	0.0000000000000000e+00	3.3207718577940064e+16
1.1466813185602699e-02	0.0000000000000000e+00	3.3197156611491216e+16
1.1484266478122699e-02	0.0000000000000000e+00	3.3206706355437796e+16
1.1501719770642601e-02	0.0000000000000000e+00	3.3237707633857716e+16
1.1519173063162601e-02	0.0000000000000000e+00	3.3275899009263840e+16
1.1536626355682500e-02	0.0000000000000000e+00	3.3307007204796452e+16
1.1554079648202500e-02	0.0000000000000000e+00	3.3342213412640352e+16
1.1571532940722400e-02	0.0000000000000000e+00	3.3390201112822512e+16
1.1588986233242300e-02	0.0000000000000000e+00	3.3432431266585192e+16
1.1606439525762300e-02	0.0000000000000000e+00	3.3449103274930980e+16
1.1623892818282199e-02	0.0000000000000000e+00	3.3448790840939608e+16
1.1641346110802199e-02	0.0000000000000000e+00	3.3449926661354944e+16
1.1658799403322101e-02	0.0000000000000000e+00	3.3459760344873108e+16
1.1676252695842101e-02	0.0000000000000000e+00	3.3472629406267876e+16
1.1693705988362000e-02	0.0000000000000000e+00	3.3480888875369916e+16
1.1711159280882000e-02	0.0000000000000000e+00	3.3489971733164756e+16
1.1728612573401900e-02	0.0000000000000000e+00	3.3444946453693920e+16
1.1746065865921800e-02	0.0000000000000000e+00	3.3429128461376976e+16
1.1763519158441800e-02	0.0000000000000000e+00	3.3458386040830200e+16
1.1780972450961699e-02	0.0000000000000000e+00	3.3463298143887628e+16
1.1798425743481699e-02	0.0000000000000000e+00	3.3434002534031852e+16
1.1815879036001601e-02	0.0000000000000000e+00	3.3469621618247152e+16
1.1833332328521601e-02	0.0000000000000000e+00	3.3476098397053764e+16
1.1850785621041500e-02	0.0000000000000000e+00	3.3401432451957180e+16
1.1868238913561400e-02	0.0000000000000000e+00	3.3330480989444232e+16
1.1885692206081400e-02	0.0000000000000000e+00	1.3611226491079547e+14
1.1903145498601300e-02	0.0000000000000000e+00	1.3611226480424114e+14
1.1920598791121300e-02	0.0000000000000000e+00	1.3611226468914933e+14
1.1938052083641199e-02	0.0000000000000000e+00	1.3750237496835730e+14
1.1955505376161199e-02	0.0000000000000000e+00	2.1117515343050880e+15
1.1972958668681101e-02	0.0000000000000000e+00	1.1139636673087232e+15
1.1990411961201000e-02	0.0000000000000000e+00	1.1139175621904641e+15
1.2007865253721000e-02	0.0000000000000000e+00	1.1138714580587289e+15
1.2025318546240900e-02	0.0000000000000000e+00	1.1138253548900835e+15
1.2042771838760900e-02	0.0000000000000000e+00	1.3750237536548353e+14
1.2060225131280800e-02	0.0000000000000000e+00	1.3750237545429153e+14
1.2077678423800800e-02	0.0000000000000000e+00	1.3750237552627402e+14
1.2095131716320699e-02	0.0000000000000000e+00	1.3750237557424006e+14
1.2112585008840600e-02	0.0000000000000000e+00	1.3750237559331211e+14
1.2130038301360601e-02	0.0000000000000000e+00	1.3750237558145788e+14
1.2147491593880500e-02	0.0000000000000000e+00	1.3750237553974178e+14
1.2164944886400500e-02	0.0000000000000000e+00	1.3750237547225728e+14
1.2182398178920400e-02	0.0000000000000000e+00	1.3750237538573764e+14
1.2199851471440400e-02	0.0000000000000000e+00	1.3750237528888123e+14
1.2217304763960300e-02	0.0000000000000000e+00	1.3750237519146364e+14
1.2234758056480201e-02	0.0000000000000000e+00	1.3750237510333133e+14
1.2252211349000199e-02	0.0000000000000000e+00	1.3750237503338658e+14
1.2269664641520101e-02	0.0000000000000000e+00	1.3750237498867605e+14
1.2287117934040101e-02	0.0000000000000000e+00	1.3750237497367677e+14
1.2304571226560000e-02	0.0000000000000000e+00	1.3750237498985661e+14
1.2322024519080000e-02	0.0000000000000000e+00	1.3750237503554522e+14
1.2339477811599900e-02	0.0000000000000000e+00	1.3750237510612719e+14
1.2356931104119900e-02	0.0000000000000000e+00	1.3750237519453214e+14
1.2374384396639800e-02	0.0000000000000000e+00	1.3750237529196386e+14
1.2391837689159701e-02	0.0000000000000000e+00	1.3750237538879130e+14
1.2409290981679699e-02	0.0000000000000000e+00	1.3750237547550933e+14
1.2426744274199601e-02	0.0000000000000000e+00	1.3750237554367167e+14
1.2444197566719601e-02	0.0000000000000000e+00	1.3750237558670486e+14
1.2461650859239500e-02	0.0000000000000000e+00	1.3750237560052553e+14
1.2479104151759500e-02	0.0000000000000000e+00	1.3750237558390567e+14
1.2496557444279400e-02	0.0000000000000000e+00	1.3750237553855591e+14
1.2514010736799299e-02	0.0000000000000000e+00	1.3750237546892675e+14
1.2531464029319300e-02	0.0000000000000000e+00	1.3750237538175312e+14
1.2548917321839201e-02	0.0000000000000000e+00	1.3750237528539262e+14
1.2566370614359199e-02	0.0000000000000000e+00	1.3750237518901981e+14
1.2583823906879101e-02	0.0000000000000000e+00	1.6690228242420381e+14
1.2601277199399101e-02	0.0000000000000000e+00	2.4337960362274691e+14
1.2618730491919000e-02	0.0000000000000000e+00	3.3186055150533225e+14
1.2636183784438900e-02	0.0000000000000000e+00	2.3086722257002628e+14
1.2653637076958900e-02	0.0000000000000000e+00	1.4338645734755025e+14
1.2671090369478799e-02	0.0000000000000000e+00	1.7055445292626616e+14
1.2688543661998800e-02	0.0000000000000000e+00	2.4000562542637394e+14
1.2705996954518701e-02	0.0000000000000000e+00	2.7882445943008722e+14
1.2723450247038699e-02	0.0000000000000000e+00	2.1162542215697328e+14
1.2740903539558601e-02	0.0000000000000000e+00	1.6228519874864722e+14
1.2758356832078500e-02	0.0000000000000000e+00	2.8032873816943328e+14
1.2775810124598500e-02	0.0000000000000000e+00	4.9601701353808450e+14
1.2793263417118400e-02	0.0000000000000000e+00	2.3480107956723659e+14
1.2810716709638400e-02	0.0000000000000000e+00	4.5515522189036494e+14
1.2828170002158299e-02	0.0000000000000000e+00	3.7143695838107688e+16
1.2845623294678300e-02	0.0000000000000000e+00	3.6955432810412856e+16
1.2863076587198201e-02	0.0000000000000000e+00	3.7330467050866752e+16
1.2880529879718199e-02	0.0000000000000000e+00	3.7330613002700472e+16
1.2897983172238101e-02	0.0000000000000000e+00	3.7330747032511744e+16
1.2915436464758000e-02	0.0000000000000000e+00	3.7330810193088136e+16
1.2932889757278000e-02	0.0000000000000000e+00	3.6589162454979696e+16
1.2950343049797900e-02	0.0000000000000000e+00	3.4825453274423784e+16
1.2967796342317900e-02	0.0000000000000000e+00	3.3921973605959456e+14
1.2985249634837799e-02	0.0000000000000000e+00	2.3445679394338206e+14
1.3002702927357800e-02	0.0000000000000000e+00	2.4978043136605450e+14
1.3020156219877701e-02	0.0000000000000000e+00	3.4057440705880404e+16
1.3037609512397600e-02	0.0000000000000000e+00	3.7330594508646264e+16
1.3055062804917601e-02	0.0000000000000000e+00	3.7330646376804152e+16
1.3072516097437500e-02	0.0000000000000000e+00	3.7330518862637912e+16
1.3089969389957500e-02	0.0000000000000000e+00	3.7330320764226968e+16
1.3107422682477400e-02	0.0000000000000000e+00	3.7330021631721712e+16
1.3124875974997400e-02	0.0000000000000000e+00	3.7401658050982216e+16
1.3142329267517299e-02	0.0000000000000000e+00	1.8392867642204540e+16
1.3159782560037201e-02	0.0000000000000000e+00	3.5739367269226884e+16
1.3177235852557199e-02	0.0000000000000000e+00	3.4844241424650064e+16
1.3194689145077100e-02	0.0000000000000000e+00	3.3456177733556768e+16
1.3212142437597101e-02	0.0000000000000000e+00	3.2836708471640184e+16
1.3229595730117000e-02	0.0000000000000000e+00	3.3040642614950104e+16
1.3247049022637000e-02	0.0000000000000000e+00	3.4342643561259160e+16
1.3264502315156900e-02	0.0000000000000000e+00	3.5230166889536156e+16
1.3281955607676799e-02	0.0000000000000000e+00	2.9115133185347780e+16
1.3299408900196799e-02	0.0000000000000000e+00	3.3091800678644976e+16
1.3316862192716701e-02	0.0000000000000000e+00	3.1035610283180584e+16
1.3334315485236699e-02	0.0000000000000000e+00	2.9045601300478376e+16
1.3351768777756600e-02	0.0000000000000000e+00	2.7121725695359276e+16
1.3369222070276601e-02	0.0000000000000000e+00	2.7341065055424936e+16
1.3386675362796500e-02	0.0000000000000000e+00	3.3452679450801836e+16
1.3404128655316400e-02	0.0000000000000000e+00	3.2933966061807760e+16
1.3421581947836400e-02	0.0000000000000000e+00	3.2406830523343332e+16
1.3439035240356299e-02	0.0000000000000000e+00	3.1883865864241396e+16
1.3456488532876299e-02	0.0000000000000000e+00	3.2827332803506736e+16
1.3473941825396201e-02	0.0000000000000000e+00	3.7320441430305656e+16
1.3491395117916199e-02	0.0000000000000000e+00	3.7319956542732216e+16
1.3508848410436100e-02	0.0000000000000000e+00	3.7319441526848328e+16
1.3526301702956101e-02	0.0000000000000000e+00	3.7318893483775952e+16
1.3543754995476000e-02	0.0000000000000000e+00	3.7319496266995896e+16
1.3561208287995900e-02	0.0000000000000000e+00	3.7320435872601768e+16
1.3578661580515900e-02	0.0000000000000000e+00	3.7321375491704560e+16
1.3596114873035799e-02	0.0000000000000000e+00	3.7322315124327848e+16
1.3613568165555799e-02	0.0000000000000000e+00	3.7323254770465920e+16
1.3631021458075701e-02	0.0000000000000000e+00	3.7324194430924144e+16
1.3648474750595699e-02	0.0000000000000000e+00	3.7404517235589416e+16
1.3665928043115600e-02	0.0000000000000000e+00	3.7404517235469344e+16
1.3683381335635500e-02	0.0000000000000000e+00	3.7404517235356552e+16
1.3700834628155500e-02	0.0000000000000000e+00	3.7408823800160400e+16
1.3718287920675400e-02	0.0000000000000000e+00	3.7409226048616344e+16
1.3735741213195400e-02	0.0000000000000000e+00	3.7409635859421536e+16
1.3753194505715299e-02	0.0000000000000000e+00	3.7410053451711568e+16
1.3770647798235299e-02	0.0000000000000000e+00	3.7410479050483512e+16
1.3788101090755201e-02	0.0000000000000000e+00	3.7410914025021888e+16
1.3805554383275100e-02	0.0000000000000000e+00	3.7333591770855280e+16
1.3823007675795100e-02	0.0000000000000000e+00	3.7334531578920384e+16
1.3840460968315000e-02	0.0000000000000000e+00	3.7335471400959184e+16
1.3857914260835000e-02	0.0000000000000000e+00	3.7336411236509480e+16
1.3875367553354900e-02	0.0000000000000000e+00	3.7337351085645608e+16
1.3892820845874900e-02	0.0000000000000000e+00	3.7338290949005024e+16
1.3910274138394799e-02	0.0000000000000000e+00	3.7339230826480304e+16
1.3927727430914701e-02	0.0000000000000000e+00	3.7340170714991376e+16
1.3945180723434701e-02	0.0000000000000000e+00	3.7341110616645104e+16
1.3962634015954600e-02	0.0000000000000000e+00	3.7342050532588680e+16
1.3980087308474600e-02	0.0000000000000000e+00	3.6932731089714264e+16
1.3997540600994500e-02	0.0000000000000000e+00	3.6551834571698416e+16
1.4014993893514500e-02	0.0000000000000000e+00	3.6290983699800720e+16
1.4032447186034400e-02	0.0000000000000000e+00	3.6484203966020096e+16
1.4049900478554400e-02	0.0000000000000000e+00	3.7334503587021384e+16
1.4067353771074299e-02	0.0000000000000000e+00	3.6405938648364192e+16
1.4084807063594201e-02	0.0000000000000000e+00	3.5965405083525884e+16
1.4102260356114201e-02	0.0000000000000000e+00	3.6134225255358056e+16
1.4119713648634100e-02	0.0000000000000000e+00	3.7132614138718816e+16
1.4137166941154100e-02	0.0000000000000000e+00	3.6231560966968432e+16
1.4154620233674000e-02	0.0000000000000000e+00	3.5080024264674532e+16
1.4172073526194000e-02	0.0000000000000000e+00	3.4426949461093356e+16
1.4189526818713900e-02	0.0000000000000000e+00	3.4284665366015636e+16
1.4206980111233799e-02	0.0000000000000000e+00	3.4663467353179280e+16
1.4224433403753799e-02	0.0000000000000000e+00	3.5492495109929464e+16
1.4241886696273701e-02	0.0000000000000000e+00	3.6455653994950912e+16
1.4259339988793701e-02	0.0000000000000000e+00	3.7232521842754088e+16
1.4276793281313600e-02	0.0000000000000000e+00	3.6951751920035104e+16
1.4294246573833600e-02	0.0000000000000000e+00	3.6850410813064320e+16
1.4311699866353500e-02	0.0000000000000000e+00	3.7137598310334584e+16
1.4329153158873400e-02	0.0000000000000000e+00	3.7207485794911344e+16
1.4346606451393400e-02	0.0000000000000000e+00	3.7193752939867672e+16
1.4364059743913299e-02	0.0000000000000000e+00	3.6761846219721400e+16
1.4381513036433299e-02	0.0000000000000000e+00	3.5301574200430464e+16
1.4398966328953201e-02	0.0000000000000000e+00	3.3877678570180516e+16
1.4416419621473201e-02	0.0000000000000000e+00	3.2856339252488740e+16
1.4433872913993100e-02	0.0000000000000000e+00	3.2221715071984228e+16
1.4451326206513000e-02	0.0000000000000000e+00	3.2018426176908508e+16
1.4468779499033000e-02	0.0000000000000000e+00	3.2226596747398028e+16
1.4486232791552900e-02	0.0000000000000000e+00	3.2515576756074356e+16
1.4503686084072900e-02	0.0000000000000000e+00	3.2449629512529804e+16
1.4521139376592799e-02	0.0000000000000000e+00	3.1772633677794608e+16
1.4538592669112799e-02	0.0000000000000000e+00	3.0658259462284948e+16
1.4556045961632701e-02	0.0000000000000000e+00	2.9610685113728700e+16
1.4573499254152701e-02	0.0000000000000000e+00	2.8894913911444192e+16
1.4590952546672600e-02	0.0000000000000000e+00	2.8722525769204824e+16
1.4608405839192500e-02	0.0000000000000000e+00	2.9278613212491504e+16
1.4625859131712500e-02	0.0000000000000000e+00	3.0421056577086236e+16
1.4643312424232400e-02	0.0000000000000000e+00	3.1810687311680256e+16
1.4660765716752400e-02	0.0000000000000000e+00	3.3271411563372996e+16
1.4678219009272299e-02	0.0000000000000000e+00	2.6987932144271524e+16
1.4695672301792299e-02	0.0000000000000000e+00	6.5286413009652562e+14
1.4713125594312201e-02	0.0000000000000000e+00	4.1024265074265850e+14
1.4730578886832100e-02	0.0000000000000000e+00	3.0843320973200312e+14
1.4748032179352100e-02	0.0000000000000000e+00	2.8675915125026669e+14
1.4765485471872000e-02	0.0000000000000000e+00	4.1211345561451844e+14
1.4782938764392000e-02	0.0000000000000000e+00	5.6013468731449712e+14
1.4800392056911900e-02	0.0000000000000000e+00	7.3082217247498600e+14
1.4817845349431900e-02	0.0000000000000000e+00	9.2417520468838750e+14
1.4835298641951799e-02	0.0000000000000000e+00	1.1401930443776042e+15
1.4852751934471701e-02	0.0000000000000000e+00	1.3788749164534992e+15
1.4870205226991701e-02	0.0000000000000000e+00	2.1639935255053068e+16
1.4887658519511600e-02	0.0000000000000000e+00	2.0525556347898188e+16
1.4905111812031600e-02	0.0000000000000000e+00	1.9440626190776264e+16
1.4922565104551500e-02	0.0000000000000000e+00	1.8385145687269152e+16
1.4940018397071500e-02	0.0000000000000000e+00	1.7359115703270362e+16
1.4957471689591400e-02	0.0000000000000000e+00	2.4537978355888196e+16
1.4974924982111301e-02	0.0000000000000000e+00	2.3865186778852776e+16
1.4992378274631299e-02	0.0000000000000000e+00	2.3201737876042712e+16
1.5009831567151201e-02	0.0000000000000000e+00	2.2547631942926296e+16
1.5027284859671201e-02	0.0000000000000000e+00	2.1902869279908256e+16
1.5044738152191100e-02	0.0000000000000000e+00	2.1267450191311532e+16
1.5062191444711100e-02	0.0000000000000000e+00	2.0641374985645304e+16
1.5079644737231000e-02	0.0000000000000000e+00	2.0024643978061244e+16
1.5097098029750899e-02	0.0000000000000000e+00	1.9417257490863008e+16
1.5114551322270900e-02	0.0000000000000000e+00	1.8819215850718380e+16
1.5132004614790801e-02	0.0000000000000000e+00	1.8230519389111376e+16
1.5149457907310799e-02	0.0000000000000000e+00	1.7651168443059888e+16
1.5166911199830701e-02	0.0000000000000000e+00	1.7081163352446796e+16
1.5184364492350701e-02	0.0000000000000000e+00	1.6520504459887798e+16
1.5201817784870600e-02	0.0000000000000000e+00	1.5969192113411674e+16
1.5219271077390600e-02	0.0000000000000000e+00	1.5427226668234260e+16
1.5236724369910500e-02	0.0000000000000000e+00	1.4894608487072498e+16
1.5254177662430399e-02	0.0000000000000000e+00	1.4371337938614092e+16
1.5271630954950400e-02	0.0000000000000000e+00	1.3902647290613340e+16
1.5289084247470301e-02	0.0000000000000000e+00	1.4707434745518158e+16
1.5306537539990299e-02	0.0000000000000000e+00	1.5534864951394374e+16
1.5323990832510201e-02	0.0000000000000000e+00	1.6384937907825224e+16
1.5341444125030201e-02	0.0000000000000000e+00	1.7257653616236294e+16
1.5358897417550100e-02	0.0000000000000000e+00	1.8153012073983960e+16
1.5376350710070000e-02	0.0000000000000000e+00	1.8238487912180280e+16
1.5393804002590000e-02	0.0000000000000000e+00	1.8312193785370640e+16
1.5411257295109899e-02	0.0000000000000000e+00	1.8349502909718328e+16
1.5428710587629900e-02	0.0000000000000000e+00	1.8333846959807680e+16
1.5446163880149801e-02	0.0000000000000000e+00	1.8294096143714248e+16
1.5463617172669799e-02	0.0000000000000000e+00	1.8269197578350608e+16
1.5481070465189701e-02	0.0000000000000000e+00	1.8283297410258876e+16
1.5498523757709600e-02	0.0000000000000000e+00	1.8343651769002444e+16
1.5515977050229600e-02	0.0000000000000000e+00	1.8432785749169304e+16
1.5533430342749500e-02	0.0000000000000000e+00	1.8508411601216224e+16
1.5550883635269500e-02	0.0000000000000000e+00	1.8525689961591064e+16
1.5568336927789399e-02	0.0000000000000000e+00	1.8475599126292644e+16
1.5585790220309400e-02	0.0000000000000000e+00	1.8396876584171324e+16
1.5603243512829299e-02	0.0000000000000000e+00	1.8322290191562340e+16
1.5620696805349200e-02	0.0000000000000000e+00	1.8276403006481680e+16
1.5638150097869199e-02	0.0000000000000000e+00	1.8277018506797520e+16
1.5655603390389100e-02	0.0000000000000000e+00	1.8318563967202932e+16
1.5673056682909099e-02	0.0000000000000000e+00	1.8379621465591432e+16
1.5690509975429000e-02	0.0000000000000000e+00	1.8432474880215764e+16
1.5707963267949002e-02	0.0000000000000000e+00	1.8442239211283788e+16
1.5725416560468899e-02	0.0000000000000000e+00	1.8369234061955508e+16
1.5742869852988801e-02	0.0000000000000000e+00	1.8212041516432240e+16
1.5760323145508799e-02	0.0000000000000000e+00	1.8035120057593632e+16
1.5777776438028700e-02	0.0000000000000000e+00	1.7902517115921956e+16
1.5795229730548699e-02	0.0000000000000000e+00	1.7850445266755138e+16
1.5812683023068600e-02	0.0000000000000000e+00	1.7882685734648906e+16
1.5830136315588599e-02	0.0000000000000000e+00	1.7956173144575240e+16
1.5847589608108500e-02	0.0000000000000000e+00	1.7995190322838912e+16
1.5865042900628502e-02	0.0000000000000000e+00	1.7955413234886084e+16
1.5882496193148399e-02	0.0000000000000000e+00	1.7857706822868690e+16
1.5899949485668301e-02	0.0000000000000000e+00	1.7696608842182424e+16
1.5917402778188299e-02	0.0000000000000000e+00	1.7499496457431842e+16
1.5934856070708200e-02	0.0000000000000000e+00	3.1384768601282424e+16
1.5952309363228199e-02	0.0000000000000000e+00	3.1024562538154388e+16
1.5969762655748100e-02	0.0000000000000000e+00	3.1137732830926476e+16
1.5987215948268099e-02	0.0000000000000000e+00	3.1520517436421164e+16
1.6004669240788000e-02	0.0000000000000000e+00	1.7447492682125136e+16
1.6022122533307901e-02	0.0000000000000000e+00	1.7502388310719234e+16
1.6039575825827899e-02	0.0000000000000000e+00	1.7486329971867388e+16
1.6057029118347801e-02	0.0000000000000000e+00	1.7421548724926446e+16
1.6074482410867799e-02	0.0000000000000000e+00	1.1038517161005496e+16
1.6091935703387700e-02	0.0000000000000000e+00	2.8814703590314985e+15
1.6109388995907699e-02	0.0000000000000000e+00	2.8599706155093455e+15
1.6126842288427600e-02	0.0000000000000000e+00	2.8385513946877105e+15
1.6144295580947501e-02	0.0000000000000000e+00	2.8172127022093430e+15
1.6161748873467500e-02	0.0000000000000000e+00	2.7959545631276220e+15
1.6179202165987401e-02	0.0000000000000000e+00	2.7747769405612725e+15
1.6196655458507399e-02	0.0000000000000000e+00	3.4102497102688675e+15
1.6214108751027301e-02	0.0000000000000000e+00	8.9149537523353760e+15
1.6231562043547299e-02	0.0000000000000000e+00	8.6462455947123220e+15
1.6249015336067200e-02	0.0000000000000000e+00	8.3816437322118320e+15
1.6266468628587199e-02	0.0000000000000000e+00	8.1211485902821580e+15
1.6283921921107100e-02	0.0000000000000000e+00	7.8647604774381990e+15
1.6301375213627001e-02	0.0000000000000000e+00	7.6124800657968860e+15
1.6318828506147000e-02	0.0000000000000000e+00	1.0923128317273344e+16
1.6336281798666901e-02	0.0000000000000000e+00	2.8607904346969416e+16
1.6353735091186899e-02	0.0000000000000000e+00	2.8099044065642324e+16
1.6371188383706801e-02	0.0000000000000000e+00	2.7594734318322072e+16
1.6388641676226799e-02	0.0000000000000000e+00	6.4126746433883440e+15
1.6406094968746700e-02	0.0000000000000000e+00	2.5067942675369860e+15
1.6423548261266602e-02	0.0000000000000000e+00	2.4867437992343765e+15
1.6441001553786600e-02	0.0000000000000000e+00	2.4667738492292055e+15
1.6458454846306501e-02	0.0000000000000000e+00	2.4468844011367005e+15
1.6475908138826500e-02	0.0000000000000000e+00	2.4270754091815905e+15
1.6493361431346401e-02	0.0000000000000000e+00	2.4073468428460540e+15
1.6510814723866400e-02	0.0000000000000000e+00	2.3876988857319740e+15
1.6528268016386301e-02	0.0000000000000000e+00	2.3681317907217510e+15
1.6545721308906199e-02	0.0000000000000000e+00	2.3486450979796475e+15
1.6563174601426200e-02	0.0000000000000000e+00	2.3292389126533265e+15
1.6580627893946102e-02	0.0000000000000000e+00	2.3099133136598650e+15
1.6598081186466100e-02	0.0000000000000000e+00	2.2906681358561865e+15
1.6615534478986001e-02	0.0000000000000000e+00	2.2715034070684530e+15
1.6632987771506000e-02	0.0000000000000000e+00	2.2524192106573990e+15
1.6650441064025901e-02	0.0000000000000000e+00	2.2334155667551712e+15
1.6667894356545799e-02	0.0000000000000000e+00	2.2144924684762138e+15
1.6685347649065801e-02	0.0000000000000000e+00	2.1956499108650982e+15
1.6702800941585699e-02	0.0000000000000000e+00	2.1768878753658258e+15
1.6720254234105700e-02	0.0000000000000000e+00	2.1582063170747515e+15
1.6737707526625598e-02	0.0000000000000000e+00	2.1396052064199985e+15
1.6755160819145600e-02	0.0000000000000000e+00	2.1210845337000812e+15
1.6772614111665501e-02	0.0000000000000000e+00	2.0135245827657915e+15
1.6790067404185399e-02	0.0000000000000000e+00	3.7488683989404345e+15
1.6807520696705401e-02	0.0000000000000000e+00	6.0188916469794920e+15
1.6824973989225299e-02	0.0000000000000000e+00	8.8232646533181150e+15
1.6842427281745301e-02	0.0000000000000000e+00	1.2161519958841526e+16
1.6859880574265199e-02	0.0000000000000000e+00	1.2701487306431112e+16
1.6877333866785200e-02	0.0000000000000000e+00	1.2632734015380632e+16
1.6894787159305098e-02	0.0000000000000000e+00	1.2564167387360188e+16
1.6912240451825100e-02	0.0000000000000000e+00	1.2495787422351272e+16
1.6929693744345001e-02	0.0000000000000000e+00	1.4277988177108010e+16
1.6947147036864899e-02	0.0000000000000000e+00	1.7274186825690334e+16
1.6964600329384901e-02	0.0000000000000000e+00	2.0555549240883352e+16
1.6982053621904799e-02	0.0000000000000000e+00	2.4122075422614820e+16
1.6999506914424801e-02	0.0000000000000000e+00	2.7973765370894536e+16
1.7016960206944699e-02	0.0000000000000000e+00	3.2110619085648448e+16
1.7034413499464700e-02	0.0000000000000000e+00	3.6532636566903480e+16
1.7051866791984598e-02	0.0000000000000000e+00	3.7397671311391104e+16
1.7069320084504500e-02	0.0000000000000000e+00	3.7397671311347048e+16
1.7086773377024501e-02	0.0000000000000000e+00	3.7397671311209080e+16
1.7104226669544399e-02	0.0000000000000000e+00	3.7397671310992096e+16
1.7121679962064401e-02	0.0000000000000000e+00	3.7397671310718152e+16
1.7139133254584299e-02	0.0000000000000000e+00	3.7397671310414192e+16
1.7156586547104301e-02	0.0000000000000000e+00	3.7397671310109448e+16
1.7174039839624199e-02	0.0000000000000000e+00	3.7397671309832736e+16
1.7191493132144100e-02	0.0000000000000000e+00	3.7397671309609912e+16
1.7208946424664098e-02	0.0000000000000000e+00	3.7397671309461584e+16
1.7226399717184000e-02	0.0000000000000000e+00	3.7397671309401424e+16
1.7243853009704001e-02	0.0000000000000000e+00	3.7397671309434976e+16
1.7261306302223899e-02	0.0000000000000000e+00	3.7397671309559208e+16
1.7278759594743901e-02	0.0000000000000000e+00	3.7397671309762712e+16
1.7296212887263799e-02	0.0000000000000000e+00	3.7397671310026688e+16
1.7313666179783700e-02	0.0000000000000000e+00	3.7397671310326488e+16
1.7331119472303699e-02	0.0000000000000000e+00	3.7397671310633752e+16
1.7348572764823600e-02	0.0000000000000000e+00	3.7397671310918952e+16
1.7366026057343598e-02	0.0000000000000000e+00	3.7397671311154072e+16
1.7383479349863500e-02	0.0000000000000000e+00	3.7397671311315344e+16
1.7400932642383501e-02	0.0000000000000000e+00	3.7397671311385672e+16
1.7418385934903399e-02	0.0000000000000000e+00	3.7397671311356496e+16
1.7435839227423401e-02	0.0000000000000000e+00	3.7397671311228936e+16
1.7453292519943299e-02	0.0000000000000000e+00	3.7397671311013896e+16
1.7470745812463200e-02	0.0000000000000000e+00	3.7101543553543712e+16
1.7488199104983199e-02	0.0000000000000000e+00	3.6815573148878072e+16
1.7505652397503100e-02	0.0000000000000000e+00	3.6564860517117800e+16
1.7523105690023098e-02	0.0000000000000000e+00	3.6394869532242576e+16
1.7540558982543000e-02	0.0000000000000000e+00	3.6358048663436744e+16
1.7558012275063001e-02	0.0000000000000000e+00	3.6460311658530000e+16
1.7575465567582899e-02	0.0000000000000000e+00	3.6608388929483384e+16
1.7592918860102801e-02	0.0000000000000000e+00	3.6666040837305496e+16
1.7610372152622799e-02	0.0000000000000000e+00	3.6597165517260520e+16
1.7627825445142700e-02	0.0000000000000000e+00	3.6445363778128080e+16
1.7645278737662699e-02	0.0000000000000000e+00	3.6257659832975232e+16
1.7662732030182600e-02	0.0000000000000000e+00	3.6128161032753240e+16
1.7680185322702598e-02	0.0000000000000000e+00	3.6167607766550944e+16
1.7697638615222500e-02	0.0000000000000000e+00	3.6322670071920880e+16
1.7715091907742401e-02	0.0000000000000000e+00	3.6387353861715056e+16
1.7732545200262399e-02	0.0000000000000000e+00	3.6330753027420096e+16
1.7749998492782301e-02	0.0000000000000000e+00	3.6253406481329192e+16
1.7767451785302299e-02	0.0000000000000000e+00	3.6093040126493784e+16
1.7784905077822200e-02	0.0000000000000000e+00	3.5757096738535316e+16
1.7802358370342199e-02	0.0000000000000000e+00	3.5471248096664460e+16
1.7819811662862100e-02	0.0000000000000000e+00	3.5603081028980872e+16
1.7837264955382001e-02	0.0000000000000000e+00	3.6217029682074152e+16
1.7854718247902000e-02	0.0000000000000000e+00	3.7011740363908128e+16
1.7872171540421901e-02	0.0000000000000000e+00	3.6984898359716872e+16
1.7889624832941899e-02	0.0000000000000000e+00	3.6752084474425128e+16
1.7907078125461801e-02	0.0000000000000000e+00	3.6649057912771632e+16
1.7924531417981799e-02	0.0000000000000000e+00	3.6676095766218608e+16
1.7941984710501700e-02	0.0000000000000000e+00	3.6777283853788552e+16
1.7959438003021699e-02	0.0000000000000000e+00	3.6852907165504480e+16
1.7976891295541600e-02	0.0000000000000000e+00	3.6787935534120440e+16
1.7994344588061501e-02	0.0000000000000000e+00	3.6545177641107336e+16
1.8011797880581500e-02	0.0000000000000000e+00	3.6160164676604480e+16
1.8029251173101401e-02	0.0000000000000000e+00	3.5745911781921368e+16
1.8046704465621399e-02	0.0000000000000000e+00	3.5405106767925172e+16
1.8064157758141301e-02	0.0000000000000000e+00	3.5227561419077900e+16
1.8081611050661299e-02	0.0000000000000000e+00	3.5291986280700888e+16
1.8099064343181200e-02	0.0000000000000000e+00	3.5660454368320280e+16
1.8116517635701102e-02	0.0000000000000000e+00	3.6257156230149096e+16
1.8133970928221100e-02	0.0000000000000000e+00	3.6762919739371088e+16
1.8151424220741001e-02	0.0000000000000000e+00	3.6861796264530896e+16
1.8168877513261000e-02	0.0000000000000000e+00	3.6969601029570912e+16
1.8186330805780901e-02	0.0000000000000000e+00	3.7072385283348760e+16
1.8203784098300899e-02	0.0000000000000000e+00	3.7160913552671656e+16
1.8221237390820801e-02	0.0000000000000000e+00	3.7217046200918688e+16
1.8238690683340698e-02	0.0000000000000000e+00	3.7207756509387216e+16
1.8256143975860700e-02	0.0000000000000000e+00	3.7130138331685864e+16
1.8273597268380602e-02	0.0000000000000000e+00	3.7063572636325960e+16
1.8291050560900600e-02	0.0000000000000000e+00	3.7065738490096400e+16
1.8308503853420501e-02	0.0000000000000000e+00	3.7125405503915184e+16
1.8325957145940500e-02	0.0000000000000000e+00	3.7210330204650560e+16
1.8343410438460401e-02	0.0000000000000000e+00	3.7157817827303848e+16
1.8360863730980299e-02	0.0000000000000000e+00	3.7117647752853224e+16
1.8378317023500301e-02	0.0000000000000000e+00	3.7117237654249168e+16
1.8395770316020198e-02	0.0000000000000000e+00	3.7160425746656024e+16
1.8413223608540200e-02	0.0000000000000000e+00	3.7127449912528168e+16
1.8430676901060102e-02	0.0000000000000000e+00	3.7022158264025552e+16
1.8448130193580100e-02	0.0000000000000000e+00	3.7053451539490464e+16
1.8465583486100001e-02	0.0000000000000000e+00	3.7169356580325016e+16
1.8483036778619899e-02	0.0000000000000000e+00	3.7100797717633032e+16
1.8500490071139901e-02	0.0000000000000000e+00	3.7039049191802320e+16
1.8517943363659799e-02	0.0000000000000000e+00	3.6995204353619544e+16
1.8535396656179801e-02	0.0000000000000000e+00	3.7002638548684096e+16
1.8552849948699698e-02	0.0000000000000000e+00	3.7075896730362232e+16
1.8570303241219700e-02	0.0000000000000000e+00	3.7183372791522752e+16
1.8587756533739602e-02	0.0000000000000000e+00	3.7239634833460464e+16
1.8605209826259600e-02	0.0000000000000000e+00	3.7217682096351720e+16
1.8622663118779501e-02	0.0000000000000000e+00	3.7131513810394920e+16
1.8640116411299399e-02	0.0000000000000000e+00	3.6988938567148216e+16
1.8657569703819401e-02	0.0000000000000000e+00	3.6805542528204992e+16
1.8675022996339299e-02	0.0000000000000000e+00	3.7332356772847104e+16
1.8692476288859301e-02	0.0000000000000000e+00	3.7331961993538248e+16
1.8709929581379198e-02	0.0000000000000000e+00	3.7331707823507400e+16
1.8727382873899200e-02	0.0000000000000000e+00	3.7331648095475496e+16
1.8744836166419102e-02	0.0000000000000000e+00	3.7331789482874248e+16
1.8762289458938999e-02	0.0000000000000000e+00	3.7332048511452304e+16
1.8779742751459001e-02	0.0000000000000000e+00	3.7332327997877392e+16
1.8797196043978899e-02	0.0000000000000000e+00	3.7332569024162264e+16
1.8814649336498901e-02	0.0000000000000000e+00	3.7332724037277792e+16
1.8832102629018799e-02	0.0000000000000000e+00	3.6950009751351832e+16
1.8849555921538801e-02	0.0000000000000000e+00	3.6875740218678232e+16
1.8867009214058698e-02	0.0000000000000000e+00	3.6604698245857360e+16
1.8884462506578600e-02	0.0000000000000000e+00	3.5849101753398236e+16
1.8901915799098602e-02	0.0000000000000000e+00	3.5207299677874884e+16
1.8919369091618499e-02	0.0000000000000000e+00	3.4898317965997068e+16
1.8936822384138501e-02	0.0000000000000000e+00	3.5100116511002068e+16
1.8954275676658399e-02	0.0000000000000000e+00	3.5219725915062564e+16
1.8971728969178401e-02	0.0000000000000000e+00	3.4640220708662540e+16
1.8989182261698299e-02	0.0000000000000000e+00	3.3351734006124152e+16
1.9006635554218200e-02	0.0000000000000000e+00	3.1811389629211072e+16
1.9024088846738198e-02	0.0000000000000000e+00	3.0549686255509148e+16
1.9041542139258100e-02	0.0000000000000000e+00	2.9637870140964324e+16
1.9058995431778102e-02	0.0000000000000000e+00	2.8944029063276076e+16
1.9076448724297999e-02	0.0000000000000000e+00	2.8405739471247820e+16
1.9093902016818001e-02	0.0000000000000000e+00	2.8021402689286684e+16
1.9111355309337899e-02	0.0000000000000000e+00	2.7845160156745844e+16
1.9128808601857800e-02	0.0000000000000000e+00	2.7927178909796392e+16
1.9146261894377799e-02	0.0000000000000000e+00	2.8117192258283872e+16
1.9163715186897700e-02	0.0000000000000000e+00	2.7950110626840096e+16
1.9181168479417698e-02	0.0000000000000000e+00	2.7097401511972808e+16
1.9198621771937600e-02	0.0000000000000000e+00	2.5793608087048452e+16
1.9216075064457602e-02	0.0000000000000000e+00	2.4396800248348764e+16
1.9233528356977499e-02	0.0000000000000000e+00	2.3069021131019636e+16
1.9250981649497501e-02	0.0000000000000000e+00	2.1991421767540936e+16
1.9268434942017399e-02	0.0000000000000000e+00	2.1227713627631160e+16
1.9285888234537300e-02	0.0000000000000000e+00	2.0716818920632360e+16
1.9303341527057299e-02	0.0000000000000000e+00	2.0449900982231464e+16
1.9320794819577200e-02	0.0000000000000000e+00	2.0519121756612140e+16
1.9338248112097198e-02	0.0000000000000000e+00	2.1105892730726116e+16
1.9355701404617100e-02	0.0000000000000000e+00	2.2240848117517452e+16
1.9373154697137102e-02	0.0000000000000000e+00	2.3473354732509556e+16
1.9390607989656999e-02	0.0000000000000000e+00	2.4037725657554332e+16
1.9408061282176901e-02	0.0000000000000000e+00	2.3340884463045888e+16
1.9425514574696899e-02	0.0000000000000000e+00	2.1494096012063060e+16
1.9442967867216800e-02	0.0000000000000000e+00	1.9262520005834740e+16
1.9460421159736799e-02	0.0000000000000000e+00	1.7314385390681982e+16
1.9477874452256700e-02	0.0000000000000000e+00	1.5750419608753706e+16
1.9495327744776698e-02	0.0000000000000000e+00	1.4596020446160708e+16
1.9512781037296600e-02	0.0000000000000000e+00	1.3805706362688690e+16
1.9530234329816501e-02	0.0000000000000000e+00	1.3280008233100142e+16
1.9547687622336499e-02	0.0000000000000000e+00	1.3005307874121114e+16
1.9565140914856401e-02	0.0000000000000000e+00	1.3228063330601567e+14
1.9582594207376399e-02	0.0000000000000000e+00	1.3228063297419700e+14
1.9600047499896300e-02	0.0000000000000000e+00	1.3228063269404309e+14
1.9617500792416299e-02	0.0000000000000000e+00	1.3228063249368547e+14
1.9634954084936200e-02	0.0000000000000000e+00	3.7394232386364904e+16
1.9652407377456101e-02	0.0000000000000000e+00	3.7394232386382064e+16
1.9669860669976100e-02	0.0000000000000000e+00	3.7394232386506240e+16
1.9687313962496001e-02	0.0000000000000000e+00	3.7394232386724480e+16
1.9704767255015999e-02	0.0000000000000000e+00	1.3228063301780817e+14
1.9722220547535901e-02	0.0000000000000000e+00	1.3228063334999041e+14
1.9739673840055899e-02	0.0000000000000000e+00	1.3228063369486606e+14
1.9757127132575800e-02	0.0000000000000000e+00	1.3228063401887330e+14
1.9774580425095799e-02	0.0000000000000000e+00	1.3228063429094967e+14
1.9792033717615700e-02	0.0000000000000000e+00	1.3228063448547058e+14
1.9809487010135601e-02	0.0000000000000000e+00	1.3228063458457962e+14
1.9826940302655600e-02	0.0000000000000000e+00	1.3228063457972250e+14
1.9844393595175501e-02	0.0000000000000000e+00	1.3228063447227614e+14
1.9861846887695499e-02	0.0000000000000000e+00	1.3228063427325788e+14
1.9879300180215401e-02	0.0000000000000000e+00	1.3228063400216673e+14
1.9896753472735399e-02	0.0000000000000000e+00	1.3228063368510184e+14
1.9914206765255300e-02	0.0000000000000000e+00	1.3228063335231195e+14
1.9931660057775202e-02	0.0000000000000000e+00	1.3228063303541597e+14
1.9949113350295200e-02	0.0000000000000000e+00	1.3228063276451356e+14
1.9966566642815101e-02	0.0000000000000000e+00	1.3228063256543500e+14
1.9984019935335100e-02	0.0000000000000000e+00	1.3228063245734208e+14
2.0001473227855001e-02	0.0000000000000000e+00	1.3228063245091939e+14
2.0018926520374999e-02	0.0000000000000000e+00	1.3228063254727636e+14
2.0036379812894901e-02	0.0000000000000000e+00	1.3228063273771597e+14
2.0053833105414798e-02	0.0000000000000000e+00	1.3228063300439312e+14
2.0071286397934800e-02	0.0000000000000000e+00	1.3228063332185228e+14
2.0088739690454702e-02	0.0000000000000000e+00	1.3228063365933528e+14
2.0106192982974700e-02	0.0000000000000000e+00	1.3228063398367511e+14
2.0123646275494601e-02	0.0000000000000000e+00	1.3228063426252162e+14
2.0141099568014600e-02	0.0000000000000000e+00	1.3228063446759009e+14
2.0158552860534501e-02	0.0000000000000000e+00	1.3228063457760023e+14
2.0176006153054399e-02	0.0000000000000000e+00	1.3228063458058277e+14
2.0193459445574401e-02	0.0000000000000000e+00	1.3228063447527884e+14
2.0210912738094299e-02	0.0000000000000000e+00	1.3228063427144591e+14
2.0228366030614300e-02	0.0000000000000000e+00	1.3228063398899906e+14
2.0245819323134202e-02	0.0000000000000000e+00	1.3228063365604634e+14
2.0263272615654200e-02	0.0000000000000000e+00	1.3214716103361100e+14
2.0280725908174101e-02	0.0000000000000000e+00	1.3202761944620442e+14
2.0298179200694100e-02	0.0000000000000000e+00	1.3195086378416864e+14
2.0315632493214001e-02	0.0000000000000000e+00	1.3194394741879986e+14
2.0333085785733899e-02	0.0000000000000000e+00	1.3200174605721581e+14
2.0350539078253901e-02	0.0000000000000000e+00	1.3209029572397166e+14
2.0367992370773799e-02	0.0000000000000000e+00	1.3208121623852673e+14
2.0385445663293800e-02	0.0000000000000000e+00	1.3196216556214958e+14
2.0402898955813702e-02	0.0000000000000000e+00	1.3176744882784123e+14
2.0420352248333700e-02	0.0000000000000000e+00	1.3156833531569464e+14
2.0437805540853601e-02	0.0000000000000000e+00	1.3145296791162600e+14
2.0455258833373499e-02	0.0000000000000000e+00	1.3148215941116266e+14
2.0472712125893501e-02	0.0000000000000000e+00	1.3146421401020223e+14
2.0490165418413399e-02	0.0000000000000000e+00	1.3156822883587556e+14
2.0507618710933401e-02	0.0000000000000000e+00	1.3183107895001208e+14
2.0525072003453299e-02	0.0000000000000000e+00	1.0458986685740644e+14
2.0542525295973300e-02	0.0000000000000000e+00	1.1401467156458719e+14
2.0559978588493202e-02	0.0000000000000000e+00	1.2412108172878011e+14
2.0577431881013099e-02	0.0000000000000000e+00	1.3034126202406336e+14
2.0594885173533101e-02	0.0000000000000000e+00	1.2977929764175095e+14
2.0612338466052999e-02	0.0000000000000000e+00	1.2937967458950753e+14
2.0629791758573001e-02	0.0000000000000000e+00	1.2930515778538697e+14
2.0647245051092899e-02	0.0000000000000000e+00	1.2988705745719138e+14
2.0664698343612901e-02	0.0000000000000000e+00	1.0091337800954855e+14
2.0682151636132799e-02	0.0000000000000000e+00	7.8387976075856234e+13
2.0699604928652700e-02	0.0000000000000000e+00	6.8297320000484812e+13
2.0717058221172702e-02	0.0000000000000000e+00	6.3705906721311445e+13
2.0734511513692599e-02	0.0000000000000000e+00	6.6507466880189992e+13
2.0751964806212601e-02	0.0000000000000000e+00	9.6659640337134781e+13
2.0769418098732499e-02	0.0000000000000000e+00	1.3053100013563173e+14
2.0786871391252501e-02	0.0000000000000000e+00	1.2966817335275598e+14
2.0804324683772399e-02	0.0000000000000000e+00	1.2902529478558402e+14
2.0821777976292300e-02	0.0000000000000000e+00	1.2854252355629077e+14
2.0839231268812299e-02	0.0000000000000000e+00	1.2821828134919042e+14
2.0856684561332200e-02	0.0000000000000000e+00	1.2810451853444573e+14
2.0874137853852202e-02	0.0000000000000000e+00	1.2824796106935761e+14
2.0891591146372099e-02	0.0000000000000000e+00	1.2844665120544570e+14
2.0909044438892101e-02	0.0000000000000000e+00	1.2859583370893809e+14
2.0926497731411999e-02	0.0000000000000000e+00	1.2880139626511222e+14
2.0943951023932001e-02	0.0000000000000000e+00	1.2909892808312672e+14
