0.0000000000000000e+00	0.0000000000000000e+00	0.0000000000000000e+00
1.7453292519943300e-05	0.0000000000000000e+00	5.9073692735919714e-01
3.4906585039886600e-05	0.0000000000000000e+00	1.7398836998842451e+00
5.2359877559829903e-05	0.0000000000000000e+00	1.7952753158815240e+00
6.9813170079773199e-05	0.0000000000000000e+00	2.1549206477228000e+00
8.7266462599716496e-05	0.0000000000000000e+00	1.6521935611771905e+00
1.0471975511966000e-04	0.0000000000000000e+00	4.1211787928276760e+00
1.2217304763960301e-04	0.0000000000000000e+00	4.6927442344968435e+00
1.3962634015954599e-04	0.0000000000000000e+00	1.3813060099362624e+00
1.5707963267949001e-04	0.0000000000000000e+00	1.5134087409765019e+01
1.7453292519943299e-04	0.0000000000000000e+00	9.1933150558518676e+01
1.9198621771937600e-04	0.0000000000000000e+00	2.2831955370953233e+02
2.0943951023931999e-04	0.0000000000000000e+00	3.7082606639772303e+02
2.2689280275926300e-04	0.0000000000000000e+00	4.4445243512078963e+02
2.4434609527920601e-04	0.0000000000000000e+00	4.1436805041856877e+02
2.6179938779914903e-04	0.0000000000000000e+00	3.0841462673164284e+02
2.7925268031909301e-04	0.0000000000000000e+00	1.9153917839187017e+02
2.9670597283903603e-04	0.0000000000000000e+00	1.1664005745187586e+02
3.1415926535897898e-04	0.0000000000000000e+00	9.9093113356012410e+01
3.3161255787892303e-04	0.0000000000000000e+00	1.3039574223745836e+02
3.4906585039886598e-04	0.0000000000000000e+00	1.8358436410955122e+02
3.6651914291880900e-04	0.0000000000000000e+00	2.1181702384913314e+02
3.8397243543875201e-04	0.0000000000000000e+00	1.7365831817230287e+02
4.0142572795869599e-04	0.0000000000000000e+00	9.6237363360870575e+01
4.1887902047863901e-04	0.0000000000000000e+00	3.4371696616497438e+01
4.3633231299858202e-04	0.0000000000000000e+00	1.0527148169662426e+02
4.5378560551852601e-04	0.0000000000000000e+00	3.7830065661749592e+02
4.7123889803846902e-04	0.0000000000000000e+00	5.1616683138824988e+02
4.8869219055841203e-04	0.0000000000000000e+00	2.9731134511355071e+02
5.0614548307835602e-04	0.0000000000000000e+00	1.4504295750804038e+01
5.2359877559829903e-04	0.0000000000000000e+00	1.7174672864507201e+02
5.4105206811824204e-04	0.0000000000000000e+00	8.3624259817258007e+02
5.5850536063818505e-04	0.0000000000000000e+00	1.4565207504245723e+03
5.7595865315812904e-04	0.0000000000000000e+00	1.3511961584287221e+03
5.9341194567807205e-04	0.0000000000000000e+00	7.0754958564534377e+02
6.1086523819801496e-04	0.0000000000000000e+00	3.6939244164361037e+02
6.2831853071795905e-04	0.0000000000000000e+00	8.4024713616487503e+01
6.4577182323790196e-04	0.0000000000000000e+00	6.9309232232910585e+02
6.6322511575784497e-04	0.0000000000000000e+00	1.5488514251458262e+03
6.8067840827778798e-04	0.0000000000000000e+00	1.5910180082697827e+03
6.9813170079773197e-04	0.0000000000000000e+00	8.3373047921194768e+02
7.1558499331767498e-04	0.0000000000000000e+00	2.0132287264443847e+04
7.3303828583761799e-04	0.0000000000000000e+00	7.0834802155775891e+04
7.5049157835756198e-04	0.0000000000000000e+00	1.0062833372676712e+05
7.6794487087750499e-04	0.0000000000000000e+00	7.6617654454344840e+04
7.8539816339744800e-04	0.0000000000000000e+00	2.8639768179927181e+04
8.0285145591739199e-04	0.0000000000000000e+00	1.2853078585804485e+03
8.2030474843733500e-04	0.0000000000000000e+00	3.1629742252882334e+03
8.3775804095727801e-04	0.0000000000000000e+00	9.0041745274203436e+02
8.5521133347722102e-04	0.0000000000000000e+00	5.5302174306921979e+03
8.7266462599716501e-04	0.0000000000000000e+00	2.9143205813516870e+04
8.9011791851710802e-04	0.0000000000000000e+00	5.5651504947768102e+04
9.0757121103705104e-04	0.0000000000000000e+00	6.5408990979312766e+04
9.2502450355699502e-04	0.0000000000000000e+00	4.1703551294073579e+04
9.4247779607693804e-04	0.0000000000000000e+00	1.1951392124279684e+04
9.5993108859688105e-04	0.0000000000000000e+00	6.4783172306295194e+02
9.7738438111682406e-04	0.0000000000000000e+00	2.3335320434458799e+03
9.9483767363676805e-04	0.0000000000000000e+00	2.6781740297618298e+03
1.0122909661567101e-03	0.0000000000000000e+00	6.9414241505110647e+02
1.0297442586766500e-03	0.0000000000000000e+00	1.1171003506090465e+03
1.0471975511966000e-03	0.0000000000000000e+00	7.7000636314259364e+03
1.0646508437165401e-03	0.0000000000000000e+00	5.2536895622448992e+03
1.0821041362364800e-03	0.0000000000000000e+00	3.6745341069733774e+02
1.0995574287564300e-03	0.0000000000000000e+00	1.5925961315240911e+04
1.1170107212763701e-03	0.0000000000000000e+00	2.3615160548369178e+04
1.1344640137963100e-03	0.0000000000000000e+00	8.0169141314667595e+03
1.1519173063162600e-03	0.0000000000000000e+00	1.4079690413041724e+03
1.1693705988361999e-03	0.0000000000000000e+00	4.4412181273272599e+03
1.1868238913561400e-03	0.0000000000000000e+00	2.5789818602039222e+03
1.2042771838760900e-03	0.0000000000000000e+00	1.7801014878779192e+03
1.2217304763960299e-03	0.0000000000000000e+00	5.5411508198975762e+03
1.2391837689159700e-03	0.0000000000000000e+00	7.9610688521264719e+03
1.2566370614359201e-03	0.0000000000000000e+00	2.1522244298738863e+02
1.2740903539558599e-03	0.0000000000000000e+00	1.1459890745446679e+04
1.2915436464758000e-03	0.0000000000000000e+00	8.4555124870160798e+03
1.3089969389957501e-03	0.0000000000000000e+00	4.6561817009532488e+03
1.3264502315156899e-03	0.0000000000000000e+00	5.3142862846726575e+03
1.3439035240356300e-03	0.0000000000000000e+00	6.5330235859373324e+03
1.3613568165555801e-03	0.0000000000000000e+00	5.4961004667018497e+03
1.3788101090755199e-03	0.0000000000000000e+00	8.2702528889987861e+03
1.3962634015954600e-03	0.0000000000000000e+00	4.3279259284997133e+04
1.4137166941154101e-03	0.0000000000000000e+00	4.1275415894587310e+06
1.4311699866353500e-03	0.0000000000000000e+00	4.2850364103161851e+06
1.4486232791552900e-03	0.0000000000000000e+00	5.1861771541037187e+06
1.4660765716752401e-03	0.0000000000000000e+00	8.2800653099367451e+06
1.4835298641951800e-03	0.0000000000000000e+00	1.0944598338139536e+07
1.5009831567151201e-03	0.0000000000000000e+00	4.3890873509416021e+06
1.5184364492350699e-03	0.0000000000000000e+00	5.6635039752412615e+06
1.5358897417550100e-03	0.0000000000000000e+00	1.2820905374281220e+07
1.5533430342749501e-03	0.0000000000000000e+00	1.7068325436702877e+07
1.5707963267948999e-03	0.0000000000000000e+00	2.0673014885984629e+07
1.5882496193148400e-03	0.0000000000000000e+00	2.3785977407504532e+07
1.6057029118347801e-03	0.0000000000000000e+00	2.7248343968512721e+07
1.6231562043547299e-03	0.0000000000000000e+00	2.9577238464162774e+07
1.6406094968746700e-03	0.0000000000000000e+00	2.6495222420499895e+07
1.6580627893946101e-03	0.0000000000000000e+00	1.1591407139537299e+07
1.6755160819145599e-03	0.0000000000000000e+00	4.1227190725738253e+06
1.6929693744345000e-03	0.0000000000000000e+00	4.3305226510040155e+06
1.7104226669544401e-03	0.0000000000000000e+00	4.2133471691420637e+06
1.7278759594743899e-03	0.0000000000000000e+00	2.3648026722631618e+07
1.7453292519943300e-03	0.0000000000000000e+00	4.3192601276913211e+07
1.7627825445142699e-03	0.0000000000000000e+00	4.3425833820231155e+07
1.7802358370342200e-03	0.0000000000000000e+00	4.3464608149756774e+07
1.7976891295541600e-03	0.0000000000000000e+00	4.3494687533641703e+07
1.8151424220740999e-03	0.0000000000000000e+00	4.3521041509869725e+07
1.8325957145940500e-03	0.0000000000000000e+00	4.3544642546757676e+07
1.8500490071139900e-03	0.0000000000000000e+00	4.3563613314050116e+07
1.8675022996339299e-03	0.0000000000000000e+00	4.3571807868912406e+07
1.8849555921538800e-03	0.0000000000000000e+00	4.3567884429643966e+07
1.9024088846738201e-03	0.0000000000000000e+00	4.3582851363158047e+07
1.9198621771937599e-03	0.0000000000000000e+00	4.3629661751007766e+07
1.9373154697137100e-03	0.0000000000000000e+00	4.3677023092006214e+07
1.9547687622336499e-03	0.0000000000000000e+00	4.3714177307650514e+07
1.9722220547535902e-03	0.0000000000000000e+00	4.3745398959831648e+07
1.9896753472735400e-03	0.0000000000000000e+00	4.3773656340993255e+07
2.0071286397934799e-03	0.0000000000000000e+00	4.3798867703131057e+07
2.0245819323134202e-03	0.0000000000000000e+00	4.3817521111364521e+07
2.0420352248333700e-03	0.0000000000000000e+00	4.3822543356492646e+07
2.0594885173533099e-03	0.0000000000000000e+00	4.3812639936680585e+07
2.0769418098732502e-03	0.0000000000000000e+00	4.3802579367836483e+07
2.0943951023932000e-03	0.0000000000000000e+00	4.3805081897015780e+07
2.1118483949131399e-03	0.0000000000000000e+00	4.3797150034993134e+07
2.1293016874330802e-03	0.0000000000000000e+00	4.4017196132932104e+07
2.1467549799530201e-03	0.0000000000000000e+00	4.4017195945972867e+07
2.1642082724729699e-03	0.0000000000000000e+00	4.3920437415147707e+07
2.1816615649929102e-03	0.0000000000000000e+00	4.3920436568118095e+07
2.1991148575128501e-03	0.0000000000000000e+00	4.3920435401956283e+07
2.2165681500327999e-03	0.0000000000000000e+00	4.3920433999413200e+07
2.2340214425527402e-03	0.0000000000000000e+00	4.3920432471468970e+07
2.2514747350726801e-03	0.0000000000000000e+00	4.3920430947841205e+07
2.2689280275926299e-03	0.0000000000000000e+00	4.3920429565055460e+07
2.2863813201125698e-03	0.0000000000000000e+00	4.4017180052086376e+07
2.3038346126325101e-03	0.0000000000000000e+00	4.4017178940162748e+07
2.3212879051524599e-03	0.0000000000000000e+00	4.4017178625078306e+07
2.3387411976723998e-03	0.0000000000000000e+00	4.4017179157371737e+07
2.3561944901923401e-03	0.0000000000000000e+00	4.4017180505242847e+07
2.3736477827122899e-03	0.0000000000000000e+00	4.4017182553645357e+07
2.3911010752322298e-03	0.0000000000000000e+00	4.4017185111757673e+07
2.4085543677521701e-03	0.0000000000000000e+00	4.4017187928467080e+07
2.4260076602721200e-03	0.0000000000000000e+00	4.4017190714674607e+07
2.4434609527920598e-03	0.0000000000000000e+00	4.4017193170451820e+07
2.4609142453120001e-03	0.0000000000000000e+00	4.4017195014579870e+07
2.4783675378319500e-03	0.0000000000000000e+00	4.4017196013560958e+07
2.4958208303518898e-03	0.0000000000000000e+00	4.4017196007097468e+07
2.5132741228718301e-03	0.0000000000000000e+00	4.4017194927391246e+07
2.5307274153917800e-03	0.0000000000000000e+00	4.4017192810004607e+07
2.5481807079117198e-03	0.0000000000000000e+00	4.4017189794820748e+07
2.5656340004316601e-03	0.0000000000000000e+00	4.4017186116585270e+07
2.5830872929516100e-03	0.0000000000000000e+00	4.4017182085530974e+07
2.6005405854715499e-03	0.0000000000000000e+00	4.4017178059622139e+07
2.6179938779914902e-03	0.0000000000000000e+00	4.4017174410860538e+07
2.6354471705114400e-03	0.0000000000000000e+00	4.4017171488802180e+07
2.6529004630313799e-03	0.0000000000000000e+00	4.4017169584849261e+07
2.6703537555513202e-03	0.0000000000000000e+00	4.4017168900943726e+07
2.6878070480712700e-03	0.0000000000000000e+00	4.4017169526004881e+07
2.7052603405912099e-03	0.0000000000000000e+00	4.4017171422786824e+07
2.7227136331111502e-03	0.0000000000000000e+00	4.4017174426861450e+07
2.7401669256311000e-03	0.0000000000000000e+00	4.4017178258352429e+07
2.7576202181510399e-03	0.0000000000000000e+00	4.4017182545653865e+07
2.7750735106709802e-03	0.0000000000000000e+00	4.4017186859221019e+07
2.7925268031909300e-03	0.0000000000000000e+00	4.4017190752359971e+07
2.8099800957108699e-03	0.0000000000000000e+00	4.4013394223930664e+07
2.8274333882308102e-03	0.0000000000000000e+00	4.4009894521455020e+07
2.8448866807507600e-03	0.0000000000000000e+00	4.4007146573512904e+07
2.8623399732706999e-03	0.0000000000000000e+00	4.4005825368681297e+07
2.8797932657906402e-03	0.0000000000000000e+00	4.4006698161152311e+07
2.8972465583105901e-03	0.0000000000000000e+00	4.4009003217484541e+07
2.9146998508305299e-03	0.0000000000000000e+00	4.4010667736322038e+07
2.9321531433504698e-03	0.0000000000000000e+00	4.4010253258331180e+07
2.9496064358704201e-03	0.0000000000000000e+00	4.4007306064950071e+07
2.9670597283903599e-03	0.0000000000000000e+00	4.4002251228840157e+07
2.9845130209102998e-03	0.0000000000000000e+00	4.3996814849139966e+07
3.0019663134302501e-03	0.0000000000000000e+00	4.3992766050378203e+07
3.0194196059501899e-03	0.0000000000000000e+00	4.3990443364930183e+07
3.0368728984701298e-03	0.0000000000000000e+00	4.3988755915462278e+07
3.0543261909900801e-03	0.0000000000000000e+00	4.3987102628598027e+07
3.0717794835100200e-03	0.0000000000000000e+00	4.3986058137726679e+07
3.0892327760299598e-03	0.0000000000000000e+00	4.3985621286486007e+07
3.1066860685499101e-03	0.0000000000000000e+00	4.3985481263227642e+07
3.1241393610698500e-03	0.0000000000000000e+00	4.3985446154796332e+07
3.1415926535897898e-03	0.0000000000000000e+00	4.3984992338098116e+07
3.1590459461097401e-03	0.0000000000000000e+00	4.3984358932098880e+07
3.1764992386296800e-03	0.0000000000000000e+00	4.3984860430717692e+07
3.1939525311496198e-03	0.0000000000000000e+00	4.3986981846185878e+07
3.2114058236695701e-03	0.0000000000000000e+00	4.3988989465681225e+07
3.2288591161895100e-03	0.0000000000000000e+00	4.3989907109740034e+07
3.2463124087094499e-03	0.0000000000000000e+00	4.3990098098675795e+07
3.2637657012294001e-03	0.0000000000000000e+00	4.3989635658013046e+07
3.2812189937493400e-03	0.0000000000000000e+00	4.3988128633938514e+07
3.2986722862692799e-03	0.0000000000000000e+00	4.3985501540076137e+07
3.3161255787892301e-03	0.0000000000000000e+00	4.3982342602858357e+07
3.3335788713091700e-03	0.0000000000000000e+00	4.3981002460548542e+07
3.3510321638291099e-03	0.0000000000000000e+00	4.3983220061369725e+07
3.3684854563490602e-03	0.0000000000000000e+00	4.3988638564236671e+07
3.3859387488690000e-03	0.0000000000000000e+00	4.3994867136694357e+07
3.4033920413889399e-03	0.0000000000000000e+00	4.3998027883647867e+07
3.4208453339088902e-03	0.0000000000000000e+00	4.3996681873344772e+07
3.4382986264288300e-03	0.0000000000000000e+00	4.3992599360594235e+07
3.4557519189487699e-03	0.0000000000000000e+00	4.3988038747561753e+07
3.4732052114687202e-03	0.0000000000000000e+00	4.3985431327882722e+07
3.4906585039886600e-03	0.0000000000000000e+00	4.3987379713167317e+07
3.5081117965085999e-03	0.0000000000000000e+00	4.3985683890562102e+07
3.5255650890285502e-03	0.0000000000000000e+00	4.3981015333776183e+07
3.5430183815484901e-03	0.0000000000000000e+00	4.3975749474830732e+07
3.5604716740684299e-03	0.0000000000000000e+00	4.3973094747264959e+07
3.5779249665883698e-03	0.0000000000000000e+00	4.3975043245733142e+07
3.5953782591083201e-03	0.0000000000000000e+00	4.3981005831727289e+07
3.6128315516282599e-03	0.0000000000000000e+00	4.3987153874468528e+07
3.6302848441482102e-03	0.0000000000000000e+00	4.3992285848518439e+07
3.6477381366681501e-03	0.0000000000000000e+00	4.3994445360677332e+07
3.6651914291880900e-03	0.0000000000000000e+00	4.3988002020091370e+07
3.6826447217080398e-03	0.0000000000000000e+00	4.3975936482153863e+07
3.7000980142279801e-03	0.0000000000000000e+00	4.3965346789908804e+07
3.7175513067479200e-03	0.0000000000000000e+00	4.3959705734296672e+07
3.7350045992678598e-03	0.0000000000000000e+00	4.3959731815729409e+07
3.7524578917878101e-03	0.0000000000000000e+00	4.3963728415549800e+07
3.7699111843077500e-03	0.0000000000000000e+00	4.3975165212814383e+07
3.7873644768276998e-03	0.0000000000000000e+00	4.3994504923430786e+07
3.8048177693476401e-03	0.0000000000000000e+00	4.4010703506947726e+07
3.8222710618675800e-03	0.0000000000000000e+00	4.4017175226775825e+07
3.8397243543875199e-03	0.0000000000000000e+00	4.4017183449155718e+07
3.8571776469074701e-03	0.0000000000000000e+00	4.4006909601473972e+07
3.8746309394274100e-03	0.0000000000000000e+00	4.3984450216743253e+07
3.8920842319473499e-03	0.0000000000000000e+00	4.3962017212018602e+07
3.9095375244672997e-03	0.0000000000000000e+00	4.3944154932513148e+07
3.9269908169872400e-03	0.0000000000000000e+00	4.3930011764440894e+07
3.9444441095071803e-03	0.0000000000000000e+00	4.3926987171014868e+07
3.9618974020271302e-03	0.0000000000000000e+00	4.3946396808629952e+07
3.9793506945470696e-03	0.0000000000000000e+00	4.3978706694615930e+07
3.9968039870670099e-03	0.0000000000000000e+00	4.4008570832368188e+07
4.0142572795869597e-03	0.0000000000000000e+00	4.4017145081733346e+07
4.0317105721069000e-03	0.0000000000000000e+00	4.4017137288781799e+07
4.0491638646268403e-03	0.0000000000000000e+00	4.4017131919989385e+07
4.0666171571467902e-03	0.0000000000000000e+00	4.4017129510176010e+07
4.0840704496667296e-03	0.0000000000000000e+00	4.4001117173552342e+07
4.1015237421866699e-03	0.0000000000000000e+00	4.3949714588679053e+07
4.1189770347066198e-03	0.0000000000000000e+00	4.3885038176580235e+07
4.1364303272265601e-03	0.0000000000000000e+00	4.3835442462385029e+07
4.1538836197465004e-03	0.0000000000000000e+00	4.3811277160410769e+07
4.1713369122664502e-03	0.0000000000000000e+00	4.3808067047394440e+07
4.1887902047863896e-03	0.0000000000000000e+00	4.3819431683746316e+07
4.2062434973063299e-03	0.0000000000000000e+00	4.3819658714096121e+07
4.2236967898262798e-03	0.0000000000000000e+00	4.3819881609270550e+07
4.2411500823462201e-03	0.0000000000000000e+00	4.3820077042286605e+07
4.2586033748661604e-03	0.0000000000000000e+00	4.3819524095270894e+07
4.2760566673861102e-03	0.0000000000000000e+00	4.3818378074982531e+07
4.2935099599060497e-03	0.0000000000000000e+00	4.3819435339390986e+07
4.3109632524259900e-03	0.0000000000000000e+00	4.3820828094927140e+07
4.3284165449459398e-03	0.0000000000000000e+00	4.3821162358984284e+07
4.3458698374658801e-03	0.0000000000000000e+00	4.3821379878664605e+07
4.3633231299858204e-03	0.0000000000000000e+00	4.3821590630534180e+07
4.3807764225057702e-03	0.0000000000000000e+00	4.3821801992815971e+07
4.3982297150257097e-03	0.0000000000000000e+00	4.3822015192452908e+07
4.4156830075456500e-03	0.0000000000000000e+00	4.3822228861615360e+07
4.4331363000655998e-03	0.0000000000000000e+00	4.3391475421525590e+07
4.4505895925855401e-03	0.0000000000000000e+00	4.3386310689136669e+07
4.4680428851054804e-03	0.0000000000000000e+00	4.3825902301545903e+07
4.4854961776254303e-03	0.0000000000000000e+00	4.3820164761741951e+07
4.5029494701453697e-03	0.0000000000000000e+00	4.3821083372519359e+07
4.5204027626653100e-03	0.0000000000000000e+00	4.3832017932933301e+07
4.5378560551852598e-03	0.0000000000000000e+00	4.3853080419757053e+07
4.5553093477052001e-03	0.0000000000000000e+00	4.3830633474047296e+07
4.5727626402251396e-03	0.0000000000000000e+00	4.3833152415077925e+07
4.5902159327450903e-03	0.0000000000000000e+00	4.3819359376316480e+07
4.6076692252650297e-03	0.0000000000000000e+00	4.3818819974467173e+07
4.6251225177849700e-03	0.0000000000000000e+00	4.3818764437940463e+07
4.6425758103049199e-03	0.0000000000000000e+00	4.3818725781754844e+07
4.6600291028248602e-03	0.0000000000000000e+00	4.3818687439419076e+07
4.6774823953447996e-03	0.0000000000000000e+00	4.3818648009628601e+07
4.6949356878647503e-03	0.0000000000000000e+00	4.3818608372765005e+07
4.7123889803846897e-03	0.0000000000000000e+00	4.3818569809302934e+07
4.7298422729046300e-03	0.0000000000000000e+00	4.3818533878403954e+07
4.7472955654245799e-03	0.0000000000000000e+00	4.3818503229308009e+07
4.7647488579445202e-03	0.0000000000000000e+00	4.3818489129894726e+07
4.7822021504644596e-03	0.0000000000000000e+00	4.3818712231560148e+07
4.7996554429844103e-03	0.0000000000000000e+00	4.3846563084007889e+07
4.8171087355043498e-03	0.0000000000000000e+00	4.3729786730225377e+07
4.8345620280242901e-03	0.0000000000000000e+00	4.3739689792500235e+07
4.8520153205442399e-03	0.0000000000000000e+00	4.3741455020042188e+07
4.8694686130641802e-03	0.0000000000000000e+00	4.3822803990748964e+07
4.8869219055841196e-03	0.0000000000000000e+00	4.3822459637373269e+07
4.9043751981040704e-03	0.0000000000000000e+00	4.3520400802931309e+07
4.9218284906240098e-03	0.0000000000000000e+00	4.3519921607101470e+07
4.9392817831439501e-03	0.0000000000000000e+00	4.4017195861947872e+07
4.9567350756638999e-03	0.0000000000000000e+00	4.3576647566542514e+07
4.9741883681838402e-03	0.0000000000000000e+00	4.3445256745830178e+07
4.9916416607037797e-03	0.0000000000000000e+00	4.3670958956665307e+07
5.0090949532237304e-03	0.0000000000000000e+00	4.3642707597437799e+07
5.0265482457436698e-03	0.0000000000000000e+00	4.3845258729534179e+07
5.0440015382636101e-03	0.0000000000000000e+00	4.3845254143393323e+07
5.0614548307835600e-03	0.0000000000000000e+00	4.3845248936483398e+07
5.0789081233035003e-03	0.0000000000000000e+00	4.3845243611619435e+07
5.0963614158234397e-03	0.0000000000000000e+00	4.3845238692380659e+07
5.1138147083433904e-03	0.0000000000000000e+00	4.3845234670172438e+07
5.1312680008633298e-03	0.0000000000000000e+00	4.3845231953100674e+07
5.1487212933832701e-03	0.0000000000000000e+00	4.3845230822091974e+07
5.1661745859032200e-03	0.0000000000000000e+00	4.3845231399603218e+07
5.1836278784231603e-03	0.0000000000000000e+00	4.3845233634747341e+07
5.2010811709430997e-03	0.0000000000000000e+00	4.3845237306630403e+07
5.2185344634630504e-03	0.0000000000000000e+00	4.3709365683923542e+07
5.2359877559829899e-03	0.0000000000000000e+00	4.3579864163496010e+07
5.2534410485029302e-03	0.0000000000000000e+00	4.3709379846308224e+07
5.2708943410228696e-03	0.0000000000000000e+00	4.3845257628709547e+07
5.2883476335428203e-03	0.0000000000000000e+00	4.3845261516438209e+07
5.3058009260627597e-03	0.0000000000000000e+00	4.3845264020539470e+07
5.3232542185827000e-03	0.0000000000000000e+00	4.3845264888863005e+07
5.3407075111026499e-03	0.0000000000000000e+00	4.3845264033744827e+07
5.3581608036225902e-03	0.0000000000000000e+00	4.3635648726944588e+07
5.3756140961425296e-03	0.0000000000000000e+00	4.3576876928958379e+07
5.3930673886624803e-03	0.0000000000000000e+00	4.3845252745202146e+07
5.4105206811824198e-03	0.0000000000000000e+00	4.3845247301884569e+07
5.4279739737023601e-03	0.0000000000000000e+00	4.3709418167184889e+07
5.4454272662223099e-03	0.0000000000000000e+00	4.3845236894120313e+07
5.4628805587422502e-03	0.0000000000000000e+00	4.3845232921808064e+07
5.4803338512621896e-03	0.0000000000000000e+00	4.3845230301122971e+07
5.4977871437821403e-03	0.0000000000000000e+00	4.3845229275786616e+07
5.5152404363020798e-03	0.0000000000000000e+00	4.3845229937756673e+07
5.5326937288220201e-03	0.0000000000000000e+00	4.3845232219784327e+07
5.5501470213419699e-03	0.0000000000000000e+00	4.3845235902482837e+07
5.5676003138619102e-03	0.0000000000000000e+00	4.3709361927489050e+07
5.5850536063818497e-03	0.0000000000000000e+00	4.3709367117047355e+07
5.6025068989018004e-03	0.0000000000000000e+00	4.3709375279134162e+07
5.6199601914217398e-03	0.0000000000000000e+00	4.3709385639392979e+07
5.6374134839416801e-03	0.0000000000000000e+00	4.3709397190770686e+07
5.6548667764616299e-03	0.0000000000000000e+00	4.3709408788776606e+07
5.6723200689815702e-03	0.0000000000000000e+00	4.3723871475329347e+07
5.6897733615015097e-03	0.0000000000000000e+00	4.3845263863789000e+07
5.7072266540214604e-03	0.0000000000000000e+00	4.3845261621200621e+07
5.7246799465413998e-03	0.0000000000000000e+00	4.3845257885253474e+07
5.7421332390613401e-03	0.0000000000000000e+00	4.3845253004626989e+07
5.7595865315812900e-03	0.0000000000000000e+00	4.3845247446781591e+07
5.7770398241012303e-03	0.0000000000000000e+00	4.3845241753979772e+07
5.7944931166211697e-03	0.0000000000000000e+00	4.3845236490146570e+07
5.8119464091411204e-03	0.0000000000000000e+00	4.3845232183800489e+07
5.8293997016610598e-03	0.0000000000000000e+00	4.3752301453515247e+07
5.8468529941810002e-03	0.0000000000000000e+00	4.3733918225956701e+07
5.8643062867009500e-03	0.0000000000000000e+00	4.3715525319023386e+07
5.8817595792208903e-03	0.0000000000000000e+00	4.3709359833328471e+07
5.8992128717408297e-03	0.0000000000000000e+00	4.3709358805977985e+07
5.9166661642607796e-03	0.0000000000000000e+00	4.3660278434762061e+07
5.9341194567807199e-03	0.0000000000000000e+00	4.3641836490729004e+07
5.9515727493006602e-03	0.0000000000000000e+00	4.3623379390993588e+07
5.9690260418206100e-03	0.0000000000000000e+00	4.3604906127297081e+07
5.9864793343405503e-03	0.0000000000000000e+00	4.3586416023222998e+07
6.0039326268604898e-03	0.0000000000000000e+00	4.3567908813821465e+07
6.0213859193804396e-03	0.0000000000000000e+00	4.3549384527519256e+07
6.0388392119003799e-03	0.0000000000000000e+00	4.3530843187447414e+07
6.0562925044203202e-03	0.0000000000000000e+00	4.3512285461491346e+07
6.0737457969402700e-03	0.0000000000000000e+00	4.3493712635174893e+07
6.0911990894602103e-03	0.0000000000000000e+00	4.3475126136739939e+07
6.1086523819801498e-03	0.0000000000000000e+00	4.3504922522310339e+07
6.1261056745000996e-03	0.0000000000000000e+00	4.3556988961675741e+07
6.1435589670200399e-03	0.0000000000000000e+00	4.3608951410840228e+07
6.1610122595399802e-03	0.0000000000000000e+00	4.3660810329763204e+07
6.1784655520599301e-03	0.0000000000000000e+00	4.3712566215294562e+07
6.1959188445798704e-03	0.0000000000000000e+00	4.3764219380557127e+07
6.2133721370998098e-03	0.0000000000000000e+00	4.3815769505292475e+07
6.2308254296197596e-03	0.0000000000000000e+00	4.3851607781129986e+07
6.2482787221396999e-03	0.0000000000000000e+00	4.3851611986776240e+07
6.2657320146596402e-03	0.0000000000000000e+00	4.3851617215861581e+07
6.2831853071795901e-03	0.0000000000000000e+00	4.3851622970998451e+07
6.3006385996995304e-03	0.0000000000000000e+00	4.3850408391208559e+07
6.3180918922194698e-03	0.0000000000000000e+00	4.3849239229338109e+07
6.3355451847394197e-03	0.0000000000000000e+00	4.3848248192453921e+07
6.3529984772593600e-03	0.0000000000000000e+00	4.3847670028729789e+07
6.3704517697793003e-03	0.0000000000000000e+00	4.3847648934077621e+07
6.3879050622992501e-03	0.0000000000000000e+00	4.3847943279572397e+07
6.4053583548191904e-03	0.0000000000000000e+00	4.3848035485710859e+07
6.4228116473391298e-03	0.0000000000000000e+00	4.3847441103744842e+07
6.4402649398590797e-03	0.0000000000000000e+00	4.3846363806187384e+07
6.4577182323790200e-03	0.0000000000000000e+00	4.3845362963087082e+07
6.4751715248989603e-03	0.0000000000000000e+00	4.3844927433553286e+07
6.4926248174188997e-03	0.0000000000000000e+00	4.3845466643682271e+07
6.5100781099388504e-03	0.0000000000000000e+00	4.3846914413567454e+07
6.5275314024587899e-03	0.0000000000000000e+00	4.3848649144004330e+07
6.5449846949787302e-03	0.0000000000000000e+00	4.3849846054225273e+07
6.5624379874986800e-03	0.0000000000000000e+00	4.3850108757441722e+07
6.5798912800186203e-03	0.0000000000000000e+00	4.3849264682205699e+07
6.5973445725385597e-03	0.0000000000000000e+00	4.3847718235188931e+07
6.6147978650585096e-03	0.0000000000000000e+00	4.3845960691926494e+07
6.6322511575784499e-03	0.0000000000000000e+00	4.3844842468762994e+07
6.6497044500983902e-03	0.0000000000000000e+00	4.3845030253694870e+07
6.6671577426183400e-03	0.0000000000000000e+00	4.3846237865295835e+07
6.6846110351382803e-03	0.0000000000000000e+00	4.3847862638710782e+07
6.7020643276582198e-03	0.0000000000000000e+00	4.3848742214719146e+07
6.7195176201781696e-03	0.0000000000000000e+00	4.3848104799246207e+07
6.7369709126981099e-03	0.0000000000000000e+00	4.3846176902889244e+07
6.7544242052180502e-03	0.0000000000000000e+00	4.3843228055292107e+07
6.7718774977380001e-03	0.0000000000000000e+00	4.3839393652434379e+07
6.7893307902579404e-03	0.0000000000000000e+00	4.3835275546601944e+07
6.8067840827778798e-03	0.0000000000000000e+00	4.3832469508519948e+07
6.8242373752978296e-03	0.0000000000000000e+00	4.3832107096592322e+07
6.8416906678177699e-03	0.0000000000000000e+00	4.3833287429400608e+07
6.8591439603377102e-03	0.0000000000000000e+00	4.3834945515964225e+07
6.8765972528576601e-03	0.0000000000000000e+00	4.3836625885302506e+07
6.8940505453776004e-03	0.0000000000000000e+00	4.3837233476129331e+07
6.9115038378975398e-03	0.0000000000000000e+00	4.3835000471909985e+07
6.9289571304174897e-03	0.0000000000000000e+00	4.3830032570376851e+07
6.9464104229374300e-03	0.0000000000000000e+00	4.3825267806964949e+07
6.9638637154573703e-03	0.0000000000000000e+00	4.3823234100827299e+07
6.9813170079773201e-03	0.0000000000000000e+00	4.3825323195316300e+07
6.9987703004972604e-03	0.0000000000000000e+00	4.3821314466957077e+07
7.0162235930171998e-03	0.0000000000000000e+00	4.3817958922299735e+07
7.0336768855371497e-03	0.0000000000000000e+00	4.3816208036429264e+07
7.0511301780570900e-03	0.0000000000000000e+00	4.3816559146541335e+07
7.0685834705770303e-03	0.0000000000000000e+00	4.3818350568100736e+07
7.0860367630969801e-03	0.0000000000000000e+00	4.3820704880400054e+07
7.1034900556169204e-03	0.0000000000000000e+00	4.3822590851723678e+07
7.1209433481368599e-03	0.0000000000000000e+00	4.3822604751344077e+07
7.1383966406568097e-03	0.0000000000000000e+00	4.3820967696883842e+07
7.1558499331767500e-03	0.0000000000000000e+00	4.3818505283320934e+07
7.1733032256966903e-03	0.0000000000000000e+00	4.3814885574654490e+07
7.1907565182166401e-03	0.0000000000000000e+00	4.3810582749724828e+07
7.2082098107365796e-03	0.0000000000000000e+00	4.3808517887255654e+07
7.2256631032565199e-03	0.0000000000000000e+00	4.3810874659072489e+07
7.2431163957764697e-03	0.0000000000000000e+00	4.3816403149009086e+07
7.2605696882964100e-03	0.0000000000000000e+00	4.3823611303147078e+07
7.2780229808163503e-03	0.0000000000000000e+00	4.3831561619104251e+07
7.2954762733363002e-03	0.0000000000000000e+00	4.3839231949540682e+07
7.3129295658562396e-03	0.0000000000000000e+00	4.3845869109498471e+07
7.3303828583761799e-03	0.0000000000000000e+00	4.3849815361901283e+07
7.3478361508961297e-03	0.0000000000000000e+00	4.3848680119471408e+07
7.3652894434160700e-03	0.0000000000000000e+00	4.3843461595747627e+07
7.3827427359360103e-03	0.0000000000000000e+00	4.3834567398781173e+07
7.4001960284559602e-03	0.0000000000000000e+00	4.3821619133314431e+07
7.4176493209758996e-03	0.0000000000000000e+00	4.3804761253399618e+07
7.4351026134958399e-03	0.0000000000000000e+00	4.3788229465756416e+07
7.4525559060157898e-03	0.0000000000000000e+00	4.3778467680663325e+07
7.4700091985357301e-03	0.0000000000000000e+00	4.3776104716504142e+07
7.4874624910556704e-03	0.0000000000000000e+00	4.3777837655473068e+07
7.5049157835756202e-03	0.0000000000000000e+00	4.3780291142893717e+07
7.5223690760955596e-03	0.0000000000000000e+00	4.3782065593689695e+07
7.5398223686154999e-03	0.0000000000000000e+00	4.3784681783467926e+07
7.5572756611354498e-03	0.0000000000000000e+00	4.3788493467663281e+07
7.5747289536553901e-03	0.0000000000000000e+00	4.3791804951626107e+07
7.5921822461753304e-03	0.0000000000000000e+00	4.3792691231301732e+07
7.6096355386952802e-03	0.0000000000000000e+00	4.3792210714686967e+07
7.6270888312152197e-03	0.0000000000000000e+00	4.3791845567577809e+07
7.6445421237351600e-03	0.0000000000000000e+00	4.3792172274121270e+07
7.6619954162551098e-03	0.0000000000000000e+00	4.3792726079632126e+07
7.6794487087750501e-03	0.0000000000000000e+00	4.3794180157776698e+07
7.6969020012949904e-03	0.0000000000000000e+00	4.3794006246946111e+07
7.7143552938149403e-03	0.0000000000000000e+00	4.3794138135963097e+07
7.7318085863348797e-03	0.0000000000000000e+00	4.3794577919396982e+07
7.7492618788548200e-03	0.0000000000000000e+00	4.3795073837576628e+07
7.7667151713747698e-03	0.0000000000000000e+00	4.3795284402898334e+07
7.7841684638947101e-03	0.0000000000000000e+00	4.3795099293213695e+07
7.8016217564146496e-03	0.0000000000000000e+00	4.3794192704524338e+07
7.8190750489345994e-03	0.0000000000000000e+00	4.3792350696153522e+07
7.8365283414545406e-03	0.0000000000000000e+00	4.3790201620615423e+07
7.8539816339744800e-03	0.0000000000000000e+00	4.3788641876040541e+07
7.8714349264944194e-03	0.0000000000000000e+00	4.3787493079167061e+07
7.8888882190143693e-03	0.0000000000000000e+00	4.3786406593952574e+07
7.9063415115343105e-03	0.0000000000000000e+00	4.3785499956302397e+07
7.9237948040542603e-03	0.0000000000000000e+00	4.3784602252407685e+07
7.9412480965741997e-03	0.0000000000000000e+00	4.3782856614264548e+07
7.9587013890941392e-03	0.0000000000000000e+00	4.3779994569652952e+07
7.9761546816140907e-03	0.0000000000000000e+00	4.3776497857066907e+07
7.9936079741340302e-03	0.0000000000000000e+00	4.3773067858447067e+07
8.0110612666539696e-03	0.0000000000000000e+00	4.3770012097110473e+07
8.0285145591739195e-03	0.0000000000000000e+00	4.3767576812501676e+07
8.0459678516938606e-03	0.0000000000000000e+00	4.3766406715357326e+07
8.0634211442138001e-03	0.0000000000000000e+00	4.3767037745687962e+07
8.0808744367337395e-03	0.0000000000000000e+00	4.3769827396309242e+07
8.0983277292536893e-03	0.0000000000000000e+00	4.3775365110593490e+07
8.1157810217736305e-03	0.0000000000000000e+00	4.3782738358454227e+07
8.1332343142935803e-03	0.0000000000000000e+00	4.3788203823479392e+07
8.1506876068135198e-03	0.0000000000000000e+00	4.3789549164300956e+07
8.1681408993334592e-03	0.0000000000000000e+00	4.3787102335332260e+07
8.1855941918534108e-03	0.0000000000000000e+00	4.3781845173289746e+07
8.2030474843733502e-03	0.0000000000000000e+00	4.3774881328644514e+07
8.2205007768932897e-03	0.0000000000000000e+00	4.3768414358418800e+07
8.2379540694132308e-03	0.0000000000000000e+00	4.3764390492226243e+07
8.2554073619331807e-03	0.0000000000000000e+00	4.3765073067495815e+07
8.2728606544531201e-03	0.0000000000000000e+00	4.3771627492759041e+07
8.2903139469730595e-03	0.0000000000000000e+00	4.3782043058931910e+07
8.3077672394930094e-03	0.0000000000000000e+00	4.3792621530846685e+07
8.3252205320129506e-03	0.0000000000000000e+00	4.3798924044153251e+07
8.3426738245328900e-03	0.0000000000000000e+00	4.3797996532756358e+07
8.3601271170528398e-03	0.0000000000000000e+00	4.3790253857242286e+07
8.3775804095727793e-03	0.0000000000000000e+00	4.3777904757241085e+07
8.3950337020927204e-03	0.0000000000000000e+00	4.3775947170840591e+07
8.4124869946126703e-03	0.0000000000000000e+00	4.3774277742605411e+07
8.4299402871326097e-03	0.0000000000000000e+00	4.3773302583448395e+07
8.4473935796525491e-03	0.0000000000000000e+00	4.3773482119692236e+07
8.4648468721725007e-03	0.0000000000000000e+00	4.3774584778750338e+07
8.4823001646924402e-03	0.0000000000000000e+00	4.3775597127897628e+07
8.4997534572123796e-03	0.0000000000000000e+00	4.3775637817150027e+07
8.5172067497323294e-03	0.0000000000000000e+00	4.3774330793860957e+07
8.5346600422522706e-03	0.0000000000000000e+00	4.3771950172546715e+07
8.5521133347722100e-03	0.0000000000000000e+00	4.3769014001602419e+07
8.5695666272921599e-03	0.0000000000000000e+00	4.3766059673101835e+07
8.5870199198120993e-03	0.0000000000000000e+00	4.3763893662352167e+07
8.6044732123320405e-03	0.0000000000000000e+00	4.3763030043369375e+07
8.6219265048519903e-03	0.0000000000000000e+00	4.3763627798212521e+07
8.6393797973719298e-03	0.0000000000000000e+00	4.3765093799667642e+07
8.6568330898918692e-03	0.0000000000000000e+00	4.3766179960299850e+07
8.6742863824118208e-03	0.0000000000000000e+00	4.3766242952207193e+07
8.6917396749317602e-03	0.0000000000000000e+00	4.3765299947515778e+07
8.7091929674516996e-03	0.0000000000000000e+00	4.3763491454710066e+07
8.7266462599716495e-03	0.0000000000000000e+00	4.3761241059405074e+07
8.7440995524915906e-03	0.0000000000000000e+00	4.3759130170277715e+07
8.7615528450115301e-03	0.0000000000000000e+00	4.3757549593741260e+07
8.7790061375314799e-03	0.0000000000000000e+00	4.3756933276406020e+07
8.7964594300514194e-03	0.0000000000000000e+00	4.3757625202357456e+07
8.8139127225713605e-03	0.0000000000000000e+00	4.3759554970500164e+07
8.8313660150913104e-03	0.0000000000000000e+00	4.3761777127810754e+07
8.8488193076112498e-03	0.0000000000000000e+00	4.3763088558323555e+07
8.8662726001311892e-03	0.0000000000000000e+00	4.3763266783889189e+07
8.8837258926511408e-03	0.0000000000000000e+00	4.3762612187967606e+07
8.9011791851710802e-03	0.0000000000000000e+00	4.3761415295169502e+07
8.9186324776910197e-03	0.0000000000000000e+00	4.3759708062683873e+07
8.9360857702109695e-03	0.0000000000000000e+00	4.3757844794224203e+07
8.9535390627309107e-03	0.0000000000000000e+00	4.3756662930475391e+07
8.9709923552508501e-03	0.0000000000000000e+00	4.3756485268368877e+07
8.9884456477708000e-03	0.0000000000000000e+00	4.3757285760977045e+07
9.0058989402907394e-03	0.0000000000000000e+00	4.3759483481337227e+07
9.0233522328106806e-03	0.0000000000000000e+00	4.3762708402062990e+07
9.0408055253306304e-03	0.0000000000000000e+00	4.3766151706834346e+07
9.0582588178505698e-03	0.0000000000000000e+00	4.3770299813063271e+07
9.0757121103705093e-03	0.0000000000000000e+00	4.3775121034735024e+07
9.0931654028904609e-03	0.0000000000000000e+00	4.3644944103721365e+07
9.1106186954104003e-03	0.0000000000000000e+00	4.3644960173455678e+07
9.1280719879303397e-03	0.0000000000000000e+00	4.3644977562062144e+07
9.1455252804502896e-03	0.0000000000000000e+00	4.3644994543818511e+07
9.1629785729702307e-03	0.0000000000000000e+00	4.3645009416553847e+07
9.1804318654901702e-03	0.0000000000000000e+00	4.3593425703925595e+07
9.1978851580101200e-03	0.0000000000000000e+00	4.3593430021800779e+07
9.2153384505300594e-03	0.0000000000000000e+00	4.3593427819079883e+07
9.2327917430500006e-03	0.0000000000000000e+00	4.3593419334990658e+07
9.2502450355699505e-03	0.0000000000000000e+00	4.3645014300153129e+07
9.2676983280898899e-03	0.0000000000000000e+00	4.3645000687787421e+07
9.2851516206098293e-03	0.0000000000000000e+00	4.3644984377386294e+07
9.3026049131297792e-03	0.0000000000000000e+00	4.3644967033516422e+07
9.3200582056497203e-03	0.0000000000000000e+00	4.3644950414639220e+07
9.3375114981696598e-03	0.0000000000000000e+00	4.3644936190373465e+07
9.3549647906896096e-03	0.0000000000000000e+00	4.3644925771575585e+07
9.3724180832095508e-03	0.0000000000000000e+00	4.3644920171271034e+07
9.3898713757294902e-03	0.0000000000000000e+00	4.3644919909625269e+07
9.4073246682494296e-03	0.0000000000000000e+00	4.3644924971885867e+07
9.4247779607693795e-03	0.0000000000000000e+00	4.3644934820890263e+07
9.4422312532893207e-03	0.0000000000000000e+00	4.3644948460227333e+07
9.4596845458092705e-03	0.0000000000000000e+00	4.3644964539855994e+07
9.4771378383292099e-03	0.0000000000000000e+00	4.3644981492004678e+07
9.4945911308491494e-03	0.0000000000000000e+00	4.3644997683284178e+07
9.5120444233690905e-03	0.0000000000000000e+00	4.3645011568709359e+07
9.5294977158890404e-03	0.0000000000000000e+00	4.3645021833582781e+07
9.5469510084089798e-03	0.0000000000000000e+00	4.3645027511732221e+07
9.5644043009289192e-03	0.0000000000000000e+00	4.3645028070573069e+07
9.5818575934488708e-03	0.0000000000000000e+00	4.3645023456682652e+07
9.5993108859688103e-03	0.0000000000000000e+00	4.3645014098809347e+07
9.6167641784887497e-03	0.0000000000000000e+00	4.3645000868483029e+07
9.6342174710086995e-03	0.0000000000000000e+00	4.3644985001582518e+07
9.6516707635286407e-03	0.0000000000000000e+00	4.3644967987168834e+07
9.6691240560485905e-03	0.0000000000000000e+00	4.3644951432519235e+07
9.6865773485685300e-03	0.0000000000000000e+00	4.3644936915379621e+07
9.7040306410884694e-03	0.0000000000000000e+00	4.3644925835992277e+07
9.7214839336084106e-03	0.0000000000000000e+00	4.3644919282004282e+07
9.7389372261283604e-03	0.0000000000000000e+00	4.3644917919100970e+07
9.7563905186482999e-03	0.0000000000000000e+00	4.3644921918605655e+07
9.7738438111682393e-03	0.0000000000000000e+00	4.3644930930646181e+07
9.7912971036881909e-03	0.0000000000000000e+00	4.3644944107700713e+07
9.8087503962081303e-03	0.0000000000000000e+00	4.3644960178748660e+07
9.8262036887280697e-03	0.0000000000000000e+00	4.3644977568352453e+07
9.8436569812480196e-03	0.0000000000000000e+00	4.3632516927857958e+07
9.8611102737679607e-03	0.0000000000000000e+00	4.3615988438133582e+07
9.8785635662879106e-03	0.0000000000000000e+00	4.3623302991663851e+07
9.8960168588078500e-03	0.0000000000000000e+00	4.3645027187420860e+07
9.9134701513277895e-03	0.0000000000000000e+00	4.3645028269880690e+07
9.9309234438477306e-03	0.0000000000000000e+00	4.3645023821688220e+07
9.9483767363676805e-03	0.0000000000000000e+00	4.3645014301062219e+07
9.9658300288876199e-03	0.0000000000000000e+00	4.3645000686767608e+07
9.9832833214075593e-03	0.0000000000000000e+00	4.3644984374503240e+07
1.0000736613927501e-02	0.0000000000000000e+00	4.3644967028960310e+07
1.0018189906447501e-02	0.0000000000000000e+00	4.3644950408685267e+07
1.0035643198967400e-02	0.0000000000000000e+00	4.3621374239176996e+07
1.0053096491487300e-02	0.0000000000000000e+00	4.3532625853269614e+07
1.0070549784007300e-02	0.0000000000000000e+00	4.3495726819897801e+07
1.0088003076527199e-02	0.0000000000000000e+00	4.3495741266591646e+07
1.0105456369047200e-02	0.0000000000000000e+00	4.3495759636886574e+07
1.0122909661567101e-02	0.0000000000000000e+00	4.3505360996101722e+07
1.0140362954087099e-02	0.0000000000000000e+00	4.3560917645862691e+07
1.0157816246607001e-02	0.0000000000000000e+00	4.3623774872109577e+07
1.0175269539126900e-02	0.0000000000000000e+00	4.3609714351202779e+07
1.0192722831646900e-02	0.0000000000000000e+00	4.3559644833742782e+07
1.0210176124166800e-02	0.0000000000000000e+00	4.3501372425263427e+07
1.0227629416686800e-02	0.0000000000000000e+00	4.3495845539478339e+07
1.0245082709206699e-02	0.0000000000000000e+00	4.3495836335392065e+07
1.0262536001726700e-02	0.0000000000000000e+00	4.3495821616174936e+07
1.0279989294246601e-02	0.0000000000000000e+00	4.3495802769336179e+07
1.0297442586766500e-02	0.0000000000000000e+00	4.3495781595879979e+07
1.0314895879286501e-02	0.0000000000000000e+00	4.3495760139050446e+07
1.0332349171806400e-02	0.0000000000000000e+00	4.3495740486550197e+07
1.0349802464326400e-02	0.0000000000000000e+00	4.3495724565217696e+07
1.0367255756846300e-02	0.0000000000000000e+00	4.3495713948447473e+07
1.0384709049366300e-02	0.0000000000000000e+00	4.3495709696212463e+07
1.0402162341886199e-02	0.0000000000000000e+00	4.3521329209109649e+07
1.0419615634406101e-02	0.0000000000000000e+00	4.3541890043276958e+07
1.0437068926926101e-02	0.0000000000000000e+00	4.3550974350362360e+07
1.0454522219446000e-02	0.0000000000000000e+00	4.3549828080900878e+07
1.0471975511966001e-02	0.0000000000000000e+00	4.3538119284188427e+07
1.0489428804485900e-02	0.0000000000000000e+00	4.3505811264318034e+07
1.0506882097005900e-02	0.0000000000000000e+00	4.3495817789056510e+07
1.0524335389525800e-02	0.0000000000000000e+00	4.3495833657179646e+07
1.0541788682045699e-02	0.0000000000000000e+00	4.3495844155769110e+07
1.0559241974565699e-02	0.0000000000000000e+00	4.3495848283684209e+07
1.0576695267085601e-02	0.0000000000000000e+00	4.3569771423309013e+07
1.0594148559605601e-02	0.0000000000000000e+00	4.3629635405867450e+07
1.0611601852125500e-02	0.0000000000000000e+00	4.3645028265700832e+07
1.0629055144645501e-02	0.0000000000000000e+00	4.3631470122545570e+07
1.0646508437165400e-02	0.0000000000000000e+00	4.3553934608776078e+07
1.0663961729685400e-02	0.0000000000000000e+00	4.3495762145931132e+07
1.0681415022205300e-02	0.0000000000000000e+00	4.3495743307672612e+07
1.0698868314725199e-02	0.0000000000000000e+00	4.3495728253227845e+07
1.0716321607245199e-02	0.0000000000000000e+00	4.3495718441518530e+07
1.0733774899765101e-02	0.0000000000000000e+00	4.3495714813174278e+07
1.0751228192285101e-02	0.0000000000000000e+00	4.3495717704807855e+07
1.0768681484805000e-02	0.0000000000000000e+00	4.3491191708785392e+07
1.0786134777325001e-02	0.0000000000000000e+00	4.3508048335768066e+07
1.0803588069844900e-02	0.0000000000000000e+00	4.3505208578260697e+07
1.0821041362364800e-02	0.0000000000000000e+00	4.3495780149041176e+07
1.0838494654884800e-02	0.0000000000000000e+00	4.3495800809413686e+07
1.0855947947404699e-02	0.0000000000000000e+00	4.3495819611037165e+07
1.0873401239924699e-02	0.0000000000000000e+00	4.3495834717753753e+07
1.0890854532444601e-02	0.0000000000000000e+00	4.3495844641101547e+07
1.0908307824964599e-02	0.0000000000000000e+00	4.3499326441616684e+07
1.0925761117484500e-02	0.0000000000000000e+00	4.3572121003214426e+07
1.0943214410004400e-02	0.0000000000000000e+00	4.3642859206109136e+07
1.0960667702524400e-02	0.0000000000000000e+00	4.3645028073025003e+07
1.0978120995044300e-02	0.0000000000000000e+00	4.3645023458541937e+07
1.0995574287564300e-02	0.0000000000000000e+00	4.3645014099864647e+07
1.1013027580084199e-02	0.0000000000000000e+00	4.3588022307746261e+07
1.1030480872604199e-02	0.0000000000000000e+00	4.3495740486031398e+07
1.1047934165124101e-02	0.0000000000000000e+00	4.3495724564735271e+07
1.1065387457644000e-02	0.0000000000000000e+00	4.3495713948072948e+07
1.1082840750164000e-02	0.0000000000000000e+00	4.3495709695984878e+07
1.1100294042683900e-02	0.0000000000000000e+00	4.3495712244614877e+07
1.1117747335203900e-02	0.0000000000000000e+00	4.3495721357767925e+07
1.1135200627723800e-02	0.0000000000000000e+00	4.3505890817445040e+07
1.1152653920243800e-02	0.0000000000000000e+00	4.3644921912794597e+07
1.1170107212763699e-02	0.0000000000000000e+00	4.3644930924894750e+07
1.1187560505283699e-02	0.0000000000000000e+00	4.3644944102198116e+07
1.1205013797803601e-02	0.0000000000000000e+00	4.3644960173649505e+07
1.1222467090323500e-02	0.0000000000000000e+00	4.3644977563775323e+07
1.1239920382843500e-02	0.0000000000000000e+00	4.3644994546694137e+07
1.1257373675363400e-02	0.0000000000000000e+00	4.3645009420160152e+07
1.1274826967883400e-02	0.0000000000000000e+00	4.3645020681336239e+07
1.1292280260403300e-02	0.0000000000000000e+00	4.3645027185323656e+07
1.1309733552923300e-02	0.0000000000000000e+00	4.3645028268326111e+07
1.1327186845443199e-02	0.0000000000000000e+00	4.3645023820608839e+07
1.1344640137963101e-02	0.0000000000000000e+00	4.3645014300383508e+07
1.1362093430483101e-02	0.0000000000000000e+00	4.3645000686406717e+07
1.1379546723003000e-02	0.0000000000000000e+00	4.3644984374353319e+07
1.1397000015523000e-02	0.0000000000000000e+00	4.3644967028960198e+07
1.1414453308042900e-02	0.0000000000000000e+00	4.3644950408797085e+07
1.1431906600562900e-02	0.0000000000000000e+00	4.3644936183563285e+07
1.1449359893082800e-02	0.0000000000000000e+00	4.3644487953746744e+07
1.1466813185602699e-02	0.0000000000000000e+00	4.3644129424753837e+07
1.1484266478122699e-02	0.0000000000000000e+00	4.3644293073554933e+07
1.1501719770642601e-02	0.0000000000000000e+00	4.3644924965149924e+07
1.1519173063162601e-02	0.0000000000000000e+00	4.3644934814947009e+07
1.1536626355682500e-02	0.0000000000000000e+00	4.3644948455274001e+07
1.1554079648202500e-02	0.0000000000000000e+00	4.3644964536002815e+07
1.1571532940722400e-02	0.0000000000000000e+00	4.3644981489235066e+07
1.1588986233242300e-02	0.0000000000000000e+00	4.3644997681543581e+07
1.1606439525762300e-02	0.0000000000000000e+00	4.3645011567868203e+07
1.1623892818282199e-02	0.0000000000000000e+00	4.3645021833445072e+07
1.1641346110802199e-02	0.0000000000000000e+00	4.3645027512076750e+07
1.1658799403322101e-02	0.0000000000000000e+00	4.3645028071161851e+07
1.1676252695842101e-02	0.0000000000000000e+00	4.3645023457277663e+07
1.1693705988362000e-02	0.0000000000000000e+00	4.3645014099190325e+07
1.1711159280882000e-02	0.0000000000000000e+00	4.3645000868460655e+07
1.1728612573401900e-02	0.0000000000000000e+00	4.3644985001008205e+07
1.1746065865921800e-02	0.0000000000000000e+00	4.3644967985942513e+07
1.1763519158441800e-02	0.0000000000000000e+00	4.3644951430592075e+07
1.1780972450961699e-02	0.0000000000000000e+00	4.3644936912757903e+07
1.1798425743481699e-02	0.0000000000000000e+00	4.3644925832718655e+07
1.1815879036001601e-02	0.0000000000000000e+00	4.3644919278168872e+07
1.1833332328521601e-02	0.0000000000000000e+00	4.3644349227187201e+07
1.1850785621041500e-02	0.0000000000000000e+00	4.3643596569757901e+07
1.1868238913561400e-02	0.0000000000000000e+00	4.3643099789490834e+07
1.1885692206081400e-02	0.0000000000000000e+00	4.3999815886962064e+07
1.1903145498601300e-02	0.0000000000000000e+00	4.3999823198918402e+07
1.1920598791121300e-02	0.0000000000000000e+00	4.3999826784681216e+07
1.1938052083641199e-02	0.0000000000000000e+00	4.3999826308244035e+07
1.1955505376161199e-02	0.0000000000000000e+00	4.3920432325123154e+07
1.1972958668681101e-02	0.0000000000000000e+00	4.3920427545127578e+07
1.1990411961201000e-02	0.0000000000000000e+00	4.3920420779248334e+07
1.2007865253721000e-02	0.0000000000000000e+00	4.3920412693378888e+07
1.2025318546240900e-02	0.0000000000000000e+00	4.3920404082927130e+07
1.2042771838760900e-02	0.0000000000000000e+00	4.3999765745014653e+07
1.2060225131280800e-02	0.0000000000000000e+00	4.3999755749359675e+07
1.2077678423800800e-02	0.0000000000000000e+00	4.3999748767026417e+07
1.2095131716320699e-02	0.0000000000000000e+00	4.3999745485162683e+07
1.2112585008840600e-02	0.0000000000000000e+00	4.3999746224940307e+07
1.2130038301360601e-02	0.0000000000000000e+00	4.3999750910613284e+07
1.2147491593880500e-02	0.0000000000000000e+00	4.3999759077722877e+07
1.2164944886400500e-02	0.0000000000000000e+00	4.3999769919456765e+07
1.2182398178920400e-02	0.0000000000000000e+00	4.3999782366248950e+07
1.2199851471440400e-02	0.0000000000000000e+00	4.3999795190835156e+07
1.2217304763960300e-02	0.0000000000000000e+00	4.3999807128547840e+07
1.2234758056480201e-02	0.0000000000000000e+00	4.3999817000809871e+07
1.2252211349000199e-02	0.0000000000000000e+00	4.3999823829977877e+07
1.2269664641520101e-02	0.0000000000000000e+00	4.3999826934607528e+07
1.2287117934040101e-02	0.0000000000000000e+00	4.3999825995873891e+07
1.2304571226560000e-02	0.0000000000000000e+00	4.3999821088819146e+07
1.2322024519080000e-02	0.0000000000000000e+00	4.3999812675459713e+07
1.2339477811599900e-02	0.0000000000000000e+00	4.3999801560389720e+07
1.2356931104119900e-02	0.0000000000000000e+00	4.3999788813092083e+07
1.2374384396639800e-02	0.0000000000000000e+00	4.3999775664399497e+07
1.2391837689159701e-02	0.0000000000000000e+00	4.3999763387058325e+07
1.2409290981679699e-02	0.0000000000000000e+00	4.3999753171915501e+07
1.2426744274199601e-02	0.0000000000000000e+00	4.3999746011731081e+07
1.2444197566719601e-02	0.0000000000000000e+00	4.3999742604034193e+07
1.2461650859239500e-02	0.0000000000000000e+00	4.3999743282479368e+07
1.2479104151759500e-02	0.0000000000000000e+00	4.3999747983640261e+07
1.2496557444279400e-02	0.0000000000000000e+00	4.3999756252550490e+07
1.2514010736799299e-02	0.0000000000000000e+00	4.3999767286605246e+07
1.2531464029319300e-02	0.0000000000000000e+00	4.3999780013688147e+07
1.2548917321839201e-02	0.0000000000000000e+00	4.3999793196782805e+07
1.2566370614359199e-02	0.0000000000000000e+00	4.3999805555082597e+07
1.2583823906879101e-02	0.0000000000000000e+00	4.3986936074376479e+07
1.2601277199399101e-02	0.0000000000000000e+00	4.3972285952661000e+07
1.2618730491919000e-02	0.0000000000000000e+00	4.3964337281209953e+07
1.2636183784438900e-02	0.0000000000000000e+00	4.3975239560160972e+07
1.2653637076958900e-02	0.0000000000000000e+00	4.3996683432297312e+07
1.2671090369478799e-02	0.0000000000000000e+00	4.3999813813159354e+07
1.2688543661998800e-02	0.0000000000000000e+00	4.3999803054975525e+07
1.2705996954518701e-02	0.0000000000000000e+00	4.3999790628660999e+07
1.2723450247038699e-02	0.0000000000000000e+00	4.3999777767594405e+07
1.2740903539558601e-02	0.0000000000000000e+00	4.3985165948398940e+07
1.2758356832078500e-02	0.0000000000000000e+00	4.3964405672134206e+07
1.2775810124598500e-02	0.0000000000000000e+00	4.3948100869795017e+07
1.2793263417118400e-02	0.0000000000000000e+00	4.3956554311987735e+07
1.2810716709638400e-02	0.0000000000000000e+00	4.3999746228384629e+07
1.2828170002158299e-02	0.0000000000000000e+00	4.3999750914621972e+07
1.2845623294678300e-02	0.0000000000000000e+00	4.3999759082112081e+07
1.2863076587198201e-02	0.0000000000000000e+00	4.3999769924028009e+07
1.2880529879718199e-02	0.0000000000000000e+00	4.3999782370739214e+07
1.2897983172238101e-02	0.0000000000000000e+00	4.3999795194975898e+07
1.2915436464758000e-02	0.0000000000000000e+00	4.3999807132091105e+07
1.2932889757278000e-02	0.0000000000000000e+00	4.3999817003502518e+07
1.2950343049797900e-02	0.0000000000000000e+00	4.3999823831595480e+07
1.2967796342317900e-02	0.0000000000000000e+00	4.3999826934962973e+07
1.2985249634837799e-02	0.0000000000000000e+00	4.3988099960569970e+07
1.3002702927357800e-02	0.0000000000000000e+00	4.3999821086281821e+07
1.3020156219877701e-02	0.0000000000000000e+00	4.3999812671404310e+07
1.3037609512397600e-02	0.0000000000000000e+00	4.3999801554851748e+07
1.3055062804917601e-02	0.0000000000000000e+00	4.3999788806164660e+07
1.3072516097437500e-02	0.0000000000000000e+00	4.3999775656238541e+07
1.3089969389957500e-02	0.0000000000000000e+00	4.3999763377868876e+07
1.3107422682477400e-02	0.0000000000000000e+00	4.3999753161942564e+07
1.3124875974997400e-02	0.0000000000000000e+00	4.3999746001260176e+07
1.3142329267517299e-02	0.0000000000000000e+00	4.3908983454738021e+07
1.3159782560037201e-02	0.0000000000000000e+00	4.3816415851168707e+07
1.3177235852557199e-02	0.0000000000000000e+00	4.3741699161683209e+07
1.3194689145077100e-02	0.0000000000000000e+00	4.3675706491280854e+07
1.3212142437597101e-02	0.0000000000000000e+00	4.3633509906441636e+07
1.3229595730117000e-02	0.0000000000000000e+00	4.3645519542023204e+07
1.3247049022637000e-02	0.0000000000000000e+00	4.3700585165448748e+07
1.3264502315156900e-02	0.0000000000000000e+00	4.3767637017268054e+07
1.3281955607676799e-02	0.0000000000000000e+00	4.3871283987108879e+07
1.3299408900196799e-02	0.0000000000000000e+00	4.3498373682333268e+07
1.3316862192716701e-02	0.0000000000000000e+00	4.3393646455329686e+07
1.3334315485236699e-02	0.0000000000000000e+00	3.5504086811274827e+07
1.3351768777756600e-02	0.0000000000000000e+00	4.3081784098881364e+07
1.3369222070276601e-02	0.0000000000000000e+00	4.3077473853909619e+07
1.3386675362796500e-02	0.0000000000000000e+00	4.3277336443339348e+07
1.3404128655316400e-02	0.0000000000000000e+00	4.3476700431135863e+07
1.3421581947836400e-02	0.0000000000000000e+00	4.3674076742180184e+07
1.3439035240356299e-02	0.0000000000000000e+00	4.3869952031156495e+07
1.3456488532876299e-02	0.0000000000000000e+00	4.3898745765263200e+07
1.3473941825396201e-02	0.0000000000000000e+00	4.3898740602106489e+07
1.3491395117916199e-02	0.0000000000000000e+00	4.3898737420801833e+07
1.3508848410436100e-02	0.0000000000000000e+00	4.3898736540381767e+07
1.3526301702956101e-02	0.0000000000000000e+00	4.3898738052802704e+07
1.3543754995476000e-02	0.0000000000000000e+00	4.3758794444020800e+07
1.3561208287995900e-02	0.0000000000000000e+00	4.3758791864230506e+07
1.3578661580515900e-02	0.0000000000000000e+00	4.3758792064876132e+07
1.3596114873035799e-02	0.0000000000000000e+00	4.3758795003839776e+07
1.3613568165555799e-02	0.0000000000000000e+00	4.3758800363538533e+07
1.3631021458075701e-02	0.0000000000000000e+00	4.3758807589574285e+07
1.3648474750595699e-02	0.0000000000000000e+00	4.4008440747958265e+07
1.3665928043115600e-02	0.0000000000000000e+00	4.4008443989148013e+07
1.3683381335635500e-02	0.0000000000000000e+00	4.4008443034434572e+07
1.3700834628155500e-02	0.0000000000000000e+00	4.4008437959128171e+07
1.3718287920675400e-02	0.0000000000000000e+00	4.4008429240310796e+07
1.3735741213195400e-02	0.0000000000000000e+00	4.4008417711065203e+07
1.3753194505715299e-02	0.0000000000000000e+00	4.4008404480110519e+07
1.3770647798235299e-02	0.0000000000000000e+00	4.4008390824520387e+07
1.3788101090755201e-02	0.0000000000000000e+00	4.4008378065816298e+07
1.3805554383275100e-02	0.0000000000000000e+00	4.3758832233914301e+07
1.3823007675795100e-02	0.0000000000000000e+00	4.3758824212663375e+07
1.3840460968315000e-02	0.0000000000000000e+00	4.3758815761206090e+07
1.3857914260835000e-02	0.0000000000000000e+00	4.3758807668971978e+07
1.3875367553354900e-02	0.0000000000000000e+00	4.3758800693863735e+07
1.3892820845874900e-02	0.0000000000000000e+00	4.3758795494336888e+07
1.3910274138394799e-02	0.0000000000000000e+00	4.3758792569202840e+07
1.3927727430914701e-02	0.0000000000000000e+00	4.3758792210155398e+07
1.3945180723434701e-02	0.0000000000000000e+00	4.3758794471280225e+07
1.3962634015954600e-02	0.0000000000000000e+00	4.3776489541199431e+07
1.3980087308474600e-02	0.0000000000000000e+00	4.3769492415697597e+07
1.3997540600994500e-02	0.0000000000000000e+00	4.3762941923510119e+07
1.4014993893514500e-02	0.0000000000000000e+00	4.3758822542770177e+07
1.4032447186034400e-02	0.0000000000000000e+00	4.3761061786141708e+07
1.4049900478554400e-02	0.0000000000000000e+00	4.3774253579411179e+07
1.4067353771074299e-02	0.0000000000000000e+00	4.3786569546163052e+07
1.4084807063594201e-02	0.0000000000000000e+00	4.3792188460346043e+07
1.4102260356114201e-02	0.0000000000000000e+00	4.3789603495035760e+07
1.4119713648634100e-02	0.0000000000000000e+00	4.3776368734394826e+07
1.4137166941154100e-02	0.0000000000000000e+00	4.3758839547186591e+07
1.4154620233674000e-02	0.0000000000000000e+00	4.3758832460956231e+07
1.4172073526194000e-02	0.0000000000000000e+00	4.3758824042153507e+07
1.4189526818713900e-02	0.0000000000000000e+00	4.3758815152805038e+07
1.4206980111233799e-02	0.0000000000000000e+00	4.3758806704392575e+07
1.4224433403753799e-02	0.0000000000000000e+00	4.3758799560252286e+07
1.4241886696273701e-02	0.0000000000000000e+00	4.3758794443977810e+07
1.4259339988793701e-02	0.0000000000000000e+00	4.3769261833434410e+07
1.4276793281313600e-02	0.0000000000000000e+00	4.3776797300026663e+07
1.4294246573833600e-02	0.0000000000000000e+00	4.3779514287124112e+07
1.4311699866353500e-02	0.0000000000000000e+00	4.3777525696867369e+07
1.4329153158873400e-02	0.0000000000000000e+00	4.3773607836274736e+07
1.4346606451393400e-02	0.0000000000000000e+00	4.3773850823118605e+07
1.4364059743913299e-02	0.0000000000000000e+00	4.3783630697911605e+07
1.4381513036433299e-02	0.0000000000000000e+00	4.3802169993369237e+07
1.4398966328953201e-02	0.0000000000000000e+00	4.3820725820060350e+07
1.4416419621473201e-02	0.0000000000000000e+00	4.3833922700153515e+07
1.4433872913993100e-02	0.0000000000000000e+00	4.3841653120410234e+07
1.4451326206513000e-02	0.0000000000000000e+00	4.3843598128481112e+07
1.4468779499033000e-02	0.0000000000000000e+00	4.3840225904053986e+07
1.4486232791552900e-02	0.0000000000000000e+00	4.3835775650137030e+07
1.4503686084072900e-02	0.0000000000000000e+00	4.3836481469699793e+07
1.4521139376592799e-02	0.0000000000000000e+00	4.3846855108881488e+07
1.4538592669112799e-02	0.0000000000000000e+00	4.3865012194028668e+07
1.4556045961632701e-02	0.0000000000000000e+00	4.3883190652152844e+07
1.4573499254152701e-02	0.0000000000000000e+00	4.3898026151741475e+07
1.4590952546672600e-02	0.0000000000000000e+00	4.3905854420222141e+07
1.4608405839192500e-02	0.0000000000000000e+00	4.3905860538142398e+07
1.4625859131712500e-02	0.0000000000000000e+00	4.3899234299996927e+07
1.4643312424232400e-02	0.0000000000000000e+00	4.3886339735771716e+07
1.4660765716752400e-02	0.0000000000000000e+00	4.3869104091858476e+07
1.4678219009272299e-02	0.0000000000000000e+00	4.3700120050485425e+07
1.4695672301792299e-02	0.0000000000000000e+00	4.3681067157594830e+07
1.4713125594312201e-02	0.0000000000000000e+00	4.3662000777520947e+07
1.4730578886832100e-02	0.0000000000000000e+00	4.3642920054895811e+07
1.4748032179352100e-02	0.0000000000000000e+00	4.3623824145011999e+07
1.4765485471872000e-02	0.0000000000000000e+00	4.2995459839177966e+07
1.4782938764392000e-02	0.0000000000000000e+00	4.2851626123704463e+07
1.4800392056911900e-02	0.0000000000000000e+00	4.2781142165815406e+07
1.4817845349431900e-02	0.0000000000000000e+00	4.3878006371063381e+07
1.4835298641951799e-02	0.0000000000000000e+00	4.3877999644245937e+07
1.4852751934471701e-02	0.0000000000000000e+00	4.3877993382406741e+07
1.4870205226991701e-02	0.0000000000000000e+00	4.3877988205909893e+07
1.4887658519511600e-02	0.0000000000000000e+00	4.3877984631726995e+07
1.4905111812031600e-02	0.0000000000000000e+00	4.3877983020761296e+07
1.4922565104551500e-02	0.0000000000000000e+00	4.3877983540059127e+07
1.4940018397071500e-02	0.0000000000000000e+00	4.3877986144253746e+07
1.4957471689591400e-02	0.0000000000000000e+00	4.3877990578613050e+07
1.4974924982111301e-02	0.0000000000000000e+00	4.3877996403612472e+07
1.4992378274631299e-02	0.0000000000000000e+00	4.3878003038688131e+07
1.5009831567151201e-02	0.0000000000000000e+00	4.3878009820899568e+07
1.5027284859671201e-02	0.0000000000000000e+00	4.3878016072097510e+07
1.5044738152191100e-02	0.0000000000000000e+00	4.3878021167569004e+07
1.5062191444711100e-02	0.0000000000000000e+00	4.3878024599033050e+07
1.5079644737231000e-02	0.0000000000000000e+00	4.3878026025459759e+07
1.5097098029750899e-02	0.0000000000000000e+00	4.3878025306491986e+07
1.5114551322270900e-02	0.0000000000000000e+00	4.3878022515307546e+07
1.5132004614790801e-02	0.0000000000000000e+00	4.3878017929908484e+07
1.5149457907310799e-02	0.0000000000000000e+00	4.3878012004027806e+07
1.5166911199830701e-02	0.0000000000000000e+00	4.3878005320912123e+07
1.5184364492350701e-02	0.0000000000000000e+00	4.3877998534901723e+07
1.5201817784870600e-02	0.0000000000000000e+00	4.3877992306780547e+07
1.5219271077390600e-02	0.0000000000000000e+00	4.3877987239355348e+07
1.5236724369910500e-02	0.0000000000000000e+00	4.3877983819531016e+07
1.5254177662430399e-02	0.0000000000000000e+00	4.3877982372304268e+07
1.5271630954950400e-02	0.0000000000000000e+00	4.3877983030923560e+07
1.5289084247470301e-02	0.0000000000000000e+00	4.3877985725656994e+07
1.5306537539990299e-02	0.0000000000000000e+00	4.3877990191983707e+07
1.5323990832510201e-02	0.0000000000000000e+00	4.3877995997047797e+07
1.5341444125030201e-02	0.0000000000000000e+00	4.3878002581660651e+07
1.5358897417550100e-02	0.0000000000000000e+00	4.3878009313778602e+07
1.5376350710070000e-02	0.0000000000000000e+00	4.3868178734962955e+07
1.5393804002590000e-02	0.0000000000000000e+00	4.3859777050280303e+07
1.5411257295109899e-02	0.0000000000000000e+00	4.3855705516468689e+07
1.5428710587629900e-02	0.0000000000000000e+00	4.3857830515664801e+07
1.5446163880149801e-02	0.0000000000000000e+00	4.3862633466829076e+07
1.5463617172669799e-02	0.0000000000000000e+00	4.3865512376915641e+07
1.5481070465189701e-02	0.0000000000000000e+00	4.3863669478270739e+07
1.5498523757709600e-02	0.0000000000000000e+00	4.3856419582342371e+07
1.5515977050229600e-02	0.0000000000000000e+00	4.3845830143454932e+07
1.5533430342749500e-02	0.0000000000000000e+00	4.3836752999049664e+07
1.5550883635269500e-02	0.0000000000000000e+00	4.3834395788180225e+07
1.5568336927789399e-02	0.0000000000000000e+00	4.3839949686015338e+07
1.5585790220309400e-02	0.0000000000000000e+00	4.3849141705713041e+07
1.5603243512829299e-02	0.0000000000000000e+00	4.3858183117720783e+07
1.5620696805349200e-02	0.0000000000000000e+00	4.3864172530981235e+07
1.5638150097869199e-02	0.0000000000000000e+00	4.3865135332909040e+07
1.5655603390389100e-02	0.0000000000000000e+00	4.3861583242502667e+07
1.5673056682909099e-02	0.0000000000000000e+00	4.3855715155384548e+07
1.5690509975429000e-02	0.0000000000000000e+00	4.3850604845755331e+07
1.5707963267949002e-02	0.0000000000000000e+00	4.3850499573471047e+07
1.5725416560468899e-02	0.0000000000000000e+00	4.3859948556960821e+07
1.5742869852988801e-02	0.0000000000000000e+00	4.3878021167608947e+07
1.5760323145508799e-02	0.0000000000000000e+00	4.3878024599328712e+07
1.5777776438028700e-02	0.0000000000000000e+00	4.3878026025992192e+07
1.5795229730548699e-02	0.0000000000000000e+00	4.3878025307235241e+07
1.5812683023068600e-02	0.0000000000000000e+00	4.3878022516231254e+07
1.5830136315588599e-02	0.0000000000000000e+00	4.3878017930975914e+07
1.5847589608108500e-02	0.0000000000000000e+00	4.3878012005195670e+07
1.5865042900628502e-02	0.0000000000000000e+00	4.3878005322137319e+07
1.5882496193148399e-02	0.0000000000000000e+00	4.3877998536138304e+07
1.5899949485668301e-02	0.0000000000000000e+00	4.3877992307984583e+07
1.5917402778188299e-02	0.0000000000000000e+00	4.3877987240491293e+07
1.5934856070708200e-02	0.0000000000000000e+00	4.3877983820560992e+07
1.5952309363228199e-02	0.0000000000000000e+00	4.3877982373208128e+07
1.5969762655748100e-02	0.0000000000000000e+00	4.3877983031679004e+07
1.5987215948268099e-02	0.0000000000000000e+00	4.3877985726255782e+07
1.6004669240788000e-02	0.0000000000000000e+00	4.3877990192430012e+07
1.6022122533307901e-02	0.0000000000000000e+00	4.3877995997348703e+07
1.6039575825827899e-02	0.0000000000000000e+00	4.3878002581828266e+07
1.6057029118347801e-02	0.0000000000000000e+00	4.3878009313828811e+07
1.6074482410867799e-02	0.0000000000000000e+00	4.3593329566332184e+07
1.6091935703387700e-02	0.0000000000000000e+00	4.3305495371375196e+07
1.6109388995907699e-02	0.0000000000000000e+00	4.3203672994991280e+07
1.6126842288427600e-02	0.0000000000000000e+00	4.3121992000821173e+07
1.6144295580947501e-02	0.0000000000000000e+00	4.3040061316440068e+07
1.6161748873467500e-02	0.0000000000000000e+00	4.3723651101717740e+07
1.6179202165987401e-02	0.0000000000000000e+00	4.3723655971361063e+07
1.6196655458507399e-02	0.0000000000000000e+00	4.3723657371501341e+07
1.6214108751027301e-02	0.0000000000000000e+00	4.3723655142335348e+07
1.6231562043547299e-02	0.0000000000000000e+00	4.3723649499343850e+07
1.6249015336067200e-02	0.0000000000000000e+00	4.3723641013919197e+07
1.6266468628587199e-02	0.0000000000000000e+00	4.3723630554378815e+07
1.6283921921107100e-02	0.0000000000000000e+00	4.3809499968534052e+07
1.6301375213627001e-02	0.0000000000000000e+00	4.3810159900036007e+07
1.6318828506147000e-02	0.0000000000000000e+00	4.3810823981052108e+07
1.6336281798666901e-02	0.0000000000000000e+00	4.3811491497632064e+07
1.6353735091186899e-02	0.0000000000000000e+00	4.3812161485781655e+07
1.6371188383706801e-02	0.0000000000000000e+00	4.3812833143833742e+07
1.6388641676226799e-02	0.0000000000000000e+00	4.3813505362666823e+07
1.6406094968746700e-02	0.0000000000000000e+00	4.3814176784889281e+07
1.6423548261266602e-02	0.0000000000000000e+00	4.3814846090506770e+07
1.6441001553786600e-02	0.0000000000000000e+00	4.3858097971962929e+07
1.6458454846306501e-02	0.0000000000000000e+00	4.3858101924825177e+07
1.6475908138826500e-02	0.0000000000000000e+00	4.3858104175677165e+07
1.6493361431346401e-02	0.0000000000000000e+00	4.3858104506284110e+07
1.6510814723866400e-02	0.0000000000000000e+00	4.3858102891114451e+07
1.6528268016386301e-02	0.0000000000000000e+00	4.3858099497678392e+07
1.6545721308906199e-02	0.0000000000000000e+00	4.3858094667511031e+07
1.6563174601426200e-02	0.0000000000000000e+00	4.3858088880207822e+07
1.6580627893946102e-02	0.0000000000000000e+00	4.3858082704574436e+07
1.6598081186466100e-02	0.0000000000000000e+00	4.3858076742053285e+07
1.6615534478986001e-02	0.0000000000000000e+00	4.3858071568126172e+07
1.6632987771506000e-02	0.0000000000000000e+00	4.3858067677399218e+07
1.6650441064025901e-02	0.0000000000000000e+00	4.3858065437438779e+07
1.6667894356545799e-02	0.0000000000000000e+00	4.3858065055432998e+07
1.6685347649065801e-02	0.0000000000000000e+00	4.3858066560455225e+07
1.6702800941585699e-02	0.0000000000000000e+00	4.3858069802482113e+07
1.6720254234105700e-02	0.0000000000000000e+00	4.3858074467918962e+07
1.6737707526625598e-02	0.0000000000000000e+00	4.3858080109843381e+07
1.6755160819145600e-02	0.0000000000000000e+00	4.3858086190172322e+07
1.6772614111665501e-02	0.0000000000000000e+00	4.3858092129784152e+07
1.6790067404185399e-02	0.0000000000000000e+00	4.3714764800734438e+07
1.6807520696705401e-02	0.0000000000000000e+00	4.2810959908646859e+07
1.6824973989225299e-02	0.0000000000000000e+00	4.3043268550230652e+07
1.6842427281745301e-02	0.0000000000000000e+00	4.3273659720508575e+07
1.6859880574265199e-02	0.0000000000000000e+00	4.3502085705161422e+07
1.6877333866785200e-02	0.0000000000000000e+00	4.3657084827248149e+07
1.6894787159305098e-02	0.0000000000000000e+00	4.3657086283669427e+07
1.6912240451825100e-02	0.0000000000000000e+00	4.3657082472193576e+07
1.6929693744345001e-02	0.0000000000000000e+00	4.3657073783564776e+07
1.6947147036864899e-02	0.0000000000000000e+00	4.3657061110522129e+07
1.6964600329384901e-02	0.0000000000000000e+00	4.3657045753389567e+07
1.6982053621904799e-02	0.0000000000000000e+00	4.3533622285453565e+07
1.6999506914424801e-02	0.0000000000000000e+00	4.3601391042925887e+07
1.7016960206944699e-02	0.0000000000000000e+00	4.3723182480435580e+07
1.7034413499464700e-02	0.0000000000000000e+00	4.3844403554521248e+07
1.7051866791984598e-02	0.0000000000000000e+00	4.3905861390189171e+07
1.7069320084504500e-02	0.0000000000000000e+00	4.3905868737500750e+07
1.7086773377024501e-02	0.0000000000000000e+00	4.3905876662821703e+07
1.7104226669544399e-02	0.0000000000000000e+00	4.3905884379036836e+07
1.7121679962064401e-02	0.0000000000000000e+00	4.3905891118899435e+07
1.7139133254584299e-02	0.0000000000000000e+00	4.3905896211520635e+07
1.7156586547104301e-02	0.0000000000000000e+00	4.3905899149094775e+07
1.7174039839624199e-02	0.0000000000000000e+00	4.3905899637180164e+07
1.7191493132144100e-02	0.0000000000000000e+00	4.3905897623554870e+07
1.7208946424664098e-02	0.0000000000000000e+00	4.3905893302825838e+07
1.7226399717184000e-02	0.0000000000000000e+00	4.3905887096562982e+07
1.7243853009704001e-02	0.0000000000000000e+00	4.3905879611066170e+07
1.7261306302223899e-02	0.0000000000000000e+00	4.3905871577144705e+07
1.7278759594743901e-02	0.0000000000000000e+00	4.3905863777998015e+07
1.7296212887263799e-02	0.0000000000000000e+00	4.3905856972374156e+07
1.7313666179783700e-02	0.0000000000000000e+00	4.3905851820601299e+07
1.7331119472303699e-02	0.0000000000000000e+00	4.3905848820662506e+07
1.7348572764823600e-02	0.0000000000000000e+00	4.3905848260436870e+07
1.7366026057343598e-02	0.0000000000000000e+00	4.3905850190640278e+07
1.7383479349863500e-02	0.0000000000000000e+00	4.3905854420839652e+07
1.7400932642383501e-02	0.0000000000000000e+00	4.3905860538768716e+07
1.7418385934903399e-02	0.0000000000000000e+00	4.3905867950855471e+07
1.7435839227423401e-02	0.0000000000000000e+00	4.3905875940017685e+07
1.7453292519943299e-02	0.0000000000000000e+00	4.3905883734989613e+07
1.7470745812463200e-02	0.0000000000000000e+00	4.3905890584638990e+07
1.7488199104983199e-02	0.0000000000000000e+00	4.3905895830100313e+07
1.7505652397503100e-02	0.0000000000000000e+00	4.3905898968014546e+07
1.7523105690023098e-02	0.0000000000000000e+00	4.3905899698936500e+07
1.7540558982543000e-02	0.0000000000000000e+00	4.3905897956305929e+07
1.7558012275063001e-02	0.0000000000000000e+00	4.3905893913242169e+07
1.7575465567582899e-02	0.0000000000000000e+00	4.3905887966413036e+07
1.7592918860102801e-02	0.0000000000000000e+00	4.3905880698343419e+07
1.7610372152622799e-02	0.0000000000000000e+00	4.3905872821588613e+07
1.7627825445142700e-02	0.0000000000000000e+00	4.3905865109862208e+07
1.7645278737662699e-02	0.0000000000000000e+00	4.3905858322680332e+07
1.7662732030182600e-02	0.0000000000000000e+00	4.3905853130750760e+07
1.7680185322702598e-02	0.0000000000000000e+00	4.3905850049372800e+07
1.7697638615222500e-02	0.0000000000000000e+00	4.3905849386775956e+07
1.7715091907742401e-02	0.0000000000000000e+00	4.3905851212510660e+07
1.7732545200262399e-02	0.0000000000000000e+00	4.3905855349390924e+07
1.7749998492782301e-02	0.0000000000000000e+00	4.3905861390214823e+07
1.7767451785302299e-02	0.0000000000000000e+00	4.3905868737562664e+07
1.7784905077822200e-02	0.0000000000000000e+00	4.3905876662913933e+07
1.7802358370342199e-02	0.0000000000000000e+00	4.3905884379131034e+07
1.7819811662862100e-02	0.0000000000000000e+00	4.3905891118979722e+07
1.7837264955382001e-02	0.0000000000000000e+00	4.3905896211576119e+07
1.7854718247902000e-02	0.0000000000000000e+00	4.3905899149108425e+07
1.7872171540421901e-02	0.0000000000000000e+00	4.3896310770790122e+07
1.7889624832941899e-02	0.0000000000000000e+00	4.3883340368018277e+07
1.7907078125461801e-02	0.0000000000000000e+00	4.3875550549633399e+07
1.7924531417981799e-02	0.0000000000000000e+00	4.3874477563393541e+07
1.7941984710501700e-02	0.0000000000000000e+00	4.3877439556328513e+07
1.7959438003021699e-02	0.0000000000000000e+00	4.3878330020295404e+07
1.7976891295541600e-02	0.0000000000000000e+00	4.3869764854188628e+07
1.7994344588061501e-02	0.0000000000000000e+00	4.3850209332112998e+07
1.8011797880581500e-02	0.0000000000000000e+00	4.3824009438960716e+07
1.8029251173101401e-02	0.0000000000000000e+00	4.3798899727328271e+07
1.8046704465621399e-02	0.0000000000000000e+00	4.3779718157349311e+07
1.8064157758141301e-02	0.0000000000000000e+00	4.3769393661855944e+07
1.8081611050661299e-02	0.0000000000000000e+00	4.3770801281616293e+07
1.8099064343181200e-02	0.0000000000000000e+00	4.3786446900210716e+07
1.8116517635701102e-02	0.0000000000000000e+00	4.3812795246075548e+07
1.8133970928221100e-02	0.0000000000000000e+00	4.3833681696041144e+07
1.8151424220741001e-02	0.0000000000000000e+00	4.3831524873578176e+07
1.8168877513261000e-02	0.0000000000000000e+00	4.3834426473872624e+07
1.8186330805780901e-02	0.0000000000000000e+00	4.3837234803039037e+07
1.8203784098300899e-02	0.0000000000000000e+00	4.3839753200207762e+07
1.8221237390820801e-02	0.0000000000000000e+00	4.3841584436882436e+07
1.8238690683340698e-02	0.0000000000000000e+00	4.3841837553634472e+07
1.8256143975860700e-02	0.0000000000000000e+00	4.3840067976207182e+07
1.8273597268380602e-02	0.0000000000000000e+00	4.3838075032651424e+07
1.8291050560900600e-02	0.0000000000000000e+00	4.3837594637652963e+07
1.8308503853420501e-02	0.0000000000000000e+00	4.3838917121875189e+07
1.8325957145940500e-02	0.0000000000000000e+00	4.3841932322941899e+07
1.8343410438460401e-02	0.0000000000000000e+00	4.3846346546538368e+07
1.8360863730980299e-02	0.0000000000000000e+00	4.3850902271836661e+07
1.8378317023500301e-02	0.0000000000000000e+00	4.3853294096932419e+07
1.8395770316020198e-02	0.0000000000000000e+00	4.3852251264229544e+07
1.8413223608540200e-02	0.0000000000000000e+00	4.3848538602205746e+07
1.8430676901060102e-02	0.0000000000000000e+00	4.3844914995972820e+07
1.8448130193580100e-02	0.0000000000000000e+00	4.3843064835994959e+07
1.8465583486100001e-02	0.0000000000000000e+00	4.3842276921430565e+07
1.8483036778619899e-02	0.0000000000000000e+00	4.3842658152589269e+07
1.8500490071139901e-02	0.0000000000000000e+00	4.3845628076437891e+07
1.8517943363659799e-02	0.0000000000000000e+00	4.3851023007623285e+07
1.8535396656179801e-02	0.0000000000000000e+00	4.3856540119749665e+07
1.8552849948699698e-02	0.0000000000000000e+00	4.3860320519775845e+07
1.8570303241219700e-02	0.0000000000000000e+00	4.3862074195826404e+07
1.8587756533739602e-02	0.0000000000000000e+00	4.3864557165156618e+07
1.8605209826259600e-02	0.0000000000000000e+00	4.3868911269297503e+07
1.8622663118779501e-02	0.0000000000000000e+00	4.3873909800922126e+07
1.8640116411299399e-02	0.0000000000000000e+00	4.3879499541306518e+07
1.8657569703819401e-02	0.0000000000000000e+00	4.3886192173517324e+07
1.8675022996339299e-02	0.0000000000000000e+00	4.3893827758425079e+07
1.8692476288859301e-02	0.0000000000000000e+00	4.3901036361749128e+07
1.8709929581379198e-02	0.0000000000000000e+00	4.3905851820245601e+07
1.8727382873899200e-02	0.0000000000000000e+00	4.3905848820326582e+07
1.8744836166419102e-02	0.0000000000000000e+00	4.3904618592740089e+07
1.8762289458938999e-02	0.0000000000000000e+00	4.3898805087810725e+07
1.8779742751459001e-02	0.0000000000000000e+00	4.3893979903623261e+07
1.8797196043978899e-02	0.0000000000000000e+00	4.3891856444045469e+07
1.8814649336498901e-02	0.0000000000000000e+00	4.3891385953567609e+07
1.8832102629018799e-02	0.0000000000000000e+00	4.3891983858588092e+07
1.8849555921538801e-02	0.0000000000000000e+00	4.3893644427720211e+07
1.8867009214058698e-02	0.0000000000000000e+00	4.3905890584588848e+07
1.8884462506578600e-02	0.0000000000000000e+00	4.3905895830087684e+07
1.8901915799098602e-02	0.0000000000000000e+00	4.3905898968035191e+07
1.8919369091618499e-02	0.0000000000000000e+00	4.3905899698983744e+07
1.8936822384138501e-02	0.0000000000000000e+00	4.3905897956371337e+07
1.8954275676658399e-02	0.0000000000000000e+00	4.3905893913318142e+07
1.8971728969178401e-02	0.0000000000000000e+00	4.3905887966494553e+07
1.8989182261698299e-02	0.0000000000000000e+00	4.3905880698429398e+07
1.9006635554218200e-02	0.0000000000000000e+00	4.3905872821673334e+07
1.9024088846738198e-02	0.0000000000000000e+00	4.3905865109938905e+07
1.9041542139258100e-02	0.0000000000000000e+00	4.3905858322747394e+07
1.9058995431778102e-02	0.0000000000000000e+00	4.3905853130791984e+07
1.9076448724297999e-02	0.0000000000000000e+00	4.3905850049381286e+07
1.9093902016818001e-02	0.0000000000000000e+00	4.3905849386772096e+07
1.9111355309337899e-02	0.0000000000000000e+00	4.3905851212494865e+07
1.9128808601857800e-02	0.0000000000000000e+00	4.3905855349366486e+07
1.9146261894377799e-02	0.0000000000000000e+00	4.3905861390210025e+07
1.9163715186897700e-02	0.0000000000000000e+00	4.3905868737566538e+07
1.9181168479417698e-02	0.0000000000000000e+00	4.3905876662898988e+07
1.9198621771937600e-02	0.0000000000000000e+00	4.3905884379113674e+07
1.9216075064457602e-02	0.0000000000000000e+00	4.3905891118970178e+07
1.9233528356977499e-02	0.0000000000000000e+00	4.3905896211575523e+07
1.9250981649497501e-02	0.0000000000000000e+00	4.3905899149125934e+07
1.9268434942017399e-02	0.0000000000000000e+00	4.3905899637183681e+07
1.9285888234537300e-02	0.0000000000000000e+00	4.3905897623528749e+07
1.9303341527057299e-02	0.0000000000000000e+00	4.3905893302770495e+07
1.9320794819577200e-02	0.0000000000000000e+00	4.3905887096480317e+07
1.9338248112097198e-02	0.0000000000000000e+00	4.3905879610957727e+07
1.9355701404617100e-02	0.0000000000000000e+00	4.3905871577015772e+07
1.9373154697137102e-02	0.0000000000000000e+00	4.3905863777849518e+07
1.9390607989656999e-02	0.0000000000000000e+00	4.3905856972212650e+07
1.9408061282176901e-02	0.0000000000000000e+00	4.3905851820431069e+07
1.9425514574696899e-02	0.0000000000000000e+00	4.3905848820483796e+07
1.9442967867216800e-02	0.0000000000000000e+00	4.3905848260261551e+07
1.9460421159736799e-02	0.0000000000000000e+00	4.3905850190469354e+07
1.9477874452256700e-02	0.0000000000000000e+00	4.3905854420677088e+07
1.9495327744776698e-02	0.0000000000000000e+00	4.3905860538601950e+07
1.9512781037296600e-02	0.0000000000000000e+00	4.3905867950695150e+07
1.9530234329816501e-02	0.0000000000000000e+00	4.3905875939874053e+07
1.9547687622336499e-02	0.0000000000000000e+00	4.3905883734882586e+07
1.9565140914856401e-02	0.0000000000000000e+00	4.3648922025534682e+07
1.9582594207376399e-02	0.0000000000000000e+00	4.3648937763860583e+07
1.9600047499896300e-02	0.0000000000000000e+00	4.3648954848228395e+07
1.9617500792416299e-02	0.0000000000000000e+00	4.3648971583612233e+07
1.9634954084936200e-02	0.0000000000000000e+00	4.3723643276061453e+07
1.9652407377456101e-02	0.0000000000000000e+00	4.3723651101813868e+07
1.9669860669976100e-02	0.0000000000000000e+00	4.3723655971440598e+07
1.9687313962496001e-02	0.0000000000000000e+00	4.3723657371558629e+07
1.9704767255015999e-02	0.0000000000000000e+00	4.3649001027602129e+07
1.9722220547535901e-02	0.0000000000000000e+00	4.3648991790911652e+07
1.9739673840055899e-02	0.0000000000000000e+00	4.3648978491940387e+07
1.9757127132575800e-02	0.0000000000000000e+00	4.3648962494538426e+07
1.9774580425095799e-02	0.0000000000000000e+00	4.3648945432214491e+07
1.9792033717615700e-02	0.0000000000000000e+00	4.3648929036061242e+07
1.9809487010135601e-02	0.0000000000000000e+00	4.3648914954637103e+07
1.9826940302655600e-02	0.0000000000000000e+00	4.3648904585800730e+07
1.9844393595175501e-02	0.0000000000000000e+00	4.3648898938643053e+07
1.9861846887695499e-02	0.0000000000000000e+00	4.3648898538771391e+07
1.9879300180215401e-02	0.0000000000000000e+00	4.3648903385317810e+07
1.9896753472735399e-02	0.0000000000000000e+00	4.3648912962006867e+07
1.9914206765255300e-02	0.0000000000000000e+00	4.3648926298519529e+07
1.9931660057775202e-02	0.0000000000000000e+00	4.3648942073621064e+07
1.9949113350295200e-02	0.0000000000000000e+00	4.3648958748377301e+07
1.9966566642815101e-02	0.0000000000000000e+00	4.3648974715841025e+07
1.9984019935335100e-02	0.0000000000000000e+00	4.3648988452576719e+07
2.0001473227855001e-02	0.0000000000000000e+00	4.3648998658623651e+07
2.0018926520374999e-02	0.0000000000000000e+00	4.3649004374322526e+07
2.0036379812894901e-02	0.0000000000000000e+00	4.3649005064656615e+07
2.0053833105414798e-02	0.0000000000000000e+00	4.3649000664883479e+07
2.0071286397934800e-02	0.0000000000000000e+00	4.3648991584419191e+07
2.0088739690454702e-02	0.0000000000000000e+00	4.3648978669079952e+07
2.0106192982974700e-02	0.0000000000000000e+00	4.3648963124942623e+07
2.0123646275494601e-02	0.0000000000000000e+00	4.3648946409951128e+07
2.0141099568014600e-02	0.0000000000000000e+00	4.3648930101945393e+07
2.0158552860534501e-02	0.0000000000000000e+00	4.3648915753893137e+07
2.0176006153054399e-02	0.0000000000000000e+00	4.3648904748493925e+07
2.0193459445574401e-02	0.0000000000000000e+00	4.3648898165086597e+07
2.0210912738094299e-02	0.0000000000000000e+00	4.3648896671324328e+07
2.0228366030614300e-02	0.0000000000000000e+00	4.3648900450819254e+07
2.0245819323134202e-02	0.0000000000000000e+00	4.3648909175201043e+07
2.0263272615654200e-02	0.0000000000000000e+00	4.3646203759061240e+07
2.0280725908174101e-02	0.0000000000000000e+00	4.3643856528331719e+07
2.0298179200694100e-02	0.0000000000000000e+00	4.3642539455159225e+07
2.0315632493214001e-02	0.0000000000000000e+00	4.3642878447361849e+07
2.0333085785733899e-02	0.0000000000000000e+00	4.3644613787953384e+07
2.0350539078253901e-02	0.0000000000000000e+00	4.3646648211645454e+07
2.0367992370773799e-02	0.0000000000000000e+00	4.3647301718514822e+07
2.0385445663293800e-02	0.0000000000000000e+00	4.3645379276722133e+07
2.0402898955813702e-02	0.0000000000000000e+00	4.3641482613252893e+07
2.0420352248333700e-02	0.0000000000000000e+00	4.3637216527376361e+07
2.0437805540853601e-02	0.0000000000000000e+00	4.3634480241520673e+07
2.0455258833373499e-02	0.0000000000000000e+00	4.3634721483183138e+07
2.0472712125893501e-02	0.0000000000000000e+00	4.3638148042775236e+07
2.0490165418413399e-02	0.0000000000000000e+00	4.3643507201957673e+07
2.0507618710933401e-02	0.0000000000000000e+00	4.3648914954634123e+07
2.0525072003453299e-02	0.0000000000000000e+00	4.3648904585805476e+07
2.0542525295973300e-02	0.0000000000000000e+00	4.3648898938672163e+07
2.0559978588493202e-02	0.0000000000000000e+00	4.3648898538831800e+07
2.0577431881013099e-02	0.0000000000000000e+00	4.3648231882293917e+07
2.0594885173533101e-02	0.0000000000000000e+00	4.3644763503409058e+07
2.0612338466052999e-02	0.0000000000000000e+00	4.3643623838273317e+07
2.0629791758573001e-02	0.0000000000000000e+00	4.3646852071167603e+07
2.0647245051092899e-02	0.0000000000000000e+00	4.3648958748433433e+07
2.0664698343612901e-02	0.0000000000000000e+00	4.3648974715895638e+07
2.0682151636132799e-02	0.0000000000000000e+00	4.3648988452620074e+07
2.0699604928652700e-02	0.0000000000000000e+00	4.3648998658662461e+07
2.0717058221172702e-02	0.0000000000000000e+00	4.3649004374358222e+07
2.0734511513692599e-02	0.0000000000000000e+00	4.3649005064689666e+07
2.0751964806212601e-02	0.0000000000000000e+00	4.3649000664914653e+07
2.0769418098732499e-02	0.0000000000000000e+00	4.3648991584447563e+07
2.0786871391252501e-02	0.0000000000000000e+00	4.3639562602634341e+07
2.0804324683772399e-02	0.0000000000000000e+00	4.3632621641079165e+07
2.0821777976292300e-02	0.0000000000000000e+00	4.3629963610800609e+07
2.0839231268812299e-02	0.0000000000000000e+00	4.3631522612908907e+07
2.0856684561332200e-02	0.0000000000000000e+00	4.3637068721258372e+07
2.0874137853852202e-02	0.0000000000000000e+00	4.3643301216406405e+07
2.0891591146372099e-02	0.0000000000000000e+00	4.3645420087377839e+07
2.0909044438892101e-02	0.0000000000000000e+00	4.3641912395047441e+07
2.0926497731411999e-02	0.0000000000000000e+00	4.3635461355641730e+07
2.0943951023932001e-02	0.0000000000000000e+00	4.3629849910888366e+07
