0.0000000000000000e+00	0.0000000000000000e+00	0.0000000000000000e+00
1.7453292519943300e-05	0.0000000000000000e+00	4.1387315672182709e+07
3.4906585039886600e-05	0.0000000000000000e+00	7.1524876540844038e+07
5.2359877559829903e-05	0.0000000000000000e+00	7.3521264073522151e+07
6.9813170079773199e-05	0.0000000000000000e+00	7.5717045881812900e+07
8.7266462599716496e-05	0.0000000000000000e+00	6.3409806170020454e+07
1.0471975511966000e-04	0.0000000000000000e+00	1.0458540705818136e+08
1.2217304763960301e-04	0.0000000000000000e+00	1.1297034215180039e+08
1.3962634015954599e-04	0.0000000000000000e+00	5.9309048592963941e+07
1.5707963267949001e-04	0.0000000000000000e+00	2.0860169307096714e+08
1.7453292519943299e-04	0.0000000000000000e+00	5.1561534649662292e+08
1.9198621771937600e-04	0.0000000000000000e+00	8.1637635408478451e+08
2.0943951023931999e-04	0.0000000000000000e+00	1.0447317540384097e+09
2.2689280275926300e-04	0.0000000000000000e+00	1.1467338755921500e+09
2.4434609527920601e-04	0.0000000000000000e+00	1.1082611684734941e+09
2.6179938779914903e-04	0.0000000000000000e+00	9.5565413496766210e+08
2.7925268031909301e-04	0.0000000000000000e+00	7.5224459571064007e+08
2.9670597283903603e-04	0.0000000000000000e+00	5.8661394727223241e+08
3.1415926535897898e-04	0.0000000000000000e+00	5.4105149486994958e+08
3.3161255787892303e-04	0.0000000000000000e+00	6.2199148236583161e+08
3.4906585039886598e-04	0.0000000000000000e+00	7.4055430454932702e+08
3.6651914291880900e-04	0.0000000000000000e+00	7.9897981411786902e+08
3.8397243543875201e-04	0.0000000000000000e+00	7.2700427353989446e+08
4.0142572795869599e-04	0.0000000000000000e+00	5.1826256067555141e+08
4.1887902047863901e-04	0.0000000000000000e+00	2.9742973837512815e+08
4.3633231299858202e-04	0.0000000000000000e+00	5.3211571161728889e+08
4.5378560551852601e-04	0.0000000000000000e+00	1.0204182507175354e+09
4.7123889803846902e-04	0.0000000000000000e+00	1.1951974197099500e+09
4.8869219055841203e-04	0.0000000000000000e+00	9.1315561282175994e+08
5.0614548307835602e-04	0.0000000000000000e+00	2.0360211416478384e+08
5.2359877559829903e-04	0.0000000000000000e+00	7.1254771794077659e+08
5.4105206811824204e-04	0.0000000000000000e+00	1.5918143445241575e+09
5.5850536063818505e-04	0.0000000000000000e+00	2.1191681542796373e+09
5.7595865315812904e-04	0.0000000000000000e+00	2.0485515125939596e+09
5.9341194567807205e-04	0.0000000000000000e+00	1.4852576222679260e+09
6.1086523819801496e-04	0.0000000000000000e+00	1.0122341965801138e+09
6.2831853071795905e-04	0.0000000000000000e+00	4.5048791816916186e+08
6.4577182323790196e-04	0.0000000000000000e+00	1.3637208126768262e+09
6.6322511575784497e-04	0.0000000000000000e+00	2.0389924077644234e+09
6.8067840827778798e-04	0.0000000000000000e+00	2.0746232609818094e+09
6.9813170079773197e-04	0.0000000000000000e+00	1.5182070518503304e+09
7.1558499331767498e-04	0.0000000000000000e+00	8.3697506314138746e+09
7.3303828583761799e-04	0.0000000000000000e+00	1.6900452910863565e+10
7.5049157835756198e-04	0.0000000000000000e+00	2.0704789725599377e+10
7.6794487087750499e-04	0.0000000000000000e+00	1.7679155359855652e+10
7.8539816339744800e-04	0.0000000000000000e+00	1.0154234350019182e+10
8.0285145591739199e-04	0.0000000000000000e+00	1.9742578329746644e+09
8.2030474843733500e-04	0.0000000000000000e+00	2.8888904587768569e+09
8.3775804095727801e-04	0.0000000000000000e+00	1.5654373832259042e+09
8.5521133347722102e-04	0.0000000000000000e+00	4.2114812632049551e+09
8.7266462599716501e-04	0.0000000000000000e+00	1.0268253000377075e+10
8.9011791851710802e-04	0.0000000000000000e+00	1.4740638543992340e+10
9.0757121103705104e-04	0.0000000000000000e+00	1.6154684606682077e+10
9.2502450355699502e-04	0.0000000000000000e+00	1.2516761851006691e+10
9.4247779607693804e-04	0.0000000000000000e+00	6.3135361354718800e+09
9.5993108859688105e-04	0.0000000000000000e+00	1.3361754188772128e+09
9.7738438111682406e-04	0.0000000000000000e+00	2.4109711549323535e+09
9.9483767363676805e-04	0.0000000000000000e+00	2.6161753424556751e+09
1.0122909661567101e-03	0.0000000000000000e+00	1.3700282454230323e+09
1.0297442586766500e-03	0.0000000000000000e+00	1.8510893214321232e+09
1.0471975511966000e-03	0.0000000000000000e+00	5.0275708935439253e+09
1.0646508437165401e-03	0.0000000000000000e+00	4.1244083447756748e+09
1.0821041362364800e-03	0.0000000000000000e+00	9.7247177717468643e+08
1.0995574287564300e-03	0.0000000000000000e+00	6.1173888009269619e+09
1.1170107212763701e-03	0.0000000000000000e+00	7.2990308694218273e+09
1.1344640137963100e-03	0.0000000000000000e+00	4.4467593525761280e+09
1.1519173063162600e-03	0.0000000000000000e+00	1.7973895652927451e+09
1.1693705988361999e-03	0.0000000000000000e+00	3.7383050246003833e+09
1.1868238913561400e-03	0.0000000000000000e+00	2.8160573016198554e+09
1.2042771838760900e-03	0.0000000000000000e+00	2.3319938597499762e+09
1.2217304763960299e-03	0.0000000000000000e+00	4.2165701163511500e+09
1.2391837689159700e-03	0.0000000000000000e+00	5.1179624728673201e+09
1.2566370614359201e-03	0.0000000000000000e+00	6.6030853196346736e+08
1.2740903539558599e-03	0.0000000000000000e+00	5.1987235778632908e+09
1.2915436464758000e-03	0.0000000000000000e+00	4.4810152173971624e+09
1.3089969389957501e-03	0.0000000000000000e+00	3.2534885142794161e+09
1.3264502315156899e-03	0.0000000000000000e+00	3.4203532398963175e+09
1.3439035240356300e-03	0.0000000000000000e+00	3.7719128489367990e+09
1.3613568165555801e-03	0.0000000000000000e+00	3.4594779888104935e+09
1.3788101090755199e-03	0.0000000000000000e+00	4.3355196578144398e+09
1.3962634015954600e-03	0.0000000000000000e+00	9.5140507374963112e+09
1.4137166941154101e-03	0.0000000000000000e+00	7.5403907053765222e+11
1.4311699866353500e-03	0.0000000000000000e+00	1.0662676191049395e+12
1.4486232791552900e-03	0.0000000000000000e+00	1.1555940661966821e+12
1.4660765716752401e-03	0.0000000000000000e+00	1.1989110033910679e+12
1.4835298641951800e-03	0.0000000000000000e+00	1.5831700661268992e+13
1.5009831567151201e-03	0.0000000000000000e+00	1.1415473953776968e+12
1.5184364492350699e-03	0.0000000000000000e+00	1.3845455876232927e+12
1.5358897417550100e-03	0.0000000000000000e+00	1.3555833147741956e+12
1.5533430342749501e-03	0.0000000000000000e+00	1.3972625274918574e+12
1.5707963267948999e-03	0.0000000000000000e+00	1.4280554126142568e+12
1.5882496193148400e-03	0.0000000000000000e+00	1.4544333619345078e+12
1.6057029118347801e-03	0.0000000000000000e+00	1.4767205975082263e+12
1.6231562043547299e-03	0.0000000000000000e+00	1.4774810214243838e+12
1.6406094968746700e-03	0.0000000000000000e+00	1.4736505450450220e+12
1.6580627893946101e-03	0.0000000000000000e+00	1.3501878587962822e+12
1.6755160819145599e-03	0.0000000000000000e+00	6.9974875316914905e+11
1.6929693744345000e-03	0.0000000000000000e+00	1.0684238993272266e+12
1.7104226669544401e-03	0.0000000000000000e+00	8.5848642472613745e+11
1.7278759594743899e-03	0.0000000000000000e+00	1.4605657592080337e+12
1.7453292519943300e-03	0.0000000000000000e+00	1.9112198244596282e+12
1.7627825445142699e-03	0.0000000000000000e+00	1.9133840937367002e+12
1.7802358370342200e-03	0.0000000000000000e+00	1.9143432753291384e+12
1.7976891295541600e-03	0.0000000000000000e+00	1.9151183024985715e+12
1.8151424220740999e-03	0.0000000000000000e+00	1.9158412202257192e+12
1.8325957145940500e-03	0.0000000000000000e+00	1.9165222282909504e+12
1.8500490071139900e-03	0.0000000000000000e+00	1.9170640073820178e+12
1.8675022996339299e-03	0.0000000000000000e+00	1.9171463034963660e+12
1.8849555921538800e-03	0.0000000000000000e+00	1.9164791596584905e+12
1.9024088846738201e-03	0.0000000000000000e+00	1.9163361237490232e+12
1.9198621771937599e-03	0.0000000000000000e+00	1.9178109784766243e+12
1.9373154697137100e-03	0.0000000000000000e+00	1.9194549373765066e+12
1.9547687622336499e-03	0.0000000000000000e+00	1.9205911702643555e+12
1.9722220547535902e-03	0.0000000000000000e+00	1.9214750053574556e+12
1.9896753472735400e-03	0.0000000000000000e+00	1.9222450538212913e+12
2.0071286397934799e-03	0.0000000000000000e+00	1.9228744907796643e+12
2.0245819323134202e-03	0.0000000000000000e+00	1.9230979189442666e+12
2.0420352248333700e-03	0.0000000000000000e+00	1.9224024283485349e+12
2.0594885173533099e-03	0.0000000000000000e+00	1.9208982702922034e+12
2.0769418098732502e-03	0.0000000000000000e+00	1.9199400618356350e+12
2.0943951023932000e-03	0.0000000000000000e+00	1.9204414159831287e+12
2.1118483949131399e-03	0.0000000000000000e+00	2.2443313972837358e+12
2.1293016874330802e-03	0.0000000000000000e+00	2.2443313983001152e+12
2.1467549799530201e-03	0.0000000000000000e+00	2.2443313990858325e+12
2.1642082724729699e-03	0.0000000000000000e+00	2.2824895962855986e+12
2.1816615649929102e-03	0.0000000000000000e+00	2.2824894259875806e+12
2.1991148575128501e-03	0.0000000000000000e+00	2.2824892465800708e+12
2.2165681500327999e-03	0.0000000000000000e+00	2.2824890624081885e+12
2.2340214425527402e-03	0.0000000000000000e+00	2.2824888781156982e+12
2.2514747350726801e-03	0.0000000000000000e+00	2.2824886985022842e+12
2.2689280275926299e-03	0.0000000000000000e+00	2.2824885284093467e+12
2.2863813201125698e-03	0.0000000000000000e+00	2.2443313950556831e+12
2.3038346126325101e-03	0.0000000000000000e+00	2.2443313933279795e+12
2.3212879051524599e-03	0.0000000000000000e+00	2.2443313914169976e+12
2.3387411976723998e-03	0.0000000000000000e+00	2.2443313893689028e+12
2.3561944901923401e-03	0.0000000000000000e+00	2.2443313872346489e+12
2.3736477827122899e-03	0.0000000000000000e+00	2.2443313850685400e+12
2.3911010752322298e-03	0.0000000000000000e+00	2.2443313829266978e+12
2.4085543677521701e-03	0.0000000000000000e+00	2.2443313808655020e+12
2.4260076602721200e-03	0.0000000000000000e+00	2.2443313789400161e+12
2.4434609527920598e-03	0.0000000000000000e+00	2.2443313772023999e+12
2.4609142453120001e-03	0.0000000000000000e+00	2.2443313757005518e+12
2.4783675378319500e-03	0.0000000000000000e+00	2.2443313744768965e+12
2.4958208303518898e-03	0.0000000000000000e+00	2.2443313735673652e+12
2.5132741228718301e-03	0.0000000000000000e+00	2.2443313730001865e+12
2.5307274153917800e-03	0.0000000000000000e+00	2.2443313727954956e+12
2.5481807079117198e-03	0.0000000000000000e+00	2.2443313729649116e+12
2.5656340004316601e-03	0.0000000000000000e+00	2.2443313735109727e+12
2.5830872929516100e-03	0.0000000000000000e+00	2.2443313744272607e+12
2.6005405854715499e-03	0.0000000000000000e+00	2.2443313756984619e+12
2.6179938779914902e-03	0.0000000000000000e+00	2.2443313773004746e+12
2.6354471705114400e-03	0.0000000000000000e+00	2.2443313792009941e+12
2.6529004630313799e-03	0.0000000000000000e+00	2.2443313813599941e+12
2.6703537555513202e-03	0.0000000000000000e+00	2.2443313837304287e+12
2.6878070480712700e-03	0.0000000000000000e+00	2.2443313862591660e+12
2.7052603405912099e-03	0.0000000000000000e+00	2.2443313888879326e+12
2.7227136331111502e-03	0.0000000000000000e+00	2.2443313915544873e+12
2.7401669256311000e-03	0.0000000000000000e+00	2.2443313941939263e+12
2.7576202181510399e-03	0.0000000000000000e+00	2.2443313967400708e+12
2.7750735106709802e-03	0.0000000000000000e+00	2.2443313991269229e+12
2.7925268031909300e-03	0.0000000000000000e+00	2.2443314012904277e+12
2.8099800957108699e-03	0.0000000000000000e+00	2.2270077744608330e+12
2.8274333882308102e-03	0.0000000000000000e+00	2.2101069141683379e+12
2.8448866807507600e-03	0.0000000000000000e+00	2.1955073655246099e+12
2.8623399732706999e-03	0.0000000000000000e+00	2.1860333529821628e+12
2.8797932657906402e-03	0.0000000000000000e+00	2.1920073012720696e+12
2.8972465583105901e-03	0.0000000000000000e+00	2.2073466699595068e+12
2.9146998508305299e-03	0.0000000000000000e+00	2.2191630934349307e+12
2.9321531433504698e-03	0.0000000000000000e+00	2.2199297455575625e+12
2.9496064358704201e-03	0.0000000000000000e+00	2.2057710774270586e+12
2.9670597283903599e-03	0.0000000000000000e+00	2.1756607710100422e+12
2.9845130209102998e-03	0.0000000000000000e+00	2.1734675241851274e+12
3.0019663134302501e-03	0.0000000000000000e+00	2.1869396528784265e+12
3.0194196059501899e-03	0.0000000000000000e+00	2.1943256187396985e+12
3.0368728984701298e-03	0.0000000000000000e+00	2.1982887445263335e+12
3.0543261909900801e-03	0.0000000000000000e+00	2.2002475290519556e+12
3.0717794835100200e-03	0.0000000000000000e+00	2.1994348246479883e+12
3.0892327760299598e-03	0.0000000000000000e+00	2.1960370308330935e+12
3.1066860685499101e-03	0.0000000000000000e+00	2.1912987687316431e+12
3.1241393610698500e-03	0.0000000000000000e+00	2.1875632908566570e+12
3.1415926535897898e-03	0.0000000000000000e+00	2.1887731329528267e+12
3.1590459461097401e-03	0.0000000000000000e+00	2.1966369115504028e+12
3.1764992386296800e-03	0.0000000000000000e+00	2.2071741759847788e+12
3.1939525311496198e-03	0.0000000000000000e+00	2.2144801366545400e+12
3.2114058236695701e-03	0.0000000000000000e+00	2.2201928671568203e+12
3.2288591161895100e-03	0.0000000000000000e+00	2.2263983672645674e+12
3.2463124087094499e-03	0.0000000000000000e+00	2.2335401989444526e+12
3.2637657012294001e-03	0.0000000000000000e+00	2.2425215156346377e+12
3.2812189937493400e-03	0.0000000000000000e+00	2.2519650134681318e+12
3.2986722862692799e-03	0.0000000000000000e+00	2.2597423135429634e+12
3.3161255787892301e-03	0.0000000000000000e+00	2.2659018049115190e+12
3.3335788713091700e-03	0.0000000000000000e+00	2.2688942463239976e+12
3.3510321638291099e-03	0.0000000000000000e+00	2.2664788429003076e+12
3.3684854563490602e-03	0.0000000000000000e+00	2.2566250959937676e+12
3.3859387488690000e-03	0.0000000000000000e+00	2.2419336318376104e+12
3.4033920413889399e-03	0.0000000000000000e+00	2.2365287534826436e+12
3.4208453339088902e-03	0.0000000000000000e+00	2.2474271976547461e+12
3.4382986264288300e-03	0.0000000000000000e+00	2.2431452898451450e+12
3.4557519189487699e-03	0.0000000000000000e+00	2.2478387952705889e+12
3.4732052114687202e-03	0.0000000000000000e+00	2.2456050090826338e+12
3.4906585039886600e-03	0.0000000000000000e+00	2.2340795921217607e+12
3.5081117965085999e-03	0.0000000000000000e+00	2.2267210143181050e+12
3.5255650890285502e-03	0.0000000000000000e+00	2.2555593002332754e+12
3.5430183815484901e-03	0.0000000000000000e+00	2.3191361044296826e+12
3.5604716740684299e-03	0.0000000000000000e+00	2.3542568508991323e+12
3.5779249665883698e-03	0.0000000000000000e+00	2.3381153753301230e+12
3.5953782591083201e-03	0.0000000000000000e+00	2.2691050128107573e+12
3.6128315516282599e-03	0.0000000000000000e+00	2.2142236070859795e+12
3.6302848441482102e-03	0.0000000000000000e+00	2.2380497635260239e+12
3.6477381366681501e-03	0.0000000000000000e+00	2.2382087918728501e+12
3.6651914291880900e-03	0.0000000000000000e+00	2.2268065202751143e+12
3.6826447217080398e-03	0.0000000000000000e+00	2.2161271936390103e+12
3.7000980142279801e-03	0.0000000000000000e+00	2.2675606654122549e+12
3.7175513067479200e-03	0.0000000000000000e+00	2.2954060780747891e+12
3.7350045992678598e-03	0.0000000000000000e+00	2.3017421230231587e+12
3.7524578917878101e-03	0.0000000000000000e+00	2.2969325454223198e+12
3.7699111843077500e-03	0.0000000000000000e+00	2.2561905693825400e+12
3.7873644768276998e-03	0.0000000000000000e+00	2.2391959654672417e+12
3.8048177693476401e-03	0.0000000000000000e+00	2.3950427155471963e+12
3.8222710618675800e-03	0.0000000000000000e+00	2.2883267955636812e+12
3.8397243543875199e-03	0.0000000000000000e+00	2.6751230145793262e+12
3.8571776469074701e-03	0.0000000000000000e+00	2.4030199297475269e+12
3.8746309394274100e-03	0.0000000000000000e+00	2.2447668706179175e+12
3.8920842319473499e-03	0.0000000000000000e+00	2.2022877141515449e+12
3.9095375244672997e-03	0.0000000000000000e+00	2.2935957664649395e+12
3.9269908169872400e-03	0.0000000000000000e+00	2.3532742166609131e+12
3.9444441095071803e-03	0.0000000000000000e+00	2.3699392515119673e+12
3.9618974020271302e-03	0.0000000000000000e+00	2.2978244330889087e+12
3.9793506945470696e-03	0.0000000000000000e+00	2.1202161047997253e+12
3.9968039870670099e-03	0.0000000000000000e+00	2.3884350031078335e+12
4.0142572795869597e-03	0.0000000000000000e+00	2.7339367259273540e+12
4.0317105721069000e-03	0.0000000000000000e+00	2.6430337052775874e+12
4.0491638646268403e-03	0.0000000000000000e+00	2.6110013285835693e+12
4.0666171571467902e-03	0.0000000000000000e+00	2.6733011321534067e+12
4.0840704496667296e-03	0.0000000000000000e+00	2.8148334108876538e+12
4.1015237421866699e-03	0.0000000000000000e+00	2.0921217130046101e+12
4.1189770347066198e-03	0.0000000000000000e+00	2.5083077809589907e+12
4.1364303272265601e-03	0.0000000000000000e+00	2.9620738656613208e+12
4.1538836197465004e-03	0.0000000000000000e+00	2.9844495754898320e+12
4.1713369122664502e-03	0.0000000000000000e+00	2.9824257205688428e+12
4.1887902047863896e-03	0.0000000000000000e+00	2.9767680991066323e+12
4.2062434973063299e-03	0.0000000000000000e+00	3.2944796619474409e+12
4.2236967898262798e-03	0.0000000000000000e+00	3.5813725170828872e+12
4.2411500823462201e-03	0.0000000000000000e+00	3.4216599497780591e+12
4.2586033748661604e-03	0.0000000000000000e+00	2.9689164039469648e+12
4.2760566673861102e-03	0.0000000000000000e+00	3.4585343071245767e+12
4.2935099599060497e-03	0.0000000000000000e+00	2.9636459702670908e+12
4.3109632524259900e-03	0.0000000000000000e+00	2.9559471471765151e+12
4.3284165449459398e-03	0.0000000000000000e+00	2.9518828479399380e+12
4.3458698374658801e-03	0.0000000000000000e+00	2.9480059064282334e+12
4.3633231299858204e-03	0.0000000000000000e+00	2.9441703249701089e+12
4.3807764225057702e-03	0.0000000000000000e+00	2.9403695435430879e+12
4.3982297150257097e-03	0.0000000000000000e+00	2.9366028403189307e+12
4.4156830075456500e-03	0.0000000000000000e+00	2.9328716215894824e+12
4.4331363000655998e-03	0.0000000000000000e+00	2.9292011441112559e+12
4.4505895925855401e-03	0.0000000000000000e+00	2.9291655734627979e+12
4.4680428851054804e-03	0.0000000000000000e+00	2.7412025663660645e+12
4.4854961776254303e-03	0.0000000000000000e+00	2.4864114806762041e+12
4.5029494701453697e-03	0.0000000000000000e+00	2.4179461344438354e+12
4.5204027626653100e-03	0.0000000000000000e+00	2.5373664034631060e+12
4.5378560551852598e-03	0.0000000000000000e+00	3.2943822226366738e+12
4.5553093477052001e-03	0.0000000000000000e+00	2.9339001166055928e+12
4.5727626402251396e-03	0.0000000000000000e+00	2.7929774982540791e+12
4.5902159327450903e-03	0.0000000000000000e+00	2.1176638966546702e+12
4.6076692252650297e-03	0.0000000000000000e+00	2.1188967072493379e+12
4.6251225177849700e-03	0.0000000000000000e+00	2.1232857532132700e+12
4.6425758103049199e-03	0.0000000000000000e+00	2.1322936448978662e+12
4.6600291028248602e-03	0.0000000000000000e+00	2.1412405960110825e+12
4.6774823953447996e-03	0.0000000000000000e+00	2.1501334967617573e+12
4.6949356878647503e-03	0.0000000000000000e+00	2.1589735463067195e+12
4.7123889803846897e-03	0.0000000000000000e+00	2.1677609360057964e+12
4.7298422729046300e-03	0.0000000000000000e+00	2.1764680754696155e+12
4.7472955654245799e-03	0.0000000000000000e+00	2.1851002873124988e+12
4.7647488579445202e-03	0.0000000000000000e+00	2.1936497875225974e+12
4.7822021504644596e-03	0.0000000000000000e+00	2.2015049087492886e+12
4.7996554429844103e-03	0.0000000000000000e+00	2.4165832011227031e+12
4.8171087355043498e-03	0.0000000000000000e+00	3.2067002844353145e+12
4.8345620280242901e-03	0.0000000000000000e+00	3.0190840025320879e+12
4.8520153205442399e-03	0.0000000000000000e+00	2.9500345782243960e+12
4.8694686130641802e-03	0.0000000000000000e+00	2.9334898291833516e+12
4.8869219055841196e-03	0.0000000000000000e+00	2.2403662361276890e+12
4.9043751981040704e-03	0.0000000000000000e+00	2.4831313578747139e+12
4.9218284906240098e-03	0.0000000000000000e+00	2.5869768211106348e+12
4.9392817831439501e-03	0.0000000000000000e+00	2.1426914435651921e+12
4.9567350756638999e-03	0.0000000000000000e+00	1.6458517764001158e+13
4.9741883681838402e-03	0.0000000000000000e+00	2.6659050646952002e+12
4.9916416607037797e-03	0.0000000000000000e+00	1.9945599817597466e+12
5.0090949532237304e-03	0.0000000000000000e+00	2.0462266896549600e+12
5.0265482457436698e-03	0.0000000000000000e+00	2.1289526604766030e+12
5.0440015382636101e-03	0.0000000000000000e+00	2.1551643343343647e+12
5.0614548307835600e-03	0.0000000000000000e+00	1.9167152260843892e+12
5.0789081233035003e-03	0.0000000000000000e+00	2.2419073925749287e+12
5.0963614158234397e-03	0.0000000000000000e+00	2.2419073888377100e+12
5.1138147083433904e-03	0.0000000000000000e+00	2.2419073848530171e+12
5.1312680008633298e-03	0.0000000000000000e+00	2.2419073807277949e+12
5.1487212933832701e-03	0.0000000000000000e+00	2.2419073765717100e+12
5.1661745859032200e-03	0.0000000000000000e+00	2.2419073724939033e+12
5.1836278784231603e-03	0.0000000000000000e+00	2.2419073685990884e+12
5.2010811709430997e-03	0.0000000000000000e+00	2.2419073649844683e+12
5.2185344634630504e-03	0.0000000000000000e+00	2.1551643268151228e+12
5.2359877559829899e-03	0.0000000000000000e+00	2.1551643270599104e+12
5.2534410485029302e-03	0.0000000000000000e+00	2.1551643274852922e+12
5.2708943410228696e-03	0.0000000000000000e+00	2.2443313594042822e+12
5.2883476335428203e-03	0.0000000000000000e+00	2.1910833087772727e+12
5.3058009260627597e-03	0.0000000000000000e+00	2.1551643297247864e+12
5.3232542185827000e-03	0.0000000000000000e+00	2.1910833104265605e+12
5.3407075111026499e-03	0.0000000000000000e+00	2.1910833116027529e+12
5.3581608036225902e-03	0.0000000000000000e+00	2.1662219742631727e+13
5.3756140961425296e-03	0.0000000000000000e+00	2.1791167106595473e+13
5.3930673886624803e-03	0.0000000000000000e+00	2.2467915981003203e+12
5.4105206811824198e-03	0.0000000000000000e+00	2.2467916023613672e+12
5.4279739737023601e-03	0.0000000000000000e+00	2.2443313714615615e+12
5.4454272662223099e-03	0.0000000000000000e+00	2.1939015823718616e+12
5.4628805587422502e-03	0.0000000000000000e+00	2.1910833237137302e+12
5.4803338512621896e-03	0.0000000000000000e+00	2.1910833255642651e+12
5.4977871437821403e-03	0.0000000000000000e+00	2.2419073812116450e+12
5.5152404363020798e-03	0.0000000000000000e+00	2.1910833289398962e+12
5.5326937288220201e-03	0.0000000000000000e+00	2.1910833303782471e+12
5.5501470213419699e-03	0.0000000000000000e+00	2.2298768489266636e+12
5.5676003138619102e-03	0.0000000000000000e+00	2.2443314082161724e+12
5.5850536063818497e-03	0.0000000000000000e+00	2.2443314119075068e+12
5.6025068989018004e-03	0.0000000000000000e+00	2.0349554882710347e+12
5.6199601914217398e-03	0.0000000000000000e+00	1.7897609361273052e+12
5.6374134839416801e-03	0.0000000000000000e+00	1.7327412607129329e+12
5.6548667764616299e-03	0.0000000000000000e+00	1.6847085548300078e+12
5.6723200689815702e-03	0.0000000000000000e+00	1.8512942835691328e+13
5.6897733615015097e-03	0.0000000000000000e+00	1.7012874152757986e+12
5.7072266540214604e-03	0.0000000000000000e+00	1.7096584076854907e+12
5.7246799465413998e-03	0.0000000000000000e+00	1.7180851758818708e+12
5.7421332390613401e-03	0.0000000000000000e+00	1.7265679812433274e+12
5.7595865315812900e-03	0.0000000000000000e+00	1.7351074546578896e+12
5.7770398241012303e-03	0.0000000000000000e+00	1.7437044059208562e+12
5.7944931166211697e-03	0.0000000000000000e+00	1.8462356918440071e+12
5.8119464091411204e-03	0.0000000000000000e+00	1.8600406159984360e+12
5.8293997016610598e-03	0.0000000000000000e+00	1.8739964847754792e+12
5.8468529941810002e-03	0.0000000000000000e+00	1.8881066431700012e+12
5.8643062867009500e-03	0.0000000000000000e+00	1.9023746639549312e+12
5.8817595792208903e-03	0.0000000000000000e+00	1.9239741065629595e+12
5.8992128717408297e-03	0.0000000000000000e+00	1.9369774047710735e+12
5.9166661642607796e-03	0.0000000000000000e+00	1.9501145943497932e+12
5.9341194567807199e-03	0.0000000000000000e+00	1.9633884238589976e+12
5.9515727493006602e-03	0.0000000000000000e+00	1.9768017606616870e+12
5.9690260418206100e-03	0.0000000000000000e+00	1.9915067999583857e+12
5.9864793343405503e-03	0.0000000000000000e+00	2.0069866720815881e+12
6.0039326268604898e-03	0.0000000000000000e+00	2.0226565274029358e+12
6.0213859193804396e-03	0.0000000000000000e+00	2.0385211460767854e+12
6.0388392119003799e-03	0.0000000000000000e+00	2.0545858632632310e+12
6.0562925044203202e-03	0.0000000000000000e+00	2.0708559088707141e+12
6.0737457969402700e-03	0.0000000000000000e+00	2.0873363767648469e+12
6.0911990894602103e-03	0.0000000000000000e+00	2.1040326225463005e+12
6.1086523819801498e-03	0.0000000000000000e+00	2.1209501607325278e+12
6.1261056745000996e-03	0.0000000000000000e+00	2.1380948295580149e+12
6.1435589670200399e-03	0.0000000000000000e+00	2.1554727874246394e+12
6.1610122595399802e-03	0.0000000000000000e+00	2.1948813761574956e+12
6.1784655520599301e-03	0.0000000000000000e+00	2.1981306729157415e+12
6.1959188445798704e-03	0.0000000000000000e+00	2.1981306748394973e+12
6.2133721370998098e-03	0.0000000000000000e+00	2.1981306766246384e+12
6.2308254296197596e-03	0.0000000000000000e+00	2.1981306782249966e+12
6.2482787221396999e-03	0.0000000000000000e+00	2.1981306795963738e+12
6.2657320146596402e-03	0.0000000000000000e+00	2.1981306806980261e+12
6.2831853071795901e-03	0.0000000000000000e+00	2.1981306814942559e+12
6.3006385996995304e-03	0.0000000000000000e+00	2.1783670333890396e+12
6.3180918922194698e-03	0.0000000000000000e+00	2.1599612027550703e+12
6.3355451847394197e-03	0.0000000000000000e+00	2.1472662588872480e+12
6.3529984772593600e-03	0.0000000000000000e+00	2.1457140861628210e+12
6.3704517697793003e-03	0.0000000000000000e+00	2.1532292134379819e+12
6.3879050622992501e-03	0.0000000000000000e+00	2.1590544608186487e+12
6.4053583548191904e-03	0.0000000000000000e+00	2.1546047494053159e+12
6.4228116473391298e-03	0.0000000000000000e+00	2.1351861502751287e+12
6.4402649398590797e-03	0.0000000000000000e+00	2.1058486845925889e+12
6.4577182323790200e-03	0.0000000000000000e+00	2.0847276556711294e+12
6.4751715248989603e-03	0.0000000000000000e+00	2.0796541239128037e+12
6.4926248174188997e-03	0.0000000000000000e+00	2.0871539734701128e+12
6.5100781099388504e-03	0.0000000000000000e+00	2.0968359658800444e+12
6.5275314024587899e-03	0.0000000000000000e+00	2.1062512583622498e+12
6.5449846949787302e-03	0.0000000000000000e+00	2.1178761552794932e+12
6.5624379874986800e-03	0.0000000000000000e+00	2.1222413541750247e+12
6.5798912800186203e-03	0.0000000000000000e+00	2.1090316071854600e+12
6.5973445725385597e-03	0.0000000000000000e+00	2.0829423580100793e+12
6.6147978650585096e-03	0.0000000000000000e+00	2.0386418640911299e+12
6.6322511575784499e-03	0.0000000000000000e+00	1.9898059758102021e+12
6.6497044500983902e-03	0.0000000000000000e+00	1.9631499013060813e+12
6.6671577426183400e-03	0.0000000000000000e+00	1.9868169840574409e+12
6.6846110351382803e-03	0.0000000000000000e+00	2.0543484627015698e+12
6.7020643276582198e-03	0.0000000000000000e+00	2.1283029099447678e+12
6.7195176201781696e-03	0.0000000000000000e+00	2.1962058979740264e+12
6.7369709126981099e-03	0.0000000000000000e+00	2.1899392332669470e+12
6.7544242052180502e-03	0.0000000000000000e+00	2.2017128071576885e+12
6.7718774977380001e-03	0.0000000000000000e+00	2.1997325035906606e+12
6.7893307902579404e-03	0.0000000000000000e+00	2.1973715830091719e+12
6.8067840827778798e-03	0.0000000000000000e+00	2.1712449955044636e+12
6.8242373752978296e-03	0.0000000000000000e+00	2.1411877316228247e+12
6.8416906678177699e-03	0.0000000000000000e+00	2.1194208353490583e+12
6.8591439603377102e-03	0.0000000000000000e+00	2.1037411974612393e+12
6.8765972528576601e-03	0.0000000000000000e+00	2.1067943019267644e+12
6.8940505453776004e-03	0.0000000000000000e+00	2.1271847053179724e+12
6.9115038378975398e-03	0.0000000000000000e+00	2.1542340425950613e+12
6.9289571304174897e-03	0.0000000000000000e+00	2.1798017225134783e+12
6.9464104229374300e-03	0.0000000000000000e+00	2.1647680733545701e+12
6.9638637154573703e-03	0.0000000000000000e+00	2.1587098456528728e+12
6.9813170079773201e-03	0.0000000000000000e+00	2.2077049179089268e+12
6.9987703004972604e-03	0.0000000000000000e+00	2.2310106725167383e+12
7.0162235930171998e-03	0.0000000000000000e+00	2.2255357410187031e+12
7.0336768855371497e-03	0.0000000000000000e+00	2.2260800755253994e+12
7.0511301780570900e-03	0.0000000000000000e+00	2.2263708278418687e+12
7.0685834705770303e-03	0.0000000000000000e+00	2.2225004085094570e+12
7.0860367630969801e-03	0.0000000000000000e+00	2.2276178356297119e+12
7.1034900556169204e-03	0.0000000000000000e+00	2.2342947079066934e+12
7.1209433481368599e-03	0.0000000000000000e+00	2.2093336633475376e+12
7.1383966406568097e-03	0.0000000000000000e+00	2.2113134544284507e+12
7.1558499331767500e-03	0.0000000000000000e+00	2.2263355370826079e+12
7.1733032256966903e-03	0.0000000000000000e+00	2.2389774127185493e+12
7.1907565182166401e-03	0.0000000000000000e+00	2.2485331438191641e+12
7.2082098107365796e-03	0.0000000000000000e+00	2.2691458515397153e+12
7.2256631032565199e-03	0.0000000000000000e+00	2.2600378758688320e+12
7.2431163957764697e-03	0.0000000000000000e+00	2.2308466463666030e+12
7.2605696882964100e-03	0.0000000000000000e+00	2.2037868341220591e+12
7.2780229808163503e-03	0.0000000000000000e+00	2.1228160801326060e+12
7.2954762733363002e-03	0.0000000000000000e+00	2.1003897674201938e+12
7.3129295658562396e-03	0.0000000000000000e+00	2.0869650345934846e+12
7.3303828583761799e-03	0.0000000000000000e+00	2.0799804699756570e+12
7.3478361508961297e-03	0.0000000000000000e+00	2.0823843523572727e+12
7.3652894434160700e-03	0.0000000000000000e+00	2.0917872874354995e+12
7.3827427359360103e-03	0.0000000000000000e+00	2.1066892691088713e+12
7.4001960284559602e-03	0.0000000000000000e+00	2.1449363837346196e+12
7.4176493209758996e-03	0.0000000000000000e+00	2.2889735700502075e+12
7.4351026134958399e-03	0.0000000000000000e+00	2.4041869267925718e+12
7.4525559060157898e-03	0.0000000000000000e+00	2.4645887232805962e+12
7.4700091985357301e-03	0.0000000000000000e+00	2.4781763696201460e+12
7.4874624910556704e-03	0.0000000000000000e+00	2.4648085749221226e+12
7.5049157835756202e-03	0.0000000000000000e+00	2.4441912563442500e+12
7.5223690760955596e-03	0.0000000000000000e+00	2.4264169094004165e+12
7.5398223686154999e-03	0.0000000000000000e+00	2.4057818013309717e+12
7.5572756611354498e-03	0.0000000000000000e+00	2.3792680397521753e+12
7.5747289536553901e-03	0.0000000000000000e+00	2.3551512761257407e+12
7.5921822461753304e-03	0.0000000000000000e+00	2.3476060312796074e+12
7.6096355386952802e-03	0.0000000000000000e+00	2.3517932945250889e+12
7.6270888312152197e-03	0.0000000000000000e+00	2.3543501579095957e+12
7.6445421237351600e-03	0.0000000000000000e+00	2.3469866190216074e+12
7.6619954162551098e-03	0.0000000000000000e+00	2.3339774394708809e+12
7.6794487087750501e-03	0.0000000000000000e+00	2.3142028246199790e+12
7.6969020012949904e-03	0.0000000000000000e+00	2.3110652993085220e+12
7.7143552938149403e-03	0.0000000000000000e+00	2.3088249610000562e+12
7.7318085863348797e-03	0.0000000000000000e+00	2.3075693473399092e+12
7.7492618788548200e-03	0.0000000000000000e+00	2.3066116142960073e+12
7.7667151713747698e-03	0.0000000000000000e+00	2.3051161562795205e+12
7.7841684638947101e-03	0.0000000000000000e+00	2.3031994823113354e+12
7.8016217564146496e-03	0.0000000000000000e+00	2.3004522691103823e+12
7.8190750489345994e-03	0.0000000000000000e+00	2.2943977023952520e+12
7.8365283414545406e-03	0.0000000000000000e+00	2.2595293853773550e+12
7.8539816339744800e-03	0.0000000000000000e+00	2.2147321264180288e+12
7.8714349264944194e-03	0.0000000000000000e+00	2.1993814097047710e+12
7.8888882190143693e-03	0.0000000000000000e+00	2.1963322033664834e+12
7.9063415115343105e-03	0.0000000000000000e+00	2.1946091407723550e+12
7.9237948040542603e-03	0.0000000000000000e+00	2.1934000145428740e+12
7.9412480965741997e-03	0.0000000000000000e+00	2.1902589833053574e+12
7.9587013890941392e-03	0.0000000000000000e+00	2.1848085176194419e+12
7.9761546816140907e-03	0.0000000000000000e+00	2.1788322851992893e+12
7.9936079741340302e-03	0.0000000000000000e+00	2.1733462755970635e+12
8.0110612666539696e-03	0.0000000000000000e+00	2.1687212846338733e+12
8.0285145591739195e-03	0.0000000000000000e+00	2.1667084130749988e+12
8.0459678516938606e-03	0.0000000000000000e+00	2.1686515008746860e+12
8.0634211442138001e-03	0.0000000000000000e+00	2.1742596419665906e+12
8.0808744367337395e-03	0.0000000000000000e+00	2.1822947244261926e+12
8.0983277292536893e-03	0.0000000000000000e+00	2.1919647159655818e+12
8.1157810217736305e-03	0.0000000000000000e+00	2.2004379688371997e+12
8.1332343142935803e-03	0.0000000000000000e+00	2.2017310295617173e+12
8.1506876068135198e-03	0.0000000000000000e+00	2.1947945385285034e+12
8.1681408993334592e-03	0.0000000000000000e+00	2.1820334134578489e+12
8.1855941918534108e-03	0.0000000000000000e+00	2.1664614078631238e+12
8.2030474843733502e-03	0.0000000000000000e+00	2.1498073720572812e+12
8.2205007768932897e-03	0.0000000000000000e+00	2.1355806702933674e+12
8.2379540694132308e-03	0.0000000000000000e+00	2.1285511246950872e+12
8.2554073619331807e-03	0.0000000000000000e+00	2.1326813057610630e+12
8.2728606544531201e-03	0.0000000000000000e+00	2.1473840545473821e+12
8.2903139469730595e-03	0.0000000000000000e+00	2.1654456567754910e+12
8.3077672394930094e-03	0.0000000000000000e+00	2.1822648279329758e+12
8.3252205320129506e-03	0.0000000000000000e+00	2.2373259066057900e+12
8.3426738245328900e-03	0.0000000000000000e+00	2.2002233549851094e+12
8.3601271170528398e-03	0.0000000000000000e+00	2.1677679039343860e+12
8.3775804095727793e-03	0.0000000000000000e+00	2.1487397541638496e+12
8.3950337020927204e-03	0.0000000000000000e+00	2.1511626090034658e+12
8.4124869946126703e-03	0.0000000000000000e+00	2.1706939333368953e+12
8.4299402871326097e-03	0.0000000000000000e+00	2.1819548692069983e+12
8.4473935796525491e-03	0.0000000000000000e+00	2.1817211229623865e+12
8.4648468721725007e-03	0.0000000000000000e+00	2.1721663056398540e+12
8.4823001646924402e-03	0.0000000000000000e+00	2.1644987985964790e+12
8.4997534572123796e-03	0.0000000000000000e+00	2.1691308147648882e+12
8.5172067497323294e-03	0.0000000000000000e+00	2.1885945787970027e+12
8.5346600422522706e-03	0.0000000000000000e+00	2.2162615914634014e+12
8.5521133347722100e-03	0.0000000000000000e+00	2.2447057732502461e+12
8.5695666272921599e-03	0.0000000000000000e+00	2.2690129052666807e+12
8.5870199198120993e-03	0.0000000000000000e+00	2.2838975023833506e+12
8.6044732123320405e-03	0.0000000000000000e+00	2.2880226250558677e+12
8.6219265048519903e-03	0.0000000000000000e+00	2.2821271521713428e+12
8.6393797973719298e-03	0.0000000000000000e+00	2.2710756557576694e+12
8.6568330898918692e-03	0.0000000000000000e+00	2.2663018801424990e+12
8.6742863824118208e-03	0.0000000000000000e+00	2.2760875227330093e+12
8.6917396749317602e-03	0.0000000000000000e+00	2.3000733285342056e+12
8.7091929674516996e-03	0.0000000000000000e+00	2.3319615526592681e+12
8.7266462599716495e-03	0.0000000000000000e+00	2.3624434323885815e+12
8.7440995524915906e-03	0.0000000000000000e+00	2.3859576977638052e+12
8.7615528450115301e-03	0.0000000000000000e+00	2.4000310467513931e+12
8.7790061375314799e-03	0.0000000000000000e+00	2.4016053386790479e+12
8.7964594300514194e-03	0.0000000000000000e+00	2.3880525543343633e+12
8.8139127225713605e-03	0.0000000000000000e+00	2.3590224167535986e+12
8.8313660150913104e-03	0.0000000000000000e+00	2.3264874707092280e+12
8.8488193076112498e-03	0.0000000000000000e+00	2.3100093740424751e+12
8.8662726001311892e-03	0.0000000000000000e+00	2.3166798290693486e+12
8.8837258926511408e-03	0.0000000000000000e+00	2.3430604571122964e+12
8.9011791851710802e-03	0.0000000000000000e+00	2.3808125896839170e+12
8.9186324776910197e-03	0.0000000000000000e+00	2.4211627958903159e+12
8.9360857702109695e-03	0.0000000000000000e+00	2.4551404975843491e+12
8.9535390627309107e-03	0.0000000000000000e+00	2.4751297355901646e+12
8.9709923552508501e-03	0.0000000000000000e+00	2.4791238636061982e+12
8.9884456477708000e-03	0.0000000000000000e+00	2.4652976836887661e+12
9.0058989402907394e-03	0.0000000000000000e+00	2.4299570272873555e+12
9.0233522328106806e-03	0.0000000000000000e+00	2.3817447720049600e+12
9.0408055253306304e-03	0.0000000000000000e+00	2.3335084339357363e+12
9.0582588178505698e-03	0.0000000000000000e+00	2.2886308865997612e+12
9.0757121103705093e-03	0.0000000000000000e+00	2.2509780615100088e+12
9.0931654028904609e-03	0.0000000000000000e+00	2.1381851550239263e+12
9.1106186954104003e-03	0.0000000000000000e+00	2.1381851539714570e+12
9.1280719879303397e-03	0.0000000000000000e+00	2.1381851527837532e+12
9.1455252804502896e-03	0.0000000000000000e+00	2.1381851514992805e+12
9.1629785729702307e-03	0.0000000000000000e+00	2.1381851501600525e+12
9.1804318654901702e-03	0.0000000000000000e+00	2.1551643386883582e+12
9.1978851580101200e-03	0.0000000000000000e+00	2.1551643372266274e+12
9.2153384505300594e-03	0.0000000000000000e+00	2.1551643357254229e+12
9.2327917430500006e-03	0.0000000000000000e+00	2.1551643342294910e+12
9.2502450355699505e-03	0.0000000000000000e+00	2.1381851440922695e+12
9.2676983280898899e-03	0.0000000000000000e+00	2.1381851432422944e+12
9.2851516206098293e-03	0.0000000000000000e+00	2.1381851425649802e+12
9.3026049131297792e-03	0.0000000000000000e+00	2.1381851420689905e+12
9.3200582056497203e-03	0.0000000000000000e+00	2.1381851417570283e+12
9.3375114981696598e-03	0.0000000000000000e+00	2.1381851416267786e+12
9.3549647906896096e-03	0.0000000000000000e+00	2.1381851416719988e+12
9.3724180832095508e-03	0.0000000000000000e+00	2.1381851418835959e+12
9.3898713757294902e-03	0.0000000000000000e+00	2.1381851422505842e+12
9.4073246682494296e-03	0.0000000000000000e+00	2.1381851427608118e+12
9.4247779607693795e-03	0.0000000000000000e+00	2.1381851434014414e+12
9.4422312532893207e-03	0.0000000000000000e+00	2.1381851441592026e+12
9.4596845458092705e-03	0.0000000000000000e+00	2.1381851450203926e+12
9.4771378383292099e-03	0.0000000000000000e+00	2.1381851459706938e+12
9.4945911308491494e-03	0.0000000000000000e+00	2.1381851469948794e+12
9.5120444233690905e-03	0.0000000000000000e+00	2.1381851480764465e+12
9.5294977158890404e-03	0.0000000000000000e+00	2.1381851491972700e+12
9.5469510084089798e-03	0.0000000000000000e+00	2.1381851503373213e+12
9.5644043009289192e-03	0.0000000000000000e+00	2.1381851514744958e+12
9.5818575934488708e-03	0.0000000000000000e+00	2.1381851525846663e+12
9.5993108859688103e-03	0.0000000000000000e+00	2.1381851536418982e+12
9.6167641784887497e-03	0.0000000000000000e+00	2.1381851546189382e+12
9.6342174710086995e-03	0.0000000000000000e+00	2.1381851554879412e+12
9.6516707635286407e-03	0.0000000000000000e+00	2.1381851562214233e+12
9.6691240560485905e-03	0.0000000000000000e+00	2.1381851567934363e+12
9.6865773485685300e-03	0.0000000000000000e+00	2.1381851571808779e+12
9.7040306410884694e-03	0.0000000000000000e+00	2.1381851573648772e+12
9.7214839336084106e-03	0.0000000000000000e+00	2.1381851573321621e+12
9.7389372261283604e-03	0.0000000000000000e+00	2.1381851570762632e+12
9.7563905186482999e-03	0.0000000000000000e+00	2.1381851565984680e+12
9.7738438111682393e-03	0.0000000000000000e+00	2.1381851559083936e+12
9.7912971036881909e-03	0.0000000000000000e+00	2.1868693458356348e+12
9.8087503962081303e-03	0.0000000000000000e+00	2.2184901373356089e+12
9.8262036887280697e-03	0.0000000000000000e+00	2.2131728487133872e+12
9.8436569812480196e-03	0.0000000000000000e+00	2.1345911373760659e+12
9.8611102737679607e-03	0.0000000000000000e+00	2.1328616262794065e+12
9.8785635662879106e-03	0.0000000000000000e+00	2.1360666288653027e+12
9.8960168588078500e-03	0.0000000000000000e+00	2.1841222228574080e+12
9.9134701513277895e-03	0.0000000000000000e+00	2.3620719289923730e+12
9.9309234438477306e-03	0.0000000000000000e+00	2.4959105416600430e+12
9.9483767363676805e-03	0.0000000000000000e+00	2.5753615823038579e+12
9.9658300288876199e-03	0.0000000000000000e+00	2.6188564839192100e+12
9.9832833214075593e-03	0.0000000000000000e+00	2.6213232884715981e+12
1.0000736613927501e-02	0.0000000000000000e+00	2.5381257064712017e+12
1.0018189906447501e-02	0.0000000000000000e+00	2.2506454023678306e+12
1.0035643198967400e-02	0.0000000000000000e+00	2.1429558499853745e+12
1.0053096491487300e-02	0.0000000000000000e+00	2.1772288854252915e+12
1.0070549784007300e-02	0.0000000000000000e+00	2.2767567564259009e+12
1.0088003076527199e-02	0.0000000000000000e+00	2.2108423668599893e+12
1.0105456369047200e-02	0.0000000000000000e+00	2.1989327447735564e+12
1.0122909661567101e-02	0.0000000000000000e+00	2.1742057160743252e+12
1.0140362954087099e-02	0.0000000000000000e+00	2.1466619429834189e+12
1.0157816246607001e-02	0.0000000000000000e+00	2.1206195760217644e+12
1.0175269539126900e-02	0.0000000000000000e+00	2.1234222977826230e+12
1.0192722831646900e-02	0.0000000000000000e+00	2.3275103335864141e+12
1.0210176124166800e-02	0.0000000000000000e+00	2.1787770306755286e+12
1.0227629416686800e-02	0.0000000000000000e+00	2.1999305967001426e+12
1.0245082709206699e-02	0.0000000000000000e+00	2.2142168537795396e+12
1.0262536001726700e-02	0.0000000000000000e+00	2.2221629915280659e+12
1.0279989294246601e-02	0.0000000000000000e+00	2.2255923888130073e+12
1.0297442586766500e-02	0.0000000000000000e+00	2.2253080267070991e+12
1.0314895879286501e-02	0.0000000000000000e+00	2.2206650531157871e+12
1.0332349171806400e-02	0.0000000000000000e+00	2.2111569869811069e+12
1.0349802464326400e-02	0.0000000000000000e+00	2.1984491541086567e+12
1.0367255756846300e-02	0.0000000000000000e+00	2.1861230525656260e+12
1.0384709049366300e-02	0.0000000000000000e+00	2.1762002359489094e+12
1.0402162341886199e-02	0.0000000000000000e+00	2.1673730613043103e+12
1.0419615634406101e-02	0.0000000000000000e+00	2.1595746027354514e+12
1.0437068926926101e-02	0.0000000000000000e+00	2.1582507169346355e+12
1.0454522219446000e-02	0.0000000000000000e+00	2.1628943274297083e+12
1.0471975511966001e-02	0.0000000000000000e+00	2.1724190126140503e+12
1.0489428804485900e-02	0.0000000000000000e+00	2.2900584592462788e+12
1.0506882097005900e-02	0.0000000000000000e+00	2.3850416078165522e+12
1.0524335389525800e-02	0.0000000000000000e+00	2.4531734719235605e+12
1.0541788682045699e-02	0.0000000000000000e+00	2.4529791680221909e+12
1.0559241974565699e-02	0.0000000000000000e+00	2.2920749208926934e+12
1.0576695267085601e-02	0.0000000000000000e+00	2.0812719111037280e+12
1.0594148559605601e-02	0.0000000000000000e+00	2.0627919663449282e+12
1.0611601852125500e-02	0.0000000000000000e+00	2.0627425956734346e+12
1.0629055144645501e-02	0.0000000000000000e+00	2.0626308287316919e+12
1.0646508437165400e-02	0.0000000000000000e+00	2.1344548493285676e+12
1.0663961729685400e-02	0.0000000000000000e+00	2.3900311441770400e+12
1.0681415022205300e-02	0.0000000000000000e+00	2.5825904130346929e+12
1.0698868314725199e-02	0.0000000000000000e+00	2.6539388644521128e+12
1.0716321607245199e-02	0.0000000000000000e+00	2.6354249976051597e+12
1.0733774899765101e-02	0.0000000000000000e+00	2.5195620647670889e+12
1.0751228192285101e-02	0.0000000000000000e+00	2.2957791173206846e+12
1.0768681484805000e-02	0.0000000000000000e+00	2.1309458616160615e+12
1.0786134777325001e-02	0.0000000000000000e+00	2.1321896730563057e+12
1.0803588069844900e-02	0.0000000000000000e+00	2.1426342815060928e+12
1.0821041362364800e-02	0.0000000000000000e+00	2.2863635239813701e+12
1.0838494654884800e-02	0.0000000000000000e+00	2.4362687091984575e+12
1.0855947947404699e-02	0.0000000000000000e+00	2.5365335628615518e+12
1.0873401239924699e-02	0.0000000000000000e+00	2.5286779260211772e+12
1.0890854532444601e-02	0.0000000000000000e+00	2.3087863298016138e+12
1.0908307824964599e-02	0.0000000000000000e+00	2.1291037665800537e+12
1.0925761117484500e-02	0.0000000000000000e+00	2.1142932237323306e+12
1.0943214410004400e-02	0.0000000000000000e+00	1.8805066562092749e+12
1.0960667702524400e-02	0.0000000000000000e+00	1.7334638502926931e+12
1.0978120995044300e-02	0.0000000000000000e+00	1.7329490868454111e+12
1.0995574287564300e-02	0.0000000000000000e+00	1.8393710684329443e+12
1.1013027580084199e-02	0.0000000000000000e+00	2.1099925243163267e+12
1.1030480872604199e-02	0.0000000000000000e+00	2.1239283737563745e+12
1.1047934165124101e-02	0.0000000000000000e+00	2.3584986488298037e+12
1.1065387457644000e-02	0.0000000000000000e+00	2.6042535315633599e+12
1.1082840750164000e-02	0.0000000000000000e+00	2.7012044999847358e+12
1.1100294042683900e-02	0.0000000000000000e+00	2.6431140382797998e+12
1.1117747335203900e-02	0.0000000000000000e+00	2.5898614722794634e+12
1.1135200627723800e-02	0.0000000000000000e+00	2.0369342307586711e+12
1.1152653920243800e-02	0.0000000000000000e+00	1.9022479243903625e+12
1.1170107212763699e-02	0.0000000000000000e+00	1.1680258243032202e+12
1.1187560505283699e-02	0.0000000000000000e+00	1.1680172853226111e+12
1.1205013797803601e-02	0.0000000000000000e+00	1.1680100227286758e+12
1.1222467090323500e-02	0.0000000000000000e+00	1.1680062541399478e+12
1.1239920382843500e-02	0.0000000000000000e+00	1.1680075023414326e+12
1.1257373675363400e-02	0.0000000000000000e+00	1.1680121334092515e+12
1.1274826967883400e-02	0.0000000000000000e+00	1.1680166986019033e+12
1.1292280260403300e-02	0.0000000000000000e+00	1.1680177959668489e+12
1.1309733552923300e-02	0.0000000000000000e+00	1.1680140091664155e+12
1.1327186845443199e-02	0.0000000000000000e+00	1.1680065160611296e+12
1.1344640137963101e-02	0.0000000000000000e+00	1.1679976251126506e+12
1.1362093430483101e-02	0.0000000000000000e+00	1.1679894856214260e+12
1.1379546723003000e-02	0.0000000000000000e+00	1.1679843138813579e+12
1.1397000015523000e-02	0.0000000000000000e+00	1.1679854765647686e+12
1.1414453308042900e-02	0.0000000000000000e+00	1.1679948651796958e+12
1.1431906600562900e-02	0.0000000000000000e+00	1.1680087627466846e+12
1.1449359893082800e-02	0.0000000000000000e+00	1.1680215169105247e+12
1.1466813185602699e-02	0.0000000000000000e+00	1.1680280853978635e+12
1.1484266478122699e-02	0.0000000000000000e+00	1.1680259222870874e+12
1.1501719770642601e-02	0.0000000000000000e+00	1.1680154376038645e+12
1.1519173063162601e-02	0.0000000000000000e+00	1.1680022465809041e+12
1.1536626355682500e-02	0.0000000000000000e+00	1.1679925343041660e+12
1.1554079648202500e-02	0.0000000000000000e+00	1.1679862967558828e+12
1.1571532940722400e-02	0.0000000000000000e+00	1.1679811021697180e+12
1.1588986233242300e-02	0.0000000000000000e+00	1.1679788937656968e+12
1.1606439525762300e-02	0.0000000000000000e+00	1.1679836518147192e+12
1.1623892818282199e-02	0.0000000000000000e+00	1.1679927484268838e+12
1.1641346110802199e-02	0.0000000000000000e+00	1.1679989436286555e+12
1.1658799403322101e-02	0.0000000000000000e+00	1.1679974416100815e+12
1.1676252695842101e-02	0.0000000000000000e+00	1.1679902576551880e+12
1.1693705988362000e-02	0.0000000000000000e+00	1.1679826940725703e+12
1.1711159280882000e-02	0.0000000000000000e+00	1.1679759503794253e+12
1.1728612573401900e-02	0.0000000000000000e+00	1.1679704342036780e+12
1.1746065865921800e-02	0.0000000000000000e+00	1.1679674655121572e+12
1.1763519158441800e-02	0.0000000000000000e+00	1.1679679858964573e+12
1.1780972450961699e-02	0.0000000000000000e+00	1.1679738853109387e+12
1.1798425743481699e-02	0.0000000000000000e+00	1.1679869396626099e+12
1.1815879036001601e-02	0.0000000000000000e+00	1.1680028852795620e+12
1.1833332328521601e-02	0.0000000000000000e+00	1.1680186669355854e+12
1.1850785621041500e-02	0.0000000000000000e+00	1.1680377548390776e+12
1.1868238913561400e-02	0.0000000000000000e+00	1.1680551706337776e+12
1.1885692206081400e-02	0.0000000000000000e+00	2.2467916627647974e+12
1.1903145498601300e-02	0.0000000000000000e+00	2.2467916659216104e+12
1.1920598791121300e-02	0.0000000000000000e+00	2.2467916681620303e+12
1.1938052083641199e-02	0.0000000000000000e+00	2.2467916694185391e+12
1.1955505376161199e-02	0.0000000000000000e+00	2.2735840162767720e+12
1.1972958668681101e-02	0.0000000000000000e+00	2.2735838737505840e+12
1.1990411961201000e-02	0.0000000000000000e+00	2.2735837214218237e+12
1.2007865253721000e-02	0.0000000000000000e+00	2.2735835630588579e+12
1.2025318546240900e-02	0.0000000000000000e+00	2.2735834026784941e+12
1.2042771838760900e-02	0.0000000000000000e+00	2.2467916557463008e+12
1.2060225131280800e-02	0.0000000000000000e+00	2.2467916504227964e+12
1.2077678423800800e-02	0.0000000000000000e+00	2.2467916445257158e+12
1.2095131716320699e-02	0.0000000000000000e+00	2.2467916382123062e+12
1.2112585008840600e-02	0.0000000000000000e+00	2.2467916316513926e+12
1.2130038301360601e-02	0.0000000000000000e+00	2.2467916250177212e+12
1.2147491593880500e-02	0.0000000000000000e+00	2.2467916184863984e+12
1.2164944886400500e-02	0.0000000000000000e+00	2.2467916122273652e+12
1.2182398178920400e-02	0.0000000000000000e+00	2.2467916064001685e+12
1.2199851471440400e-02	0.0000000000000000e+00	2.2467916011495835e+12
1.2217304763960300e-02	0.0000000000000000e+00	2.2467915966019966e+12
1.2234758056480201e-02	0.0000000000000000e+00	2.2467915928629590e+12
1.2252211349000199e-02	0.0000000000000000e+00	2.2467915900151880e+12
1.2269664641520101e-02	0.0000000000000000e+00	2.2467915881171289e+12
1.2287117934040101e-02	0.0000000000000000e+00	2.2467915872026992e+12
1.2304571226560000e-02	0.0000000000000000e+00	2.2467915872823301e+12
1.2322024519080000e-02	0.0000000000000000e+00	2.2467915883433872e+12
1.2339477811599900e-02	0.0000000000000000e+00	2.2467915903514536e+12
1.2356931104119900e-02	0.0000000000000000e+00	2.2467915932521479e+12
1.2374384396639800e-02	0.0000000000000000e+00	2.2467915969726836e+12
1.2391837689159701e-02	0.0000000000000000e+00	2.2467916014236572e+12
1.2409290981679699e-02	0.0000000000000000e+00	2.2467916065012051e+12
1.2426744274199601e-02	0.0000000000000000e+00	2.2467916120888750e+12
1.2444197566719601e-02	0.0000000000000000e+00	2.2467916180597212e+12
1.2461650859239500e-02	0.0000000000000000e+00	2.2467916242785122e+12
1.2479104151759500e-02	0.0000000000000000e+00	2.2467916306039517e+12
1.2496557444279400e-02	0.0000000000000000e+00	2.2467916368911260e+12
1.2514010736799299e-02	0.0000000000000000e+00	2.2467916429940562e+12
1.2531464029319300e-02	0.0000000000000000e+00	2.2467916487683096e+12
1.2548917321839201e-02	0.0000000000000000e+00	2.2467916540741987e+12
1.2566370614359199e-02	0.0000000000000000e+00	2.2467916587797783e+12
1.2583823906879101e-02	0.0000000000000000e+00	2.2186308134721729e+12
1.2601277199399101e-02	0.0000000000000000e+00	2.1830431739511350e+12
1.2618730491919000e-02	0.0000000000000000e+00	2.1625723839062356e+12
1.2636183784438900e-02	0.0000000000000000e+00	2.1925911588446846e+12
1.2653637076958900e-02	0.0000000000000000e+00	2.2487212285630254e+12
1.2671090369478799e-02	0.0000000000000000e+00	2.2479825776640620e+12
1.2688543661998800e-02	0.0000000000000000e+00	2.2371227450169575e+12
1.2705996954518701e-02	0.0000000000000000e+00	2.2398955542059731e+12
1.2723450247038699e-02	0.0000000000000000e+00	2.2699364768592046e+12
1.2740903539558601e-02	0.0000000000000000e+00	2.2629036997951743e+12
1.2758356832078500e-02	0.0000000000000000e+00	2.1984704722896746e+12
1.2775810124598500e-02	0.0000000000000000e+00	2.1511610742296660e+12
1.2793263417118400e-02	0.0000000000000000e+00	2.1795877995144927e+12
1.2810716709638400e-02	0.0000000000000000e+00	2.2750363554293887e+12
1.2828170002158299e-02	0.0000000000000000e+00	2.3811847385277090e+12
1.2845623294678300e-02	0.0000000000000000e+00	2.8467219216788433e+12
1.2863076587198201e-02	0.0000000000000000e+00	2.7896601385231724e+12
1.2880529879718199e-02	0.0000000000000000e+00	2.7684017002033833e+12
1.2897983172238101e-02	0.0000000000000000e+00	2.7579280053315420e+12
1.2915436464758000e-02	0.0000000000000000e+00	2.7519727729404731e+12
1.2932889757278000e-02	0.0000000000000000e+00	2.7425152249133149e+12
1.2950343049797900e-02	0.0000000000000000e+00	2.4781528943944023e+12
1.2967796342317900e-02	0.0000000000000000e+00	2.2799721932252075e+12
1.2985249634837799e-02	0.0000000000000000e+00	2.2865088944111748e+12
1.3002702927357800e-02	0.0000000000000000e+00	2.3127630424873623e+12
1.3020156219877701e-02	0.0000000000000000e+00	2.8196044794484771e+12
1.3037609512397600e-02	0.0000000000000000e+00	2.7451011737889873e+12
1.3055062804917601e-02	0.0000000000000000e+00	2.7594796707623906e+12
1.3072516097437500e-02	0.0000000000000000e+00	2.7972569171103457e+12
1.3089969389957500e-02	0.0000000000000000e+00	2.8190369075840537e+12
1.3107422682477400e-02	0.0000000000000000e+00	2.8573384028648784e+12
1.3124875974997400e-02	0.0000000000000000e+00	2.9626787424238325e+12
1.3142329267517299e-02	0.0000000000000000e+00	2.4440991389513149e+12
1.3159782560037201e-02	0.0000000000000000e+00	1.8885541774777947e+12
1.3177235852557199e-02	0.0000000000000000e+00	1.9079033873680569e+12
1.3194689145077100e-02	0.0000000000000000e+00	2.1993210439826655e+12
1.3212142437597101e-02	0.0000000000000000e+00	2.2749544890902056e+12
1.3229595730117000e-02	0.0000000000000000e+00	2.2000376845163364e+12
1.3247049022637000e-02	0.0000000000000000e+00	2.1957998186534976e+12
1.3264502315156900e-02	0.0000000000000000e+00	1.9161281773927468e+12
1.3281955607676799e-02	0.0000000000000000e+00	2.9599298747565801e+12
1.3299408900196799e-02	0.0000000000000000e+00	3.1212693474425820e+12
1.3316862192716701e-02	0.0000000000000000e+00	3.2099635844493940e+12
1.3334315485236699e-02	0.0000000000000000e+00	3.2783231285872578e+12
1.3351768777756600e-02	0.0000000000000000e+00	3.4169203241146309e+12
1.3369222070276601e-02	0.0000000000000000e+00	3.5298746979938252e+12
1.3386675362796500e-02	0.0000000000000000e+00	3.6239839078383174e+12
1.3404128655316400e-02	0.0000000000000000e+00	3.7072418932334194e+12
1.3421581947836400e-02	0.0000000000000000e+00	3.7331711084972769e+12
1.3439035240356299e-02	0.0000000000000000e+00	3.7170175287423364e+12
1.3456488532876299e-02	0.0000000000000000e+00	3.6850829296382563e+12
1.3473941825396201e-02	0.0000000000000000e+00	3.6051214544648579e+12
1.3491395117916199e-02	0.0000000000000000e+00	3.5078337240918691e+12
1.3508848410436100e-02	0.0000000000000000e+00	2.1399466820718923e+12
1.3526301702956101e-02	0.0000000000000000e+00	2.1995555559315000e+12
1.3543754995476000e-02	0.0000000000000000e+00	2.2133556090508247e+12
1.3561208287995900e-02	0.0000000000000000e+00	2.2133556072879614e+12
1.3578661580515900e-02	0.0000000000000000e+00	2.2133556058256064e+12
1.3596114873035799e-02	0.0000000000000000e+00	2.2133556047037642e+12
1.3613568165555799e-02	0.0000000000000000e+00	2.2133556039528101e+12
1.3631021458075701e-02	0.0000000000000000e+00	2.2133556035633403e+12
1.3648474750595699e-02	0.0000000000000000e+00	2.1928122689790647e+12
1.3665928043115600e-02	0.0000000000000000e+00	2.1928122694411384e+12
1.3683381335635500e-02	0.0000000000000000e+00	2.2655331367152573e+12
1.3700834628155500e-02	0.0000000000000000e+00	2.2839180425559595e+12
1.3718287920675400e-02	0.0000000000000000e+00	2.3020864959103345e+12
1.3735741213195400e-02	0.0000000000000000e+00	2.3200598828128516e+12
1.3753194505715299e-02	0.0000000000000000e+00	2.3378578585423369e+12
1.3770647798235299e-02	0.0000000000000000e+00	2.3551453413776963e+12
1.3788101090755201e-02	0.0000000000000000e+00	2.3721256888575093e+12
1.3805554383275100e-02	0.0000000000000000e+00	2.2765042481646675e+12
1.3823007675795100e-02	0.0000000000000000e+00	2.2765044252091294e+12
1.3840460968315000e-02	0.0000000000000000e+00	2.2765045798876245e+12
1.3857914260835000e-02	0.0000000000000000e+00	2.2765047087021250e+12
1.3875367553354900e-02	0.0000000000000000e+00	2.2765048086798228e+12
1.3892820845874900e-02	0.0000000000000000e+00	2.2765048775596328e+12
1.3910274138394799e-02	0.0000000000000000e+00	2.2765049136454214e+12
1.3927727430914701e-02	0.0000000000000000e+00	2.2765049159873975e+12
1.3945180723434701e-02	0.0000000000000000e+00	2.2765048842784971e+12
1.3962634015954600e-02	0.0000000000000000e+00	2.2765048190747119e+12
1.3980087308474600e-02	0.0000000000000000e+00	2.2127719869198291e+12
1.3997540600994500e-02	0.0000000000000000e+00	2.2353375247669722e+12
1.4014993893514500e-02	0.0000000000000000e+00	2.2809917744258984e+12
1.4032447186034400e-02	0.0000000000000000e+00	2.2521128107322974e+12
1.4049900478554400e-02	0.0000000000000000e+00	2.2642162911656738e+12
1.4067353771074299e-02	0.0000000000000000e+00	2.3674592028314253e+12
1.4084807063594201e-02	0.0000000000000000e+00	2.4320003118346606e+12
1.4102260356114201e-02	0.0000000000000000e+00	2.4313580059311772e+12
1.4119713648634100e-02	0.0000000000000000e+00	2.3234921409350181e+12
1.4137166941154100e-02	0.0000000000000000e+00	2.2745094899143130e+12
1.4154620233674000e-02	0.0000000000000000e+00	2.4483538386056094e+12
1.4172073526194000e-02	0.0000000000000000e+00	2.5286158795771616e+12
1.4189526818713900e-02	0.0000000000000000e+00	2.5428517800375986e+12
1.4206980111233799e-02	0.0000000000000000e+00	2.4884507954317119e+12
1.4224433403753799e-02	0.0000000000000000e+00	2.3555922821123647e+12
1.4241886696273701e-02	0.0000000000000000e+00	2.2133499436527329e+12
1.4259339988793701e-02	0.0000000000000000e+00	2.2259938380806401e+12
1.4276793281313600e-02	0.0000000000000000e+00	2.3774062968276919e+12
1.4294246573833600e-02	0.0000000000000000e+00	2.4059947029724390e+12
1.4311699866353500e-02	0.0000000000000000e+00	2.3221786251173569e+12
1.4329153158873400e-02	0.0000000000000000e+00	2.2280984300435723e+12
1.4346606451393400e-02	0.0000000000000000e+00	2.2241019220789302e+12
1.4364059743913299e-02	0.0000000000000000e+00	2.4006550371019883e+12
1.4381513036433299e-02	0.0000000000000000e+00	2.5001023562727173e+12
1.4398966328953201e-02	0.0000000000000000e+00	2.5425486993212720e+12
1.4416419621473201e-02	0.0000000000000000e+00	2.9631174328584087e+12
1.4433872913993100e-02	0.0000000000000000e+00	2.9809462823272642e+12
1.4451326206513000e-02	0.0000000000000000e+00	3.0341948635565620e+12
1.4468779499033000e-02	0.0000000000000000e+00	2.5385056473650039e+12
1.4486232791552900e-02	0.0000000000000000e+00	2.5187599720988853e+12
1.4503686084072900e-02	0.0000000000000000e+00	2.5350533461389331e+12
1.4521139376592799e-02	0.0000000000000000e+00	2.5826889479943809e+12
1.4538592669112799e-02	0.0000000000000000e+00	2.6372234108583286e+12
1.4556045961632701e-02	0.0000000000000000e+00	3.0525664942069395e+12
1.4573499254152701e-02	0.0000000000000000e+00	3.0289920356666641e+12
1.4590952546672600e-02	0.0000000000000000e+00	2.9153792928867183e+12
1.4608405839192500e-02	0.0000000000000000e+00	2.8819697757298950e+12
1.4625859131712500e-02	0.0000000000000000e+00	2.8634161907615874e+12
1.4643312424232400e-02	0.0000000000000000e+00	2.9443099341064990e+12
1.4660765716752400e-02	0.0000000000000000e+00	2.9815978618574829e+12
1.4678219009272299e-02	0.0000000000000000e+00	2.8370275099311484e+12
1.4695672301792299e-02	0.0000000000000000e+00	2.9501481105699746e+12
1.4713125594312201e-02	0.0000000000000000e+00	3.0389474782879434e+12
1.4730578886832100e-02	0.0000000000000000e+00	3.1048024874241855e+12
1.4748032179352100e-02	0.0000000000000000e+00	3.1231316126388521e+12
1.4765485471872000e-02	0.0000000000000000e+00	3.1282270353750356e+12
1.4782938764392000e-02	0.0000000000000000e+00	3.1176830962796592e+12
1.4800392056911900e-02	0.0000000000000000e+00	3.0859794801657349e+12
1.4817845349431900e-02	0.0000000000000000e+00	3.0214248658793296e+12
1.4835298641951799e-02	0.0000000000000000e+00	2.8894367550575083e+12
1.4852751934471701e-02	0.0000000000000000e+00	2.6919605623503818e+12
1.4870205226991701e-02	0.0000000000000000e+00	2.5748007015604253e+12
1.4887658519511600e-02	0.0000000000000000e+00	2.4516694248221831e+12
1.4905111812031600e-02	0.0000000000000000e+00	2.3380178895556030e+12
1.4922565104551500e-02	0.0000000000000000e+00	2.2086841039033130e+12
1.4940018397071500e-02	0.0000000000000000e+00	2.2064868743911016e+12
1.4957471689591400e-02	0.0000000000000000e+00	2.2042934381229946e+12
1.4974924982111301e-02	0.0000000000000000e+00	2.2021037831652500e+12
1.4992378274631299e-02	0.0000000000000000e+00	2.1999178972599146e+12
1.5009831567151201e-02	0.0000000000000000e+00	2.1977357677519060e+12
1.5027284859671201e-02	0.0000000000000000e+00	2.1955573815143179e+12
1.5044738152191100e-02	0.0000000000000000e+00	2.1933827251010874e+12
1.5062191444711100e-02	0.0000000000000000e+00	2.1912117847825439e+12
1.5079644737231000e-02	0.0000000000000000e+00	2.1890445463477434e+12
1.5097098029750899e-02	0.0000000000000000e+00	2.1868809952044880e+12
1.5114551322270900e-02	0.0000000000000000e+00	2.1847211166200251e+12
1.5132004614790801e-02	0.0000000000000000e+00	2.1825648957639692e+12
1.5149457907310799e-02	0.0000000000000000e+00	2.1804123177464985e+12
1.5166911199830701e-02	0.0000000000000000e+00	2.1782633678188245e+12
1.5184364492350701e-02	0.0000000000000000e+00	2.1761180314531311e+12
1.5201817784870600e-02	0.0000000000000000e+00	2.1739762942543330e+12
1.5219271077390600e-02	0.0000000000000000e+00	2.1718381418779299e+12
1.5236724369910500e-02	0.0000000000000000e+00	2.1697035600371206e+12
1.5254177662430399e-02	0.0000000000000000e+00	2.1675725346285349e+12
1.5271630954950400e-02	0.0000000000000000e+00	2.1654450518218396e+12
1.5289084247470301e-02	0.0000000000000000e+00	2.1633210979544399e+12
1.5306537539990299e-02	0.0000000000000000e+00	2.1612006597729497e+12
1.5323990832510201e-02	0.0000000000000000e+00	2.1590837245037930e+12
1.5341444125030201e-02	0.0000000000000000e+00	2.1569702797679648e+12
1.5358897417550100e-02	0.0000000000000000e+00	2.1548603134314302e+12
1.5376350710070000e-02	0.0000000000000000e+00	2.1188515675086855e+12
1.5393804002590000e-02	0.0000000000000000e+00	2.0850356642247446e+12
1.5411257295109899e-02	0.0000000000000000e+00	2.0664600891889949e+12
1.5428710587629900e-02	0.0000000000000000e+00	2.0733308603659429e+12
1.5446163880149801e-02	0.0000000000000000e+00	2.0916167388369102e+12
1.5463617172669799e-02	0.0000000000000000e+00	2.1029166778747969e+12
1.5481070465189701e-02	0.0000000000000000e+00	2.0968923638467683e+12
1.5498523757709600e-02	0.0000000000000000e+00	2.0689965674863677e+12
1.5515977050229600e-02	0.0000000000000000e+00	2.0236117991595183e+12
1.5533430342749500e-02	0.0000000000000000e+00	1.9988551275556572e+12
1.5550883635269500e-02	0.0000000000000000e+00	1.9989156379712864e+12
1.5568336927789399e-02	0.0000000000000000e+00	2.0042706997071458e+12
1.5585790220309400e-02	0.0000000000000000e+00	2.0482681229870696e+12
1.5603243512829299e-02	0.0000000000000000e+00	2.0854795471592207e+12
1.5620696805349200e-02	0.0000000000000000e+00	2.1070924498577151e+12
1.5638150097869199e-02	0.0000000000000000e+00	2.1070194662934783e+12
1.5655603390389100e-02	0.0000000000000000e+00	2.0869634270241938e+12
1.5673056682909099e-02	0.0000000000000000e+00	2.0542951309686926e+12
1.5690509975429000e-02	0.0000000000000000e+00	2.0224929579322500e+12
1.5707963267949002e-02	0.0000000000000000e+00	2.0128966415074937e+12
1.5725416560468899e-02	0.0000000000000000e+00	2.0480264266726289e+12
1.5742869852988801e-02	0.0000000000000000e+00	2.1559366885284492e+12
1.5760323145508799e-02	0.0000000000000000e+00	2.1556553641241499e+12
1.5777776438028700e-02	0.0000000000000000e+00	2.1862457475844487e+12
1.5795229730548699e-02	0.0000000000000000e+00	2.2029870634155635e+12
1.5812683023068600e-02	0.0000000000000000e+00	2.2052591339824883e+12
1.5830136315588599e-02	0.0000000000000000e+00	2.2006425095821982e+12
1.5847589608108500e-02	0.0000000000000000e+00	2.2461359551141743e+12
1.5865042900628502e-02	0.0000000000000000e+00	2.2523110616401299e+12
1.5882496193148399e-02	0.0000000000000000e+00	2.2288540267247666e+12
1.5899949485668301e-02	0.0000000000000000e+00	2.2529696471618447e+12
1.5917402778188299e-02	0.0000000000000000e+00	2.2792990946218975e+12
1.5934856070708200e-02	0.0000000000000000e+00	2.2968701975210225e+12
1.5952309363228199e-02	0.0000000000000000e+00	2.3178276904738477e+12
1.5969762655748100e-02	0.0000000000000000e+00	2.3130551499715146e+12
1.5987215948268099e-02	0.0000000000000000e+00	2.2963614178260708e+12
1.6004669240788000e-02	0.0000000000000000e+00	2.2755116025867461e+12
1.6022122533307901e-02	0.0000000000000000e+00	2.2682656331848105e+12
1.6039575825827899e-02	0.0000000000000000e+00	2.2733597501488223e+12
1.6057029118347801e-02	0.0000000000000000e+00	2.2871963668786685e+12
1.6074482410867799e-02	0.0000000000000000e+00	2.5838199551108252e+12
1.6091935703387700e-02	0.0000000000000000e+00	2.7013270682583799e+12
1.6109388995907699e-02	0.0000000000000000e+00	2.7381836528040605e+12
1.6126842288427600e-02	0.0000000000000000e+00	2.7523132258497300e+12
1.6144295580947501e-02	0.0000000000000000e+00	2.8561452667485913e+12
1.6161748873467500e-02	0.0000000000000000e+00	2.9810114464793755e+12
1.6179202165987401e-02	0.0000000000000000e+00	3.0882127378586528e+12
1.6196655458507399e-02	0.0000000000000000e+00	3.1609149522348271e+12
1.6214108751027301e-02	0.0000000000000000e+00	3.2106111179507773e+12
1.6231562043547299e-02	0.0000000000000000e+00	3.2553160236470713e+12
1.6249015336067200e-02	0.0000000000000000e+00	3.2590953727597939e+12
1.6266468628587199e-02	0.0000000000000000e+00	3.1680804115791309e+12
1.6283921921107100e-02	0.0000000000000000e+00	2.1604938354128997e+12
1.6301375213627001e-02	0.0000000000000000e+00	2.1604938343176694e+12
1.6318828506147000e-02	0.0000000000000000e+00	2.1604938334126753e+12
1.6336281798666901e-02	0.0000000000000000e+00	2.1604938327103943e+12
1.6353735091186899e-02	0.0000000000000000e+00	2.1604938322217744e+12
1.6371188383706801e-02	0.0000000000000000e+00	2.2029798569053433e+12
1.6388641676226799e-02	0.0000000000000000e+00	2.2074591069832935e+12
1.6406094968746700e-02	0.0000000000000000e+00	2.2074591063072158e+12
1.6423548261266602e-02	0.0000000000000000e+00	2.2074591059829043e+12
1.6441001553786600e-02	0.0000000000000000e+00	2.2074591060085420e+12
1.6458454846306501e-02	0.0000000000000000e+00	2.2074591063742734e+12
1.6475908138826500e-02	0.0000000000000000e+00	2.2074591070650605e+12
1.6493361431346401e-02	0.0000000000000000e+00	2.2074591080607642e+12
1.6510814723866400e-02	0.0000000000000000e+00	2.2074591093359438e+12
1.6528268016386301e-02	0.0000000000000000e+00	2.2074591108618911e+12
1.6545721308906199e-02	0.0000000000000000e+00	2.2074591126061338e+12
1.6563174601426200e-02	0.0000000000000000e+00	2.2074591145325986e+12
1.6580627893946102e-02	0.0000000000000000e+00	2.2074591166025205e+12
1.6598081186466100e-02	0.0000000000000000e+00	2.2074591187740566e+12
1.6615534478986001e-02	0.0000000000000000e+00	2.2074591210026812e+12
1.6632987771506000e-02	0.0000000000000000e+00	2.2543981728596470e+12
1.6650441064025901e-02	0.0000000000000000e+00	2.2543981870221606e+12
1.6667894356545799e-02	0.0000000000000000e+00	2.2543982010611240e+12
1.6685347649065801e-02	0.0000000000000000e+00	2.2543982146579917e+12
1.6702800941585699e-02	0.0000000000000000e+00	2.5041370757862563e+12
1.6720254234105700e-02	0.0000000000000000e+00	2.5528242983806392e+12
1.6737707526625598e-02	0.0000000000000000e+00	2.5377436610021787e+12
1.6755160819145600e-02	0.0000000000000000e+00	2.5214177874989136e+12
1.6772614111665501e-02	0.0000000000000000e+00	3.4166521191375928e+12
1.6790067404185399e-02	0.0000000000000000e+00	3.8108802825997266e+12
1.6807520696705401e-02	0.0000000000000000e+00	3.9739734715914307e+12
1.6824973989225299e-02	0.0000000000000000e+00	3.8560990476063789e+12
1.6842427281745301e-02	0.0000000000000000e+00	2.6802711426768643e+12
1.6859880574265199e-02	0.0000000000000000e+00	2.3902970837147217e+12
1.6877333866785200e-02	0.0000000000000000e+00	2.1359510018662134e+12
1.6894787159305098e-02	0.0000000000000000e+00	2.1359510006591458e+12
1.6912240451825100e-02	0.0000000000000000e+00	2.1359509995713560e+12
1.6929693744345001e-02	0.0000000000000000e+00	2.1359509986297219e+12
1.6947147036864899e-02	0.0000000000000000e+00	2.1359509978540078e+12
1.6964600329384901e-02	0.0000000000000000e+00	2.1359509972568530e+12
1.6982053621904799e-02	0.0000000000000000e+00	2.1359509968442197e+12
1.6999506914424801e-02	0.0000000000000000e+00	2.1359509966162063e+12
1.7016960206944699e-02	0.0000000000000000e+00	2.1359509965681348e+12
1.7034413499464700e-02	0.0000000000000000e+00	2.1359509966917095e+12
1.7051866791984598e-02	0.0000000000000000e+00	2.1359509969761272e+12
1.7069320084504500e-02	0.0000000000000000e+00	2.1359509974090393e+12
1.7086773377024501e-02	0.0000000000000000e+00	2.1359509979772871e+12
1.7104226669544399e-02	0.0000000000000000e+00	2.1402036141058088e+12
1.7121679962064401e-02	0.0000000000000000e+00	2.1682820394955752e+12
1.7139133254584299e-02	0.0000000000000000e+00	2.2133556035295298e+12
1.7156586547104301e-02	0.0000000000000000e+00	2.2133556038542207e+12
1.7174039839624199e-02	0.0000000000000000e+00	2.2133556045216826e+12
1.7191493132144100e-02	0.0000000000000000e+00	2.2133556055047808e+12
1.7208946424664098e-02	0.0000000000000000e+00	2.2133556067876284e+12
1.7226399717184000e-02	0.0000000000000000e+00	2.2133556083369985e+12
1.7243853009704001e-02	0.0000000000000000e+00	2.2133556101180645e+12
1.7261306302223899e-02	0.0000000000000000e+00	2.2133556120958022e+12
1.7278759594743901e-02	0.0000000000000000e+00	2.2133556142288228e+12
1.7296212887263799e-02	0.0000000000000000e+00	2.2133556164738965e+12
1.7313666179783700e-02	0.0000000000000000e+00	2.2133556187839751e+12
1.7331119472303699e-02	0.0000000000000000e+00	2.2133556211139673e+12
1.7348572764823600e-02	0.0000000000000000e+00	2.2133556234112021e+12
1.7366026057343598e-02	0.0000000000000000e+00	2.2425262920469570e+12
1.7383479349863500e-02	0.0000000000000000e+00	2.2765048775717515e+12
1.7400932642383501e-02	0.0000000000000000e+00	2.2765049136615693e+12
1.7418385934903399e-02	0.0000000000000000e+00	2.2765049159345249e+12
1.7435839227423401e-02	0.0000000000000000e+00	2.2765048842464746e+12
1.7453292519943299e-02	0.0000000000000000e+00	2.2765048190994512e+12
1.7470745812463200e-02	0.0000000000000000e+00	2.2479658416853579e+12
1.7488199104983199e-02	0.0000000000000000e+00	2.2177673445071123e+12
1.7505652397503100e-02	0.0000000000000000e+00	2.1883989467414082e+12
1.7523105690023098e-02	0.0000000000000000e+00	2.1662771148997832e+12
1.7540558982543000e-02	0.0000000000000000e+00	2.1621229334498337e+12
1.7558012275063001e-02	0.0000000000000000e+00	2.1828035697527490e+12
1.7575465567582899e-02	0.0000000000000000e+00	2.2197292345479360e+12
1.7592918860102801e-02	0.0000000000000000e+00	2.2537940423903730e+12
1.7610372152622799e-02	0.0000000000000000e+00	2.2709570739084976e+12
1.7627825445142700e-02	0.0000000000000000e+00	2.2701264645207798e+12
1.7645278737662699e-02	0.0000000000000000e+00	2.2662573453344092e+12
1.7662732030182600e-02	0.0000000000000000e+00	2.2520916910423501e+12
1.7680185322702598e-02	0.0000000000000000e+00	2.2472592693573237e+12
1.7697638615222500e-02	0.0000000000000000e+00	2.2419859320484644e+12
1.7715091907742401e-02	0.0000000000000000e+00	2.2173621113232017e+12
1.7732545200262399e-02	0.0000000000000000e+00	2.1861533527083547e+12
1.7749998492782301e-02	0.0000000000000000e+00	2.1828988801627852e+12
1.7767451785302299e-02	0.0000000000000000e+00	2.1978519782953726e+12
1.7784905077822200e-02	0.0000000000000000e+00	2.2074768014978921e+12
1.7802358370342199e-02	0.0000000000000000e+00	2.2340462271894878e+12
1.7819811662862100e-02	0.0000000000000000e+00	2.2625432190300029e+12
1.7837264955382001e-02	0.0000000000000000e+00	2.2765024129964854e+12
1.7854718247902000e-02	0.0000000000000000e+00	2.2083843902918823e+12
1.7872171540421901e-02	0.0000000000000000e+00	2.2734639051089858e+12
1.7889624832941899e-02	0.0000000000000000e+00	2.3483295059170054e+12
1.7907078125461801e-02	0.0000000000000000e+00	2.4009278303108047e+12
1.7924531417981799e-02	0.0000000000000000e+00	2.4195464188800420e+12
1.7941984710501700e-02	0.0000000000000000e+00	2.3959416618763022e+12
1.7959438003021699e-02	0.0000000000000000e+00	2.3661562199313579e+12
1.7976891295541600e-02	0.0000000000000000e+00	2.3086970457688789e+12
1.7994344588061501e-02	0.0000000000000000e+00	2.2230403298162183e+12
1.8011797880581500e-02	0.0000000000000000e+00	2.1855107098793955e+12
1.8029251173101401e-02	0.0000000000000000e+00	2.2407370038492881e+12
1.8046704465621399e-02	0.0000000000000000e+00	2.2818878657343198e+12
1.8064157758141301e-02	0.0000000000000000e+00	2.3202405789148784e+12
1.8081611050661299e-02	0.0000000000000000e+00	2.3250426551317119e+12
1.8099064343181200e-02	0.0000000000000000e+00	2.2960960783694136e+12
1.8116517635701102e-02	0.0000000000000000e+00	2.2315402454686689e+12
1.8133970928221100e-02	0.0000000000000000e+00	2.1554412264660269e+12
1.8151424220741001e-02	0.0000000000000000e+00	2.1967809836873352e+12
1.8168877513261000e-02	0.0000000000000000e+00	2.2799340551328506e+12
1.8186330805780901e-02	0.0000000000000000e+00	2.3840016101084561e+12
1.8203784098300899e-02	0.0000000000000000e+00	2.4541103976292646e+12
1.8221237390820801e-02	0.0000000000000000e+00	2.4905715919648481e+12
1.8238690683340698e-02	0.0000000000000000e+00	2.4757354506934556e+12
1.8256143975860700e-02	0.0000000000000000e+00	2.4098476580755752e+12
1.8273597268380602e-02	0.0000000000000000e+00	2.3542304469230054e+12
1.8291050560900600e-02	0.0000000000000000e+00	2.3641290696907095e+12
1.8308503853420501e-02	0.0000000000000000e+00	2.4205684189520020e+12
1.8325957145940500e-02	0.0000000000000000e+00	2.4906751564091763e+12
1.8343410438460401e-02	0.0000000000000000e+00	2.5530692390778701e+12
1.8360863730980299e-02	0.0000000000000000e+00	2.5823791498754263e+12
1.8378317023500301e-02	0.0000000000000000e+00	2.5507434123654824e+12
1.8395770316020198e-02	0.0000000000000000e+00	2.4440390920195049e+12
1.8413223608540200e-02	0.0000000000000000e+00	2.2799346808735986e+12
1.8430676901060102e-02	0.0000000000000000e+00	2.1848223291415027e+12
1.8448130193580100e-02	0.0000000000000000e+00	2.2609979350525898e+12
1.8465583486100001e-02	0.0000000000000000e+00	2.4437705377635264e+12
1.8483036778619899e-02	0.0000000000000000e+00	2.5878354422746372e+12
1.8500490071139901e-02	0.0000000000000000e+00	2.6823297381908042e+12
1.8517943363659799e-02	0.0000000000000000e+00	2.8338971578840210e+12
1.8535396656179801e-02	0.0000000000000000e+00	2.8055963124376021e+12
1.8552849948699698e-02	0.0000000000000000e+00	2.7961378332894399e+12
1.8570303241219700e-02	0.0000000000000000e+00	2.4299946956190293e+12
1.8587756533739602e-02	0.0000000000000000e+00	2.2872342604749082e+12
1.8605209826259600e-02	0.0000000000000000e+00	2.2805100493602505e+12
1.8622663118779501e-02	0.0000000000000000e+00	2.3504453634944082e+12
1.8640116411299399e-02	0.0000000000000000e+00	2.6449938093182842e+12
1.8657569703819401e-02	0.0000000000000000e+00	2.7372322510478271e+12
1.8675022996339299e-02	0.0000000000000000e+00	2.9540802291950312e+12
1.8692476288859301e-02	0.0000000000000000e+00	3.1034498509591387e+12
1.8709929581379198e-02	0.0000000000000000e+00	1.6608754844516715e+13
1.8727382873899200e-02	0.0000000000000000e+00	1.6249341435299537e+13
1.8744836166419102e-02	0.0000000000000000e+00	3.1340480874334634e+12
1.8762289458938999e-02	0.0000000000000000e+00	3.0303033803560771e+12
1.8779742751459001e-02	0.0000000000000000e+00	2.9015049473719678e+12
1.8797196043978899e-02	0.0000000000000000e+00	2.8187450259125542e+12
1.8814649336498901e-02	0.0000000000000000e+00	2.8188409703283921e+12
1.8832102629018799e-02	0.0000000000000000e+00	2.8061787986363999e+12
1.8849555921538801e-02	0.0000000000000000e+00	2.7812479882683413e+12
1.8867009214058698e-02	0.0000000000000000e+00	2.7838943276952534e+12
1.8884462506578600e-02	0.0000000000000000e+00	2.7864249951689551e+12
1.8901915799098602e-02	0.0000000000000000e+00	2.7884380685005430e+12
1.8919369091618499e-02	0.0000000000000000e+00	2.7889987362031147e+12
1.8936822384138501e-02	0.0000000000000000e+00	2.7872731221227944e+12
1.8954275676658399e-02	0.0000000000000000e+00	2.7841792267579229e+12
1.8971728969178401e-02	0.0000000000000000e+00	2.7824507925255586e+12
1.8989182261698299e-02	0.0000000000000000e+00	2.7848248582740303e+12
1.9006635554218200e-02	0.0000000000000000e+00	2.7688909420080215e+12
1.9024088846738198e-02	0.0000000000000000e+00	2.7686804345301680e+12
1.9041542139258100e-02	0.0000000000000000e+00	2.7791326226751519e+12
1.9058995431778102e-02	0.0000000000000000e+00	2.5638983937721772e+12
1.9076448724297999e-02	0.0000000000000000e+00	2.6031694920927974e+12
1.9093902016818001e-02	0.0000000000000000e+00	2.2413735893559849e+12
1.9111355309337899e-02	0.0000000000000000e+00	2.2195799942174697e+12
1.9128808601857800e-02	0.0000000000000000e+00	2.2417831452951450e+12
1.9146261894377799e-02	0.0000000000000000e+00	2.3151019458759888e+12
1.9163715186897700e-02	0.0000000000000000e+00	2.3434565630916553e+12
1.9181168479417698e-02	0.0000000000000000e+00	2.3028671094220718e+12
1.9198621771937600e-02	0.0000000000000000e+00	2.2053808390813369e+12
1.9216075064457602e-02	0.0000000000000000e+00	2.0615630951169426e+12
1.9233528356977499e-02	0.0000000000000000e+00	2.0269893268173059e+12
1.9250981649497501e-02	0.0000000000000000e+00	2.0418023659053376e+12
1.9268434942017399e-02	0.0000000000000000e+00	2.0494463822092756e+12
1.9285888234537300e-02	0.0000000000000000e+00	2.0506598262641050e+12
1.9303341527057299e-02	0.0000000000000000e+00	2.0479212748954048e+12
1.9320794819577200e-02	0.0000000000000000e+00	2.0447116212644116e+12
1.9338248112097198e-02	0.0000000000000000e+00	2.0409514316744158e+12
1.9355701404617100e-02	0.0000000000000000e+00	2.2346554233491489e+12
1.9373154697137102e-02	0.0000000000000000e+00	2.3141504782305562e+12
1.9390607989656999e-02	0.0000000000000000e+00	2.3382050650034736e+12
1.9408061282176901e-02	0.0000000000000000e+00	2.3209432643284917e+12
1.9425514574696899e-02	0.0000000000000000e+00	2.2563636483821504e+12
1.9442967867216800e-02	0.0000000000000000e+00	2.1109965318961047e+12
1.9460421159736799e-02	0.0000000000000000e+00	2.0302500635246392e+12
1.9477874452256700e-02	0.0000000000000000e+00	2.0825214086851685e+12
1.9495327744776698e-02	0.0000000000000000e+00	2.1229543682934636e+12
1.9512781037296600e-02	0.0000000000000000e+00	2.1504308817240015e+12
1.9530234329816501e-02	0.0000000000000000e+00	2.1684370946788918e+12
1.9547687622336499e-02	0.0000000000000000e+00	2.1808370015279106e+12
1.9565140914856401e-02	0.0000000000000000e+00	2.1811421153135972e+12
1.9582594207376399e-02	0.0000000000000000e+00	2.1811421151610889e+12
1.9600047499896300e-02	0.0000000000000000e+00	2.1811421146874160e+12
1.9617500792416299e-02	0.0000000000000000e+00	2.1811421139007429e+12
1.9634954084936200e-02	0.0000000000000000e+00	2.1564751633719719e+12
1.9652407377456101e-02	0.0000000000000000e+00	2.1564751619946506e+12
1.9669860669976100e-02	0.0000000000000000e+00	2.1564751605250293e+12
1.9687313962496001e-02	0.0000000000000000e+00	2.1564751590078967e+12
1.9704767255015999e-02	0.0000000000000000e+00	2.1811421062581753e+12
1.9722220547535901e-02	0.0000000000000000e+00	2.1811421042992705e+12
1.9739673840055899e-02	0.0000000000000000e+00	2.1811421023237549e+12
1.9757127132575800e-02	0.0000000000000000e+00	2.1811421003877864e+12
1.9774580425095799e-02	0.0000000000000000e+00	2.1811420985443975e+12
1.9792033717615700e-02	0.0000000000000000e+00	2.1811420968416333e+12
1.9809487010135601e-02	0.0000000000000000e+00	2.1811420953211013e+12
1.9826940302655600e-02	0.0000000000000000e+00	2.1811420940170784e+12
1.9844393595175501e-02	0.0000000000000000e+00	2.1811420929560649e+12
1.9861846887695499e-02	0.0000000000000000e+00	2.1811420921567195e+12
1.9879300180215401e-02	0.0000000000000000e+00	2.1811420916302102e+12
1.9896753472735399e-02	0.0000000000000000e+00	2.1811420913808237e+12
1.9914206765255300e-02	0.0000000000000000e+00	2.1811420914067805e+12
1.9931660057775202e-02	0.0000000000000000e+00	2.1811420917009954e+12
1.9949113350295200e-02	0.0000000000000000e+00	2.1811420922516904e+12
1.9966566642815101e-02	0.0000000000000000e+00	2.1811420930430413e+12
1.9984019935335100e-02	0.0000000000000000e+00	2.1811420940559277e+12
2.0001473227855001e-02	0.0000000000000000e+00	2.1811420952682046e+12
2.0018926520374999e-02	0.0000000000000000e+00	2.1811420966548596e+12
2.0036379812894901e-02	0.0000000000000000e+00	2.1811420981882922e+12
2.0053833105414798e-02	0.0000000000000000e+00	2.1811420998383425e+12
2.0071286397934800e-02	0.0000000000000000e+00	2.1811421015723064e+12
2.0088739690454702e-02	0.0000000000000000e+00	2.1811421033551079e+12
2.0106192982974700e-02	0.0000000000000000e+00	2.1811421051494653e+12
2.0123646275494601e-02	0.0000000000000000e+00	2.1811421069161851e+12
2.0141099568014600e-02	0.0000000000000000e+00	2.1811421086146936e+12
2.0158552860534501e-02	0.0000000000000000e+00	2.1811421102037358e+12
2.0176006153054399e-02	0.0000000000000000e+00	2.1811421116422856e+12
2.0193459445574401e-02	0.0000000000000000e+00	2.1811421128906929e+12
2.0210912738094299e-02	0.0000000000000000e+00	2.1811421139118979e+12
2.0228366030614300e-02	0.0000000000000000e+00	2.1811421146730667e+12
2.0245819323134202e-02	0.0000000000000000e+00	2.1811421151470339e+12
2.0263272615654200e-02	0.0000000000000000e+00	2.1588481570192686e+12
2.0280725908174101e-02	0.0000000000000000e+00	2.1380666991938147e+12
2.0298179200694100e-02	0.0000000000000000e+00	2.1249175341274946e+12
2.0315632493214001e-02	0.0000000000000000e+00	2.1262752166341082e+12
2.0333085785733899e-02	0.0000000000000000e+00	2.1400540796453628e+12
2.0350539078253901e-02	0.0000000000000000e+00	2.1554850373753413e+12
2.0367992370773799e-02	0.0000000000000000e+00	2.1591801987918892e+12
2.0385445663293800e-02	0.0000000000000000e+00	2.1420143314851182e+12
2.0402898955813702e-02	0.0000000000000000e+00	2.1057823263071279e+12
2.0420352248333700e-02	0.0000000000000000e+00	2.0652627585627861e+12
2.0437805540853601e-02	0.0000000000000000e+00	2.0548585212081223e+12
2.0455258833373499e-02	0.0000000000000000e+00	2.0504141963740461e+12
2.0472712125893501e-02	0.0000000000000000e+00	2.0615350577746030e+12
2.0490165418413399e-02	0.0000000000000000e+00	2.1106589440184165e+12
2.0507618710933401e-02	0.0000000000000000e+00	2.1610232653969678e+12
2.0525072003453299e-02	0.0000000000000000e+00	2.1878679753642822e+12
2.0542525295973300e-02	0.0000000000000000e+00	2.1887229051307209e+12
2.0559978588493202e-02	0.0000000000000000e+00	2.1860245791327268e+12
2.0577431881013099e-02	0.0000000000000000e+00	2.1680173601889407e+12
2.0594885173533101e-02	0.0000000000000000e+00	2.1378766375207231e+12
2.0612338466052999e-02	0.0000000000000000e+00	2.1311783102852063e+12
2.0629791758573001e-02	0.0000000000000000e+00	2.1393189897021069e+12
2.0647245051092899e-02	0.0000000000000000e+00	2.1668805956013503e+12
2.0664698343612901e-02	0.0000000000000000e+00	2.1962950695518577e+12
2.0682151636132799e-02	0.0000000000000000e+00	2.1997826403253569e+12
2.0699604928652700e-02	0.0000000000000000e+00	2.2018728036549023e+12
2.0717058221172702e-02	0.0000000000000000e+00	2.2026787931557383e+12
2.0734511513692599e-02	0.0000000000000000e+00	2.2009111621760288e+12
2.0751964806212601e-02	0.0000000000000000e+00	2.1947973663070803e+12
2.0769418098732499e-02	0.0000000000000000e+00	2.1307295997158848e+12
2.0786871391252501e-02	0.0000000000000000e+00	2.1351060448925391e+12
2.0804324683772399e-02	0.0000000000000000e+00	1.9990876660745461e+12
2.0821777976292300e-02	0.0000000000000000e+00	1.9439889495712695e+12
2.0839231268812299e-02	0.0000000000000000e+00	2.0106338289243684e+12
2.0856684561332200e-02	0.0000000000000000e+00	2.1330545208296284e+12
2.0874137853852202e-02	0.0000000000000000e+00	2.1393190022964460e+12
2.0891591146372099e-02	0.0000000000000000e+00	2.1393190023053333e+12
2.0909044438892101e-02	0.0000000000000000e+00	2.1377897855693296e+12
2.0926497731411999e-02	0.0000000000000000e+00	2.0567848686762703e+12
2.0943951023932001e-02	0.0000000000000000e+00	1.8495317602245029e+12
