0.0000000000000000e+00	0.0000000000000000e+00	0.0000000000000000e+00
1.7453292519943300e-05	0.0000000000000000e+00	4.2355321804854462e-05
3.4906585039886600e-05	0.0000000000000000e+00	7.3657116087533225e-05
5.2359877559829903e-05	0.0000000000000000e+00	7.5272380015478646e-05
6.9813170079773199e-05	0.0000000000000000e+00	3.7418033732472544e-05
8.7266462599716496e-05	0.0000000000000000e+00	4.7169874165420289e-05
1.0471975511966000e-04	0.0000000000000000e+00	1.2057340115545490e-04
1.2217304763960301e-04	0.0000000000000000e+00	1.3539762005509992e-04
1.3962634015954599e-04	0.0000000000000000e+00	4.7112511136315760e-05
1.5707963267949001e-04	0.0000000000000000e+00	1.7020810181145318e-04
1.7453292519943299e-04	0.0000000000000000e+00	4.6733625749373342e-04
1.9198621771937600e-04	0.0000000000000000e+00	7.5645211548380775e-04
2.0943951023931999e-04	0.0000000000000000e+00	9.7344241250740815e-04
2.2689280275926300e-04	0.0000000000000000e+00	1.0697097737454309e-03
2.4434609527920601e-04	0.0000000000000000e+00	1.0323599583347276e-03
2.6179938779914903e-04	0.0000000000000000e+00	8.8413067296266856e-04
2.7925268031909301e-04	0.0000000000000000e+00	6.8258379487562415e-04
2.9670597283903603e-04	0.0000000000000000e+00	5.1391864480609950e-04
3.1415926535897898e-04	0.0000000000000000e+00	4.6047223058520714e-04
3.3161255787892303e-04	0.0000000000000000e+00	5.2976825680695061e-04
3.4906585039886598e-04	0.0000000000000000e+00	6.3250290698724232e-04
3.6651914291880900e-04	0.0000000000000000e+00	6.7408716592265439e-04
3.8397243543875201e-04	0.0000000000000000e+00	5.9586828306346096e-04
4.0142572795869599e-04	0.0000000000000000e+00	3.6003832544184711e-04
4.1887902047863901e-04	0.0000000000000000e+00	1.8814075613715620e-04
4.3633231299858202e-04	0.0000000000000000e+00	5.5376395761719266e-04
4.5378560551852601e-04	0.0000000000000000e+00	9.7534721225245313e-04
4.7123889803846902e-04	0.0000000000000000e+00	1.0930305965992648e-03
4.8869219055841203e-04	0.0000000000000000e+00	7.8257539965753686e-04
5.0614548307835602e-04	0.0000000000000000e+00	1.9520397505834453e-04
5.2359877559829903e-04	0.0000000000000000e+00	7.4504089613192104e-04
5.4105206811824204e-04	0.0000000000000000e+00	1.5189787273142130e-03
5.5850536063818505e-04	0.0000000000000000e+00	1.9557617098064917e-03
5.7595865315812904e-04	0.0000000000000000e+00	1.8582206307046212e-03
5.9341194567807205e-04	0.0000000000000000e+00	1.3395325138991776e-03
6.1086523819801496e-04	0.0000000000000000e+00	6.3676850750149505e-04
6.2831853071795905e-04	0.0000000000000000e+00	3.7296579034895583e-04
6.4577182323790196e-04	0.0000000000000000e+00	1.1168688129236104e-03
6.6322511575784497e-04	0.0000000000000000e+00	1.6384006666085860e-03
6.8067840827778798e-04	0.0000000000000000e+00	1.7256143742115926e-03
6.9813170079773197e-04	0.0000000000000000e+00	1.3928639577723834e-03
7.1558499331767498e-04	0.0000000000000000e+00	9.1308137693312252e-03
7.3303828583761799e-04	0.0000000000000000e+00	1.7485393361922785e-02
7.5049157835756198e-04	0.0000000000000000e+00	2.1162427499809233e-02
7.6794487087750499e-04	0.0000000000000000e+00	1.8185534496612310e-02
7.8539816339744800e-04	0.0000000000000000e+00	1.0805288387737089e-02
8.0285145591739199e-04	0.0000000000000000e+00	2.6455378373507754e-03
8.2030474843733500e-04	0.0000000000000000e+00	2.3278525388572557e-03
8.3775804095727801e-04	0.0000000000000000e+00	1.5587358191232470e-03
8.5521133347722102e-04	0.0000000000000000e+00	5.1347783357883481e-03
8.7266462599716501e-04	0.0000000000000000e+00	1.1138852271806554e-02
8.9011791851710802e-04	0.0000000000000000e+00	1.5404679844401525e-02
9.0757121103705104e-04	0.0000000000000000e+00	1.6573309487661225e-02
9.2502450355699502e-04	0.0000000000000000e+00	1.2753121024293601e-02
9.4247779607693804e-04	0.0000000000000000e+00	6.3569596777646176e-03
9.5993108859688105e-04	0.0000000000000000e+00	1.0988472209819689e-03
9.7738438111682406e-04	0.0000000000000000e+00	2.0838660914563878e-03
9.9483767363676805e-04	0.0000000000000000e+00	3.0147881185440539e-03
1.0122909661567101e-03	0.0000000000000000e+00	1.4303638323156509e-03
1.0297442586766500e-03	0.0000000000000000e+00	2.1439751582214006e-03
1.0471975511966000e-03	0.0000000000000000e+00	5.5139975472109359e-03
1.0646508437165401e-03	0.0000000000000000e+00	4.6373387983146275e-03
1.0821041362364800e-03	0.0000000000000000e+00	8.8103548441531565e-04
1.0995574287564300e-03	0.0000000000000000e+00	6.9978467811948608e-03
1.1170107212763701e-03	0.0000000000000000e+00	8.9713593938105518e-03
1.1344640137963100e-03	0.0000000000000000e+00	6.4601341289935998e-03
1.1519173063162600e-03	0.0000000000000000e+00	2.1790138998514230e-03
1.1693705988361999e-03	0.0000000000000000e+00	4.1569193430096574e-03
1.1868238913561400e-03	0.0000000000000000e+00	3.6501792414104228e-03
1.2042771838760900e-03	0.0000000000000000e+00	3.1365294618507233e-03
1.2217304763960299e-03	0.0000000000000000e+00	3.9613788000109063e-03
1.2391837689159700e-03	0.0000000000000000e+00	4.4212389809183961e-03
1.2566370614359201e-03	0.0000000000000000e+00	2.1372747003072234e-03
1.2740903539558599e-03	0.0000000000000000e+00	8.5058491270494363e-03
1.2915436464758000e-03	0.0000000000000000e+00	8.2535958915341823e-03
1.3089969389957501e-03	0.0000000000000000e+00	4.8031515504953770e-03
1.3264502315156899e-03	0.0000000000000000e+00	4.0491608345639696e-03
1.3439035240356300e-03	0.0000000000000000e+00	3.9541440202084388e-03
1.3613568165555801e-03	0.0000000000000000e+00	3.5683681988200044e-03
1.3788101090755199e-03	0.0000000000000000e+00	4.7769181975704234e-03
1.3962634015954600e-03	0.0000000000000000e+00	1.2324998058445891e-02
1.4137166941154101e-03	0.0000000000000000e+00	6.5895170425513960e-02
1.4311699866353500e-03	0.0000000000000000e+00	1.4393235924605996e-01
1.4486232791552900e-03	0.0000000000000000e+00	2.2130909829898759e-01
1.4660765716752401e-03	0.0000000000000000e+00	2.5077089191223001e-01
1.4835298641951800e-03	0.0000000000000000e+00	2.5107311703590995e-01
1.5009831567151201e-03	0.0000000000000000e+00	1.9960077519764063e-01
1.5184364492350699e-03	0.0000000000000000e+00	2.4836709743255003e-01
1.5358897417550100e-03	0.0000000000000000e+00	2.4812530518190989e-01
1.5533430342749501e-03	0.0000000000000000e+00	2.4791897960514997e-01
1.5707963267948999e-03	0.0000000000000000e+00	2.4775500757496993e-01
1.5882496193148400e-03	0.0000000000000000e+00	2.4763948810516001e-01
1.6057029118347801e-03	0.0000000000000000e+00	2.4757753071956001e-01
1.6231562043547299e-03	0.0000000000000000e+00	2.4757307233474002e-01
1.6406094968746700e-03	0.0000000000000000e+00	2.4762871889776994e-01
1.6580627893946101e-03	0.0000000000000000e+00	2.4774561726271993e-01
1.6755160819145599e-03	0.0000000000000000e+00	5.3054558417302333e-02
1.6929693744345000e-03	0.0000000000000000e+00	1.6705207900627361e-01
1.7104226669544401e-03	0.0000000000000000e+00	7.3934420368989118e-02
1.7278759594743899e-03	0.0000000000000000e+00	2.4879353070699994e-01
1.7453292519943300e-03	0.0000000000000000e+00	2.4917861466897007e-01
1.7627825445142699e-03	0.0000000000000000e+00	2.4959889177375993e-01
1.7802358370342200e-03	0.0000000000000000e+00	2.5004505013911804e-01
1.7976891295541600e-03	0.0000000000000000e+00	2.5050676216450496e-01
1.8151424220740999e-03	0.0000000000000000e+00	2.5097292028901896e-01
1.8325957145940500e-03	0.0000000000000000e+00	2.5143190300126805e-01
1.8500490071139900e-03	0.0000000000000000e+00	2.5187186077066903e-01
1.8675022996339299e-03	0.0000000000000000e+00	2.5228101720330298e-01
1.8849555921538800e-03	0.0000000000000000e+00	2.5264797736589395e-01
1.9024088846738201e-03	0.0000000000000000e+00	2.5296203501439996e-01
1.9198621771937599e-03	0.0000000000000000e+00	2.5321347111471704e-01
1.9373154697137100e-03	0.0000000000000000e+00	2.5339383557922601e-01
1.9547687622336499e-03	0.0000000000000000e+00	2.5349620469812795e-01
1.9722220547535902e-03	0.0000000000000000e+00	2.5351540715043597e-01
1.9896753472735400e-03	0.0000000000000000e+00	2.5344821216597402e-01
2.0071286397934799e-03	0.0000000000000000e+00	2.5329347375899602e-01
2.0245819323134202e-03	0.0000000000000000e+00	2.5305222702884100e-01
2.0420352248333700e-03	0.0000000000000000e+00	2.5272773184936304e-01
2.0594885173533099e-03	0.0000000000000000e+00	2.5232546034183900e-01
2.0769418098732502e-03	0.0000000000000000e+00	2.5185302916746199e-01
2.0943951023932000e-03	0.0000000000000000e+00	2.5132007443395687e-01
2.1118483949131399e-03	0.0000000000000000e+00	2.4926192859173302e-01
2.1293016874330802e-03	0.0000000000000000e+00	2.4987990363080004e-01
2.1467549799530201e-03	0.0000000000000000e+00	2.5051945503680995e-01
2.1642082724729699e-03	0.0000000000000000e+00	2.4883480387007006e-01
2.1816615649929102e-03	0.0000000000000000e+00	2.4819888390754996e-01
2.1991148575128501e-03	0.0000000000000000e+00	2.4758902567350005e-01
2.2165681500327999e-03	0.0000000000000000e+00	2.4702128470870011e-01
2.2340214425527402e-03	0.0000000000000000e+00	2.4651110758830996e-01
2.2514747350726801e-03	0.0000000000000000e+00	2.4607291047854996e-01
2.2689280275926299e-03	0.0000000000000000e+00	2.4591578966645766e-01
2.2863813201125698e-03	0.0000000000000000e+00	2.5453744977230008e-01
2.3038346126325101e-03	0.0000000000000000e+00	2.5468945699810996e-01
2.3212879051524599e-03	0.0000000000000000e+00	2.5472980984052995e-01
2.3387411976723998e-03	0.0000000000000000e+00	2.5465465980138990e-01
2.3561944901923401e-03	0.0000000000000000e+00	2.5446301776453994e-01
2.3736477827122899e-03	0.0000000000000000e+00	2.5415684846434994e-01
2.3911010752322298e-03	0.0000000000000000e+00	2.5374108603228995e-01
2.4085543677521701e-03	0.0000000000000000e+00	2.5322356963200998e-01
2.4260076602721200e-03	0.0000000000000000e+00	2.5261489884933996e-01
2.4434609527920598e-03	0.0000000000000000e+00	2.5192821812169996e-01
2.4609142453120001e-03	0.0000000000000000e+00	2.5117892528511998e-01
2.4783675378319500e-03	0.0000000000000000e+00	2.5038431030356989e-01
2.4958208303518898e-03	0.0000000000000000e+00	2.4956315263980600e-01
2.5132741228718301e-03	0.0000000000000000e+00	2.4873526956895697e-01
2.5307274153917800e-03	0.0000000000000000e+00	2.4792102837326702e-01
2.5481807079117198e-03	0.0000000000000000e+00	2.4714084307119899e-01
2.5656340004316601e-03	0.0000000000000000e+00	2.4641466231202402e-01
2.5830872929516100e-03	0.0000000000000000e+00	2.4576146253274000e-01
2.6005405854715499e-03	0.0000000000000000e+00	2.4519875943364500e-01
2.6179938779914902e-03	0.0000000000000000e+00	2.4479959603629797e-01
2.6354471705114400e-03	0.0000000000000000e+00	2.4510993532261094e-01
2.6529004630313799e-03	0.0000000000000000e+00	2.4530172077882595e-01
2.6703537555513202e-03	0.0000000000000000e+00	2.4536801193513502e-01
2.6878070480712700e-03	0.0000000000000000e+00	2.4530483387714996e-01
2.7052603405912099e-03	0.0000000000000000e+00	2.4511132977008199e-01
2.7227136331111502e-03	0.0000000000000000e+00	2.4478984393576197e-01
2.7401669256311000e-03	0.0000000000000000e+00	2.4525635773935905e-01
2.7576202181510399e-03	0.0000000000000000e+00	2.4586875464954505e-01
2.7750735106709802e-03	0.0000000000000000e+00	2.4659254180407597e-01
2.7925268031909300e-03	0.0000000000000000e+00	2.4741186483724498e-01
2.8099800957108699e-03	0.0000000000000000e+00	2.4830818479144801e-01
2.8274333882308102e-03	0.0000000000000000e+00	2.4926068389919498e-01
2.8448866807507600e-03	0.0000000000000000e+00	2.5024673483598003e-01
2.8623399732706999e-03	0.0000000000000000e+00	2.5124243170747995e-01
2.8797932657906402e-03	0.0000000000000000e+00	2.5222316806096989e-01
2.8972465583105901e-03	0.0000000000000000e+00	2.5316424756660005e-01
2.9146998508305299e-03	0.0000000000000000e+00	2.5404151454677004e-01
2.9321531433504698e-03	0.0000000000000000e+00	2.5483198683450992e-01
2.9496064358704201e-03	0.0000000000000000e+00	2.5551447342111011e-01
2.9670597283903599e-03	0.0000000000000000e+00	2.5607015938474009e-01
2.9845130209102998e-03	0.0000000000000000e+00	2.5648314015692009e-01
3.0019663134302501e-03	0.0000000000000000e+00	2.5674088781665994e-01
3.0194196059501899e-03	0.0000000000000000e+00	2.5683463426912989e-01
3.0368728984701298e-03	0.0000000000000000e+00	2.5675965837321990e-01
3.0543261909900801e-03	0.0000000000000000e+00	2.5651546650807999e-01
3.0717794835100200e-03	0.0000000000000000e+00	2.5610586118243006e-01
3.0892327760299598e-03	0.0000000000000000e+00	2.5553889477641989e-01
3.1066860685499101e-03	0.0000000000000000e+00	2.5482670227206006e-01
3.1241393610698500e-03	0.0000000000000000e+00	2.5398523094063008e-01
3.1415926535897898e-03	0.0000000000000000e+00	2.5303386058750998e-01
3.1590459461097401e-03	0.0000000000000000e+00	2.5199494336856998e-01
3.1764992386296800e-03	0.0000000000000000e+00	2.5089325082050995e-01
3.1939525311496198e-03	0.0000000000000000e+00	2.4975536276243404e-01
3.2114058236695701e-03	0.0000000000000000e+00	2.4860901995665097e-01
3.2288591161895100e-03	0.0000000000000000e+00	2.4748243626459099e-01
3.2463124087094499e-03	0.0000000000000000e+00	2.4640360093892300e-01
3.2637657012294001e-03	0.0000000000000000e+00	2.4539958932941197e-01
3.2812189937493400e-03	0.0000000000000000e+00	2.4449589234066404e-01
3.2986722862692799e-03	0.0000000000000000e+00	2.4371578371920899e-01
3.3161255787892301e-03	0.0000000000000000e+00	2.4307973811621697e-01
3.3335788713091700e-03	0.0000000000000000e+00	2.4273306211773193e-01
3.3510321638291099e-03	0.0000000000000000e+00	2.4300095427459290e-01
3.3684854563490602e-03	0.0000000000000000e+00	2.4310693761547086e-01
3.3859387488690000e-03	0.0000000000000000e+00	2.4304660566715786e-01
3.4033920413889399e-03	0.0000000000000000e+00	2.4267849125614982e-01
3.4208453339088902e-03	0.0000000000000000e+00	2.4296906731351098e-01
3.4382986264288300e-03	0.0000000000000000e+00	2.4359165682469996e-01
3.4557519189487699e-03	0.0000000000000000e+00	2.4437706530722902e-01
3.4732052114687202e-03	0.0000000000000000e+00	2.4530789418917398e-01
3.4906585039886600e-03	0.0000000000000000e+00	2.4636295001627595e-01
3.5081117965085999e-03	0.0000000000000000e+00	2.4751770201634105e-01
3.5255650890285502e-03	0.0000000000000000e+00	2.4779469887003069e-01
3.5430183815484901e-03	0.0000000000000000e+00	2.4735248193695947e-01
3.5604716740684299e-03	0.0000000000000000e+00	2.4746370770014359e-01
3.5779249665883698e-03	0.0000000000000000e+00	2.4902014394944316e-01
3.5953782591083201e-03	0.0000000000000000e+00	2.5199729695625184e-01
3.6128315516282599e-03	0.0000000000000000e+00	2.5489981046133003e-01
3.6302848441482102e-03	0.0000000000000000e+00	2.5591829948676992e-01
3.6477381366681501e-03	0.0000000000000000e+00	2.5679943833666008e-01
3.6651914291880900e-03	0.0000000000000000e+00	2.5751989325065994e-01
3.6826447217080398e-03	0.0000000000000000e+00	2.5806016031510004e-01
3.7000980142279801e-03	0.0000000000000000e+00	2.5840511950208001e-01
3.7175513067479200e-03	0.0000000000000000e+00	2.5795471066614517e-01
3.7350045992678598e-03	0.0000000000000000e+00	2.5712156567744249e-01
3.7524578917878101e-03	0.0000000000000000e+00	2.5658869194748635e-01
3.7699111843077500e-03	0.0000000000000000e+00	2.5770394467466007e-01
3.7873644768276998e-03	0.0000000000000000e+00	2.5702244374841010e-01
3.8048177693476401e-03	0.0000000000000000e+00	2.5616225066340004e-01
3.8222710618675800e-03	0.0000000000000000e+00	2.5514363238490989e-01
3.8397243543875199e-03	0.0000000000000000e+00	2.5399092357119990e-01
3.8571776469074701e-03	0.0000000000000000e+00	2.5273191350391011e-01
3.8746309394274100e-03	0.0000000000000000e+00	2.5139714194206997e-01
3.8920842319473499e-03	0.0000000000000000e+00	2.5001913457438008e-01
3.9095375244672997e-03	0.0000000000000000e+00	2.4863159058182405e-01
3.9269908169872400e-03	0.0000000000000000e+00	2.4343949037554136e-01
3.9444441095071803e-03	0.0000000000000000e+00	2.4009715886873528e-01
3.9618974020271302e-03	0.0000000000000000e+00	2.4313029339250303e-01
3.9793506945470696e-03	0.0000000000000000e+00	2.4365480994486499e-01
3.9968039870670099e-03	0.0000000000000000e+00	2.4477683056276445e-01
4.0142572795869597e-03	0.0000000000000000e+00	2.4735596451623498e-01
4.0317105721069000e-03	0.0000000000000000e+00	2.4789236352962296e-01
4.0491638646268403e-03	0.0000000000000000e+00	2.4824012096672599e-01
4.0666171571467902e-03	0.0000000000000000e+00	2.4838966232732895e-01
4.0840704496667296e-03	0.0000000000000000e+00	2.4628309840722118e-01
4.1015237421866699e-03	0.0000000000000000e+00	2.4116493889997703e-01
4.1189770347066198e-03	0.0000000000000000e+00	2.3600215983153228e-01
4.1364303272265601e-03	0.0000000000000000e+00	2.3482892390216470e-01
4.1538836197465004e-03	0.0000000000000000e+00	2.3566113668391175e-01
4.1713369122664502e-03	0.0000000000000000e+00	2.3665125392603670e-01
4.1887902047863896e-03	0.0000000000000000e+00	2.3777612618761379e-01
4.2062434973063299e-03	0.0000000000000000e+00	2.3484242161414681e-01
4.2236967898262798e-03	0.0000000000000000e+00	2.3198940736494700e-01
4.2411500823462201e-03	0.0000000000000000e+00	2.2921878934576334e-01
4.2586033748661604e-03	0.0000000000000000e+00	2.2782508892301168e-01
4.2760566673861102e-03	0.0000000000000000e+00	2.3332912839118169e-01
4.2935099599060497e-03	0.0000000000000000e+00	2.2510098330379014e-01
4.3109632524259900e-03	0.0000000000000000e+00	2.1794895572977302e-01
4.3284165449459398e-03	0.0000000000000000e+00	2.1565776815106785e-01
4.3458698374658801e-03	0.0000000000000000e+00	2.1544015540711259e-01
4.3633231299858204e-03	0.0000000000000000e+00	2.1581266736688232e-01
4.3807764225057702e-03	0.0000000000000000e+00	2.1534030274930238e-01
4.3982297150257097e-03	0.0000000000000000e+00	2.1503738341704226e-01
4.4156830075456500e-03	0.0000000000000000e+00	2.1491226593862223e-01
4.4331363000655998e-03	0.0000000000000000e+00	2.1496881169822224e-01
4.4505895925855401e-03	0.0000000000000000e+00	2.1520626890466232e-01
4.4680428851054804e-03	0.0000000000000000e+00	2.5868857652121990e-01
4.4854961776254303e-03	0.0000000000000000e+00	2.5793623947577005e-01
4.5029494701453697e-03	0.0000000000000000e+00	2.5698389846625003e-01
4.5204027626653100e-03	0.0000000000000000e+00	2.5585472904710005e-01
4.5378560551852598e-03	0.0000000000000000e+00	2.3370602696859888e-01
4.5553093477052001e-03	0.0000000000000000e+00	2.1983615364397235e-01
4.5727626402251396e-03	0.0000000000000000e+00	2.5170020118583003e-01
4.5902159327450903e-03	0.0000000000000000e+00	2.5017302445041989e-01
4.6076692252650297e-03	0.0000000000000000e+00	2.4863601502671195e-01
4.6251225177849700e-03	0.0000000000000000e+00	2.4712686679642604e-01
4.6425758103049199e-03	0.0000000000000000e+00	2.4568258222461403e-01
4.6600291028248602e-03	0.0000000000000000e+00	2.4433858014314203e-01
4.6774823953447996e-03	0.0000000000000000e+00	2.4423780279079710e-01
4.6949356878647503e-03	0.0000000000000000e+00	2.4518111872483217e-01
4.7123889803846897e-03	0.0000000000000000e+00	2.4595549556877216e-01
4.7298422729046300e-03	0.0000000000000000e+00	2.4654169756174915e-01
4.7472955654245799e-03	0.0000000000000000e+00	2.4692497087453613e-01
4.7647488579445202e-03	0.0000000000000000e+00	2.4709539510181011e-01
4.7822021504644596e-03	0.0000000000000000e+00	2.4704812741033411e-01
4.7996554429844103e-03	0.0000000000000000e+00	2.4678353347169912e-01
4.8171087355043498e-03	0.0000000000000000e+00	2.5913693988628905e-01
4.8345620280242901e-03	0.0000000000000000e+00	2.5837658784286999e-01
4.8520153205442399e-03	0.0000000000000000e+00	2.5741014076241397e-01
4.8694686130641802e-03	0.0000000000000000e+00	2.2696522478012437e-01
4.8869219055841196e-03	0.0000000000000000e+00	2.4504563591517947e-01
4.9043751981040704e-03	0.0000000000000000e+00	2.4647637531967104e-01
4.9218284906240098e-03	0.0000000000000000e+00	2.4799736226593905e-01
4.9392817831439501e-03	0.0000000000000000e+00	2.4042387431628498e-01
4.9567350756638999e-03	0.0000000000000000e+00	2.3897197369444001e-01
4.9741883681838402e-03	0.0000000000000000e+00	2.3754168918118990e-01
4.9916416607037797e-03	0.0000000000000000e+00	2.4379280685099070e-01
5.0090949532237304e-03	0.0000000000000000e+00	2.4437494206229005e-01
5.0265482457436698e-03	0.0000000000000000e+00	2.4311155504025006e-01
5.0440015382636101e-03	0.0000000000000000e+00	2.4201647339676002e-01
5.0614548307835600e-03	0.0000000000000000e+00	2.4111760985990993e-01
5.0789081233035003e-03	0.0000000000000000e+00	2.4043802369169009e-01
5.0963614158234397e-03	0.0000000000000000e+00	2.3999529140503006e-01
5.1138147083433904e-03	0.0000000000000000e+00	2.3980101811420007e-01
5.1312680008633298e-03	0.0000000000000000e+00	2.3986052692315996e-01
5.1487212933832701e-03	0.0000000000000000e+00	2.4017270275932989e-01
5.1661745859032200e-03	0.0000000000000000e+00	2.4073002655673004e-01
5.1836278784231603e-03	0.0000000000000000e+00	2.4151878816914008e-01
5.2010811709430997e-03	0.0000000000000000e+00	2.4251944914067991e-01
5.2185344634630504e-03	0.0000000000000000e+00	2.4370717466284009e-01
5.2359877559829899e-03	0.0000000000000000e+00	2.4505250293346004e-01
5.2534410485029302e-03	0.0000000000000000e+00	2.4652211171760996e-01
5.2708943410228696e-03	0.0000000000000000e+00	2.4807967968244005e-01
5.2883476335428203e-03	0.0000000000000000e+00	2.4968680896503992e-01
5.3058009260627597e-03	0.0000000000000000e+00	2.5130398937121901e-01
5.3232542185827000e-03	0.0000000000000000e+00	2.5289156672187996e-01
5.3407075111026499e-03	0.0000000000000000e+00	2.5441070288678502e-01
5.3581608036225902e-03	0.0000000000000000e+00	2.5582430640989595e-01
5.3756140961425296e-03	0.0000000000000000e+00	2.5709790751258699e-01
5.3930673886624803e-03	0.0000000000000000e+00	2.5820046403796904e-01
5.4105206811824198e-03	0.0000000000000000e+00	2.5910508152727896e-01
5.4279739737023601e-03	0.0000000000000000e+00	2.5978963404468902e-01
5.4454272662223099e-03	0.0000000000000000e+00	2.6023727494974902e-01
5.4628805587422502e-03	0.0000000000000000e+00	2.6043682795378797e-01
5.4803338512621896e-03	0.0000000000000000e+00	2.6038305284604801e-01
5.4977871437821403e-03	0.0000000000000000e+00	2.6007677982877997e-01
5.5152404363020798e-03	0.0000000000000000e+00	2.5952490819420704e-01
5.5326937288220201e-03	0.0000000000000000e+00	2.5874027128407895e-01
5.5501470213419699e-03	0.0000000000000000e+00	2.5774136544524495e-01
5.5676003138619102e-03	0.0000000000000000e+00	2.5655195469481795e-01
5.5850536063818497e-03	0.0000000000000000e+00	2.5520054087797805e-01
5.6025068989018004e-03	0.0000000000000000e+00	2.3953194591797289e-01
5.6199601914217398e-03	0.0000000000000000e+00	2.3814626873570788e-01
5.6374134839416801e-03	0.0000000000000000e+00	2.3671110992432987e-01
5.6548667764616299e-03	0.0000000000000000e+00	2.3526173840120501e-01
5.6723200689815702e-03	0.0000000000000000e+00	2.5274677601286011e-01
5.6897733615015097e-03	0.0000000000000000e+00	2.5429954722523007e-01
5.7072266540214604e-03	0.0000000000000000e+00	2.5574765972898006e-01
5.7246799465413998e-03	0.0000000000000000e+00	2.5705476073717004e-01
5.7421332390613401e-03	0.0000000000000000e+00	2.5818788977239993e-01
5.7595865315812900e-03	0.0000000000000000e+00	2.5911835962965002e-01
5.7770398241012303e-03	0.0000000000000000e+00	2.5982252868187006e-01
5.7944931166211697e-03	0.0000000000000000e+00	2.6028244421026003e-01
5.8119464091411204e-03	0.0000000000000000e+00	2.6048633050516989e-01
5.8293997016610598e-03	0.0000000000000000e+00	2.6042890053579004e-01
5.8468529941810002e-03	0.0000000000000000e+00	2.6011150108524994e-01
5.8643062867009500e-03	0.0000000000000000e+00	2.5954206399016000e-01
5.8817595792208903e-03	0.0000000000000000e+00	2.5873487462146993e-01
5.8992128717408297e-03	0.0000000000000000e+00	2.5771018512065003e-01
5.9166661642607796e-03	0.0000000000000000e+00	2.5649365248606992e-01
5.9341194567807199e-03	0.0000000000000000e+00	2.5511564696394995e-01
5.9515727493006602e-03	0.0000000000000000e+00	2.5361045305849994e-01
5.9690260418206100e-03	0.0000000000000000e+00	2.5201538124991996e-01
5.9864793343405503e-03	0.0000000000000000e+00	2.5036981692596005e-01
6.0039326268604898e-03	0.0000000000000000e+00	2.4871423668102000e-01
6.0213859193804396e-03	0.0000000000000000e+00	2.4708921059172195e-01
6.0388392119003799e-03	0.0000000000000000e+00	2.4553442651055002e-01
6.0562925044203202e-03	0.0000000000000000e+00	2.4408774335709205e-01
6.0737457969402700e-03	0.0000000000000000e+00	2.4278430011927699e-01
6.0911990894602103e-03	0.0000000000000000e+00	2.4354974845918187e-01
6.1086523819801498e-03	0.0000000000000000e+00	2.4437019104409896e-01
6.1261056745000996e-03	0.0000000000000000e+00	2.4499328783770091e-01
6.1435589670200399e-03	0.0000000000000000e+00	2.4540390943519286e-01
6.1610122595399802e-03	0.0000000000000000e+00	2.4559200350226995e-01
6.1784655520599301e-03	0.0000000000000000e+00	2.4555282678505486e-01
6.1959188445798704e-03	0.0000000000000000e+00	2.4528706471834993e-01
6.2133721370998098e-03	0.0000000000000000e+00	2.4480083012971587e-01
6.2308254296197596e-03	0.0000000000000000e+00	2.4410554333232393e-01
6.2482787221396999e-03	0.0000000000000000e+00	2.4321769467602794e-01
6.2657320146596402e-03	0.0000000000000000e+00	2.4329348713897403e-01
6.2831853071795901e-03	0.0000000000000000e+00	2.4466512717199895e-01
6.3006385996995304e-03	0.0000000000000000e+00	2.4616825610810600e-01
6.3180918922194698e-03	0.0000000000000000e+00	2.4776631171811003e-01
6.3355451847394197e-03	0.0000000000000000e+00	2.4942021492086996e-01
6.3529984772593600e-03	0.0000000000000000e+00	2.5108930600853996e-01
6.3704517697793003e-03	0.0000000000000000e+00	2.5273234059166994e-01
6.3879050622992501e-03	0.0000000000000000e+00	2.5430851549800004e-01
6.4053583548191904e-03	0.0000000000000000e+00	2.5577850635411004e-01
6.4228116473391298e-03	0.0000000000000000e+00	2.5710548571849001e-01
6.4402649398590797e-03	0.0000000000000000e+00	2.5825609055888998e-01
6.4577182323790200e-03	0.0000000000000000e+00	2.5920130918334006e-01
6.4751715248989603e-03	0.0000000000000000e+00	2.5991725927273990e-01
6.4926248174188997e-03	0.0000000000000000e+00	2.6038583921577008e-01
6.5100781099388504e-03	0.0000000000000000e+00	2.6059521020544008e-01
6.5275314024587899e-03	0.0000000000000000e+00	2.6054011092149998e-01
6.5449846949787302e-03	0.0000000000000000e+00	2.6022199579371996e-01
6.5624379874986800e-03	0.0000000000000000e+00	2.5964897922360008e-01
6.5798912800186203e-03	0.0000000000000000e+00	2.5883559525848998e-01
6.5973445725385597e-03	0.0000000000000000e+00	2.5780239992717990e-01
6.6147978650585096e-03	0.0000000000000000e+00	2.5657539734148993e-01
6.6322511575784499e-03	0.0000000000000000e+00	2.5518533663032006e-01
6.6497044500983902e-03	0.0000000000000000e+00	2.5366690047981000e-01
6.6671577426183400e-03	0.0000000000000000e+00	2.5205780515219001e-01
6.6846110351382803e-03	0.0000000000000000e+00	2.5039783832123996e-01
6.7020643276582198e-03	0.0000000000000000e+00	2.4872786538997305e-01
6.7195176201781696e-03	0.0000000000000000e+00	2.4708882301919699e-01
6.7369709126981099e-03	0.0000000000000000e+00	2.4552073570580002e-01
6.7544242052180502e-03	0.0000000000000000e+00	2.4406176280917702e-01
6.7718774977380001e-03	0.0000000000000000e+00	2.4274730273091705e-01
6.7893307902579404e-03	0.0000000000000000e+00	2.4160917518602998e-01
6.8067840827778798e-03	0.0000000000000000e+00	2.4067489080740001e-01
6.8242373752978296e-03	0.0000000000000000e+00	2.3996702404840098e-01
6.8416906678177699e-03	0.0000000000000000e+00	2.3950270201576696e-01
6.8591439603377102e-03	0.0000000000000000e+00	2.3929321316063901e-01
6.8765972528576601e-03	0.0000000000000000e+00	2.3934374905216904e-01
6.8940505453776004e-03	0.0000000000000000e+00	2.3965327709316198e-01
6.9115038378975398e-03	0.0000000000000000e+00	2.4021455231383604e-01
6.9289571304174897e-03	0.0000000000000000e+00	2.4101426684462102e-01
6.9464104229374300e-03	0.0000000000000000e+00	2.4203333319772802e-01
6.9638637154573703e-03	0.0000000000000000e+00	2.4324730349277601e-01
6.9813170079773201e-03	0.0000000000000000e+00	2.4462690958112598e-01
6.9987703004972604e-03	0.0000000000000000e+00	2.4613872960662198e-01
7.0162235930171998e-03	0.0000000000000000e+00	2.4774596110535396e-01
7.0336768855371497e-03	0.0000000000000000e+00	2.4940928173823096e-01
7.0511301780570900e-03	0.0000000000000000e+00	2.5108779169778006e-01
7.0685834705770303e-03	0.0000000000000000e+00	2.5274001544739999e-01
7.0860367630969801e-03	0.0000000000000000e+00	2.5432493281858992e-01
7.1034900556169204e-03	0.0000000000000000e+00	2.5580302215695006e-01
7.1209433481368599e-03	0.0000000000000000e+00	2.5708369325468983e-01
7.1383966406568097e-03	0.0000000000000000e+00	2.5817284975599808e-01
7.1558499331767500e-03	0.0000000000000000e+00	2.5905542138833537e-01
7.1733032256966903e-03	0.0000000000000000e+00	2.5974183845844945e-01
7.1907565182166401e-03	0.0000000000000000e+00	2.6020076479716980e-01
7.2082098107365796e-03	0.0000000000000000e+00	2.6032883096532844e-01
7.2256631032565199e-03	0.0000000000000000e+00	2.6009715111923337e-01
7.2431163957764697e-03	0.0000000000000000e+00	2.5958331978667226e-01
7.2605696882964100e-03	0.0000000000000000e+00	2.5877361179883684e-01
7.2780229808163503e-03	0.0000000000000000e+00	2.5763622671532327e-01
7.2954762733363002e-03	0.0000000000000000e+00	2.5623724403605186e-01
7.3129295658562396e-03	0.0000000000000000e+00	2.5472626064860437e-01
7.3303828583761799e-03	0.0000000000000000e+00	2.5321023294056899e-01
7.3478361508961297e-03	0.0000000000000000e+00	2.5168270956018657e-01
7.3652894434160700e-03	0.0000000000000000e+00	2.5011568865339395e-01
7.3827427359360103e-03	0.0000000000000000e+00	2.4855652495792058e-01
7.4001960284559602e-03	0.0000000000000000e+00	2.4707183395178856e-01
7.4176493209758996e-03	0.0000000000000000e+00	2.4576030938879823e-01
7.4351026134958399e-03	0.0000000000000000e+00	2.4470833236034017e-01
7.4525559060157898e-03	0.0000000000000000e+00	2.4380906193178520e-01
7.4700091985357301e-03	0.0000000000000000e+00	2.4273758369243004e-01
7.4874624910556704e-03	0.0000000000000000e+00	2.4159531847297600e-01
7.5049157835756202e-03	0.0000000000000000e+00	2.4065748346807803e-01
7.5223690760955596e-03	0.0000000000000000e+00	2.3994669569103699e-01
7.5398223686154999e-03	0.0000000000000000e+00	2.3948010600840497e-01
7.5572756611354498e-03	0.0000000000000000e+00	2.3922097820154764e-01
7.5747289536553901e-03	0.0000000000000000e+00	2.3861726376230874e-01
7.5921822461753304e-03	0.0000000000000000e+00	2.3826616007821344e-01
7.6096355386952802e-03	0.0000000000000000e+00	2.3820826559190500e-01
7.6270888312152197e-03	0.0000000000000000e+00	2.3860567168400615e-01
7.6445421237351600e-03	0.0000000000000000e+00	2.3955457507601907e-01
7.6619954162551098e-03	0.0000000000000000e+00	2.4102015379012443e-01
7.6794487087750501e-03	0.0000000000000000e+00	2.4280203807517076e-01
7.6969020012949904e-03	0.0000000000000000e+00	2.4429134187821933e-01
7.7143552938149403e-03	0.0000000000000000e+00	2.4579998236899125e-01
7.7318085863348797e-03	0.0000000000000000e+00	2.4735468730142918e-01
7.7492618788548200e-03	0.0000000000000000e+00	2.4901741584237991e-01
7.7667151713747698e-03	0.0000000000000000e+00	2.5079588248571427e-01
7.7841684638947101e-03	0.0000000000000000e+00	2.5264970173755052e-01
7.8016217564146496e-03	0.0000000000000000e+00	2.5461822081995644e-01
7.8190750489345994e-03	0.0000000000000000e+00	2.5672408977374483e-01
7.8365283414545406e-03	0.0000000000000000e+00	2.5829686248946992e-01
7.8539816339744800e-03	0.0000000000000000e+00	2.5924887256928009e-01
7.8714349264944194e-03	0.0000000000000000e+00	2.5997011700315009e-01
7.8888882190143693e-03	0.0000000000000000e+00	2.6044243051769000e-01
7.9063415115343105e-03	0.0000000000000000e+00	2.6065395737686003e-01
7.9237948040542603e-03	0.0000000000000000e+00	2.6059946041405002e-01
7.9412480965741997e-03	0.0000000000000000e+00	2.6028045797106003e-01
7.9587013890941392e-03	0.0000000000000000e+00	2.5970516486811990e-01
7.9761546816140907e-03	0.0000000000000000e+00	2.5888824503543995e-01
7.9936079741340302e-03	0.0000000000000000e+00	2.5785040948627991e-01
8.0110612666539696e-03	0.0000000000000000e+00	2.5661783820371009e-01
8.0285145591739195e-03	0.0000000000000000e+00	2.5522146723854999e-01
8.0459678516938606e-03	0.0000000000000000e+00	2.5369617458594007e-01
8.0634211442138001e-03	0.0000000000000000e+00	2.5207987302944002e-01
8.0808744367337395e-03	0.0000000000000000e+00	2.5041254425931991e-01
8.0983277292536893e-03	0.0000000000000000e+00	2.4873523605493197e-01
8.1157810217736305e-03	0.0000000000000000e+00	2.4708905872257103e-01
8.1332343142935803e-03	0.0000000000000000e+00	2.4551419405026198e-01
8.1506876068135198e-03	0.0000000000000000e+00	2.4404893943964001e-01
8.1681408993334592e-03	0.0000000000000000e+00	2.4272881126007595e-01
8.1855941918534108e-03	0.0000000000000000e+00	2.4158572616569896e-01
8.2030474843733502e-03	0.0000000000000000e+00	2.4064726805732795e-01
8.2205007768932897e-03	0.0000000000000000e+00	2.3993606362592101e-01
8.2379540694132308e-03	0.0000000000000000e+00	2.3946926779323596e-01
8.2554073619331807e-03	0.0000000000000000e+00	2.3925817740374800e-01
8.2728606544531201e-03	0.0000000000000000e+00	2.3930796969303803e-01
8.2903139469730595e-03	0.0000000000000000e+00	2.3961758165933700e-01
8.3077672394930094e-03	0.0000000000000000e+00	2.4017971699802498e-01
8.3252205320129506e-03	0.0000000000000000e+00	2.4098100277289602e-01
8.3426738245328900e-03	0.0000000000000000e+00	2.4200227266283703e-01
8.3601271170528398e-03	0.0000000000000000e+00	2.4321898883951398e-01
8.3775804095727793e-03	0.0000000000000000e+00	2.4460178754602901e-01
8.3950337020927204e-03	0.0000000000000000e+00	2.4545306417144264e-01
8.4124869946126703e-03	0.0000000000000000e+00	2.4649640664531924e-01
8.4299402871326097e-03	0.0000000000000000e+00	2.4784718275709217e-01
8.4473935796525491e-03	0.0000000000000000e+00	2.4964320814602481e-01
8.4648468721725007e-03	0.0000000000000000e+00	2.5174488528129313e-01
8.4823001646924402e-03	0.0000000000000000e+00	2.5373631530058371e-01
8.4997534572123796e-03	0.0000000000000000e+00	2.5527544391997792e-01
8.5172067497323294e-03	0.0000000000000000e+00	2.5618429183612479e-01
8.5346600422522706e-03	0.0000000000000000e+00	2.5650824279246986e-01
8.5521133347722100e-03	0.0000000000000000e+00	2.5643965094056842e-01
8.5695666272921599e-03	0.0000000000000000e+00	2.5617104452766293e-01
8.5870199198120993e-03	0.0000000000000000e+00	2.5595521100245711e-01
8.6044732123320405e-03	0.0000000000000000e+00	2.5596392614084407e-01
8.6219265048519903e-03	0.0000000000000000e+00	2.5624049924890779e-01
8.6393797973719298e-03	0.0000000000000000e+00	2.5652523377407399e-01
8.6568330898918692e-03	0.0000000000000000e+00	2.5631492618258522e-01
8.6742863824118208e-03	0.0000000000000000e+00	2.5538663734761013e-01
8.6917396749317602e-03	0.0000000000000000e+00	2.5382142219685966e-01
8.7091929674516996e-03	0.0000000000000000e+00	2.5175855627468979e-01
8.7266462599716495e-03	0.0000000000000000e+00	2.4945923449245944e-01
8.7440995524915906e-03	0.0000000000000000e+00	2.4721042731837706e-01
8.7615528450115301e-03	0.0000000000000000e+00	2.4515017011119811e-01
8.7790061375314799e-03	0.0000000000000000e+00	2.4338553743393132e-01
8.7964594300514194e-03	0.0000000000000000e+00	2.4198037493723201e-01
8.8139127225713605e-03	0.0000000000000000e+00	2.4090214131270138e-01
8.8313660150913104e-03	0.0000000000000000e+00	2.3991479635742752e-01
8.8488193076112498e-03	0.0000000000000000e+00	2.3876941071026814e-01
8.8662726001311892e-03	0.0000000000000000e+00	2.3756016893497334e-01
8.8837258926511408e-03	0.0000000000000000e+00	2.3645315006004020e-01
8.9011791851710802e-03	0.0000000000000000e+00	2.3550708739580173e-01
8.9186324776910197e-03	0.0000000000000000e+00	2.3467134744958762e-01
8.9360857702109695e-03	0.0000000000000000e+00	2.3399678822883840e-01
8.9535390627309107e-03	0.0000000000000000e+00	2.3365032003557151e-01
8.9709923552508501e-03	0.0000000000000000e+00	2.3359045786100863e-01
8.9884456477708000e-03	0.0000000000000000e+00	2.3362159209766697e-01
9.0058989402907394e-03	0.0000000000000000e+00	2.3369185998229558e-01
9.0233522328106806e-03	0.0000000000000000e+00	2.3384982451383851e-01
9.0408055253306304e-03	0.0000000000000000e+00	2.3437675315434503e-01
9.0582588178505698e-03	0.0000000000000000e+00	2.3593473048935620e-01
9.0757121103705093e-03	0.0000000000000000e+00	2.3859877315099243e-01
9.0931654028904609e-03	0.0000000000000000e+00	2.4611877024616502e-01
9.1106186954104003e-03	0.0000000000000000e+00	2.4772977678057895e-01
9.1280719879303397e-03	0.0000000000000000e+00	2.4939700443499402e-01
9.1455252804502896e-03	0.0000000000000000e+00	2.5107944530614001e-01
9.1629785729702307e-03	0.0000000000000000e+00	2.5273551956674001e-01
9.1804318654901702e-03	0.0000000000000000e+00	2.4567588952706010e-01
9.1978851580101200e-03	0.0000000000000000e+00	2.4419439005919008e-01
9.2153384505300594e-03	0.0000000000000000e+00	2.4285705701512006e-01
9.2327917430500006e-03	0.0000000000000000e+00	2.4169746192771990e-01
9.2502450355699505e-03	0.0000000000000000e+00	2.5925522082780006e-01
9.2676983280898899e-03	0.0000000000000000e+00	2.5997699485029990e-01
9.2851516206098293e-03	0.0000000000000000e+00	2.6044969008663998e-01
9.3026049131297792e-03	0.0000000000000000e+00	2.6066145111635008e-01
9.3200582056497203e-03	0.0000000000000000e+00	2.6060704393337009e-01
9.3375114981696598e-03	0.0000000000000000e+00	2.6028799369832001e-01
9.3549647906896096e-03	0.0000000000000000e+00	2.5971252489115004e-01
9.3724180832095508e-03	0.0000000000000000e+00	2.5889531371471008e-01
9.3898713757294902e-03	0.0000000000000000e+00	2.5785708538276997e-01
9.4073246682494296e-03	0.0000000000000000e+00	2.5662403515283994e-01
9.4247779607693795e-03	0.0000000000000000e+00	2.5522711573964996e-01
9.4422312532893207e-03	0.0000000000000000e+00	2.5370122185981003e-01
9.4596845458092705e-03	0.0000000000000000e+00	2.5208428297760999e-01
9.4771378383292099e-03	0.0000000000000000e+00	2.5041629608802007e-01
9.4945911308491494e-03	0.0000000000000000e+00	2.4873832647353500e-01
9.5120444233690905e-03	0.0000000000000000e+00	2.4709149732814895e-01
9.5294977158890404e-03	0.0000000000000000e+00	2.4551600248816796e-01
9.5469510084089798e-03	0.0000000000000000e+00	2.4405015089478299e-01
9.5644043009289192e-03	0.0000000000000000e+00	2.4272946836708698e-01
9.5818575934488708e-03	0.0000000000000000e+00	2.4158587876844895e-01
9.5993108859688103e-03	0.0000000000000000e+00	2.4064697224192400e-01
9.6167641784887497e-03	0.0000000000000000e+00	2.3993537879473104e-01
9.6342174710086995e-03	0.0000000000000000e+00	2.3946825659028803e-01
9.6516707635286407e-03	0.0000000000000000e+00	2.3925690183031600e-01
9.6691240560485905e-03	0.0000000000000000e+00	2.3930649209248100e-01
9.6865773485685300e-03	0.0000000000000000e+00	2.3961595953691495e-01
9.7040306410884694e-03	0.0000000000000000e+00	2.4017800641979004e-01
9.7214839336084106e-03	0.0000000000000000e+00	2.4097925432015099e-01
9.7389372261283604e-03	0.0000000000000000e+00	2.4200053260479804e-01
9.7563905186482999e-03	0.0000000000000000e+00	2.4321729749685905e-01
9.7738438111682393e-03	0.0000000000000000e+00	2.4460017813879376e-01
9.7912971036881909e-03	0.0000000000000000e+00	2.4611564228922100e-01
9.8087503962081303e-03	0.0000000000000000e+00	2.4772677453755398e-01
9.8262036887280697e-03	0.0000000000000000e+00	2.4939413958987799e-01
9.8436569812480196e-03	0.0000000000000000e+00	2.5107672693432992e-01
9.8611102737679607e-03	0.0000000000000000e+00	2.4735828757075606e-01
9.8785635662879106e-03	0.0000000000000000e+00	2.4983190259702459e-01
9.8960168588078500e-03	0.0000000000000000e+00	2.5580337157527011e-01
9.9134701513277895e-03	0.0000000000000000e+00	2.5714087216611992e-01
9.9309234438477306e-03	0.0000000000000000e+00	2.5830063681731996e-01
9.9483767363676805e-03	0.0000000000000000e+00	2.5925348974899998e-01
9.9658300288876199e-03	0.0000000000000000e+00	2.5997543287664993e-01
9.9832833214075593e-03	0.0000000000000000e+00	2.6044829540524006e-01
1.0000736613927501e-02	0.0000000000000000e+00	2.6066022186985993e-01
1.0018189906447501e-02	0.0000000000000000e+00	2.6060597928315010e-01
1.0035643198967400e-02	0.0000000000000000e+00	2.3160347870336262e-01
1.0053096491487300e-02	0.0000000000000000e+00	2.2959919591060218e-01
1.0070549784007300e-02	0.0000000000000000e+00	2.2897184029661222e-01
1.0088003076527199e-02	0.0000000000000000e+00	2.2817682963406216e-01
1.0105456369047200e-02	0.0000000000000000e+00	2.2723428232481224e-01
1.0122909661567101e-02	0.0000000000000000e+00	2.3356451245109544e-01
1.0140362954087099e-02	0.0000000000000000e+00	2.3923028478989283e-01
1.0157816246607001e-02	0.0000000000000000e+00	2.2858820740853858e-01
1.0175269539126900e-02	0.0000000000000000e+00	2.2418214338224529e-01
1.0192722831646900e-02	0.0000000000000000e+00	2.2129944033362337e-01
1.0210176124166800e-02	0.0000000000000000e+00	2.1997557112954425e-01
1.0227629416686800e-02	0.0000000000000000e+00	2.1877932114734722e-01
1.0245082709206699e-02	0.0000000000000000e+00	2.1766725136897325e-01
1.0262536001726700e-02	0.0000000000000000e+00	2.1666624770006526e-01
1.0279989294246601e-02	0.0000000000000000e+00	2.1580044715367019e-01
1.0297442586766500e-02	0.0000000000000000e+00	2.1509069152116722e-01
1.0314895879286501e-02	0.0000000000000000e+00	2.1455405903400326e-01
1.0332349171806400e-02	0.0000000000000000e+00	2.1420347998320721e-01
1.0349802464326400e-02	0.0000000000000000e+00	2.1404744620595018e-01
1.0367255756846300e-02	0.0000000000000000e+00	2.1408981410193417e-01
1.0384709049366300e-02	0.0000000000000000e+00	2.1432970980385224e-01
1.0402162341886199e-02	0.0000000000000000e+00	2.1530986210480529e-01
1.0419615634406101e-02	0.0000000000000000e+00	2.1689709939865331e-01
1.0437068926926101e-02	0.0000000000000000e+00	2.1769047162055233e-01
1.0454522219446000e-02	0.0000000000000000e+00	2.1863526073305739e-01
1.0471975511966001e-02	0.0000000000000000e+00	2.1880891941795855e-01
1.0489428804485900e-02	0.0000000000000000e+00	2.1171191190119931e-01
1.0506882097005900e-02	0.0000000000000000e+00	2.1283417236053526e-01
1.0524335389525800e-02	0.0000000000000000e+00	2.4134323931246238e-01
1.0541788682045699e-02	0.0000000000000000e+00	2.4559269873029843e-01
1.0559241974565699e-02	0.0000000000000000e+00	2.1589987800472998e-01
1.0576695267085601e-02	0.0000000000000000e+00	2.3074516693157721e-01
1.0594148559605601e-02	0.0000000000000000e+00	2.3375143670578635e-01
1.0611601852125500e-02	0.0000000000000000e+00	2.3671300737195067e-01
1.0629055144645501e-02	0.0000000000000000e+00	2.3580203953308632e-01
1.0646508437165400e-02	0.0000000000000000e+00	2.3287868423768610e-01
1.0663961729685400e-02	0.0000000000000000e+00	2.5052701440767344e-01
1.0681415022205300e-02	0.0000000000000000e+00	2.6045019119823998e-01
1.0698868314725199e-02	0.0000000000000000e+00	2.6066205704617995e-01
1.0716321607245199e-02	0.0000000000000000e+00	2.6060774494119010e-01
1.0733774899765101e-02	0.0000000000000000e+00	2.6028878013731993e-01
1.0751228192285101e-02	0.0000000000000000e+00	2.3730641912424200e-01
1.0768681484805000e-02	0.0000000000000000e+00	2.3141038537956438e-01
1.0786134777325001e-02	0.0000000000000000e+00	2.3359611181629725e-01
1.0803588069844900e-02	0.0000000000000000e+00	2.3260425598371737e-01
1.0821041362364800e-02	0.0000000000000000e+00	2.2791468039102525e-01
1.0838494654884800e-02	0.0000000000000000e+00	2.1605708146141578e-01
1.0855947947404699e-02	0.0000000000000000e+00	2.5208543167259001e-01
1.0873401239924699e-02	0.0000000000000000e+00	2.5041746955391009e-01
1.0890854532444601e-02	0.0000000000000000e+00	2.2390936403609119e-01
1.0908307824964599e-02	0.0000000000000000e+00	2.2326119351564111e-01
1.0925761117484500e-02	0.0000000000000000e+00	2.2534868791339135e-01
1.0943214410004400e-02	0.0000000000000000e+00	2.2582572096798770e-01
1.0960667702524400e-02	0.0000000000000000e+00	2.2472222931403074e-01
1.0978120995044300e-02	0.0000000000000000e+00	2.2376595388849574e-01
1.0995574287564300e-02	0.0000000000000000e+00	2.2297992247397169e-01
1.1013027580084199e-02	0.0000000000000000e+00	2.2077072302196032e-01
1.1030480872604199e-02	0.0000000000000000e+00	2.1571478991173332e-01
1.1047934165124101e-02	0.0000000000000000e+00	2.3925811328896596e-01
1.1065387457644000e-02	0.0000000000000000e+00	2.3930769176155797e-01
1.1082840750164000e-02	0.0000000000000000e+00	2.3961714482993102e-01
1.1100294042683900e-02	0.0000000000000000e+00	2.4017917481673501e-01
1.1117747335203900e-02	0.0000000000000000e+00	2.4098040309841895e-01
1.1135200627723800e-02	0.0000000000000000e+00	2.0449236355945244e-01
1.1152653920243800e-02	0.0000000000000000e+00	2.2509046976983471e-01
1.1170107212763699e-02	0.0000000000000000e+00	2.4895681380762791e-01
1.1187560505283699e-02	0.0000000000000000e+00	2.4637800787573549e-01
1.1205013797803601e-02	0.0000000000000000e+00	2.4382750701495759e-01
1.1222467090323500e-02	0.0000000000000000e+00	2.4160950107371693e-01
1.1239920382843500e-02	0.0000000000000000e+00	2.3998584882482632e-01
1.1257373675363400e-02	0.0000000000000000e+00	2.3877381474593706e-01
1.1274826967883400e-02	0.0000000000000000e+00	2.3757338738152178e-01
1.1292280260403300e-02	0.0000000000000000e+00	2.3746576528322372e-01
1.1309733552923300e-02	0.0000000000000000e+00	2.3860574138599366e-01
1.1327186845443199e-02	0.0000000000000000e+00	2.3959511836471359e-01
1.1344640137963101e-02	0.0000000000000000e+00	2.4040896476032358e-01
1.1362093430483101e-02	0.0000000000000000e+00	2.4102675443577359e-01
1.1379546723003000e-02	0.0000000000000000e+00	2.4143292459009369e-01
1.1397000015523000e-02	0.0000000000000000e+00	2.4161728948706362e-01
1.1414453308042900e-02	0.0000000000000000e+00	2.4157531350136363e-01
1.1431906600562900e-02	0.0000000000000000e+00	2.4130822282750364e-01
1.1449359893082800e-02	0.0000000000000000e+00	2.4082295115695374e-01
1.1466813185602699e-02	0.0000000000000000e+00	2.4013193334862359e-01
1.1484266478122699e-02	0.0000000000000000e+00	2.3925275309280369e-01
1.1501719770642601e-02	0.0000000000000000e+00	2.3820764757886370e-01
1.1519173063162601e-02	0.0000000000000000e+00	2.3702289797701370e-01
1.1536626355682500e-02	0.0000000000000000e+00	2.3572813149001370e-01
1.1554079648202500e-02	0.0000000000000000e+00	2.3516687251430435e-01
1.1571532940722400e-02	0.0000000000000000e+00	2.3574496291143254e-01
1.1588986233242300e-02	0.0000000000000000e+00	2.3671273678034177e-01
1.1606439525762300e-02	0.0000000000000000e+00	2.3850946697824571e-01
1.1623892818282199e-02	0.0000000000000000e+00	2.4086844778951122e-01
1.1641346110802199e-02	0.0000000000000000e+00	2.4301628602251601e-01
1.1658799403322101e-02	0.0000000000000000e+00	2.4448918751142978e-01
1.1676252695842101e-02	0.0000000000000000e+00	2.4548926218553635e-01
1.1693705988362000e-02	0.0000000000000000e+00	2.4632702611843549e-01
1.1711159280882000e-02	0.0000000000000000e+00	2.4678515431206682e-01
1.1728612573401900e-02	0.0000000000000000e+00	2.4675299337410972e-01
1.1746065865921800e-02	0.0000000000000000e+00	2.4644338601145488e-01
1.1763519158441800e-02	0.0000000000000000e+00	2.4607365594318720e-01
1.1780972450961699e-02	0.0000000000000000e+00	2.4606747184781474e-01
1.1798425743481699e-02	0.0000000000000000e+00	2.4661918073174527e-01
1.1815879036001601e-02	0.0000000000000000e+00	2.4711166967735354e-01
1.1833332328521601e-02	0.0000000000000000e+00	2.4733535745232760e-01
1.1850785621041500e-02	0.0000000000000000e+00	2.4786722038314446e-01
1.1868238913561400e-02	0.0000000000000000e+00	2.4820154181843135e-01
1.1885692206081400e-02	0.0000000000000000e+00	2.4611675442136904e-01
1.1903145498601300e-02	0.0000000000000000e+00	2.4772792488582795e-01
1.1920598791121300e-02	0.0000000000000000e+00	2.4939532291142097e-01
1.1938052083641199e-02	0.0000000000000000e+00	2.5107793789264998e-01
1.1955505376161199e-02	0.0000000000000000e+00	2.4726581159044003e-01
1.1972958668681101e-02	0.0000000000000000e+00	2.4567704403665003e-01
1.1990411961201000e-02	0.0000000000000000e+00	2.4419536934974007e-01
1.2007865253721000e-02	0.0000000000000000e+00	2.4285786458834990e-01
1.2025318546240900e-02	0.0000000000000000e+00	2.4351432102778481e-01
1.2042771838760900e-02	0.0000000000000000e+00	2.5925474282500005e-01
1.2060225131280800e-02	0.0000000000000000e+00	2.5997667200492991e-01
1.2077678423800800e-02	0.0000000000000000e+00	2.6044951495435997e-01
1.2095131716320699e-02	0.0000000000000000e+00	2.6066141565135004e-01
1.2112585008840600e-02	0.0000000000000000e+00	2.6060714107559990e-01
1.2130038301360601e-02	0.0000000000000000e+00	2.6028821576948991e-01
1.2147491593880500e-02	0.0000000000000000e+00	2.5971286408152006e-01
1.2164944886400500e-02	0.0000000000000000e+00	2.5889576425890004e-01
1.2182398178920400e-02	0.0000000000000000e+00	2.5785763774664994e-01
1.2199851471440400e-02	0.0000000000000000e+00	2.5662468168094010e-01
1.2217304763960300e-02	0.0000000000000000e+00	2.5522785145599003e-01
1.2234758056480201e-02	0.0000000000000000e+00	2.5370203992896001e-01
1.2252211349000199e-02	0.0000000000000000e+00	2.5208517739641989e-01
1.2269664641520101e-02	0.0000000000000000e+00	2.5041726189938007e-01
1.2287117934040101e-02	0.0000000000000000e+00	2.4873935870500097e-01
1.2304571226560000e-02	0.0000000000000000e+00	2.4709259175403997e-01
1.2322024519080000e-02	0.0000000000000000e+00	2.4551715494343096e-01
1.2339477811599900e-02	0.0000000000000000e+00	2.4405135708401404e-01
1.2356931104119900e-02	0.0000000000000000e+00	2.4273072476733004e-01
1.2374384396639800e-02	0.0000000000000000e+00	2.4360928802749493e-01
1.2391837689159701e-02	0.0000000000000000e+00	2.4444074931113491e-01
1.2409290981679699e-02	0.0000000000000000e+00	2.4507253398004691e-01
1.2426744274199601e-02	0.0000000000000000e+00	2.4548942128903395e-01
1.2444197566719601e-02	0.0000000000000000e+00	2.4568132751230587e-01
1.2461650859239500e-02	0.0000000000000000e+00	2.4564353880945289e-01
1.2479104151759500e-02	0.0000000000000000e+00	2.4537682432727492e-01
1.2496557444279400e-02	0.0000000000000000e+00	2.4488743165810289e-01
1.2514010736799299e-02	0.0000000000000000e+00	2.4418696258916694e-01
1.2531464029319300e-02	0.0000000000000000e+00	2.4329212627508889e-01
1.2548917321839201e-02	0.0000000000000000e+00	2.4321884160531804e-01
1.2566370614359199e-02	0.0000000000000000e+00	2.4460172049239814e-01
1.2583823906879101e-02	0.0000000000000000e+00	2.4236315406954534e-01
1.2601277199399101e-02	0.0000000000000000e+00	2.3927611529421822e-01
1.2618730491919000e-02	0.0000000000000000e+00	2.3865184807487805e-01
1.2636183784438900e-02	0.0000000000000000e+00	2.4142545345014199e-01
1.2653637076958900e-02	0.0000000000000000e+00	2.4816857079684429e-01
1.2671090369478799e-02	0.0000000000000000e+00	2.5364354453160676e-01
1.2688543661998800e-02	0.0000000000000000e+00	2.5580474450678992e-01
1.2705996954518701e-02	0.0000000000000000e+00	2.5714219768959001e-01
1.2723450247038699e-02	0.0000000000000000e+00	2.5643547311935633e-01
1.2740903539558601e-02	0.0000000000000000e+00	2.4920028246754189e-01
1.2758356832078500e-02	0.0000000000000000e+00	2.4703496413963810e-01
1.2775810124598500e-02	0.0000000000000000e+00	2.4746455711158810e-01
1.2793263417118400e-02	0.0000000000000000e+00	2.4923137178812960e-01
1.2810716709638400e-02	0.0000000000000000e+00	2.6060691099966005e-01
1.2828170002158299e-02	0.0000000000000000e+00	2.6028794166403002e-01
1.2845623294678300e-02	0.0000000000000000e+00	2.5971254795554000e-01
1.2863076587198201e-02	0.0000000000000000e+00	2.5889540652444998e-01
1.2880529879718199e-02	0.0000000000000000e+00	2.5785724170394997e-01
1.2897983172238101e-02	0.0000000000000000e+00	2.5662425041157011e-01
1.2915436464758000e-02	0.0000000000000000e+00	2.5522738598068995e-01
1.2932889757278000e-02	0.0000000000000000e+00	2.5370154312423998e-01
1.2950343049797900e-02	0.0000000000000000e+00	2.5208465189717000e-01
1.2967796342317900e-02	0.0000000000000000e+00	2.4606347643289483e-01
1.2985249634837799e-02	0.0000000000000000e+00	2.3642768444147888e-01
1.3002702927357800e-02	0.0000000000000000e+00	2.3957908195588618e-01
1.3020156219877701e-02	0.0000000000000000e+00	2.4551654114591503e-01
1.3037609512397600e-02	0.0000000000000000e+00	2.4405072822282403e-01
1.3055062804917601e-02	0.0000000000000000e+00	2.4273008340001700e-01
1.3072516097437500e-02	0.0000000000000000e+00	2.4360986732843093e-01
1.3089969389957500e-02	0.0000000000000000e+00	2.4444133480356789e-01
1.3107422682477400e-02	0.0000000000000000e+00	2.4507312335639986e-01
1.3124875974997400e-02	0.0000000000000000e+00	2.4549001175683793e-01
1.3142329267517299e-02	0.0000000000000000e+00	2.3925769122064200e-01
1.3159782560037201e-02	0.0000000000000000e+00	2.3065176000939513e-01
1.3177235852557199e-02	0.0000000000000000e+00	2.3050720895264099e-01
1.3194689145077100e-02	0.0000000000000000e+00	2.3101520754691096e-01
1.3212142437597101e-02	0.0000000000000000e+00	2.3174201497490099e-01
1.3229595730117000e-02	0.0000000000000000e+00	2.3267028130280798e-01
1.3247049022637000e-02	0.0000000000000000e+00	2.3377773413601799e-01
1.3264502315156900e-02	0.0000000000000000e+00	2.3503767363674100e-01
1.3281955607676799e-02	0.0000000000000000e+00	2.3457611767812014e-01
1.3299408900196799e-02	0.0000000000000000e+00	2.3601996312509810e-01
1.3316862192716701e-02	0.0000000000000000e+00	2.3751528999788318e-01
1.3334315485236699e-02	0.0000000000000000e+00	2.4892227434126002e-01
1.3351768777756600e-02	0.0000000000000000e+00	2.4726604805069008e-01
1.3369222070276601e-02	0.0000000000000000e+00	2.4567730348839989e-01
1.3386675362796500e-02	0.0000000000000000e+00	2.4419564995597010e-01
1.3404128655316400e-02	0.0000000000000000e+00	2.4447690440809811e-01
1.3421581947836400e-02	0.0000000000000000e+00	2.4552193935322819e-01
1.3439035240356299e-02	0.0000000000000000e+00	2.4638177262758809e-01
1.3456488532876299e-02	0.0000000000000000e+00	2.4703472520366820e-01
1.3473941825396201e-02	0.0000000000000000e+00	2.4746434996613820e-01
1.3491395117916199e-02	0.0000000000000000e+00	2.4765987445452819e-01
1.3508848410436100e-02	0.0000000000000000e+00	2.4761648073767817e-01
1.3526301702956101e-02	0.0000000000000000e+00	2.4733542721146806e-01
1.3543754995476000e-02	0.0000000000000000e+00	2.4682399968328816e-01
1.3561208287995900e-02	0.0000000000000000e+00	2.4609528857714813e-01
1.3578661580515900e-02	0.0000000000000000e+00	2.4516781703465806e-01
1.3596114873035799e-02	0.0000000000000000e+00	2.4406503163484805e-01
1.3613568165555799e-02	0.0000000000000000e+00	2.4477255652246011e-01
1.3631021458075701e-02	0.0000000000000000e+00	2.4629836587662002e-01
1.3648474750595699e-02	0.0000000000000000e+00	2.5208477488583991e-01
1.3665928043115600e-02	0.0000000000000000e+00	2.5041686462789992e-01
1.3683381335635500e-02	0.0000000000000000e+00	2.4873896767321801e-01
1.3700834628155500e-02	0.0000000000000000e+00	2.4709220798812903e-01
1.3718287920675400e-02	0.0000000000000000e+00	2.4551678031405000e-01
1.3735741213195400e-02	0.0000000000000000e+00	2.4405099304902400e-01
1.3753194505715299e-02	0.0000000000000000e+00	2.4459000103782413e-01
1.3770647798235299e-02	0.0000000000000000e+00	2.4561954734210512e-01
1.3788101090755201e-02	0.0000000000000000e+00	2.4646612950472613e-01
1.3805554383275100e-02	0.0000000000000000e+00	2.6006354558781497e-01
1.3823007675795100e-02	0.0000000000000000e+00	2.6053061630985697e-01
1.3840460968315000e-02	0.0000000000000000e+00	2.6074192195295198e-01
1.3857914260835000e-02	0.0000000000000000e+00	2.6069228639840303e-01
1.3875367553354900e-02	0.0000000000000000e+00	2.6038277677952404e-01
1.3892820845874900e-02	0.0000000000000000e+00	2.5982069171241495e-01
1.3910274138394799e-02	0.0000000000000000e+00	2.5901940976479798e-01
1.3927727430914701e-02	0.0000000000000000e+00	2.5799810100467402e-01
1.3945180723434701e-02	0.0000000000000000e+00	2.5678131079391997e-01
1.3962634015954600e-02	0.0000000000000000e+00	2.5539841047728995e-01
1.3980087308474600e-02	0.0000000000000000e+00	2.5388293186666899e-01
1.3997540600994500e-02	0.0000000000000000e+00	2.5227179007967804e-01
1.4014993893514500e-02	0.0000000000000000e+00	2.5060442144131601e-01
1.4032447186034400e-02	0.0000000000000000e+00	2.4892183638699006e-01
1.4049900478554400e-02	0.0000000000000000e+00	2.4721135827014140e-01
1.4067353771074299e-02	0.0000000000000000e+00	2.4194084078960820e-01
1.4084807063594201e-02	0.0000000000000000e+00	2.4327336684951817e-01
1.4102260356114201e-02	0.0000000000000000e+00	2.4447726976891815e-01
1.4119713648634100e-02	0.0000000000000000e+00	2.4552229251401814e-01
1.4137166941154100e-02	0.0000000000000000e+00	2.4074521843089003e-01
1.4154620233674000e-02	0.0000000000000000e+00	2.4102735687892363e-01
1.4172073526194000e-02	0.0000000000000000e+00	2.4143353848332372e-01
1.4189526818713900e-02	0.0000000000000000e+00	2.4161791406558364e-01
1.4206980111233799e-02	0.0000000000000000e+00	2.4157594677040373e-01
1.4224433403753799e-02	0.0000000000000000e+00	2.4130886186982359e-01
1.4241886696273701e-02	0.0000000000000000e+00	2.4082359525277375e-01
1.4259339988793701e-02	0.0000000000000000e+00	2.4139074812725703e-01
1.4276793281313600e-02	0.0000000000000000e+00	2.4516801556566814e-01
1.4294246573833600e-02	0.0000000000000000e+00	2.4406521039484819e-01
1.4311699866353500e-02	0.0000000000000000e+00	2.4266723921548738e-01
1.4329153158873400e-02	0.0000000000000000e+00	2.4629821742939995e-01
1.4346606451393400e-02	0.0000000000000000e+00	2.4791510012025997e-01
1.4364059743913299e-02	0.0000000000000000e+00	2.3850347436159813e-01
1.4381513036433299e-02	0.0000000000000000e+00	2.3699824279641013e-01
1.4398966328953201e-02	0.0000000000000000e+00	2.3552020151103514e-01
1.4416419621473201e-02	0.0000000000000000e+00	2.3410539439019218e-01
1.4433872913993100e-02	0.0000000000000000e+00	2.3278818654208711e-01
1.4451326206513000e-02	0.0000000000000000e+00	2.3160046271076218e-01
1.4468779499033000e-02	0.0000000000000000e+00	2.3057089573120715e-01
1.4486232791552900e-02	0.0000000000000000e+00	2.2972429329850019e-01
1.4503686084072900e-02	0.0000000000000000e+00	2.2908103800733315e-01
1.4521139376592799e-02	0.0000000000000000e+00	2.2865662865737513e-01
1.4538592669112799e-02	0.0000000000000000e+00	2.2846132920775208e-01
1.4556045961632701e-02	0.0000000000000000e+00	2.2849993498294618e-01
1.4573499254152701e-02	0.0000000000000000e+00	2.2877165561818713e-01
1.4590952546672600e-02	0.0000000000000000e+00	2.2927012081323817e-01
1.4608405839192500e-02	0.0000000000000000e+00	2.2998351026367014e-01
1.4625859131712500e-02	0.0000000000000000e+00	2.3089479800335710e-01
1.4643312424232400e-02	0.0000000000000000e+00	2.3198212515925209e-01
1.4660765716752400e-02	0.0000000000000000e+00	2.3321928140256110e-01
1.4678219009272299e-02	0.0000000000000000e+00	2.5388318200189197e-01
1.4695672301792299e-02	0.0000000000000000e+00	2.5227205082191995e-01
1.4713125594312201e-02	0.0000000000000000e+00	2.5060469181267397e-01
1.4730578886832100e-02	0.0000000000000000e+00	2.4892211495592997e-01
1.4748032179352100e-02	0.0000000000000000e+00	2.4726590199921006e-01
1.4765485471872000e-02	0.0000000000000000e+00	2.4567717116526011e-01
1.4782938764392000e-02	0.0000000000000000e+00	2.4419553156143992e-01
1.4800392056911900e-02	0.0000000000000000e+00	2.4285806009057009e-01
1.4817845349431900e-02	0.0000000000000000e+00	2.4169832912897005e-01
1.4835298641951799e-02	0.0000000000000000e+00	2.4074551565022007e-01
1.4852751934471701e-02	0.0000000000000000e+00	2.4102710060113375e-01
1.4870205226991701e-02	0.0000000000000000e+00	2.4143328449443380e-01
1.4887658519511600e-02	0.0000000000000000e+00	2.4161766256226369e-01
1.4905111812031600e-02	0.0000000000000000e+00	2.4157569911502375e-01
1.4922565104551500e-02	0.0000000000000000e+00	2.4130861881989363e-01
1.4940018397071500e-02	0.0000000000000000e+00	2.4082335741338379e-01
1.4957471689591400e-02	0.0000000000000000e+00	2.4110466486874005e-01
1.4974924982111301e-02	0.0000000000000000e+00	2.4214280808564004e-01
1.4992378274631299e-02	0.0000000000000000e+00	2.4337577919102005e-01
1.5009831567151201e-02	0.0000000000000000e+00	2.4477262238385999e-01
1.5027284859671201e-02	0.0000000000000000e+00	2.4629844414621993e-01
1.5044738152191100e-02	0.0000000000000000e+00	2.4791531512632003e-01
1.5062191444711100e-02	0.0000000000000000e+00	2.4958323649131997e-01
1.5079644737231000e-02	0.0000000000000000e+00	2.5126114396952803e-01
1.5097098029750899e-02	0.0000000000000000e+00	2.5290791353507303e-01
1.5114551322270900e-02	0.0000000000000000e+00	2.5448335040708403e-01
1.5132004614790801e-02	0.0000000000000000e+00	2.5594914617375197e-01
1.5149457907310799e-02	0.0000000000000000e+00	2.5726977434461895e-01
1.5166911199830701e-02	0.0000000000000000e+00	2.5841331144901603e-01
1.5184364492350701e-02	0.0000000000000000e+00	2.5935216711492803e-01
1.5201817784870600e-02	0.0000000000000000e+00	2.6006371136346196e-01
1.5219271077390600e-02	0.0000000000000000e+00	2.6053078682585895e-01
1.5236724369910500e-02	0.0000000000000000e+00	2.6074209638761603e-01
1.5254177662430399e-02	0.0000000000000000e+00	2.6069246415192004e-01
1.5271630954950400e-02	0.0000000000000000e+00	2.6038295691085700e-01
1.5289084247470301e-02	0.0000000000000000e+00	2.5982087364935402e-01
1.5306537539990299e-02	0.0000000000000000e+00	2.5901959246196704e-01
1.5323990832510201e-02	0.0000000000000000e+00	2.5799828415807802e-01
1.5341444125030201e-02	0.0000000000000000e+00	2.5678149311800602e-01
1.5358897417550100e-02	0.0000000000000000e+00	2.5539859141208499e-01
1.5376350710070000e-02	0.0000000000000000e+00	2.5388311077169401e-01
1.5393804002590000e-02	0.0000000000000000e+00	2.5227196637779603e-01
1.5411257295109899e-02	0.0000000000000000e+00	2.5060459445020300e-01
1.5428710587629900e-02	0.0000000000000000e+00	2.4892200547384991e-01
1.5446163880149801e-02	0.0000000000000000e+00	2.4726578068959992e-01
1.5463617172669799e-02	0.0000000000000000e+00	2.4567703869776003e-01
1.5481070465189701e-02	0.0000000000000000e+00	2.4419538937475993e-01
1.5498523757709600e-02	0.0000000000000000e+00	2.4285790951983000e-01
1.5515977050229600e-02	0.0000000000000000e+00	2.4169817095319002e-01
1.5533430342749500e-02	0.0000000000000000e+00	2.4074535047095003e-01
1.5550883635269500e-02	0.0000000000000000e+00	2.4002344428832001e-01
1.5568336927789399e-02	0.0000000000000000e+00	2.3955062362477997e-01
1.5585790220309400e-02	0.0000000000000000e+00	2.3933874384312004e-01
1.5603243512829299e-02	0.0000000000000000e+00	2.3939303859893002e-01
1.5620696805349200e-02	0.0000000000000000e+00	2.3971198296547991e-01
1.5638150097869199e-02	0.0000000000000000e+00	2.4028735241799004e-01
1.5655603390389100e-02	0.0000000000000000e+00	2.4110446959110998e-01
1.5673056682909099e-02	0.0000000000000000e+00	2.4214261172491991e-01
1.5690509975429000e-02	0.0000000000000000e+00	2.4337558179259000e-01
1.5707963267949002e-02	0.0000000000000000e+00	2.4477242518614006e-01
1.5725416560468899e-02	0.0000000000000000e+00	2.4629824846412007e-01
1.5742869852988801e-02	0.0000000000000000e+00	2.4791512131280991e-01
1.5760323145508799e-02	0.0000000000000000e+00	2.4221775311933880e-01
1.5777776438028700e-02	0.0000000000000000e+00	2.3464419611485576e-01
1.5795229730548699e-02	0.0000000000000000e+00	2.3257075084366563e-01
1.5812683023068600e-02	0.0000000000000000e+00	2.3641148116282529e-01
1.5830136315588599e-02	0.0000000000000000e+00	2.4301705979906196e-01
1.5847589608108500e-02	0.0000000000000000e+00	2.4682649061402351e-01
1.5865042900628502e-02	0.0000000000000000e+00	2.4450942410695820e-01
1.5882496193148399e-02	0.0000000000000000e+00	2.3762949925628718e-01
1.5899949485668301e-02	0.0000000000000000e+00	2.2581709901534963e-01
1.5917402778188299e-02	0.0000000000000000e+00	2.2361825635826271e-01
1.5934856070708200e-02	0.0000000000000000e+00	2.2343387971820272e-01
1.5952309363228199e-02	0.0000000000000000e+00	2.2347099411680171e-01
1.5969762655748100e-02	0.0000000000000000e+00	2.2372884837088369e-01
1.5987215948268099e-02	0.0000000000000000e+00	2.2420141079140965e-01
1.6004669240788000e-02	0.0000000000000000e+00	2.2487748907472371e-01
1.6022122533307901e-02	0.0000000000000000e+00	2.2574096401594868e-01
1.6039575825827899e-02	0.0000000000000000e+00	2.2677113703100371e-01
1.6057029118347801e-02	0.0000000000000000e+00	2.2794318519450674e-01
1.6074482410867799e-02	0.0000000000000000e+00	2.2088424928178640e-01
1.6091935703387700e-02	0.0000000000000000e+00	2.3355870198802187e-01
1.6109388995907699e-02	0.0000000000000000e+00	2.3679048815277892e-01
1.6126842288427600e-02	0.0000000000000000e+00	2.3530746341935482e-01
1.6144295580947501e-02	0.0000000000000000e+00	2.5049684756343960e-01
1.6161748873467500e-02	0.0000000000000000e+00	2.5432295400611005e-01
1.6179202165987401e-02	0.0000000000000000e+00	2.5580459421851010e-01
1.6196655458507399e-02	0.0000000000000000e+00	2.5714206597871003e-01
1.6214108751027301e-02	0.0000000000000000e+00	2.5830179672509002e-01
1.6231562043547299e-02	0.0000000000000000e+00	2.5925460913196008e-01
1.6249015336067200e-02	0.0000000000000000e+00	2.5997650726177990e-01
1.6266468628587199e-02	0.0000000000000000e+00	2.6044932026753997e-01
1.6283921921107100e-02	0.0000000000000000e+00	2.6066119216231010e-01
1.6301375213627001e-02	0.0000000000000000e+00	2.6060689011221005e-01
1.6318828506147000e-02	0.0000000000000000e+00	2.6028793865125999e-01
1.6336281798666901e-02	0.0000000000000000e+00	2.5971256221507000e-01
1.6353735091186899e-02	0.0000000000000000e+00	2.5889543948749005e-01
1.6371188383706801e-02	0.0000000000000000e+00	2.5785729151778991e-01
1.6388641676226799e-02	0.0000000000000000e+00	2.5662431554360010e-01
1.6406094968746700e-02	0.0000000000000000e+00	2.5522746722008005e-01
1.6423548261266602e-02	0.0000000000000000e+00	2.5370163965964010e-01
1.6441001553786600e-02	0.0000000000000000e+00	2.5208476283602010e-01
1.6458454846306501e-02	0.0000000000000000e+00	2.5041683496421996e-01
1.6475908138826500e-02	0.0000000000000000e+00	2.4873892140864096e-01
1.6493361431346401e-02	0.0000000000000000e+00	2.4709214604896701e-01
1.6510814723866400e-02	0.0000000000000000e+00	2.4551670274898896e-01
1.6528268016386301e-02	0.0000000000000000e+00	2.4405090036814203e-01
1.6545721308906199e-02	0.0000000000000000e+00	2.4273026542295895e-01
1.6563174601426200e-02	0.0000000000000000e+00	2.4360969811284594e-01
1.6580627893946102e-02	0.0000000000000000e+00	2.4444115845102388e-01
1.6598081186466100e-02	0.0000000000000000e+00	2.4507294056184592e-01
1.6615534478986001e-02	0.0000000000000000e+00	2.4548982356553994e-01
1.6632987771506000e-02	0.0000000000000000e+00	2.4568172400682287e-01
1.6650441064025901e-02	0.0000000000000000e+00	2.4564392767379895e-01
1.6667894356545799e-02	0.0000000000000000e+00	2.4537720427194787e-01
1.6685347649065801e-02	0.0000000000000000e+00	2.4488780120601195e-01
1.6702800941585699e-02	0.0000000000000000e+00	2.4418731951266293e-01
1.6720254234105700e-02	0.0000000000000000e+00	2.4329246936072391e-01
1.6737707526625598e-02	0.0000000000000000e+00	2.4321847508835903e-01
1.6755160819145600e-02	0.0000000000000000e+00	2.4460137078100486e-01
1.6772614111665501e-02	0.0000000000000000e+00	2.2088417746694433e-01
1.6790067404185399e-02	0.0000000000000000e+00	2.2213428585272732e-01
1.6807520696705401e-02	0.0000000000000000e+00	2.2342780963808540e-01
1.6824973989225299e-02	0.0000000000000000e+00	2.4892206428511998e-01
1.6842427281745301e-02	0.0000000000000000e+00	2.4726584324785006e-01
1.6859880574265199e-02	0.0000000000000000e+00	2.4567710383704999e-01
1.6877333866785200e-02	0.0000000000000000e+00	2.4419545527693010e-01
1.6894787159305098e-02	0.0000000000000000e+00	2.4285797462380998e-01
1.6912240451825100e-02	0.0000000000000000e+00	2.4169823476397001e-01
1.6929693744345001e-02	0.0000000000000000e+00	2.4435873329191482e-01
1.6947147036864899e-02	0.0000000000000000e+00	2.4500006917461481e-01
1.6964600329384901e-02	0.0000000000000000e+00	2.4542205606884493e-01
1.6982053621904799e-02	0.0000000000000000e+00	2.4561411147362500e-01
1.6999506914424801e-02	0.0000000000000000e+00	2.4557150926811500e-01
1.7016960206944699e-02	0.0000000000000000e+00	2.4529548708955495e-01
1.7034413499464700e-02	0.0000000000000000e+00	2.4479320420016482e-01
1.7051866791984598e-02	0.0000000000000000e+00	2.4407752378251502e-01
1.7069320084504500e-02	0.0000000000000000e+00	2.4316664226198492e-01
1.7086773377024501e-02	0.0000000000000000e+00	2.4337563627376002e-01
1.7104226669544399e-02	0.0000000000000000e+00	2.4477248027320009e-01
1.7121679962064401e-02	0.0000000000000000e+00	2.4629830272544995e-01
1.7139133254584299e-02	0.0000000000000000e+00	2.4791517462809010e-01
1.7156586547104301e-02	0.0000000000000000e+00	2.4958309857073990e-01
1.7174039839624199e-02	0.0000000000000000e+00	2.5126100866668999e-01
1.7191493132144100e-02	0.0000000000000000e+00	2.5290778116337798e-01
1.7208946424664098e-02	0.0000000000000000e+00	2.5448322188928996e-01
1.7226399717184000e-02	0.0000000000000000e+00	2.5594902185473301e-01
1.7243853009704001e-02	0.0000000000000000e+00	2.5726965481623099e-01
1.7261306302223899e-02	0.0000000000000000e+00	2.5841319717220101e-01
1.7278759594743901e-02	0.0000000000000000e+00	2.5935205834122099e-01
1.7296212887263799e-02	0.0000000000000000e+00	2.6006360863170797e-01
1.7313666179783700e-02	0.0000000000000000e+00	2.6053069027169296e-01
1.7331119472303699e-02	0.0000000000000000e+00	2.6074200629714905e-01
1.7348572764823600e-02	0.0000000000000000e+00	2.6069238067021705e-01
1.7366026057343598e-02	0.0000000000000000e+00	2.6038288043386504e-01
1.7383479349863500e-02	0.0000000000000000e+00	2.5982080356472304e-01
1.7400932642383501e-02	0.0000000000000000e+00	2.5901952744552104e-01
1.7418385934903399e-02	0.0000000000000000e+00	2.5799822482282897e-01
1.7435839227423401e-02	0.0000000000000000e+00	2.5678144047800899e-01
1.7453292519943299e-02	0.0000000000000000e+00	2.5539854680216700e-01
1.7470745812463200e-02	0.0000000000000000e+00	2.5388307319798997e-01
1.7488199104983199e-02	0.0000000000000000e+00	2.5227193557428396e-01
1.7505652397503100e-02	0.0000000000000000e+00	2.5060457093933597e-01
1.7523105690023098e-02	0.0000000000000000e+00	2.4892198921992992e-01
1.7540558982543000e-02	0.0000000000000000e+00	2.4726577218204993e-01
1.7558012275063001e-02	0.0000000000000000e+00	2.4567703763668991e-01
1.7575465567582899e-02	0.0000000000000000e+00	2.4419539448224992e-01
1.7592918860102801e-02	0.0000000000000000e+00	2.4285791941406010e-01
1.7610372152622799e-02	0.0000000000000000e+00	2.4351424851291492e-01
1.7627825445142700e-02	0.0000000000000000e+00	2.4435877166450481e-01
1.7645278737662699e-02	0.0000000000000000e+00	2.4494877064021081e-01
1.7662732030182600e-02	0.0000000000000000e+00	2.4482778606367406e-01
1.7680185322702598e-02	0.0000000000000000e+00	2.4483733064718827e-01
1.7697638615222500e-02	0.0000000000000000e+00	2.4455869748998849e-01
1.7715091907742401e-02	0.0000000000000000e+00	2.4329495476031426e-01
1.7732545200262399e-02	0.0000000000000000e+00	2.4279333489870991e-01
1.7749998492782301e-02	0.0000000000000000e+00	2.4209022256726009e-01
1.7767451785302299e-02	0.0000000000000000e+00	2.4214266974502996e-01
1.7784905077822200e-02	0.0000000000000000e+00	2.4337564492126007e-01
1.7802358370342199e-02	0.0000000000000000e+00	2.4477249310162996e-01
1.7819811662862100e-02	0.0000000000000000e+00	2.4629831957497994e-01
1.7837264955382001e-02	0.0000000000000000e+00	2.4791519590541999e-01
1.7854718247902000e-02	0.0000000000000000e+00	2.4958312365133994e-01
1.7872171540421901e-02	0.0000000000000000e+00	2.3699816722711609e-01
1.7889624832941899e-02	0.0000000000000000e+00	2.3552013201159616e-01
1.7907078125461801e-02	0.0000000000000000e+00	2.3410533142118917e-01
1.7924531417981799e-02	0.0000000000000000e+00	2.3278813023513711e-01
1.7941984710501700e-02	0.0000000000000000e+00	2.3160041351131111e-01
1.7959438003021699e-02	0.0000000000000000e+00	2.3057085357517415e-01
1.7976891295541600e-02	0.0000000000000000e+00	2.3656769933065847e-01
1.7994344588061501e-02	0.0000000000000000e+00	2.4545186116121342e-01
1.8011797880581500e-02	0.0000000000000000e+00	2.4667254079823997e-01
1.8029251173101401e-02	0.0000000000000000e+00	2.4144585483906778e-01
1.8046704465621399e-02	0.0000000000000000e+00	2.3392059742463100e-01
1.8064157758141301e-02	0.0000000000000000e+00	2.2877165844715108e-01
1.8081611050661299e-02	0.0000000000000000e+00	2.2927013100101512e-01
1.8099064343181200e-02	0.0000000000000000e+00	2.3259640291309025e-01
1.8116517635701102e-02	0.0000000000000000e+00	2.4243883646377795e-01
1.8133970928221100e-02	0.0000000000000000e+00	2.4816109902692407e-01
1.8151424220741001e-02	0.0000000000000000e+00	2.4111804536336201e-01
1.8168877513261000e-02	0.0000000000000000e+00	2.4137353056158994e-01
1.8186330805780901e-02	0.0000000000000000e+00	2.4153523362683493e-01
1.8203784098300899e-02	0.0000000000000000e+00	2.4159028828777507e-01
1.8221237390820801e-02	0.0000000000000000e+00	2.4143647783288058e-01
1.8238690683340698e-02	0.0000000000000000e+00	2.4051294585838812e-01
1.8256143975860700e-02	0.0000000000000000e+00	2.4071125884815670e-01
1.8273597268380602e-02	0.0000000000000000e+00	2.4227340974512201e-01
1.8291050560900600e-02	0.0000000000000000e+00	2.4367850811927017e-01
1.8308503853420501e-02	0.0000000000000000e+00	2.4473382086745654e-01
1.8325957145940500e-02	0.0000000000000000e+00	2.4531205338575290e-01
1.8343410438460401e-02	0.0000000000000000e+00	2.4533979030324804e-01
1.8360863730980299e-02	0.0000000000000000e+00	2.4542203562131482e-01
1.8378317023500301e-02	0.0000000000000000e+00	2.4561408972175491e-01
1.8395770316020198e-02	0.0000000000000000e+00	2.4557148380319482e-01
1.8413223608540200e-02	0.0000000000000000e+00	2.4519162573721465e-01
1.8430676901060102e-02	0.0000000000000000e+00	2.4454149480438314e-01
1.8448130193580100e-02	0.0000000000000000e+00	2.4470084116519264e-01
1.8465583486100001e-02	0.0000000000000000e+00	2.4489935074570512e-01
1.8483036778619899e-02	0.0000000000000000e+00	2.4406507301146818e-01
1.8500490071139901e-02	0.0000000000000000e+00	2.4281468568378806e-01
1.8517943363659799e-02	0.0000000000000000e+00	2.4022273529774307e-01
1.8535396656179801e-02	0.0000000000000000e+00	2.4791522119078002e-01
1.8552849948699698e-02	0.0000000000000000e+00	2.4958314415738991e-01
1.8570303241219700e-02	0.0000000000000000e+00	2.5126105395697496e-01
1.8587756533739602e-02	0.0000000000000000e+00	2.5290782619343799e-01
1.8605209826259600e-02	0.0000000000000000e+00	2.5448326604329696e-01
1.8622663118779501e-02	0.0000000000000000e+00	2.5594906502339398e-01
1.8640116411299399e-02	0.0000000000000000e+00	2.5726969694417701e-01
1.8657569703819401e-02	0.0000000000000000e+00	2.5841323774610203e-01
1.8675022996339299e-02	0.0000000000000000e+00	2.5935209764598799e-01
1.8692476288859301e-02	0.0000000000000000e+00	2.6006364615254995e-01
1.8709929581379198e-02	0.0000000000000000e+00	2.6053072613588202e-01
1.8727382873899200e-02	0.0000000000000000e+00	2.6074204053920702e-01
1.8744836166419102e-02	0.0000000000000000e+00	2.6069241309603997e-01
1.8762289458938999e-02	0.0000000000000000e+00	2.6038291103768896e-01
1.8779742751459001e-02	0.0000000000000000e+00	2.5982083272631795e-01
1.8797196043978899e-02	0.0000000000000000e+00	2.5901955697806600e-01
1.8814649336498901e-02	0.0000000000000000e+00	2.5799825437043999e-01
1.8832102629018799e-02	0.0000000000000000e+00	2.5678146973052696e-01
1.8849555921538801e-02	0.0000000000000000e+00	2.5539857356463225e-01
1.8867009214058698e-02	0.0000000000000000e+00	2.5310312284937242e-01
1.8884462506578600e-02	0.0000000000000000e+00	2.5077434262567722e-01
1.8901915799098602e-02	0.0000000000000000e+00	2.4858069002919370e-01
1.8919369091618499e-02	0.0000000000000000e+00	2.4693422817061506e-01
1.8936822384138501e-02	0.0000000000000000e+00	2.4638965674677626e-01
1.8954275676658399e-02	0.0000000000000000e+00	2.4567705028035003e-01
1.8971728969178401e-02	0.0000000000000000e+00	2.4419540556939001e-01
1.8989182261698299e-02	0.0000000000000000e+00	2.4447711801584804e-01
1.9006635554218200e-02	0.0000000000000000e+00	2.4552214293385810e-01
1.9024088846738198e-02	0.0000000000000000e+00	2.4638196567444814e-01
1.9041542139258100e-02	0.0000000000000000e+00	2.4703490779560822e-01
1.9058995431778102e-02	0.0000000000000000e+00	2.4746452177100808e-01
1.9076448724297999e-02	0.0000000000000000e+00	2.4766003524868818e-01
1.9093902016818001e-02	0.0000000000000000e+00	2.4761662891075820e-01
1.9111355309337899e-02	0.0000000000000000e+00	2.4733556248001820e-01
1.9128808601857800e-02	0.0000000000000000e+00	2.4682412168421819e-01
1.9146261894377799e-02	0.0000000000000000e+00	2.4609539472264808e-01
1.9163715186897700e-02	0.0000000000000000e+00	2.4516790933642807e-01
1.9181168479417698e-02	0.0000000000000000e+00	2.4406511143974807e-01
1.9198621771937600e-02	0.0000000000000000e+00	2.4281472221215816e-01
1.9216075064457602e-02	0.0000000000000000e+00	2.4144800510976805e-01
1.9233528356977499e-02	0.0000000000000000e+00	2.3999895011023820e-01
1.9250981649497501e-02	0.0000000000000000e+00	2.3850340568287809e-01
1.9268434942017399e-02	0.0000000000000000e+00	2.3770521145468992e-01
1.9285888234537300e-02	0.0000000000000000e+00	2.3960424388720147e-01
1.9303341527057299e-02	0.0000000000000000e+00	2.4284907243201426e-01
1.9320794819577200e-02	0.0000000000000000e+00	2.4748640676875755e-01
1.9338248112097198e-02	0.0000000000000000e+00	2.5416587875542551e-01
1.9355701404617100e-02	0.0000000000000000e+00	2.5841321259422501e-01
1.9373154697137102e-02	0.0000000000000000e+00	2.5935207458694898e-01
1.9390607989656999e-02	0.0000000000000000e+00	2.6006362541304595e-01
1.9408061282176901e-02	0.0000000000000000e+00	2.6053070761832398e-01
1.9425514574696899e-02	0.0000000000000000e+00	2.6074202465453000e-01
1.9442967867216800e-02	0.0000000000000000e+00	2.6069239933973598e-01
1.9460421159736799e-02	0.0000000000000000e+00	2.5644214434355317e-01
1.9477874452256700e-02	0.0000000000000000e+00	2.4817132981497092e-01
1.9495327744776698e-02	0.0000000000000000e+00	2.4143656476702224e-01
1.9512781037296600e-02	0.0000000000000000e+00	2.3655665256553138e-01
1.9530234329816501e-02	0.0000000000000000e+00	2.3307847531676762e-01
1.9547687622336499e-02	0.0000000000000000e+00	2.3321934814931466e-01
1.9565140914856401e-02	0.0000000000000000e+00	2.5388310129357605e-01
1.9582594207376399e-02	0.0000000000000000e+00	2.5227196415451103e-01
1.9600047499896300e-02	0.0000000000000000e+00	2.5060459948680203e-01
1.9617500792416299e-02	0.0000000000000000e+00	2.4892201731644992e-01
1.9634954084936200e-02	0.0000000000000000e+00	2.5060961313043073e-01
1.9652407377456101e-02	0.0000000000000000e+00	2.5217011949519064e-01
1.9669860669976100e-02	0.0000000000000000e+00	2.5362569082876063e-01
1.9687313962496001e-02	0.0000000000000000e+00	2.5493989449296062e-01
1.9704767255015999e-02	0.0000000000000000e+00	2.4169821389959001e-01
1.9722220547535901e-02	0.0000000000000000e+00	2.4074539808717010e-01
1.9739673840055899e-02	0.0000000000000000e+00	2.4002349737633999e-01
1.9757127132575800e-02	0.0000000000000000e+00	2.3955068235349009e-01
1.9774580425095799e-02	0.0000000000000000e+00	2.3933880782758998e-01
1.9792033717615700e-02	0.0000000000000000e+00	2.3939310644993994e-01
1.9809487010135601e-02	0.0000000000000000e+00	2.3971205506955995e-01
1.9826940302655600e-02	0.0000000000000000e+00	2.4028742823525007e-01
1.9844393595175501e-02	0.0000000000000000e+00	2.4110454738445997e-01
1.9861846887695499e-02	0.0000000000000000e+00	2.4214269132755994e-01
1.9879300180215401e-02	0.0000000000000000e+00	2.4337566484694007e-01
1.9896753472735399e-02	0.0000000000000000e+00	2.4477251111625997e-01
1.9914206765255300e-02	0.0000000000000000e+00	2.4629833584654004e-01
1.9931660057775202e-02	0.0000000000000000e+00	2.4791521057395993e-01
1.9949113350295200e-02	0.0000000000000000e+00	2.4958313633572993e-01
1.9966566642815101e-02	0.0000000000000000e+00	2.5126104843718200e-01
1.9984019935335100e-02	0.0000000000000000e+00	2.5290782289456903e-01
2.0001473227855001e-02	0.0000000000000000e+00	2.5448326503505403e-01
2.0018926520374999e-02	0.0000000000000000e+00	2.5594906635074299e-01
2.0036379812894901e-02	0.0000000000000000e+00	2.5726970024858697e-01
2.0053833105414798e-02	0.0000000000000000e+00	2.5841324338559601e-01
2.0071286397934800e-02	0.0000000000000000e+00	2.5935210513712403e-01
2.0088739690454702e-02	0.0000000000000000e+00	2.6006365579473001e-01
2.0106192982974700e-02	0.0000000000000000e+00	2.6053073761858603e-01
2.0123646275494601e-02	0.0000000000000000e+00	2.6074205378070503e-01
2.0141099568014600e-02	0.0000000000000000e+00	2.6069242812046001e-01
2.0158552860534501e-02	0.0000000000000000e+00	2.6038292742846902e-01
2.0176006153054399e-02	0.0000000000000000e+00	2.5982085080211803e-01
2.0193459445574401e-02	0.0000000000000000e+00	2.5901957610620296e-01
2.0210912738094299e-02	0.0000000000000000e+00	2.5799827461994795e-01
2.0228366030614300e-02	0.0000000000000000e+00	2.5678149028278197e-01
2.0245819323134202e-02	0.0000000000000000e+00	2.5539859507418072e-01
2.0263272615654200e-02	0.0000000000000000e+00	2.5388312052561801e-01
2.0280725908174101e-02	0.0000000000000000e+00	2.5227198210655399e-01
2.0298179200694100e-02	0.0000000000000000e+00	2.5060461597867301e-01
2.0315632493214001e-02	0.0000000000000000e+00	2.4892203258262002e-01
2.0333085785733899e-02	0.0000000000000000e+00	2.4726581316987994e-01
2.0350539078253901e-02	0.0000000000000000e+00	2.4565181778404033e-01
2.0367992370773799e-02	0.0000000000000000e+00	2.4411036595748836e-01
2.0385445663293800e-02	0.0000000000000000e+00	2.4285795686561995e-01
2.0402898955813702e-02	0.0000000000000000e+00	2.4169822278560993e-01
2.0420352248333700e-02	0.0000000000000000e+00	2.4074540658312005e-01
2.0437805540853601e-02	0.0000000000000000e+00	2.4002350451985000e-01
2.0455258833373499e-02	0.0000000000000000e+00	2.3955068760240006e-01
2.0472712125893501e-02	0.0000000000000000e+00	2.3933881141743996e-01
2.0490165418413399e-02	0.0000000000000000e+00	2.3939310916895007e-01
2.0507618710933401e-02	0.0000000000000000e+00	2.3933918967026480e-01
2.0525072003453299e-02	0.0000000000000000e+00	2.3951194332517378e-01
2.0542525295973300e-02	0.0000000000000000e+00	2.4013659684479016e-01
2.0559978588493202e-02	0.0000000000000000e+00	2.4125038692003664e-01
2.0577431881013099e-02	0.0000000000000000e+00	2.4265297065241653e-01
2.0594885173533101e-02	0.0000000000000000e+00	2.4414439759908357e-01
2.0612338466052999e-02	0.0000000000000000e+00	2.4556689125362574e-01
2.0629791758573001e-02	0.0000000000000000e+00	2.4674056357579732e-01
2.0647245051092899e-02	0.0000000000000000e+00	2.4758771537392854e-01
2.0664698343612901e-02	0.0000000000000000e+00	2.4854703091689623e-01
2.0682151636132799e-02	0.0000000000000000e+00	2.4976852589203624e-01
2.0699604928652700e-02	0.0000000000000000e+00	2.5107783608388645e-01
2.0717058221172702e-02	0.0000000000000000e+00	2.5241261402565107e-01
2.0734511513692599e-02	0.0000000000000000e+00	2.5379499180247456e-01
2.0751964806212601e-02	0.0000000000000000e+00	2.5533792959552948e-01
2.0769418098732499e-02	0.0000000000000000e+00	2.5706376365781491e-01
2.0786871391252501e-02	0.0000000000000000e+00	2.5847903093695757e-01
2.0804324683772399e-02	0.0000000000000000e+00	2.5920780252430753e-01
2.0821777976292300e-02	0.0000000000000000e+00	2.5932902613067121e-01
2.0839231268812299e-02	0.0000000000000000e+00	2.5890151714828924e-01
2.0856684561332200e-02	0.0000000000000000e+00	2.5803773015208864e-01
2.0874137853852202e-02	0.0000000000000000e+00	2.5701750721985306e-01
2.0891591146372099e-02	0.0000000000000000e+00	2.5615173767882027e-01
2.0909044438892101e-02	0.0000000000000000e+00	2.5557626232078456e-01
2.0926497731411999e-02	0.0000000000000000e+00	2.5513886031570177e-01
2.0943951023932001e-02	0.0000000000000000e+00	2.5452709637084880e-01
