0.0000000000000000e+00	0.0000000000000000e+00	0.0000000000000000e+00
1.7453292519943300e-05	0.0000000000000000e+00	7.8668028096408943e+02
3.4906585039886600e-05	0.0000000000000000e+00	1.3456453501024948e+03
5.2359877559829903e-05	0.0000000000000000e+00	1.3663655975423280e+03
6.9813170079773199e-05	0.0000000000000000e+00	1.5237082473152780e+03
8.7266462599716496e-05	0.0000000000000000e+00	1.3377700450562427e+03
1.0471975511966000e-04	0.0000000000000000e+00	2.0826168930936074e+03
1.2217304763960301e-04	0.0000000000000000e+00	2.2171715782428114e+03
1.3962634015954599e-04	0.0000000000000000e+00	1.2264980354063282e+03
1.5707963267949001e-04	0.0000000000000000e+00	4.0095904301517985e+03
1.7453292519943299e-04	0.0000000000000000e+00	9.8606511537556034e+03
1.9198621771937600e-04	0.0000000000000000e+00	1.5515279354683586e+04
2.0943951023931999e-04	0.0000000000000000e+00	1.9748117727567264e+04
2.2689280275926300e-04	0.0000000000000000e+00	2.1600989788107698e+04
2.4434609527920601e-04	0.0000000000000000e+00	2.0846929232016020e+04
2.6179938779914903e-04	0.0000000000000000e+00	1.7983953468267497e+04
2.7925268031909301e-04	0.0000000000000000e+00	1.4177643083390953e+04
2.9670597283903603e-04	0.0000000000000000e+00	1.1083094861695738e+04
3.1415926535897898e-04	0.0000000000000000e+00	1.0229835667079087e+04
3.3161255787892303e-04	0.0000000000000000e+00	1.1732055348396048e+04
3.4906585039886598e-04	0.0000000000000000e+00	1.3914119872742380e+04
3.6651914291880900e-04	0.0000000000000000e+00	1.4950308708784687e+04
3.8397243543875201e-04	0.0000000000000000e+00	1.3555445591752623e+04
4.0142572795869599e-04	0.0000000000000000e+00	1.0205365712809846e+04
4.1887902047863901e-04	0.0000000000000000e+00	6.1052563703821015e+03
4.3633231299858202e-04	0.0000000000000000e+00	1.0575168821040266e+04
4.5378560551852601e-04	0.0000000000000000e+00	2.0053820648557525e+04
4.7123889803846902e-04	0.0000000000000000e+00	2.3401432210528703e+04
4.8869219055841203e-04	0.0000000000000000e+00	1.7770923703746874e+04
5.0614548307835602e-04	0.0000000000000000e+00	3.9789635899188793e+03
5.2359877559829903e-04	0.0000000000000000e+00	1.3424431037912662e+04
5.4105206811824204e-04	0.0000000000000000e+00	2.9535555239328580e+04
5.5850536063818505e-04	0.0000000000000000e+00	3.8896422644596780e+04
5.7595865315812904e-04	0.0000000000000000e+00	3.7490987968360983e+04
5.9341194567807205e-04	0.0000000000000000e+00	2.7166550937448203e+04
6.1086523819801496e-04	0.0000000000000000e+00	1.9365046403833458e+04
6.2831853071795905e-04	0.0000000000000000e+00	8.9872203604189381e+03
6.4577182323790196e-04	0.0000000000000000e+00	2.7463958573721658e+04
6.6322511575784497e-04	0.0000000000000000e+00	4.0957418449528806e+04
6.8067840827778798e-04	0.0000000000000000e+00	4.1594896465329337e+04
6.9813170079773197e-04	0.0000000000000000e+00	3.0248272818649235e+04
7.1558499331767498e-04	0.0000000000000000e+00	1.4223639437131607e+05
7.3303828583761799e-04	0.0000000000000000e+00	2.6201953754771483e+05
7.5049157835756198e-04	0.0000000000000000e+00	3.0973571958580986e+05
7.6794487087750499e-04	0.0000000000000000e+00	2.7199715527315490e+05
7.8539816339744800e-04	0.0000000000000000e+00	1.6891329343665534e+05
8.0285145591739199e-04	0.0000000000000000e+00	3.6009182234204731e+04
8.2030474843733500e-04	0.0000000000000000e+00	5.8752076176394781e+04
8.3775804095727801e-04	0.0000000000000000e+00	3.1634101394246805e+04
8.5521133347722102e-04	0.0000000000000000e+00	7.4704295094837027e+04
8.7266462599716501e-04	0.0000000000000000e+00	1.7008907246124919e+05
8.9011791851710802e-04	0.0000000000000000e+00	2.3302322556195635e+05
9.0757121103705104e-04	0.0000000000000000e+00	2.5199177361059727e+05
9.2502450355699502e-04	0.0000000000000000e+00	2.0287234886953433e+05
9.4247779607693804e-04	0.0000000000000000e+00	1.1008540578586978e+05
9.5993108859688105e-04	0.0000000000000000e+00	2.6434245250241973e+04
9.7738438111682406e-04	0.0000000000000000e+00	4.8985488280482008e+04
9.9483767363676805e-04	0.0000000000000000e+00	5.2568484827853121e+04
1.0122909661567101e-03	0.0000000000000000e+00	2.7064602705394114e+04
1.0297442586766500e-03	0.0000000000000000e+00	3.3883398660347273e+04
1.0471975511966000e-03	0.0000000000000000e+00	8.8622909312153934e+04
1.0646508437165401e-03	0.0000000000000000e+00	7.3323966990921428e+04
1.0821041362364800e-03	0.0000000000000000e+00	1.9838277162312072e+04
1.0995574287564300e-03	0.0000000000000000e+00	1.3138760447685525e+05
1.1170107212763701e-03	0.0000000000000000e+00	1.6019398801799538e+05
1.1344640137963100e-03	0.0000000000000000e+00	9.1701893888247912e+04
1.1519173063162600e-03	0.0000000000000000e+00	3.9199099427893940e+04
1.1693705988361999e-03	0.0000000000000000e+00	6.9782106794687294e+04
1.1868238913561400e-03	0.0000000000000000e+00	5.3892022171658915e+04
1.2042771838760900e-03	0.0000000000000000e+00	4.4977865686374047e+04
1.2217304763960299e-03	0.0000000000000000e+00	7.7056091456542155e+04
1.2391837689159700e-03	0.0000000000000000e+00	9.1759592769095572e+04
1.2566370614359201e-03	0.0000000000000000e+00	1.6585532663560662e+04
1.2740903539558599e-03	0.0000000000000000e+00	1.0919110630696261e+05
1.2915436464758000e-03	0.0000000000000000e+00	9.8719413900883665e+04
1.3089969389957501e-03	0.0000000000000000e+00	7.3809612193701949e+04
1.3264502315156899e-03	0.0000000000000000e+00	7.8836019552999074e+04
1.3439035240356300e-03	0.0000000000000000e+00	8.7254913937771198e+04
1.3613568165555801e-03	0.0000000000000000e+00	8.0142870298923604e+04
1.3788101090755199e-03	0.0000000000000000e+00	9.7780715351864346e+04
1.3962634015954600e-03	0.0000000000000000e+00	2.1777100517274276e+05
1.4137166941154101e-03	0.0000000000000000e+00	2.4339206806153134e+06
1.4311699866353500e-03	0.0000000000000000e+00	2.5796621243390124e+06
1.4486232791552900e-03	0.0000000000000000e+00	2.7089682046653111e+06
1.4660765716752401e-03	0.0000000000000000e+00	2.8235905183748310e+06
1.4835298641951800e-03	0.0000000000000000e+00	2.9115338999037929e+06
1.5009831567151201e-03	0.0000000000000000e+00	2.6770354064921914e+06
1.5184364492350699e-03	0.0000000000000000e+00	3.6281920240218355e+06
1.5358897417550100e-03	0.0000000000000000e+00	3.7691116807999196e+06
1.5533430342749501e-03	0.0000000000000000e+00	3.7836284253472686e+06
1.5707963267948999e-03	0.0000000000000000e+00	3.7837366315195803e+06
1.5882496193148400e-03	0.0000000000000000e+00	3.7838012955097356e+06
1.6057029118347801e-03	0.0000000000000000e+00	3.7838190270939232e+06
1.6231562043547299e-03	0.0000000000000000e+00	3.7837874866247214e+06
1.6406094968746700e-03	0.0000000000000000e+00	3.7837054851354929e+06
1.6580627893946101e-03	0.0000000000000000e+00	3.7691355740399617e+06
1.6755160819145599e-03	0.0000000000000000e+00	2.4235996656855256e+06
1.6929693744345000e-03	0.0000000000000000e+00	2.6207512937116884e+06
1.7104226669544401e-03	0.0000000000000000e+00	2.5121729512882610e+06
1.7278759594743899e-03	0.0000000000000000e+00	3.7825844413690241e+06
1.7453292519943300e-03	0.0000000000000000e+00	3.7969839994611829e+06
1.7627825445142699e-03	0.0000000000000000e+00	3.7966129313404281e+06
1.7802358370342200e-03	0.0000000000000000e+00	3.7962236890614145e+06
1.7976891295541600e-03	0.0000000000000000e+00	3.7958253100508391e+06
1.8151424220740999e-03	0.0000000000000000e+00	3.7954274174970444e+06
1.8325957145940500e-03	0.0000000000000000e+00	3.7950399961487339e+06
1.8500490071139900e-03	0.0000000000000000e+00	3.7946731497211405e+06
1.8675022996339299e-03	0.0000000000000000e+00	3.7943368432468199e+06
1.8849555921538800e-03	0.0000000000000000e+00	3.7940406368769533e+06
1.9024088846738201e-03	0.0000000000000000e+00	3.7937934182307515e+06
1.9198621771937599e-03	0.0000000000000000e+00	3.7936031406202996e+06
1.9373154697137100e-03	0.0000000000000000e+00	3.7934765751720616e+06
1.9547687622336499e-03	0.0000000000000000e+00	3.7934190848989324e+06
1.9722220547535902e-03	0.0000000000000000e+00	3.7934344286817298e+06
1.9896753472735400e-03	0.0000000000000000e+00	3.7935246025097156e+06
2.0071286397934799e-03	0.0000000000000000e+00	3.7936897248569988e+06
2.0245819323134202e-03	0.0000000000000000e+00	3.7939279708918543e+06
2.0420352248333700e-03	0.0000000000000000e+00	3.7942355600472046e+06
2.0594885173533099e-03	0.0000000000000000e+00	3.7946067998920456e+06
2.0769418098732502e-03	0.0000000000000000e+00	3.7950341843907558e+06
2.0943951023932000e-03	0.0000000000000000e+00	3.7955085463448153e+06
2.1118483949131399e-03	0.0000000000000000e+00	3.6631421006682306e+06
2.1293016874330802e-03	0.0000000000000000e+00	3.6635478818502766e+06
2.1467549799530201e-03	0.0000000000000000e+00	3.6639375026503690e+06
2.1642082724729699e-03	0.0000000000000000e+00	3.8592897770716292e+06
2.1816615649929102e-03	0.0000000000000000e+00	3.8599039674997316e+06
2.1991148575128501e-03	0.0000000000000000e+00	3.8604948171931640e+06
2.2165681500327999e-03	0.0000000000000000e+00	3.8610470740629085e+06
2.2340214425527402e-03	0.0000000000000000e+00	3.8615461048544524e+06
2.2514747350726801e-03	0.0000000000000000e+00	3.8619782715860633e+06
2.2689280275926299e-03	0.0000000000000000e+00	3.8623312874737503e+06
2.2863813201125698e-03	0.0000000000000000e+00	3.6654091016622093e+06
2.3038346126325101e-03	0.0000000000000000e+00	3.6653001386096757e+06
2.3212879051524599e-03	0.0000000000000000e+00	3.6651205343719814e+06
2.3387411976723998e-03	0.0000000000000000e+00	3.6648733213041057e+06
2.3561944901923401e-03	0.0000000000000000e+00	3.6645632183913845e+06
2.3736477827122899e-03	0.0000000000000000e+00	3.6641965350840660e+06
2.3911010752322298e-03	0.0000000000000000e+00	3.6637810394447865e+06
2.4085543677521701e-03	0.0000000000000000e+00	3.6633257952511003e+06
2.4260076602721200e-03	0.0000000000000000e+00	3.6628409712555595e+06
2.4434609527920598e-03	0.0000000000000000e+00	3.6623376284673293e+06
2.4609142453120001e-03	0.0000000000000000e+00	3.6618274839657000e+06
2.4783675378319500e-03	0.0000000000000000e+00	3.6613226557558398e+06
2.4958208303518898e-03	0.0000000000000000e+00	3.6608353985405364e+06
2.5132741228718301e-03	0.0000000000000000e+00	3.6603778253633105e+06
2.5307274153917800e-03	0.0000000000000000e+00	3.6599616217174623e+06
2.5481807079117198e-03	0.0000000000000000e+00	3.6595977590184603e+06
2.5656340004316601e-03	0.0000000000000000e+00	3.6592962103099376e+06
2.5830872929516100e-03	0.0000000000000000e+00	3.6590656758148330e+06
2.6005405854715499e-03	0.0000000000000000e+00	3.6589133254915238e+06
2.6179938779914902e-03	0.0000000000000000e+00	3.6588445668204315e+06
2.6354471705114400e-03	0.0000000000000000e+00	3.6588628461728948e+06
2.6529004630313799e-03	0.0000000000000000e+00	3.6589694925925881e+06
2.6703537555513202e-03	0.0000000000000000e+00	3.6591636118429368e+06
2.6878070480712700e-03	0.0000000000000000e+00	3.6594420386279649e+06
2.7052603405912099e-03	0.0000000000000000e+00	3.6597993520798702e+06
2.7227136331111502e-03	0.0000000000000000e+00	3.6602279563895087e+06
2.7401669256311000e-03	0.0000000000000000e+00	3.6607182321315873e+06
2.7576202181510399e-03	0.0000000000000000e+00	3.6612587518301918e+06
2.7750735106709802e-03	0.0000000000000000e+00	3.6618365580301220e+06
2.7925268031909300e-03	0.0000000000000000e+00	3.6624374939472685e+06
2.8099800957108699e-03	0.0000000000000000e+00	3.6544202670467701e+06
2.8274333882308102e-03	0.0000000000000000e+00	3.6469398102465090e+06
2.8448866807507600e-03	0.0000000000000000e+00	3.6409801515211510e+06
2.8623399732706999e-03	0.0000000000000000e+00	3.6382457187602324e+06
2.8797932657906402e-03	0.0000000000000000e+00	3.6407692998957089e+06
2.8972465583105901e-03	0.0000000000000000e+00	3.6469318490139847e+06
2.9146998508305299e-03	0.0000000000000000e+00	3.6519545179143166e+06
2.9321531433504698e-03	0.0000000000000000e+00	3.6522424905256871e+06
2.9496064358704201e-03	0.0000000000000000e+00	3.6463138576677116e+06
2.9670597283903599e-03	0.0000000000000000e+00	3.6347652246834603e+06
2.9845130209102998e-03	0.0000000000000000e+00	3.6214632241504397e+06
3.0019663134302501e-03	0.0000000000000000e+00	3.6107793147954522e+06
3.0194196059501899e-03	0.0000000000000000e+00	3.6041175337021113e+06
3.0368728984701298e-03	0.0000000000000000e+00	3.5997876403544219e+06
3.0543261909900801e-03	0.0000000000000000e+00	3.5969563812752813e+06
3.0717794835100200e-03	0.0000000000000000e+00	3.5965685851651421e+06
3.0892327760299598e-03	0.0000000000000000e+00	3.5974367084563440e+06
3.1066860685499101e-03	0.0000000000000000e+00	3.5978818375409059e+06
3.1241393610698500e-03	0.0000000000000000e+00	3.5964752375240806e+06
3.1415926535897898e-03	0.0000000000000000e+00	3.5911089526711302e+06
3.1590459461097401e-03	0.0000000000000000e+00	3.5822729393299418e+06
3.1764992386296800e-03	0.0000000000000000e+00	3.5745489746044362e+06
3.1939525311496198e-03	0.0000000000000000e+00	3.5721598994774371e+06
3.2114058236695701e-03	0.0000000000000000e+00	3.5736149950523367e+06
3.2288591161895100e-03	0.0000000000000000e+00	3.5780365588842239e+06
3.2463124087094499e-03	0.0000000000000000e+00	3.5859544499559002e+06
3.2637657012294001e-03	0.0000000000000000e+00	3.5948844918988668e+06
3.2812189937493400e-03	0.0000000000000000e+00	3.6000404361595740e+06
3.2986722862692799e-03	0.0000000000000000e+00	3.5991147730630552e+06
3.3161255787892301e-03	0.0000000000000000e+00	3.5922121970680314e+06
3.3335788713091700e-03	0.0000000000000000e+00	3.5838267801836850e+06
3.3510321638291099e-03	0.0000000000000000e+00	3.5795922064780816e+06
3.3684854563490602e-03	0.0000000000000000e+00	3.5825070378390700e+06
3.3859387488690000e-03	0.0000000000000000e+00	3.5912654562387527e+06
3.4033920413889399e-03	0.0000000000000000e+00	3.5995976798571669e+06
3.4208453339088902e-03	0.0000000000000000e+00	3.6050017580488180e+06
3.4382986264288300e-03	0.0000000000000000e+00	3.6096866535463762e+06
3.4557519189487699e-03	0.0000000000000000e+00	3.6141981652740422e+06
3.4732052114687202e-03	0.0000000000000000e+00	3.6195066322163586e+06
3.4906585039886600e-03	0.0000000000000000e+00	3.6295387836743873e+06
3.5081117965085999e-03	0.0000000000000000e+00	3.6355315095077245e+06
3.5255650890285502e-03	0.0000000000000000e+00	3.6468733515432542e+06
3.5430183815484901e-03	0.0000000000000000e+00	3.6586915950068440e+06
3.5604716740684299e-03	0.0000000000000000e+00	3.6651498366896585e+06
3.5779249665883698e-03	0.0000000000000000e+00	3.6647093808064852e+06
3.5953782591083201e-03	0.0000000000000000e+00	3.6573280951717538e+06
3.6128315516282599e-03	0.0000000000000000e+00	3.6502444786014277e+06
3.6302848441482102e-03	0.0000000000000000e+00	3.6461947524026111e+06
3.6477381366681501e-03	0.0000000000000000e+00	3.6469331877716421e+06
3.6651914291880900e-03	0.0000000000000000e+00	3.6586552318149759e+06
3.6826447217080398e-03	0.0000000000000000e+00	3.6674155460966597e+06
3.7000980142279801e-03	0.0000000000000000e+00	3.6672806239490388e+06
3.7175513067479200e-03	0.0000000000000000e+00	3.6670276188553977e+06
3.7350045992678598e-03	0.0000000000000000e+00	3.6666625289757787e+06
3.7524578917878101e-03	0.0000000000000000e+00	3.6661939185327725e+06
3.7699111843077500e-03	0.0000000000000000e+00	3.6656326853448623e+06
3.7873644768276998e-03	0.0000000000000000e+00	3.6477999713490582e+06
3.8048177693476401e-03	0.0000000000000000e+00	3.6239652355712773e+06
3.8222710618675800e-03	0.0000000000000000e+00	3.6096811782009010e+06
3.8397243543875199e-03	0.0000000000000000e+00	3.6101139334460511e+06
3.8571776469074701e-03	0.0000000000000000e+00	3.6295393784228512e+06
3.8746309394274100e-03	0.0000000000000000e+00	3.6611530258894302e+06
3.8920842319473499e-03	0.0000000000000000e+00	3.6603836541472883e+06
3.9095375244672997e-03	0.0000000000000000e+00	3.6596569164547236e+06
3.9269908169872400e-03	0.0000000000000000e+00	3.6589905728450683e+06
3.9444441095071803e-03	0.0000000000000000e+00	3.6584012936980277e+06
3.9618974020271302e-03	0.0000000000000000e+00	3.6579042474832018e+06
3.9793506945470696e-03	0.0000000000000000e+00	3.6575126947716163e+06
3.9968039870670099e-03	0.0000000000000000e+00	3.6572375971656996e+06
4.0142572795869597e-03	0.0000000000000000e+00	3.6570872612701664e+06
4.0317105721069000e-03	0.0000000000000000e+00	3.6399170705813970e+06
4.0491638646268403e-03	0.0000000000000000e+00	3.6273789206100460e+06
4.0666171571467902e-03	0.0000000000000000e+00	3.6362491454493850e+06
4.0840704496667296e-03	0.0000000000000000e+00	3.6577912512092977e+06
4.1015237421866699e-03	0.0000000000000000e+00	3.6582786760310461e+06
4.1189770347066198e-03	0.0000000000000000e+00	3.6588728865268151e+06
4.1364303272265601e-03	0.0000000000000000e+00	3.8079950739327571e+06
4.1538836197465004e-03	0.0000000000000000e+00	3.7624250338292932e+06
4.1713369122664502e-03	0.0000000000000000e+00	3.7462847483309540e+06
4.1887902047863896e-03	0.0000000000000000e+00	3.7596262524002595e+06
4.2062434973063299e-03	0.0000000000000000e+00	3.6973472464551874e+06
4.2236967898262798e-03	0.0000000000000000e+00	3.6366747607975630e+06
4.2411500823462201e-03	0.0000000000000000e+00	3.5779718674697350e+06
4.2586033748661604e-03	0.0000000000000000e+00	3.5662092422343274e+06
4.2760566673861102e-03	0.0000000000000000e+00	3.5982114028064758e+06
4.2935099599060497e-03	0.0000000000000000e+00	3.5667121635180223e+06
4.3109632524259900e-03	0.0000000000000000e+00	3.5667870293656350e+06
4.3284165449459398e-03	0.0000000000000000e+00	3.5205532899274002e+06
4.3458698374658801e-03	0.0000000000000000e+00	3.5671948152940446e+06
4.3633231299858204e-03	0.0000000000000000e+00	3.5767917817083681e+06
4.3807764225057702e-03	0.0000000000000000e+00	3.5764454091806351e+06
4.3982297150257097e-03	0.0000000000000000e+00	3.5759986627518521e+06
4.4156830075456500e-03	0.0000000000000000e+00	3.5754633335299166e+06
4.4331363000655998e-03	0.0000000000000000e+00	3.5748531789278728e+06
4.4505895925855401e-03	0.0000000000000000e+00	3.5741835018371460e+06
4.4680428851054804e-03	0.0000000000000000e+00	3.6659978830793193e+06
4.4854961776254303e-03	0.0000000000000000e+00	3.6778658884259718e+06
4.5029494701453697e-03	0.0000000000000000e+00	3.6883827948358986e+06
4.5204027626653100e-03	0.0000000000000000e+00	3.6762658648475511e+06
4.5378560551852598e-03	0.0000000000000000e+00	3.6341817119176202e+06
4.5553093477052001e-03	0.0000000000000000e+00	3.5698631773479055e+06
4.5727626402251396e-03	0.0000000000000000e+00	3.6611247073025531e+06
4.5902159327450903e-03	0.0000000000000000e+00	3.6568504397957241e+06
4.6076692252650297e-03	0.0000000000000000e+00	3.6973916036282820e+06
4.6251225177849700e-03	0.0000000000000000e+00	3.6965161695060432e+06
4.6425758103049199e-03	0.0000000000000000e+00	3.6957145770302829e+06
4.6600291028248602e-03	0.0000000000000000e+00	3.6950070753973098e+06
4.6774823953447996e-03	0.0000000000000000e+00	3.6944119996215543e+06
4.6949356878647503e-03	0.0000000000000000e+00	3.6939452474419661e+06
4.7123889803846897e-03	0.0000000000000000e+00	3.6936197886809097e+06
4.7298422729046300e-03	0.0000000000000000e+00	3.6934452263883199e+06
4.7472955654245799e-03	0.0000000000000000e+00	3.6934274328450579e+06
4.7647488579445202e-03	0.0000000000000000e+00	3.6935682798989499e+06
4.7822021504644596e-03	0.0000000000000000e+00	3.6938654823729447e+06
4.7996554429844103e-03	0.0000000000000000e+00	3.6697882441436653e+06
4.8171087355043498e-03	0.0000000000000000e+00	3.7746091246420937e+06
4.8345620280242901e-03	0.0000000000000000e+00	3.7752863006367167e+06
4.8520153205442399e-03	0.0000000000000000e+00	3.6928938688028781e+06
4.8694686130641802e-03	0.0000000000000000e+00	3.5734160522501729e+06
4.8869219055841196e-03	0.0000000000000000e+00	3.6960104981866111e+06
4.9043751981040704e-03	0.0000000000000000e+00	3.7119783202547999e+06
4.9218284906240098e-03	0.0000000000000000e+00	3.7259958503510542e+06
4.9392817831439501e-03	0.0000000000000000e+00	3.7140769949217727e+06
4.9567350756638999e-03	0.0000000000000000e+00	3.6774505681379498e+06
4.9741883681838402e-03	0.0000000000000000e+00	3.6446852659389605e+06
4.9916416607037797e-03	0.0000000000000000e+00	3.6667930079506622e+06
5.0090949532237304e-03	0.0000000000000000e+00	3.6673370278872424e+06
5.0265482457436698e-03	0.0000000000000000e+00	3.6557131421331814e+06
5.0440015382636101e-03	0.0000000000000000e+00	3.6559457087186631e+06
5.0614548307835600e-03	0.0000000000000000e+00	3.6560407049159496e+06
5.0789081233035003e-03	0.0000000000000000e+00	3.6559969132908471e+06
5.0963614158234397e-03	0.0000000000000000e+00	3.6558165099867051e+06
5.1138147083433904e-03	0.0000000000000000e+00	3.6555048872294477e+06
5.1312680008633298e-03	0.0000000000000000e+00	3.6550704009033735e+06
5.1487212933832701e-03	0.0000000000000000e+00	3.6545240849503772e+06
5.1661745859032200e-03	0.0000000000000000e+00	3.6538793267463087e+06
5.1836278784231603e-03	0.0000000000000000e+00	3.6531515263727577e+06
5.2010811709430997e-03	0.0000000000000000e+00	3.6523577564728749e+06
5.2185344634630504e-03	0.0000000000000000e+00	3.6638522579032094e+06
5.2359877559829899e-03	0.0000000000000000e+00	3.6629632418143936e+06
5.2534410485029302e-03	0.0000000000000000e+00	3.6620581650734721e+06
5.2708943410228696e-03	0.0000000000000000e+00	3.6611579693459286e+06
5.2883476335428203e-03	0.0000000000000000e+00	3.6480700058893729e+06
5.3058009260627597e-03	0.0000000000000000e+00	3.6472885007734145e+06
5.3232542185827000e-03	0.0000000000000000e+00	3.6465777351505454e+06
5.3407075111026499e-03	0.0000000000000000e+00	3.6459552137606423e+06
5.3581608036225902e-03	0.0000000000000000e+00	3.6696858834530981e+06
5.3756140961425296e-03	0.0000000000000000e+00	3.6691738163807332e+06
5.3930673886624803e-03	0.0000000000000000e+00	3.6687925682965349e+06
5.4105206811824198e-03	0.0000000000000000e+00	3.6685529338144478e+06
5.4279739737023601e-03	0.0000000000000000e+00	3.6564337645983612e+06
5.4454272662223099e-03	0.0000000000000000e+00	3.6447839504286121e+06
5.4628805587422502e-03	0.0000000000000000e+00	3.6450738514398471e+06
5.4803338512621896e-03	0.0000000000000000e+00	3.6454982563374070e+06
5.4977871437821403e-03	0.0000000000000000e+00	3.6460473745695623e+06
5.5152404363020798e-03	0.0000000000000000e+00	3.6467079212731416e+06
5.5326937288220201e-03	0.0000000000000000e+00	3.6474634292577505e+06
5.5501470213419699e-03	0.0000000000000000e+00	3.6142224808466765e+06
5.5676003138619102e-03	0.0000000000000000e+00	3.6608374454727084e+06
5.5850536063818497e-03	0.0000000000000000e+00	3.6617738262606501e+06
5.6025068989018004e-03	0.0000000000000000e+00	3.6627255280824676e+06
5.6199601914217398e-03	0.0000000000000000e+00	3.6636677922781822e+06
5.6374134839416801e-03	0.0000000000000000e+00	3.6645762230598019e+06
5.6548667764616299e-03	0.0000000000000000e+00	3.6654275077785361e+06
5.6723200689815702e-03	0.0000000000000000e+00	3.9278061800119439e+06
5.6897733615015097e-03	0.0000000000000000e+00	3.6668747330662911e+06
5.7072266540214604e-03	0.0000000000000000e+00	3.6674350674999086e+06
5.7246799465413998e-03	0.0000000000000000e+00	3.6678679177763090e+06
5.7421332390613401e-03	0.0000000000000000e+00	3.6681635868509230e+06
5.7595865315812900e-03	0.0000000000000000e+00	3.6683159922264279e+06
5.7770398241012303e-03	0.0000000000000000e+00	3.6683226885444787e+06
5.7944931166211697e-03	0.0000000000000000e+00	3.6681847907293718e+06
5.8119464091411204e-03	0.0000000000000000e+00	3.6679068088636375e+06
5.8293997016610598e-03	0.0000000000000000e+00	3.6674964117852310e+06
5.8468529941810002e-03	0.0000000000000000e+00	3.6669641513888789e+06
5.8643062867009500e-03	0.0000000000000000e+00	3.6663231463482240e+06
5.8817595792208903e-03	0.0000000000000000e+00	3.6655887473679059e+06
5.8992128717408297e-03	0.0000000000000000e+00	3.6647782000070447e+06
5.9166661642607796e-03	0.0000000000000000e+00	3.6639102939761472e+06
5.9341194567807199e-03	0.0000000000000000e+00	3.6630050110178478e+06
5.9515727493006602e-03	0.0000000000000000e+00	3.6620831682048384e+06
5.9690260418206100e-03	0.0000000000000000e+00	3.6611660482555609e+06
5.9864793343405503e-03	0.0000000000000000e+00	3.6602750116165867e+06
6.0039326268604898e-03	0.0000000000000000e+00	3.6594310864658253e+06
6.0213859193804396e-03	0.0000000000000000e+00	3.6586545407369589e+06
6.0388392119003799e-03	0.0000000000000000e+00	3.6579644290486719e+06
6.0562925044203202e-03	0.0000000000000000e+00	3.6573781288373359e+06
6.0737457969402700e-03	0.0000000000000000e+00	3.6569108745489530e+06
6.0911990894602103e-03	0.0000000000000000e+00	3.6565753062654859e+06
6.1086523819801498e-03	0.0000000000000000e+00	3.6563810495455111e+06
6.1261056745000996e-03	0.0000000000000000e+00	3.6563343495653947e+06
6.1435589670200399e-03	0.0000000000000000e+00	3.6564377802067380e+06
6.1610122595399802e-03	0.0000000000000000e+00	3.6566900465396289e+06
6.1784655520599301e-03	0.0000000000000000e+00	3.6570859015707290e+06
6.1959188445798704e-03	0.0000000000000000e+00	3.6576161856154762e+06
6.2133721370998098e-03	0.0000000000000000e+00	3.6582679995937319e+06
6.2308254296197596e-03	0.0000000000000000e+00	3.6590250105638751e+06
6.2482787221396999e-03	0.0000000000000000e+00	3.6598678825480645e+06
6.2657320146596402e-03	0.0000000000000000e+00	3.6607748219517642e+06
6.2831853071795901e-03	0.0000000000000000e+00	3.6617222130545136e+06
6.3006385996995304e-03	0.0000000000000000e+00	3.6626853260951866e+06
6.3180918922194698e-03	0.0000000000000000e+00	3.6636390633050390e+06
6.3355451847394197e-03	0.0000000000000000e+00	3.6645587094461024e+06
6.3529984772593600e-03	0.0000000000000000e+00	3.6654206618526662e+06
6.3704517697793003e-03	0.0000000000000000e+00	3.6662031074312227e+06
6.3879050622992501e-03	0.0000000000000000e+00	3.6668866195457061e+06
6.4053583548191904e-03	0.0000000000000000e+00	3.6674546556098205e+06
6.4228116473391298e-03	0.0000000000000000e+00	3.6678939367163358e+06
6.4402649398590797e-03	0.0000000000000000e+00	3.6681947076021428e+06
6.4577182323790200e-03	0.0000000000000000e+00	3.6683508704040162e+06
6.4751715248989603e-03	0.0000000000000000e+00	3.6683600022921967e+06
6.4926248174188997e-03	0.0000000000000000e+00	3.6682232757213255e+06
6.5100781099388504e-03	0.0000000000000000e+00	3.6679452813003371e+06
6.5275314024587899e-03	0.0000000000000000e+00	3.6675337886833739e+06
6.5449846949787302e-03	0.0000000000000000e+00	3.6669994634994590e+06
6.5624379874986800e-03	0.0000000000000000e+00	3.6663555461852681e+06
6.5798912800186203e-03	0.0000000000000000e+00	3.6656175136079090e+06
6.5973445725385597e-03	0.0000000000000000e+00	3.6648027392694401e+06
6.6147978650585096e-03	0.0000000000000000e+00	3.6639301409995565e+06
6.6322511575784499e-03	0.0000000000000000e+00	3.6630198283002153e+06
6.6497044500983902e-03	0.0000000000000000e+00	3.6620927452842621e+06
6.6671577426183400e-03	0.0000000000000000e+00	3.6611703008424854e+06
6.6846110351382803e-03	0.0000000000000000e+00	3.6602739803926637e+06
6.7020643276582198e-03	0.0000000000000000e+00	3.6594249350990904e+06
6.7195176201781696e-03	0.0000000000000000e+00	3.6586435526723219e+06
6.7369709126981099e-03	0.0000000000000000e+00	3.6579490021720254e+06
6.7544242052180502e-03	0.0000000000000000e+00	3.6573587676882455e+06
6.7718774977380001e-03	0.0000000000000000e+00	3.6568881795572201e+06
6.7893307902579404e-03	0.0000000000000000e+00	3.6565499596935762e+06
6.8067840827778798e-03	0.0000000000000000e+00	3.6563537983648549e+06
6.8242373752978296e-03	0.0000000000000000e+00	3.6563059852850749e+06
6.8416906678177699e-03	0.0000000000000000e+00	3.6564091165043544e+06
6.8591439603377102e-03	0.0000000000000000e+00	3.6566618953463272e+06
6.8765972528576601e-03	0.0000000000000000e+00	3.6570590485351305e+06
6.8940505453776004e-03	0.0000000000000000e+00	3.6575913663014788e+06
6.9115038378975398e-03	0.0000000000000000e+00	3.6582458770952383e+06
6.9289571304174897e-03	0.0000000000000000e+00	3.6590061561459089e+06
6.9464104229374300e-03	0.0000000000000000e+00	3.6598527597132530e+06
6.9638637154573703e-03	0.0000000000000000e+00	3.6607637749900692e+06
6.9813170079773201e-03	0.0000000000000000e+00	3.6617154604650862e+06
6.9987703004972604e-03	0.0000000000000000e+00	3.6604848534934865e+06
7.0162235930171998e-03	0.0000000000000000e+00	3.6596399196822974e+06
7.0336768855371497e-03	0.0000000000000000e+00	3.6596115586574953e+06
7.0511301780570900e-03	0.0000000000000000e+00	3.6606563131177342e+06
7.0685834705770303e-03	0.0000000000000000e+00	3.6623898425906091e+06
7.0860367630969801e-03	0.0000000000000000e+00	3.6641257218546481e+06
7.1034900556169204e-03	0.0000000000000000e+00	3.6652614424386406e+06
7.1209433481368599e-03	0.0000000000000000e+00	3.6654593872349877e+06
7.1383966406568097e-03	0.0000000000000000e+00	3.6648516415401469e+06
7.1558499331767500e-03	0.0000000000000000e+00	3.6636649101135978e+06
7.1733032256966903e-03	0.0000000000000000e+00	3.6618619529807093e+06
7.1907565182166401e-03	0.0000000000000000e+00	3.6599008285437161e+06
7.2082098107365796e-03	0.0000000000000000e+00	3.6591406165770157e+06
7.2256631032565199e-03	0.0000000000000000e+00	3.6602629912560438e+06
7.2431163957764697e-03	0.0000000000000000e+00	3.6624457027858784e+06
7.2605696882964100e-03	0.0000000000000000e+00	3.6648281914919149e+06
7.2780229808163503e-03	0.0000000000000000e+00	3.6656383219551640e+06
7.2954762733363002e-03	0.0000000000000000e+00	3.6648216648115222e+06
7.3129295658562396e-03	0.0000000000000000e+00	3.6639469885430266e+06
7.3303828583761799e-03	0.0000000000000000e+00	3.6630344476855281e+06
7.3478361508961297e-03	0.0000000000000000e+00	3.6621050299041322e+06
7.3652894434160700e-03	0.0000000000000000e+00	3.6574578447221257e+06
7.3827427359360103e-03	0.0000000000000000e+00	3.6506494642515406e+06
7.4001960284559602e-03	0.0000000000000000e+00	3.6426448743259064e+06
7.4176493209758996e-03	0.0000000000000000e+00	3.6336236886126036e+06
7.4351026134958399e-03	0.0000000000000000e+00	3.6262963676629495e+06
7.4525559060157898e-03	0.0000000000000000e+00	3.6237515225514998e+06
7.4700091985357301e-03	0.0000000000000000e+00	3.6250702491446701e+06
7.4874624910556704e-03	0.0000000000000000e+00	3.6271865944201346e+06
7.5049157835756202e-03	0.0000000000000000e+00	3.6276400530720553e+06
7.5223690760955596e-03	0.0000000000000000e+00	3.6261440211433442e+06
7.5398223686154999e-03	0.0000000000000000e+00	3.6249077927570338e+06
7.5572756611354498e-03	0.0000000000000000e+00	3.6264776369579695e+06
7.5747289536553901e-03	0.0000000000000000e+00	3.6313968319777823e+06
7.5921822461753304e-03	0.0000000000000000e+00	3.6374894297372177e+06
7.6096355386952802e-03	0.0000000000000000e+00	3.6443884484554925e+06
7.6270888312152197e-03	0.0000000000000000e+00	3.6520233615437760e+06
7.6445421237351600e-03	0.0000000000000000e+00	3.6592065831160457e+06
7.6619954162551098e-03	0.0000000000000000e+00	3.6607556593241454e+06
7.6794487087750501e-03	0.0000000000000000e+00	3.6617081150101600e+06
7.6969020012949904e-03	0.0000000000000000e+00	3.6626764506961233e+06
7.7143552938149403e-03	0.0000000000000000e+00	3.6636354068048741e+06
7.7318085863348797e-03	0.0000000000000000e+00	3.6645601159283803e+06
7.7492618788548200e-03	0.0000000000000000e+00	3.6654268394854260e+06
7.7667151713747698e-03	0.0000000000000000e+00	3.6662136481248937e+06
7.7841684638947101e-03	0.0000000000000000e+00	3.6669010212848061e+06
7.8016217564146496e-03	0.0000000000000000e+00	3.6674723466517390e+06
7.8190750489345994e-03	0.0000000000000000e+00	3.6679143003706657e+06
7.8365283414545406e-03	0.0000000000000000e+00	3.6682171032211957e+06
7.8539816339744800e-03	0.0000000000000000e+00	3.6683746554014939e+06
7.8714349264944194e-03	0.0000000000000000e+00	3.6683845503483568e+06
7.8888882190143693e-03	0.0000000000000000e+00	3.6682479896470113e+06
7.9063415115343105e-03	0.0000000000000000e+00	3.6679696060090545e+06
7.9237948040542603e-03	0.0000000000000000e+00	3.6675572179238731e+06
7.9412480965741997e-03	0.0000000000000000e+00	3.6670215448751282e+06
7.9587013890941392e-03	0.0000000000000000e+00	3.6663758843443235e+06
7.9761546816140907e-03	0.0000000000000000e+00	3.6656357708441140e+06
7.9936079741340302e-03	0.0000000000000000e+00	3.6648186355561330e+06
8.0110612666539696e-03	0.0000000000000000e+00	3.6639434541170592e+06
8.0285145591739195e-03	0.0000000000000000e+00	3.6630303927618712e+06
8.0459678516938606e-03	0.0000000000000000e+00	3.6621004521185439e+06
8.0634211442138001e-03	0.0000000000000000e+00	3.6611750972032961e+06
8.0808744367337395e-03	0.0000000000000000e+00	3.6602758686356461e+06
8.0983277292536893e-03	0.0000000000000000e+00	3.6594239738014699e+06
8.1157810217736305e-03	0.0000000000000000e+00	3.6586398544346560e+06
8.1332343142935803e-03	0.0000000000000000e+00	3.6579427314965962e+06
8.1506876068135198e-03	0.0000000000000000e+00	3.6573501385305566e+06
8.1681408993334592e-03	0.0000000000000000e+00	3.6568774506089888e+06
8.1855941918534108e-03	0.0000000000000000e+00	3.6565374288659552e+06
8.2030474843733502e-03	0.0000000000000000e+00	3.6563397947964030e+06
8.2205007768932897e-03	0.0000000000000000e+00	3.6562908617077600e+06
8.2379540694132308e-03	0.0000000000000000e+00	3.6563932382400446e+06
8.2554073619331807e-03	0.0000000000000000e+00	3.6566456311906483e+06
8.2728606544531201e-03	0.0000000000000000e+00	3.6570427587945443e+06
8.2903139469730595e-03	0.0000000000000000e+00	3.6575753940472989e+06
8.3077672394930094e-03	0.0000000000000000e+00	3.6582305363829052e+06
8.3252205320129506e-03	0.0000000000000000e+00	3.6589917241179906e+06
8.3426738245328900e-03	0.0000000000000000e+00	3.6598394693568405e+06
8.3601271170528398e-03	0.0000000000000000e+00	3.6607518099655607e+06
8.3775804095727793e-03	0.0000000000000000e+00	3.6617049536078391e+06
8.3950337020927204e-03	0.0000000000000000e+00	3.6610553007063605e+06
8.4124869946126703e-03	0.0000000000000000e+00	3.6606314420173699e+06
8.4299402871326097e-03	0.0000000000000000e+00	3.6608592027197946e+06
8.4473935796525491e-03	0.0000000000000000e+00	3.6622503864158946e+06
8.4648468721725007e-03	0.0000000000000000e+00	3.6644942598286136e+06
8.4823001646924402e-03	0.0000000000000000e+00	3.6665674929830977e+06
8.4997534572123796e-03	0.0000000000000000e+00	3.6674737425923981e+06
8.5172067497323294e-03	0.0000000000000000e+00	3.6672626171609513e+06
8.5346600422522706e-03	0.0000000000000000e+00	3.6655155125246770e+06
8.5521133347722100e-03	0.0000000000000000e+00	3.6630947397380080e+06
8.5695666272921599e-03	0.0000000000000000e+00	3.6606520800538394e+06
8.5870199198120993e-03	0.0000000000000000e+00	3.6588584581316463e+06
8.6044732123320405e-03	0.0000000000000000e+00	3.6582342654464915e+06
8.6219265048519903e-03	0.0000000000000000e+00	3.6589410464149760e+06
8.6393797973719298e-03	0.0000000000000000e+00	3.6602269743981832e+06
8.6568330898918692e-03	0.0000000000000000e+00	3.6607173964955788e+06
8.6742863824118208e-03	0.0000000000000000e+00	3.6599225372479968e+06
8.6917396749317602e-03	0.0000000000000000e+00	3.6581455608748044e+06
8.7091929674516996e-03	0.0000000000000000e+00	3.6556537130326754e+06
8.7266462599716495e-03	0.0000000000000000e+00	3.6530058367441953e+06
8.7440995524915906e-03	0.0000000000000000e+00	3.6508890208879043e+06
8.7615528450115301e-03	0.0000000000000000e+00	3.6494147051499835e+06
8.7790061375314799e-03	0.0000000000000000e+00	3.6484903555356921e+06
8.7964594300514194e-03	0.0000000000000000e+00	3.6479423011859241e+06
8.8139127225713605e-03	0.0000000000000000e+00	3.6475210802121237e+06
8.8313660150913104e-03	0.0000000000000000e+00	3.6470661323024095e+06
8.8488193076112498e-03	0.0000000000000000e+00	3.6467312363366312e+06
8.8662726001311892e-03	0.0000000000000000e+00	3.6472243378571807e+06
8.8837258926511408e-03	0.0000000000000000e+00	3.6489250438398323e+06
8.9011791851710802e-03	0.0000000000000000e+00	3.6514567834338723e+06
8.9186324776910197e-03	0.0000000000000000e+00	3.6539702369681899e+06
8.9360857702109695e-03	0.0000000000000000e+00	3.6559604498409475e+06
8.9535390627309107e-03	0.0000000000000000e+00	3.6566491311409008e+06
8.9709923552508501e-03	0.0000000000000000e+00	3.6570461543673687e+06
8.9884456477708000e-03	0.0000000000000000e+00	3.6551728177270941e+06
9.0058989402907394e-03	0.0000000000000000e+00	3.6500142298574424e+06
9.0233522328106806e-03	0.0000000000000000e+00	3.6432723911563973e+06
9.0408055253306304e-03	0.0000000000000000e+00	3.6376128674017433e+06
9.0582588178505698e-03	0.0000000000000000e+00	3.6361596009043073e+06
9.0757121103705093e-03	0.0000000000000000e+00	3.6395558114512651e+06
9.0931654028904609e-03	0.0000000000000000e+00	3.1925464089720421e+06
9.1106186954104003e-03	0.0000000000000000e+00	3.1915940185911735e+06
9.1280719879303397e-03	0.0000000000000000e+00	3.1903834730551182e+06
9.1455252804502896e-03	0.0000000000000000e+00	3.1889444899901869e+06
9.1629785729702307e-03	0.0000000000000000e+00	3.1873129718864663e+06
9.1804318654901702e-03	0.0000000000000000e+00	3.2578262208487974e+06
9.1978851580101200e-03	0.0000000000000000e+00	3.2562612094465429e+06
9.2153384505300594e-03	0.0000000000000000e+00	3.2546013597492957e+06
9.2327917430500006e-03	0.0000000000000000e+00	3.2528895172965662e+06
9.2502450355699505e-03	0.0000000000000000e+00	3.1778263931649500e+06
9.2676983280898899e-03	0.0000000000000000e+00	3.1760037034303253e+06
9.2851516206098293e-03	0.0000000000000000e+00	3.1743173957603998e+06
9.3026049131297792e-03	0.0000000000000000e+00	3.1728095846491265e+06
9.3200582056497203e-03	0.0000000000000000e+00	3.1715174247225444e+06
9.3375114981696598e-03	0.0000000000000000e+00	3.1704721882422753e+06
9.3549647906896096e-03	0.0000000000000000e+00	3.1696985530719082e+06
9.3724180832095508e-03	0.0000000000000000e+00	3.1692141105873557e+06
9.3898713757294902e-03	0.0000000000000000e+00	3.1690290698093059e+06
9.4073246682494296e-03	0.0000000000000000e+00	3.1691461862746035e+06
9.4247779607693795e-03	0.0000000000000000e+00	3.1695608778278325e+06
9.4422312532893207e-03	0.0000000000000000e+00	3.1702614988177503e+06
9.4596845458092705e-03	0.0000000000000000e+00	3.1712297652855110e+06
9.4771378383292099e-03	0.0000000000000000e+00	3.1724413022314520e+06
9.4945911308491494e-03	0.0000000000000000e+00	3.1738662862373781e+06
9.5120444233690905e-03	0.0000000000000000e+00	3.1754701817932208e+06
9.5294977158890404e-03	0.0000000000000000e+00	3.1772145242656511e+06
9.5469510084089798e-03	0.0000000000000000e+00	3.1790577663826370e+06
9.5644043009289192e-03	0.0000000000000000e+00	3.1809561658824203e+06
9.5818575934488708e-03	0.0000000000000000e+00	3.1828647045454849e+06
9.5993108859688103e-03	0.0000000000000000e+00	3.1847380318317441e+06
9.6167641784887497e-03	0.0000000000000000e+00	3.1865314276246484e+06
9.6342174710086995e-03	0.0000000000000000e+00	3.1882017705573775e+06
9.6516707635286407e-03	0.0000000000000000e+00	3.1897085018321089e+06
9.6691240560485905e-03	0.0000000000000000e+00	3.1910145694012316e+06
9.6865773485685300e-03	0.0000000000000000e+00	3.1920873343617432e+06
9.7040306410884694e-03	0.0000000000000000e+00	3.1928994170867973e+06
9.7214839336084106e-03	0.0000000000000000e+00	3.1934294608787894e+06
9.7389372261283604e-03	0.0000000000000000e+00	3.1936627839188753e+06
9.7563905186482999e-03	0.0000000000000000e+00	3.1935918956566402e+06
9.7738438111682393e-03	0.0000000000000000e+00	3.1932168505425663e+06
9.7912971036881909e-03	0.0000000000000000e+00	3.1925454133922616e+06
9.8087503962081303e-03	0.0000000000000000e+00	3.1915930044012503e+06
9.8262036887280697e-03	0.0000000000000000e+00	3.1903824401807827e+06
9.8436569812480196e-03	0.0000000000000000e+00	3.1756427242742497e+06
9.8611102737679607e-03	0.0000000000000000e+00	3.1628702065647827e+06
9.8785635662879106e-03	0.0000000000000000e+00	3.1792393575700563e+06
9.8960168588078500e-03	0.0000000000000000e+00	3.1836400695310966e+06
9.9134701513277895e-03	0.0000000000000000e+00	3.3251141028869040e+06
9.9309234438477306e-03	0.0000000000000000e+00	3.5374249255917529e+06
9.9483767363676805e-03	0.0000000000000000e+00	3.5149211300434703e+06
9.9658300288876199e-03	0.0000000000000000e+00	3.4982491156802056e+06
9.9832833214075593e-03	0.0000000000000000e+00	3.4909012004024368e+06
1.0000736613927501e-02	0.0000000000000000e+00	3.5054920845710705e+06
1.0018189906447501e-02	0.0000000000000000e+00	3.5207824784197151e+06
1.0035643198967400e-02	0.0000000000000000e+00	3.1704713735687463e+06
1.0053096491487300e-02	0.0000000000000000e+00	3.6304256750174039e+06
1.0070549784007300e-02	0.0000000000000000e+00	3.6582347033979907e+06
1.0088003076527199e-02	0.0000000000000000e+00	3.6457976044508819e+06
1.0105456369047200e-02	0.0000000000000000e+00	3.6503055582051319e+06
1.0122909661567101e-02	0.0000000000000000e+00	3.6266020650223042e+06
1.0140362954087099e-02	0.0000000000000000e+00	3.1539739608514896e+06
1.0157816246607001e-02	0.0000000000000000e+00	3.1712295415584543e+06
1.0175269539126900e-02	0.0000000000000000e+00	3.1724411736416412e+06
1.0192722831646900e-02	0.0000000000000000e+00	3.6534964257342494e+06
1.0210176124166800e-02	0.0000000000000000e+00	3.6745282524934118e+06
1.0227629416686800e-02	0.0000000000000000e+00	3.6512215195103167e+06
1.0245082709206699e-02	0.0000000000000000e+00	3.6348056283920733e+06
1.0262536001726700e-02	0.0000000000000000e+00	3.6253055683221179e+06
1.0279989294246601e-02	0.0000000000000000e+00	3.6209402369519281e+06
1.0297442586766500e-02	0.0000000000000000e+00	3.6207138558232719e+06
1.0314895879286501e-02	0.0000000000000000e+00	3.6257915921314536e+06
1.0332349171806400e-02	0.0000000000000000e+00	3.6377747441092450e+06
1.0349802464326400e-02	0.0000000000000000e+00	3.6551188013357003e+06
1.0367255756846300e-02	0.0000000000000000e+00	3.6725353573783082e+06
1.0384709049366300e-02	0.0000000000000000e+00	3.6870288595340303e+06
1.0402162341886199e-02	0.0000000000000000e+00	3.6290788181721899e+06
1.0419615634406101e-02	0.0000000000000000e+00	3.6474048840056527e+06
1.0437068926926101e-02	0.0000000000000000e+00	3.6542734192597480e+06
1.0454522219446000e-02	0.0000000000000000e+00	3.6497529355881871e+06
1.0471975511966001e-02	0.0000000000000000e+00	3.6342846758601959e+06
1.0489428804485900e-02	0.0000000000000000e+00	3.5045908026237586e+06
1.0506882097005900e-02	0.0000000000000000e+00	3.5617205307870302e+06
1.0524335389525800e-02	0.0000000000000000e+00	3.5856977204033937e+06
1.0541788682045699e-02	0.0000000000000000e+00	3.5843697373617813e+06
1.0559241974565699e-02	0.0000000000000000e+00	3.5053579179051020e+06
1.0576695267085601e-02	0.0000000000000000e+00	3.6736486583097451e+06
1.0594148559605601e-02	0.0000000000000000e+00	3.7145527339531318e+06
1.0611601852125500e-02	0.0000000000000000e+00	3.7732395554617583e+06
1.0629055144645501e-02	0.0000000000000000e+00	3.7241257507133614e+06
1.0646508437165400e-02	0.0000000000000000e+00	3.7002043397646155e+06
1.0663961729685400e-02	0.0000000000000000e+00	3.5874406523062359e+06
1.0681415022205300e-02	0.0000000000000000e+00	3.6439797891573566e+06
1.0698868314725199e-02	0.0000000000000000e+00	3.6436243571662535e+06
1.0716321607245199e-02	0.0000000000000000e+00	3.6431491561108297e+06
1.0733774899765101e-02	0.0000000000000000e+00	3.6425664718890814e+06
1.0751228192285101e-02	0.0000000000000000e+00	3.6002910964717297e+06
1.0768681484805000e-02	0.0000000000000000e+00	3.6495985619571772e+06
1.0786134777325001e-02	0.0000000000000000e+00	3.6990244112659828e+06
1.0803588069844900e-02	0.0000000000000000e+00	3.6635723377962699e+06
1.0821041362364800e-02	0.0000000000000000e+00	3.6957053642142378e+06
1.0838494654884800e-02	0.0000000000000000e+00	3.4958381302683800e+06
1.0855947947404699e-02	0.0000000000000000e+00	3.5702007500146325e+06
1.0873401239924699e-02	0.0000000000000000e+00	3.5499906700533503e+06
1.0890854532444601e-02	0.0000000000000000e+00	3.4041483351369691e+06
1.0908307824964599e-02	0.0000000000000000e+00	3.6712883356816103e+06
1.0925761117484500e-02	0.0000000000000000e+00	3.7319148533873027e+06
1.0943214410004400e-02	0.0000000000000000e+00	3.6742388321760064e+06
1.0960667702524400e-02	0.0000000000000000e+00	3.7325676467442722e+06
1.0978120995044300e-02	0.0000000000000000e+00	3.7222437578782719e+06
1.0995574287564300e-02	0.0000000000000000e+00	3.6718199466242394e+06
1.1013027580084199e-02	0.0000000000000000e+00	3.7445394315579273e+06
1.1030480872604199e-02	0.0000000000000000e+00	3.6784242272913801e+06
1.1047934165124101e-02	0.0000000000000000e+00	3.5722745059196493e+06
1.1065387457644000e-02	0.0000000000000000e+00	3.6339094498592885e+06
1.1082840750164000e-02	0.0000000000000000e+00	3.6254398135356349e+06
1.1100294042683900e-02	0.0000000000000000e+00	3.5973708915515807e+06
1.1117747335203900e-02	0.0000000000000000e+00	3.5821587654782743e+06
1.1135200627723800e-02	0.0000000000000000e+00	3.5454317073073257e+06
1.1152653920243800e-02	0.0000000000000000e+00	3.7627317941927025e+06
1.1170107212763699e-02	0.0000000000000000e+00	3.7778505968073262e+06
1.1187560505283699e-02	0.0000000000000000e+00	3.7790928013397437e+06
1.1205013797803601e-02	0.0000000000000000e+00	3.7803955973854433e+06
1.1222467090323500e-02	0.0000000000000000e+00	3.7817257562125102e+06
1.1239920382843500e-02	0.0000000000000000e+00	3.7830496790509098e+06
1.1257373675363400e-02	0.0000000000000000e+00	3.7843343078051768e+06
1.1274826967883400e-02	0.0000000000000000e+00	3.7855479812366883e+06
1.1292280260403300e-02	0.0000000000000000e+00	3.7866612174602817e+06
1.1309733552923300e-02	0.0000000000000000e+00	3.7876474033099846e+06
1.1327186845443199e-02	0.0000000000000000e+00	3.7884833712468492e+06
1.1344640137963101e-02	0.0000000000000000e+00	3.7891498623721367e+06
1.1362093430483101e-02	0.0000000000000000e+00	3.7896318716051495e+06
1.1379546723003000e-02	0.0000000000000000e+00	3.7899188829847276e+06
1.1397000015523000e-02	0.0000000000000000e+00	3.7900049902999606e+06
1.1414453308042900e-02	0.0000000000000000e+00	3.7898889328854675e+06
1.1431906600562900e-02	0.0000000000000000e+00	3.7895740427624686e+06
1.1449359893082800e-02	0.0000000000000000e+00	3.7890681112342081e+06
1.1466813185602699e-02	0.0000000000000000e+00	3.7883831942625605e+06
1.1484266478122699e-02	0.0000000000000000e+00	3.7875353576297038e+06
1.1501719770642601e-02	0.0000000000000000e+00	3.7865443547720243e+06
1.1519173063162601e-02	0.0000000000000000e+00	3.7854332470117952e+06
1.1536626355682500e-02	0.0000000000000000e+00	3.7842279705068632e+06
1.1554079648202500e-02	0.0000000000000000e+00	3.7829568393380968e+06
1.1571532940722400e-02	0.0000000000000000e+00	3.7816499809093117e+06
1.1588986233242300e-02	0.0000000000000000e+00	3.7803387091898122e+06
1.1606439525762300e-02	0.0000000000000000e+00	3.7790548410561457e+06
1.1623892818282199e-02	0.0000000000000000e+00	3.7778299593695393e+06
1.1641346110802199e-02	0.0000000000000000e+00	3.7766946384255774e+06
1.1658799403322101e-02	0.0000000000000000e+00	3.7756776501904177e+06
1.1676252695842101e-02	0.0000000000000000e+00	3.7748051749024079e+06
1.1693705988362000e-02	0.0000000000000000e+00	3.7741000441578934e+06
1.1711159280882000e-02	0.0000000000000000e+00	3.7735810452798083e+06
1.1728612573401900e-02	0.0000000000000000e+00	3.7732623180289590e+06
1.1746065865921800e-02	0.0000000000000000e+00	3.7731528729972718e+06
1.1763519158441800e-02	0.0000000000000000e+00	3.7732562559938729e+06
1.1780972450961699e-02	0.0000000000000000e+00	3.7735703769426369e+06
1.1798425743481699e-02	0.0000000000000000e+00	3.7740875183562422e+06
1.1815879036001601e-02	0.0000000000000000e+00	3.7747945263906168e+06
1.1833332328521601e-02	0.0000000000000000e+00	3.7756731758279810e+06
1.1850785621041500e-02	0.0000000000000000e+00	3.7767007011883040e+06
1.1868238913561400e-02	0.0000000000000000e+00	3.7778504659631811e+06
1.1885692206081400e-02	0.0000000000000000e+00	3.6745985666628764e+06
1.1903145498601300e-02	0.0000000000000000e+00	3.6755943691515196e+06
1.1920598791121300e-02	0.0000000000000000e+00	3.6765625723945620e+06
1.1938052083641199e-02	0.0000000000000000e+00	3.6774783836113643e+06
1.1955505376161199e-02	0.0000000000000000e+00	3.8137156220938475e+06
1.1972958668681101e-02	0.0000000000000000e+00	3.8150513337614597e+06
1.1990411961201000e-02	0.0000000000000000e+00	3.8162893651152635e+06
1.2007865253721000e-02	0.0000000000000000e+00	3.8174000641384535e+06
1.2025318546240900e-02	0.0000000000000000e+00	3.8183572236155351e+06
1.2042771838760900e-02	0.0000000000000000e+00	3.6807654510711767e+06
1.2060225131280800e-02	0.0000000000000000e+00	3.6808262776220124e+06
1.2077678423800800e-02	0.0000000000000000e+00	3.6807354608213254e+06
1.2095131716320699e-02	0.0000000000000000e+00	3.6804965017062342e+06
1.2112585008840600e-02	0.0000000000000000e+00	3.6801162446340285e+06
1.2130038301360601e-02	0.0000000000000000e+00	3.6796046162785348e+06
1.2147491593880500e-02	0.0000000000000000e+00	3.6789743246157472e+06
1.2164944886400500e-02	0.0000000000000000e+00	3.6782405327754472e+06
1.2182398178920400e-02	0.0000000000000000e+00	3.6774205243670242e+06
1.2199851471440400e-02	0.0000000000000000e+00	3.6765333586732754e+06
1.2217304763960300e-02	0.0000000000000000e+00	3.6755995111642634e+06
1.2234758056480201e-02	0.0000000000000000e+00	3.6746405073161470e+06
1.2252211349000199e-02	0.0000000000000000e+00	3.6736785401234166e+06
1.2269664641520101e-02	0.0000000000000000e+00	3.6727360625101537e+06
1.2287117934040101e-02	0.0000000000000000e+00	3.6718353537153914e+06
1.2304571226560000e-02	0.0000000000000000e+00	3.6709980614378541e+06
1.2322024519080000e-02	0.0000000000000000e+00	3.6702447180818799e+06
1.2339477811599900e-02	0.0000000000000000e+00	3.6695942392624472e+06
1.2356931104119900e-02	0.0000000000000000e+00	3.6690634214453441e+06
1.2374384396639800e-02	0.0000000000000000e+00	3.6686664499457674e+06
1.2391837689159701e-02	0.0000000000000000e+00	3.6684144402929391e+06
1.2409290981679699e-02	0.0000000000000000e+00	3.6683150343089062e+06
1.2426744274199601e-02	0.0000000000000000e+00	3.6683720722887688e+06
1.2444197566719601e-02	0.0000000000000000e+00	3.6685853655693121e+06
1.2461650859239500e-02	0.0000000000000000e+00	3.6689505835722382e+06
1.2479104151759500e-02	0.0000000000000000e+00	3.6694592731501712e+06
1.2496557444279400e-02	0.0000000000000000e+00	3.6700990151821026e+06
1.2514010736799299e-02	0.0000000000000000e+00	3.6708537197418255e+06
1.2531464029319300e-02	0.0000000000000000e+00	3.6717040560824377e+06
1.2548917321839201e-02	0.0000000000000000e+00	3.6726279967559623e+06
1.2566370614359199e-02	0.0000000000000000e+00	3.6736014667486046e+06
1.2583823906879101e-02	0.0000000000000000e+00	3.6745990619749017e+06
1.2601277199399101e-02	0.0000000000000000e+00	3.6755948154263799e+06
1.2618730491919000e-02	0.0000000000000000e+00	3.6765629688055231e+06
1.2636183784438900e-02	0.0000000000000000e+00	3.6774787295624753e+06
1.2653637076958900e-02	0.0000000000000000e+00	3.6783189760454264e+06
1.2671090369478799e-02	0.0000000000000000e+00	3.5784606219268087e+06
1.2688543661998800e-02	0.0000000000000000e+00	3.4961335187537386e+06
1.2705996954518701e-02	0.0000000000000000e+00	3.4762644867205075e+06
1.2723450247038699e-02	0.0000000000000000e+00	3.5612936191530293e+06
1.2740903539558601e-02	0.0000000000000000e+00	3.6807654941484598e+06
1.2758356832078500e-02	0.0000000000000000e+00	3.6808262725426909e+06
1.2775810124598500e-02	0.0000000000000000e+00	3.6807354077981105e+06
1.2793263417118400e-02	0.0000000000000000e+00	3.6804964023900041e+06
1.2810716709638400e-02	0.0000000000000000e+00	3.5464860660157264e+06
1.2828170002158299e-02	0.0000000000000000e+00	3.1325147902112924e+06
1.2845623294678300e-02	0.0000000000000000e+00	3.1121262684995960e+06
1.2863076587198201e-02	0.0000000000000000e+00	3.1118930950543960e+06
1.2880529879718199e-02	0.0000000000000000e+00	3.1119834608656950e+06
1.2897983172238101e-02	0.0000000000000000e+00	3.1123937959106183e+06
1.2915436464758000e-02	0.0000000000000000e+00	3.1131128742302293e+06
1.2932889757278000e-02	0.0000000000000000e+00	3.1141221936793909e+06
1.2950343049797900e-02	0.0000000000000000e+00	3.1299246683594091e+06
1.2967796342317900e-02	0.0000000000000000e+00	3.5315314911658512e+06
1.2985249634837799e-02	0.0000000000000000e+00	3.6718348344469373e+06
1.3002702927357800e-02	0.0000000000000000e+00	3.5892270741027235e+06
1.3020156219877701e-02	0.0000000000000000e+00	3.1224423325265343e+06
1.3037609512397600e-02	0.0000000000000000e+00	3.1244783612197391e+06
1.3055062804917601e-02	0.0000000000000000e+00	3.1265296284561637e+06
1.3072516097437500e-02	0.0000000000000000e+00	3.1285469372746246e+06
1.3089969389957500e-02	0.0000000000000000e+00	3.1304817219705824e+06
1.3107422682477400e-02	0.0000000000000000e+00	3.1322871399417082e+06
1.3124875974997400e-02	0.0000000000000000e+00	3.1624550022214358e+06
1.3142329267517299e-02	0.0000000000000000e+00	3.6685847088775798e+06
1.3159782560037201e-02	0.0000000000000000e+00	3.7713593302813261e+06
1.3177235852557199e-02	0.0000000000000000e+00	3.7449477628099313e+06
1.3194689145077100e-02	0.0000000000000000e+00	3.8330375362616973e+06
1.3212142437597101e-02	0.0000000000000000e+00	3.8337356535573239e+06
1.3229595730117000e-02	0.0000000000000000e+00	3.8346441653448357e+06
1.3247049022637000e-02	0.0000000000000000e+00	3.8357394945023241e+06
1.3264502315156900e-02	0.0000000000000000e+00	3.8028417642880958e+06
1.3281955607676799e-02	0.0000000000000000e+00	3.6869082276893798e+06
1.3299408900196799e-02	0.0000000000000000e+00	3.7304444810778704e+06
1.3316862192716701e-02	0.0000000000000000e+00	3.7676122946343585e+06
1.3334315485236699e-02	0.0000000000000000e+00	3.7830496794423042e+06
1.3351768777756600e-02	0.0000000000000000e+00	3.7988649968890194e+06
1.3369222070276601e-02	0.0000000000000000e+00	3.8001397798708016e+06
1.3386675362796500e-02	0.0000000000000000e+00	3.8315926600783281e+06
1.3404128655316400e-02	0.0000000000000000e+00	3.8327648186066933e+06
1.3421581947836400e-02	0.0000000000000000e+00	3.8337815270136739e+06
1.3439035240356299e-02	0.0000000000000000e+00	3.8346190999880955e+06
1.3456488532876299e-02	0.0000000000000000e+00	3.8352583266063444e+06
1.3473941825396201e-02	0.0000000000000000e+00	3.8356848093943927e+06
1.3491395117916199e-02	0.0000000000000000e+00	3.8358891889700256e+06
1.3508848410436100e-02	0.0000000000000000e+00	3.8358672579460726e+06
1.3526301702956101e-02	0.0000000000000000e+00	3.8356199880048209e+06
1.3543754995476000e-02	0.0000000000000000e+00	3.8351534655266893e+06
1.3561208287995900e-02	0.0000000000000000e+00	3.8344787347033434e+06
1.3578661580515900e-02	0.0000000000000000e+00	3.8336115690940828e+06
1.3596114873035799e-02	0.0000000000000000e+00	3.8325721693589943e+06
1.3613568165555799e-02	0.0000000000000000e+00	3.8313847700168970e+06
1.3631021458075701e-02	0.0000000000000000e+00	3.8300771738919183e+06
1.3648474750595699e-02	0.0000000000000000e+00	3.6489127443798794e+06
1.3665928043115600e-02	0.0000000000000000e+00	3.6480560389038073e+06
1.3683381335635500e-02	0.0000000000000000e+00	3.6472521438967590e+06
1.3700834628155500e-02	0.0000000000000000e+00	3.6465203146467386e+06
1.3718287920675400e-02	0.0000000000000000e+00	3.6458784836418973e+06
1.3735741213195400e-02	0.0000000000000000e+00	3.6453428238906716e+06
1.3753194505715299e-02	0.0000000000000000e+00	3.6449273130991487e+06
1.3770647798235299e-02	0.0000000000000000e+00	3.6446433098985818e+06
1.3788101090755201e-02	0.0000000000000000e+00	3.6444991640185323e+06
1.3805554383275100e-02	0.0000000000000000e+00	3.8177499675652315e+06
1.3823007675795100e-02	0.0000000000000000e+00	3.8172921746535813e+06
1.3840460968315000e-02	0.0000000000000000e+00	3.8170652497496204e+06
1.3857914260835000e-02	0.0000000000000000e+00	3.8170756082923394e+06
1.3875367553354900e-02	0.0000000000000000e+00	3.8173234127176474e+06
1.3892820845874900e-02	0.0000000000000000e+00	3.8178025272377427e+06
1.3910274138394799e-02	0.0000000000000000e+00	3.8185006747707156e+06
1.3927727430914701e-02	0.0000000000000000e+00	3.8193997900393447e+06
1.3945180723434701e-02	0.0000000000000000e+00	3.8204765491377609e+06
1.3962634015954600e-02	0.0000000000000000e+00	3.8217030635440992e+06
1.3980087308474600e-02	0.0000000000000000e+00	3.7743407716407860e+06
1.3997540600994500e-02	0.0000000000000000e+00	3.7322716713129953e+06
1.4014993893514500e-02	0.0000000000000000e+00	3.7083705333958040e+06
1.4032447186034400e-02	0.0000000000000000e+00	3.7415988063673764e+06
1.4049900478554400e-02	0.0000000000000000e+00	3.8288967517469241e+06
1.4067353771074299e-02	0.0000000000000000e+00	3.8302932329280991e+06
1.4084807063594201e-02	0.0000000000000000e+00	3.8315931250217422e+06
1.4102260356114201e-02	0.0000000000000000e+00	3.8327652713534595e+06
1.4119713648634100e-02	0.0000000000000000e+00	3.8337819662660882e+06
1.4137166941154100e-02	0.0000000000000000e+00	3.6855887839266877e+06
1.4154620233674000e-02	0.0000000000000000e+00	3.7433847973269578e+06
1.4172073526194000e-02	0.0000000000000000e+00	3.7394875121185482e+06
1.4189526818713900e-02	0.0000000000000000e+00	3.7465175125153894e+06
1.4206980111233799e-02	0.0000000000000000e+00	3.7588887152524623e+06
1.4224433403753799e-02	0.0000000000000000e+00	3.7014782036795663e+06
1.4241886696273701e-02	0.0000000000000000e+00	3.7243749931727080e+06
1.4259339988793701e-02	0.0000000000000000e+00	3.7962697831475381e+06
1.4276793281313600e-02	0.0000000000000000e+00	3.8336118383109067e+06
1.4294246573833600e-02	0.0000000000000000e+00	3.8325724162836177e+06
1.4311699866353500e-02	0.0000000000000000e+00	3.8181744056315501e+06
1.4329153158873400e-02	0.0000000000000000e+00	3.7810088825864499e+06
1.4346606451393400e-02	0.0000000000000000e+00	3.7782295772787305e+06
1.4364059743913299e-02	0.0000000000000000e+00	3.8272272669403884e+06
1.4381513036433299e-02	0.0000000000000000e+00	3.8257529498826303e+06
1.4398966328953201e-02	0.0000000000000000e+00	3.8242932939068815e+06
1.4416419621473201e-02	0.0000000000000000e+00	3.8228842470777063e+06
1.4433872913993100e-02	0.0000000000000000e+00	3.8215609608067139e+06
1.4451326206513000e-02	0.0000000000000000e+00	3.8203568797984784e+06
1.4468779499033000e-02	0.0000000000000000e+00	3.8193028348323791e+06
1.4486232791552900e-02	0.0000000000000000e+00	3.8184261654765410e+06
1.4503686084072900e-02	0.0000000000000000e+00	3.8177499096205072e+06
1.4521139376592799e-02	0.0000000000000000e+00	3.8172920918904603e+06
1.4538592669112799e-02	0.0000000000000000e+00	3.8170651424464546e+06
1.4556045961632701e-02	0.0000000000000000e+00	3.8170754776223069e+06
1.4573499254152701e-02	0.0000000000000000e+00	3.8173232595422124e+06
1.4590952546672600e-02	0.0000000000000000e+00	3.8178023525653863e+06
1.4608405839192500e-02	0.0000000000000000e+00	3.8185004816594739e+06
1.4625859131712500e-02	0.0000000000000000e+00	3.8193995791999819e+06
1.4643312424232400e-02	0.0000000000000000e+00	3.8204763217031965e+06
1.4660765716752400e-02	0.0000000000000000e+00	3.8217028199531725e+06
1.4678219009272299e-02	0.0000000000000000e+00	3.7824877190722246e+06
1.4695672301792299e-02	0.0000000000000000e+00	3.7729412009502146e+06
1.4713125594312201e-02	0.0000000000000000e+00	3.7634727324411427e+06
1.4730578886832100e-02	0.0000000000000000e+00	3.7540472912217169e+06
1.4748032179352100e-02	0.0000000000000000e+00	3.7446302605227390e+06
1.4765485471872000e-02	0.0000000000000000e+00	3.7351883161800038e+06
1.4782938764392000e-02	0.0000000000000000e+00	3.7256902433715626e+06
1.4800392056911900e-02	0.0000000000000000e+00	3.7161076585239209e+06
1.4817845349431900e-02	0.0000000000000000e+00	3.7064156217817604e+06
1.4835298641951799e-02	0.0000000000000000e+00	3.6965931363793341e+06
1.4852751934471701e-02	0.0000000000000000e+00	3.7896322552471948e+06
1.4870205226991701e-02	0.0000000000000000e+00	3.7899192851771386e+06
1.4887658519511600e-02	0.0000000000000000e+00	3.7900054107662062e+06
1.4905111812031600e-02	0.0000000000000000e+00	3.7898893710683300e+06
1.4922565104551500e-02	0.0000000000000000e+00	3.7895744963627886e+06
1.4940018397071500e-02	0.0000000000000000e+00	3.7890685800634036e+06
1.4957471689591400e-02	0.0000000000000000e+00	3.7883836781853605e+06
1.4974924982111301e-02	0.0000000000000000e+00	3.7875358520782194e+06
1.4992378274631299e-02	0.0000000000000000e+00	3.7865448560468587e+06
1.5009831567151201e-02	0.0000000000000000e+00	3.7854337534747962e+06
1.5027284859671201e-02	0.0000000000000000e+00	3.7842284802950402e+06
1.5044738152191100e-02	0.0000000000000000e+00	3.7829573498294442e+06
1.5062191444711100e-02	0.0000000000000000e+00	3.7816504897494009e+06
1.5079644737231000e-02	0.0000000000000000e+00	3.7803392143468638e+06
1.5097098029750899e-02	0.0000000000000000e+00	3.7790553403713857e+06
1.5114551322270900e-02	0.0000000000000000e+00	3.7778304513593637e+06
1.5132004614790801e-02	0.0000000000000000e+00	3.7766951212942246e+06
1.5149457907310799e-02	0.0000000000000000e+00	3.7756781221748325e+06
1.5166911199830701e-02	0.0000000000000000e+00	3.7748056341303135e+06
1.5184364492350701e-02	0.0000000000000000e+00	3.7741004888203950e+06
1.5201817784870600e-02	0.0000000000000000e+00	3.7735814736012286e+06
1.5219271077390600e-02	0.0000000000000000e+00	3.7732627282699007e+06
1.5236724369910500e-02	0.0000000000000000e+00	3.7731532638049293e+06
1.5254177662430399e-02	0.0000000000000000e+00	3.7732566251456691e+06
1.5271630954950400e-02	0.0000000000000000e+00	3.7735707230728706e+06
1.5289084247470301e-02	0.0000000000000000e+00	3.7740878403160563e+06
1.5306537539990299e-02	0.0000000000000000e+00	3.7747948229368487e+06
1.5323990832510201e-02	0.0000000000000000e+00	3.7756734464950766e+06
1.5341444125030201e-02	0.0000000000000000e+00	3.7767009451558525e+06
1.5358897417550100e-02	0.0000000000000000e+00	3.7778506825681175e+06
1.5376350710070000e-02	0.0000000000000000e+00	3.7496637422052552e+06
1.5393804002590000e-02	0.0000000000000000e+00	3.7261511288905209e+06
1.5411257295109899e-02	0.0000000000000000e+00	3.7156281900469009e+06
1.5428710587629900e-02	0.0000000000000000e+00	3.7232016447380790e+06
1.5446163880149801e-02	0.0000000000000000e+00	3.7385892870989824e+06
1.5463617172669799e-02	0.0000000000000000e+00	3.7485736560717588e+06
1.5481070465189701e-02	0.0000000000000000e+00	3.7447984015282984e+06
1.5498523757709600e-02	0.0000000000000000e+00	3.7250154872894580e+06
1.5515977050229600e-02	0.0000000000000000e+00	3.6950683978082291e+06
1.5533430342749500e-02	0.0000000000000000e+00	3.6687474428811013e+06
1.5550883635269500e-02	0.0000000000000000e+00	3.6606231127787502e+06
1.5568336927789399e-02	0.0000000000000000e+00	3.6743333749741125e+06
1.5585790220309400e-02	0.0000000000000000e+00	3.6992298068521745e+06
1.5603243512829299e-02	0.0000000000000000e+00	3.7253918869789303e+06
1.5620696805349200e-02	0.0000000000000000e+00	3.7441392924700640e+06
1.5638150097869199e-02	0.0000000000000000e+00	3.7496739268075600e+06
1.5655603390389100e-02	0.0000000000000000e+00	3.7435329156493428e+06
1.5673056682909099e-02	0.0000000000000000e+00	3.7310537792131645e+06
1.5690509975429000e-02	0.0000000000000000e+00	3.7192797770332685e+06
1.5707963267949002e-02	0.0000000000000000e+00	3.7203212914455160e+06
1.5725416560468899e-02	0.0000000000000000e+00	3.7475503777023437e+06
1.5742869852988801e-02	0.0000000000000000e+00	3.7829575571612958e+06
1.5760323145508799e-02	0.0000000000000000e+00	3.7816506962260767e+06
1.5777776438028700e-02	0.0000000000000000e+00	3.7803394192120163e+06
1.5795229730548699e-02	0.0000000000000000e+00	3.7790555427797944e+06
1.5812683023068600e-02	0.0000000000000000e+00	3.7778306502944692e+06
1.5830136315588599e-02	0.0000000000000000e+00	3.7766953160120309e+06
1.5847589608108500e-02	0.0000000000000000e+00	3.7756783116027815e+06
1.5865042900628502e-02	0.0000000000000000e+00	3.7748058176186038e+06
1.5882496193148399e-02	0.0000000000000000e+00	3.7741006654189462e+06
1.5899949485668301e-02	0.0000000000000000e+00	3.7735816424463629e+06
1.5917402778188299e-02	0.0000000000000000e+00	3.7732628889132105e+06
1.5934856070708200e-02	0.0000000000000000e+00	3.7731534152292702e+06
1.5952309363228199e-02	0.0000000000000000e+00	3.7007798592245071e+06
1.5969762655748100e-02	0.0000000000000000e+00	3.7008224427772476e+06
1.5987215948268099e-02	0.0000000000000000e+00	3.6809317185876667e+06
1.6004669240788000e-02	0.0000000000000000e+00	3.7747949338080259e+06
1.6022122533307901e-02	0.0000000000000000e+00	3.7756735466465885e+06
1.6039575825827899e-02	0.0000000000000000e+00	3.7767010341406637e+06
1.6057029118347801e-02	0.0000000000000000e+00	3.7778507596794479e+06
1.6074482410867799e-02	0.0000000000000000e+00	3.6185921270435783e+06
1.6091935703387700e-02	0.0000000000000000e+00	3.7129150456689214e+06
1.6109388995907699e-02	0.0000000000000000e+00	3.7140146661495999e+06
1.6126842288427600e-02	0.0000000000000000e+00	3.7150790575644374e+06
1.6144295580947501e-02	0.0000000000000000e+00	3.7160814763862081e+06
1.6161748873467500e-02	0.0000000000000000e+00	3.7169971362517751e+06
1.6179202165987401e-02	0.0000000000000000e+00	3.7178038314071167e+06
1.6196655458507399e-02	0.0000000000000000e+00	3.7184824515581303e+06
1.6214108751027301e-02	0.0000000000000000e+00	3.7190173807103122e+06
1.6231562043547299e-02	0.0000000000000000e+00	3.7193967745143576e+06
1.6249015336067200e-02	0.0000000000000000e+00	3.7196127257475955e+06
1.6266468628587199e-02	0.0000000000000000e+00	3.7196613145605670e+06
1.6283921921107100e-02	0.0000000000000000e+00	3.7195425675931885e+06
1.6301375213627001e-02	0.0000000000000000e+00	3.7192603316407362e+06
1.6318828506147000e-02	0.0000000000000000e+00	3.7188220906065563e+06
1.6336281798666901e-02	0.0000000000000000e+00	3.7182387277596034e+06
1.6353735091186899e-02	0.0000000000000000e+00	3.7175242454409283e+06
1.6371188383706801e-02	0.0000000000000000e+00	3.7166954582744124e+06
1.6388641676226799e-02	0.0000000000000000e+00	3.7157716593711595e+06
1.6406094968746700e-02	0.0000000000000000e+00	3.7147742509755460e+06
1.6423548261266602e-02	0.0000000000000000e+00	3.7137263517582528e+06
1.6441001553786600e-02	0.0000000000000000e+00	3.7126523728056988e+06
1.6458454846306501e-02	0.0000000000000000e+00	3.7115775525962422e+06
1.6475908138826500e-02	0.0000000000000000e+00	3.7105274524220624e+06
1.6493361431346401e-02	0.0000000000000000e+00	3.7095274163560998e+06
1.6510814723866400e-02	0.0000000000000000e+00	3.7086019961816990e+06
1.6528268016386301e-02	0.0000000000000000e+00	3.7077743507380509e+06
1.6545721308906199e-02	0.0000000000000000e+00	3.7070656388179651e+06
1.6563174601426200e-02	0.0000000000000000e+00	3.7064944202212626e+06
1.6580627893946102e-02	0.0000000000000000e+00	3.7060760894192234e+06
1.6598081186466100e-02	0.0000000000000000e+00	3.7058223668049499e+06
1.6615534478986001e-02	0.0000000000000000e+00	3.7057408711180137e+06
1.6632987771506000e-02	0.0000000000000000e+00	3.7058347996440250e+06
1.6650441064025901e-02	0.0000000000000000e+00	3.7061027340361215e+06
1.6667894356545799e-02	0.0000000000000000e+00	3.7065385891058506e+06
1.6685347649065801e-02	0.0000000000000000e+00	3.7071317147347033e+06
1.6702800941585699e-02	0.0000000000000000e+00	3.7078671502628098e+06
1.6720254234105700e-02	0.0000000000000000e+00	3.7087260278253122e+06
1.6737707526625598e-02	0.0000000000000000e+00	3.7096861083526234e+06
1.6755160819145600e-02	0.0000000000000000e+00	3.7107224379293681e+06
1.6772614111665501e-02	0.0000000000000000e+00	3.7118080868947520e+06
1.6790067404185399e-02	0.0000000000000000e+00	3.7129149522931622e+06
1.6807520696705401e-02	0.0000000000000000e+00	3.7140145785074788e+06
1.6824973989225299e-02	0.0000000000000000e+00	3.6939009428393473e+06
1.6842427281745301e-02	0.0000000000000000e+00	3.7843345804079659e+06
1.6859880574265199e-02	0.0000000000000000e+00	3.8001400029181368e+06
1.6877333866785200e-02	0.0000000000000000e+00	3.8013158126104302e+06
1.6894787159305098e-02	0.0000000000000000e+00	3.8023645165871247e+06
1.6912240451825100e-02	0.0000000000000000e+00	3.8032614192343019e+06
1.6929693744345001e-02	0.0000000000000000e+00	3.8191384882035227e+06
1.6947147036864899e-02	0.0000000000000000e+00	3.8197262534915307e+06
1.6964600329384901e-02	0.0000000000000000e+00	3.8201072904674145e+06
1.6982053621904799e-02	0.0000000000000000e+00	3.8202733629133590e+06
1.6999506914424801e-02	0.0000000000000000e+00	3.8202212218399788e+06
1.7016960206944699e-02	0.0000000000000000e+00	3.8199525945138200e+06
1.7034413499464700e-02	0.0000000000000000e+00	3.8194741071952316e+06
1.7051866791984598e-02	0.0000000000000000e+00	3.8187971154441335e+06
1.7069320084504500e-02	0.0000000000000000e+00	3.8179374619499655e+06
1.7086773377024501e-02	0.0000000000000000e+00	3.8169151733059413e+06
1.7104226669544399e-02	0.0000000000000000e+00	3.8157540712170843e+06
1.7121679962064401e-02	0.0000000000000000e+00	3.8144813190318462e+06
1.7139133254584299e-02	0.0000000000000000e+00	3.8131268916127696e+06
1.7156586547104301e-02	0.0000000000000000e+00	3.8117229739669398e+06
1.7174039839624199e-02	0.0000000000000000e+00	3.8103032841012538e+06
1.7191493132144100e-02	0.0000000000000000e+00	3.8089023270177650e+06
1.7208946424664098e-02	0.0000000000000000e+00	3.8075545924863545e+06
1.7226399717184000e-02	0.0000000000000000e+00	3.8062937069514617e+06
1.7243853009704001e-02	0.0000000000000000e+00	3.8051515618681307e+06
1.7261306302223899e-02	0.0000000000000000e+00	3.8041574458447658e+06
1.7278759594743901e-02	0.0000000000000000e+00	3.8033372082831417e+06
1.7296212887263799e-02	0.0000000000000000e+00	3.8027124860098986e+06
1.7313666179783700e-02	0.0000000000000000e+00	3.8023000283717909e+06
1.7331119472303699e-02	0.0000000000000000e+00	3.8021111493867170e+06
1.7348572764823600e-02	0.0000000000000000e+00	3.8021513341335836e+06
1.7366026057343598e-02	0.0000000000000000e+00	3.7202552973704557e+06
1.7383479349863500e-02	0.0000000000000000e+00	3.8178024163670153e+06
1.7400932642383501e-02	0.0000000000000000e+00	3.8185005559267541e+06
1.7418385934903399e-02	0.0000000000000000e+00	3.8193996634196043e+06
1.7435839227423401e-02	0.0000000000000000e+00	3.8204764153481247e+06
1.7453292519943299e-02	0.0000000000000000e+00	3.8217029215732785e+06
1.7470745812463200e-02	0.0000000000000000e+00	3.8060478653701362e+06
1.7488199104983199e-02	0.0000000000000000e+00	3.7908927332914732e+06
1.7505652397503100e-02	0.0000000000000000e+00	3.7774928460610295e+06
1.7523105690023098e-02	0.0000000000000000e+00	3.7684030141499685e+06
1.7540558982543000e-02	0.0000000000000000e+00	3.7675186547549674e+06
1.7558012275063001e-02	0.0000000000000000e+00	3.7772142285266183e+06
1.7575465567582899e-02	0.0000000000000000e+00	3.7937065596079105e+06
1.7592918860102801e-02	0.0000000000000000e+00	3.8080294689075290e+06
1.7610372152622799e-02	0.0000000000000000e+00	3.8144187204167717e+06
1.7627825445142700e-02	0.0000000000000000e+00	3.8124449781152797e+06
1.7645278737662699e-02	0.0000000000000000e+00	3.8036634159065457e+06
1.7662732030182600e-02	0.0000000000000000e+00	3.7943004351614523e+06
1.7680185322702598e-02	0.0000000000000000e+00	3.7913601502807704e+06
1.7697638615222500e-02	0.0000000000000000e+00	3.7905413098958838e+06
1.7715091907742401e-02	0.0000000000000000e+00	3.7820559621548788e+06
1.7732545200262399e-02	0.0000000000000000e+00	3.7701273135745102e+06
1.7749998492782301e-02	0.0000000000000000e+00	3.7656033997431681e+06
1.7767451785302299e-02	0.0000000000000000e+00	3.7638847175372345e+06
1.7784905077822200e-02	0.0000000000000000e+00	3.7568502530857055e+06
1.7802358370342199e-02	0.0000000000000000e+00	3.7562960139401178e+06
1.7819811662862100e-02	0.0000000000000000e+00	3.7834488614772852e+06
1.7837264955382001e-02	0.0000000000000000e+00	3.8286802701689843e+06
1.7854718247902000e-02	0.0000000000000000e+00	3.8272271572875855e+06
1.7872171540421901e-02	0.0000000000000000e+00	3.8257528468696191e+06
1.7889624832941899e-02	0.0000000000000000e+00	3.8242931979941214e+06
1.7907078125461801e-02	0.0000000000000000e+00	3.8228841586550889e+06
1.7924531417981799e-02	0.0000000000000000e+00	3.8215608801458497e+06
1.7941984710501700e-02	0.0000000000000000e+00	3.8203568075120840e+06
1.7959438003021699e-02	0.0000000000000000e+00	3.8193027709431779e+06
1.7976891295541600e-02	0.0000000000000000e+00	3.8184261104429006e+06
1.7994344588061501e-02	0.0000000000000000e+00	3.8177498636737997e+06
1.8011797880581500e-02	0.0000000000000000e+00	3.8172920549000725e+06
1.8029251173101401e-02	0.0000000000000000e+00	3.8170651149704759e+06
1.8046704465621399e-02	0.0000000000000000e+00	3.8170754593599727e+06
1.8064157758141301e-02	0.0000000000000000e+00	3.8173232507072138e+06
1.8081611050661299e-02	0.0000000000000000e+00	3.8178023530259635e+06
1.8099064343181200e-02	0.0000000000000000e+00	3.8185004895897685e+06
1.8116517635701102e-02	0.0000000000000000e+00	3.8193995947142672e+06
1.8133970928221100e-02	0.0000000000000000e+00	3.8204763453439935e+06
1.8151424220741001e-02	0.0000000000000000e+00	3.8217028522530007e+06
1.8168877513261000e-02	0.0000000000000000e+00	3.8209635380969159e+06
1.8186330805780901e-02	0.0000000000000000e+00	3.8202414230052955e+06
1.8203784098300899e-02	0.0000000000000000e+00	3.8194868522050558e+06
1.8221237390820801e-02	0.0000000000000000e+00	3.8186704484161483e+06
1.8238690683340698e-02	0.0000000000000000e+00	3.8184547799152019e+06
1.8256143975860700e-02	0.0000000000000000e+00	3.8202566353900791e+06
1.8273597268380602e-02	0.0000000000000000e+00	3.8234283077642517e+06
1.8291050560900600e-02	0.0000000000000000e+00	3.8262415464411695e+06
1.8308503853420501e-02	0.0000000000000000e+00	3.8273421865957612e+06
1.8325957145940500e-02	0.0000000000000000e+00	3.8258830965964519e+06
1.8343410438460401e-02	0.0000000000000000e+00	3.8214300545346225e+06
1.8360863730980299e-02	0.0000000000000000e+00	3.8146584287746144e+06
1.8378317023500301e-02	0.0000000000000000e+00	3.8090639658973389e+06
1.8395770316020198e-02	0.0000000000000000e+00	3.8078721801837701e+06
1.8413223608540200e-02	0.0000000000000000e+00	3.8111722653915128e+06
1.8430676901060102e-02	0.0000000000000000e+00	3.8165485717011648e+06
1.8448130193580100e-02	0.0000000000000000e+00	3.8230972321806164e+06
1.8465583486100001e-02	0.0000000000000000e+00	3.8314163731162855e+06
1.8483036778619899e-02	0.0000000000000000e+00	3.8325722397663929e+06
1.8500490071139901e-02	0.0000000000000000e+00	3.8313848260845775e+06
1.8517943363659799e-02	0.0000000000000000e+00	3.8200746789722163e+06
1.8535396656179801e-02	0.0000000000000000e+00	3.8042981742851776e+06
1.8552849948699698e-02	0.0000000000000000e+00	3.7859738902055318e+06
1.8570303241219700e-02	0.0000000000000000e+00	3.7675880790963206e+06
1.8587756533739602e-02	0.0000000000000000e+00	3.7539492964421385e+06
1.8605209826259600e-02	0.0000000000000000e+00	3.7459134809758728e+06
1.8622663118779501e-02	0.0000000000000000e+00	3.7417119279009113e+06
1.8640116411299399e-02	0.0000000000000000e+00	3.7394710278756707e+06
1.8657569703819401e-02	0.0000000000000000e+00	3.7387310062398957e+06
1.8675022996339299e-02	0.0000000000000000e+00	3.7402417408163319e+06
1.8692476288859301e-02	0.0000000000000000e+00	3.7430765147487819e+06
1.8709929581379198e-02	0.0000000000000000e+00	3.7439645705426862e+06
1.8727382873899200e-02	0.0000000000000000e+00	3.7438228302349448e+06
1.8744836166419102e-02	0.0000000000000000e+00	3.7452904906123602e+06
1.8762289458938999e-02	0.0000000000000000e+00	3.7496143392155431e+06
1.8779742751459001e-02	0.0000000000000000e+00	3.7544811939356127e+06
1.8797196043978899e-02	0.0000000000000000e+00	3.7581891369773857e+06
1.8814649336498901e-02	0.0000000000000000e+00	3.7619944865970630e+06
1.8832102629018799e-02	0.0000000000000000e+00	3.7646050787679781e+06
1.8849555921538801e-02	0.0000000000000000e+00	3.7634136898812130e+06
1.8867009214058698e-02	0.0000000000000000e+00	3.7867025906881597e+06
1.8884462506578600e-02	0.0000000000000000e+00	3.8094750840196344e+06
1.8901915799098602e-02	0.0000000000000000e+00	3.8259515087832264e+06
1.8919369091618499e-02	0.0000000000000000e+00	3.8274374192117075e+06
1.8936822384138501e-02	0.0000000000000000e+00	3.8288965651511191e+06
1.8954275676658399e-02	0.0000000000000000e+00	3.8256454871988650e+06
1.8971728969178401e-02	0.0000000000000000e+00	3.8315929396503041e+06
1.8989182261698299e-02	0.0000000000000000e+00	3.8327650879934886e+06
1.9006635554218200e-02	0.0000000000000000e+00	3.8337817850718144e+06
1.9024088846738198e-02	0.0000000000000000e+00	3.8346193461360144e+06
1.9041542139258100e-02	0.0000000000000000e+00	3.8352585608833898e+06
1.9058995431778102e-02	0.0000000000000000e+00	3.8356850315014580e+06
1.9076448724297999e-02	0.0000000000000000e+00	3.8358893986020177e+06
1.9093902016818001e-02	0.0000000000000000e+00	3.8358674532812620e+06
1.9111355309337899e-02	0.0000000000000000e+00	3.8356201688358271e+06
1.9128808601857800e-02	0.0000000000000000e+00	3.8351536314535574e+06
1.9146261894377799e-02	0.0000000000000000e+00	3.8344788830154231e+06
1.9163715186897700e-02	0.0000000000000000e+00	3.8336117015262442e+06
1.9181168479417698e-02	0.0000000000000000e+00	3.8325722871123152e+06
1.9198621771937600e-02	0.0000000000000000e+00	3.8313848718355689e+06
1.9216075064457602e-02	0.0000000000000000e+00	3.8300772595394612e+06
1.9233528356977499e-02	0.0000000000000000e+00	3.8286802811502609e+06
1.9250981649497501e-02	0.0000000000000000e+00	3.8272271710609053e+06
1.9268434942017399e-02	0.0000000000000000e+00	3.8257528635458695e+06
1.9285888234537300e-02	0.0000000000000000e+00	3.8242932174641551e+06
1.9303341527057299e-02	0.0000000000000000e+00	3.8228841808035411e+06
1.9320794819577200e-02	0.0000000000000000e+00	3.8215609050907954e+06
1.9338248112097198e-02	0.0000000000000000e+00	3.8203568347954741e+06
1.9355701404617100e-02	0.0000000000000000e+00	3.8193028007444232e+06
1.9373154697137102e-02	0.0000000000000000e+00	3.8184261423149058e+06
1.9390607989656999e-02	0.0000000000000000e+00	3.8177498975740205e+06
1.9408061282176901e-02	0.0000000000000000e+00	3.8172920906661451e+06
1.9425514574696899e-02	0.0000000000000000e+00	3.8170651520337989e+06
1.9442967867216800e-02	0.0000000000000000e+00	3.8170754979416011e+06
1.9460421159736799e-02	0.0000000000000000e+00	3.8173232900261986e+06
1.9477874452256700e-02	0.0000000000000000e+00	3.8178023933949340e+06
1.9495327744776698e-02	0.0000000000000000e+00	3.8185005303424071e+06
1.9512781037296600e-02	0.0000000000000000e+00	3.8193996352918698e+06
1.9530234329816501e-02	0.0000000000000000e+00	3.8204763850296675e+06
1.9547687622336499e-02	0.0000000000000000e+00	3.8217028911672197e+06
1.9565140914856401e-02	0.0000000000000000e+00	3.3735795636283164e+06
1.9582594207376399e-02	0.0000000000000000e+00	3.3735148375167134e+06
1.9600047499896300e-02	0.0000000000000000e+00	3.3732479211156308e+06
1.9617500792416299e-02	0.0000000000000000e+00	3.3727843432404529e+06
1.9634954084936200e-02	0.0000000000000000e+00	3.9102844376063375e+06
1.9652407377456101e-02	0.0000000000000000e+00	3.9119355510026738e+06
1.9669860669976100e-02	0.0000000000000000e+00	3.9134902747120238e+06
1.9687313962496001e-02	0.0000000000000000e+00	3.9149112934051426e+06
1.9704767255015999e-02	0.0000000000000000e+00	3.3680722464956632e+06
1.9722220547535901e-02	0.0000000000000000e+00	3.3668230018950868e+06
1.9739673840055899e-02	0.0000000000000000e+00	3.3655429860634888e+06
1.9757127132575800e-02	0.0000000000000000e+00	3.3642655985376942e+06
1.9774580425095799e-02	0.0000000000000000e+00	3.3630238057790771e+06
1.9792033717615700e-02	0.0000000000000000e+00	3.3618491763189156e+06
1.9809487010135601e-02	0.0000000000000000e+00	3.3607710037189145e+06
1.9826940302655600e-02	0.0000000000000000e+00	3.3598155483901096e+06
1.9844393595175501e-02	0.0000000000000000e+00	3.3590054278895431e+06
1.9861846887695499e-02	0.0000000000000000e+00	3.3583591565416553e+06
1.9879300180215401e-02	0.0000000000000000e+00	3.3578908379095709e+06
1.9896753472735399e-02	0.0000000000000000e+00	3.3576100054966365e+06
1.9914206765255300e-02	0.0000000000000000e+00	3.3575215920950011e+06
1.9931660057775202e-02	0.0000000000000000e+00	3.3576260019132607e+06
1.9949113350295200e-02	0.0000000000000000e+00	3.3579192666728711e+06
1.9966566642815101e-02	0.0000000000000000e+00	3.3583932775961817e+06
1.9984019935335100e-02	0.0000000000000000e+00	3.3590360628527240e+06
2.0001473227855001e-02	0.0000000000000000e+00	3.3598320982495202e+06
2.0018926520374999e-02	0.0000000000000000e+00	3.3607626542228381e+06
2.0036379812894901e-02	0.0000000000000000e+00	3.3618061691422882e+06
2.0053833105414798e-02	0.0000000000000000e+00	3.3629386463072603e+06
2.0071286397934800e-02	0.0000000000000000e+00	3.3641340841292171e+06
2.0088739690454702e-02	0.0000000000000000e+00	3.3653649389232215e+06
2.0106192982974700e-02	0.0000000000000000e+00	3.3666026272968235e+06
2.0123646275494601e-02	0.0000000000000000e+00	3.3678180698393625e+06
2.0141099568014600e-02	0.0000000000000000e+00	3.3689822769370112e+06
2.0158552860534501e-02	0.0000000000000000e+00	3.3700669741391377e+06
2.0176006153054399e-02	0.0000000000000000e+00	3.3710452586442251e+06
2.0193459445574401e-02	0.0000000000000000e+00	3.3718922759948494e+06
2.0210912738094299e-02	0.0000000000000000e+00	3.3725858985707099e+06
2.0228366030614300e-02	0.0000000000000000e+00	3.3731073855216354e+06
2.0245819323134202e-02	0.0000000000000000e+00	3.3734419993939879e+06
2.0263272615654200e-02	0.0000000000000000e+00	3.3607862092301203e+06
2.0280725908174101e-02	0.0000000000000000e+00	3.3495292056033174e+06
2.0298179200694100e-02	0.0000000000000000e+00	3.3425787669541026e+06
2.0315632493214001e-02	0.0000000000000000e+00	3.3429445034841546e+06
2.0333085785733899e-02	0.0000000000000000e+00	3.3495414435590310e+06
2.0350539078253901e-02	0.0000000000000000e+00	3.3570704958451055e+06
2.0367992370773799e-02	0.0000000000000000e+00	3.3580567841654615e+06
2.0385445663293800e-02	0.0000000000000000e+00	3.3473249728751713e+06
2.0402898955813702e-02	0.0000000000000000e+00	3.3274155208470016e+06
2.0420352248333700e-02	0.0000000000000000e+00	3.3056217043224727e+06
2.0437805540853601e-02	0.0000000000000000e+00	3.2907702914155722e+06
2.0455258833373499e-02	0.0000000000000000e+00	3.2890968486067397e+06
2.0472712125893501e-02	0.0000000000000000e+00	3.3013738902553897e+06
2.0490165418413399e-02	0.0000000000000000e+00	3.3226129691321803e+06
2.0507618710933401e-02	0.0000000000000000e+00	3.3478852429850018e+06
2.0525072003453299e-02	0.0000000000000000e+00	3.3598155481090602e+06
2.0542525295973300e-02	0.0000000000000000e+00	3.3590054292590558e+06
2.0559978588493202e-02	0.0000000000000000e+00	3.3583591598144737e+06
2.0577431881013099e-02	0.0000000000000000e+00	3.3508923090829211e+06
2.0594885173533101e-02	0.0000000000000000e+00	3.3331073433132651e+06
2.0612338466052999e-02	0.0000000000000000e+00	3.3218619767885739e+06
2.0629791758573001e-02	0.0000000000000000e+00	3.3248936137905456e+06
2.0647245051092899e-02	0.0000000000000000e+00	3.3529262024415503e+06
2.0664698343612901e-02	0.0000000000000000e+00	3.3583932861400871e+06
2.0682151636132799e-02	0.0000000000000000e+00	3.3590360714674969e+06
2.0699604928652700e-02	0.0000000000000000e+00	3.3598321073350892e+06
2.0717058221172702e-02	0.0000000000000000e+00	3.3607626638229177e+06
2.0734511513692599e-02	0.0000000000000000e+00	3.3618061790765738e+06
2.0751964806212601e-02	0.0000000000000000e+00	3.3629386567362212e+06
2.0769418098732499e-02	0.0000000000000000e+00	3.3437090154350367e+06
2.0786871391252501e-02	0.0000000000000000e+00	3.2944679717312991e+06
2.0804324683772399e-02	0.0000000000000000e+00	3.2661945529592740e+06
2.0821777976292300e-02	0.0000000000000000e+00	3.2518094476647628e+06
2.0839231268812299e-02	0.0000000000000000e+00	3.2521544051755085e+06
2.0856684561332200e-02	0.0000000000000000e+00	3.2681221019377685e+06
2.0874137853852202e-02	0.0000000000000000e+00	3.2880072798497542e+06
2.0891591146372099e-02	0.0000000000000000e+00	3.2943043516389304e+06
2.0909044438892101e-02	0.0000000000000000e+00	3.2817843199463235e+06
2.0926497731411999e-02	0.0000000000000000e+00	3.2609211965259714e+06
2.0943951023932001e-02	0.0000000000000000e+00	3.2454560253598411e+06
