0.0000000000000000e+00	0.0000000000000000e+00	0.0000000000000000e+00
1.7453292519943300e-05	0.0000000000000000e+00	2.0335721995223821e-10
3.4906585039886600e-05	0.0000000000000000e+00	2.5920854351824119e-10
5.2359877559829903e-05	0.0000000000000000e+00	2.2455570736212849e-10
6.9813170079773199e-05	0.0000000000000000e+00	2.1695001350963139e-10
8.7266462599716496e-05	0.0000000000000000e+00	1.9762025349479018e-10
1.0471975511966000e-04	0.0000000000000000e+00	1.7314683020686061e-10
1.2217304763960301e-04	0.0000000000000000e+00	1.5521750551528157e-10
1.3962634015954599e-04	0.0000000000000000e+00	1.3862599956837585e-10
1.5707963267949001e-04	0.0000000000000000e+00	1.2738521348865106e-10
1.7453292519943299e-04	0.0000000000000000e+00	1.1930745280608335e-10
1.9198621771937600e-04	0.0000000000000000e+00	1.1371348307420703e-10
2.0943951023931999e-04	0.0000000000000000e+00	1.1880429973132323e-10
2.2689280275926300e-04	0.0000000000000000e+00	1.2017065120772941e-10
2.4434609527920601e-04	0.0000000000000000e+00	1.1052070369999001e-10
2.6179938779914903e-04	0.0000000000000000e+00	1.2891698819572639e-10
2.7925268031909301e-04	0.0000000000000000e+00	1.4401824177667777e-10
2.9670597283903603e-04	0.0000000000000000e+00	1.3528234088511226e-10
3.1415926535897898e-04	0.0000000000000000e+00	1.2705336782659060e-10
3.3161255787892303e-04	0.0000000000000000e+00	1.2296608176143309e-10
3.4906585039886598e-04	0.0000000000000000e+00	1.3965140155391964e-10
3.6651914291880900e-04	0.0000000000000000e+00	1.6510182110351934e-10
3.8397243543875201e-04	0.0000000000000000e+00	2.3142465721548433e-10
4.0142572795869599e-04	0.0000000000000000e+00	2.6162982891264619e-10
4.1887902047863901e-04	0.0000000000000000e+00	2.8257440831680469e-10
4.3633231299858202e-04	0.0000000000000000e+00	2.6710766931614671e-10
4.5378560551852601e-04	0.0000000000000000e+00	2.6205160263970129e-10
4.7123889803846902e-04	0.0000000000000000e+00	3.2807367933429532e-10
4.8869219055841203e-04	0.0000000000000000e+00	5.3191850923894890e-10
5.0614548307835602e-04	0.0000000000000000e+00	5.8238069922111890e-10
5.2359877559829903e-04	0.0000000000000000e+00	6.1668781192736333e-10
5.4105206811824204e-04	0.0000000000000000e+00	6.3097038704995612e-10
5.5850536063818505e-04	0.0000000000000000e+00	6.1586480359920870e-10
5.7595865315812904e-04	0.0000000000000000e+00	5.8239846278951291e-10
5.9341194567807205e-04	0.0000000000000000e+00	5.0746773450072169e-10
6.1086523819801496e-04	0.0000000000000000e+00	3.9648406779946299e-10
6.2831853071795905e-04	0.0000000000000000e+00	2.5656787805417025e-10
6.4577182323790196e-04	0.0000000000000000e+00	6.7640559819892587e-11
6.6322511575784497e-04	0.0000000000000000e+00	1.6472156971758523e-10
6.8067840827778798e-04	0.0000000000000000e+00	4.3710457475754083e-10
6.9813170079773197e-04	0.0000000000000000e+00	7.3617711926488028e-10
7.1558499331767498e-04	0.0000000000000000e+00	1.0264611383092870e-09
7.3303828583761799e-04	0.0000000000000000e+00	1.2738097243669699e-09
7.5049157835756198e-04	0.0000000000000000e+00	1.2973933039006624e-10
7.6794487087750499e-04	0.0000000000000000e+00	2.4961366307252320e-10
7.8539816339744800e-04	0.0000000000000000e+00	3.1085856111445764e-10
8.0285145591739199e-04	0.0000000000000000e+00	3.8208103347869837e-10
8.2030474843733500e-04	0.0000000000000000e+00	4.2751591156076074e-10
8.3775804095727801e-04	0.0000000000000000e+00	4.5895642841742301e-10
8.5521133347722102e-04	0.0000000000000000e+00	5.0270010376607388e-10
8.7266462599716501e-04	0.0000000000000000e+00	1.8227408471460649e-10
8.9011791851710802e-04	0.0000000000000000e+00	2.3162816109589812e-10
9.0757121103705104e-04	0.0000000000000000e+00	5.7521654106551523e-10
9.2502450355699502e-04	0.0000000000000000e+00	2.5363289246627119e-10
9.4247779607693804e-04	0.0000000000000000e+00	4.6277648380055325e-10
9.5993108859688105e-04	0.0000000000000000e+00	2.1364616742403086e-09
9.7738438111682406e-04	0.0000000000000000e+00	3.3459942594404879e-09
9.9483767363676805e-04	0.0000000000000000e+00	3.1120267474094021e-09
1.0122909661567101e-03	0.0000000000000000e+00	3.3738196680843657e-09
1.0297442586766500e-03	0.0000000000000000e+00	4.2134973288199262e-09
1.0471975511966000e-03	0.0000000000000000e+00	4.8920790751694199e-09
1.0646508437165401e-03	0.0000000000000000e+00	5.4251833025986684e-09
1.0821041362364800e-03	0.0000000000000000e+00	5.1560125058358608e-09
1.0995574287564300e-03	0.0000000000000000e+00	4.9150847836187950e-09
1.1170107212763701e-03	0.0000000000000000e+00	4.4771245599761755e-09
1.1344640137963100e-03	0.0000000000000000e+00	3.8720191497532142e-09
1.1519173063162600e-03	0.0000000000000000e+00	2.9672153623039321e-09
1.1693705988361999e-03	0.0000000000000000e+00	5.2348803070145777e-10
1.1868238913561400e-03	0.0000000000000000e+00	2.2489576867457117e-10
1.2042771838760900e-03	0.0000000000000000e+00	9.8959174188451016e-11
1.2217304763960299e-03	0.0000000000000000e+00	4.3839043506466169e-10
1.2391837689159700e-03	0.0000000000000000e+00	7.8951911675062547e-10
1.2566370614359201e-03	0.0000000000000000e+00	1.1498774155072056e-09
1.2740903539558599e-03	0.0000000000000000e+00	1.5175188883276292e-09
1.2915436464758000e-03	0.0000000000000000e+00	1.9878432233610965e-09
1.3089969389957501e-03	0.0000000000000000e+00	2.5275185278061940e-09
1.3264502315156899e-03	0.0000000000000000e+00	3.1085026774846369e-09
1.3439035240356300e-03	0.0000000000000000e+00	3.4126509396159577e-09
1.3613568165555801e-03	0.0000000000000000e+00	3.9743420776616745e-09
1.3788101090755199e-03	0.0000000000000000e+00	4.8895357762646086e-09
1.3962634015954600e-03	0.0000000000000000e+00	5.7313517265455971e-09
1.4137166941154101e-03	0.0000000000000000e+00	6.6743818250003528e-09
1.4311699866353500e-03	0.0000000000000000e+00	6.5136973592672121e-09
1.4486232791552900e-03	0.0000000000000000e+00	6.5451088993029316e-09
1.4660765716752401e-03	0.0000000000000000e+00	6.4790257603419832e-09
1.4835298641951800e-03	0.0000000000000000e+00	2.1946549022544559e-09
1.5009831567151201e-03	0.0000000000000000e+00	1.8483284902615083e-09
1.5184364492350699e-03	0.0000000000000000e+00	1.5174488332547753e-09
1.5358897417550100e-03	0.0000000000000000e+00	1.3581020752440054e-09
1.5533430342749501e-03	0.0000000000000000e+00	1.2100607182929934e-09
1.5707963267948999e-03	0.0000000000000000e+00	9.9043384604868834e-10
1.5882496193148400e-03	0.0000000000000000e+00	7.7032447087788114e-10
1.6057029118347801e-03	0.0000000000000000e+00	5.4854598641185248e-10
1.6231562043547299e-03	0.0000000000000000e+00	5.0361803616283396e-10
1.6406094968746700e-03	0.0000000000000000e+00	5.6454385610749114e-10
1.6580627893946101e-03	0.0000000000000000e+00	4.6526138497426928e-10
1.6755160819145599e-03	0.0000000000000000e+00	7.4952266615468943e-10
1.6929693744345000e-03	0.0000000000000000e+00	2.3899778822666917e-09
1.7104226669544401e-03	0.0000000000000000e+00	3.4310669860815324e-09
1.7278759594743899e-03	0.0000000000000000e+00	3.9007388430434276e-09
1.7453292519943300e-03	0.0000000000000000e+00	4.8913916250725720e-09
1.7627825445142699e-03	0.0000000000000000e+00	4.6802074438190289e-09
1.7802358370342200e-03	0.0000000000000000e+00	4.1583644305731582e-09
1.7976891295541600e-03	0.0000000000000000e+00	3.5942315790293833e-09
1.8151424220740999e-03	0.0000000000000000e+00	2.7581849026958594e-09
1.8325957145940500e-03	0.0000000000000000e+00	1.7925655404482654e-09
1.8500490071139900e-03	0.0000000000000000e+00	6.8690575449892322e-10
1.8675022996339299e-03	0.0000000000000000e+00	9.2238428006652384e-10
1.8849555921538800e-03	0.0000000000000000e+00	4.1682675089305121e-09
1.9024088846738201e-03	0.0000000000000000e+00	4.0545253821022698e-09
1.9198621771937599e-03	0.0000000000000000e+00	3.8874263807997522e-09
1.9373154697137100e-03	0.0000000000000000e+00	3.7509084727105346e-09
1.9547687622336499e-03	0.0000000000000000e+00	3.6439246065000930e-09
1.9722220547535902e-03	0.0000000000000000e+00	3.5719667224043405e-09
1.9896753472735400e-03	0.0000000000000000e+00	3.3556336598294934e-09
2.0071286397934799e-03	0.0000000000000000e+00	2.8708447841196971e-09
2.0245819323134202e-03	0.0000000000000000e+00	2.2625460394110064e-09
2.0420352248333700e-03	0.0000000000000000e+00	1.6133220315239782e-09
2.0594885173533099e-03	0.0000000000000000e+00	5.9048743672462933e-10
2.0769418098732502e-03	0.0000000000000000e+00	9.5155905377453109e-10
2.0943951023932000e-03	0.0000000000000000e+00	2.1997597077216824e-09
2.1118483949131399e-03	0.0000000000000000e+00	1.7987994427315357e-09
2.1293016874330802e-03	0.0000000000000000e+00	1.5631566041562905e-09
2.1467549799530201e-03	0.0000000000000000e+00	1.0923291160480630e-09
2.1642082724729699e-03	0.0000000000000000e+00	7.2625594427222495e-10
2.1816615649929102e-03	0.0000000000000000e+00	3.0845133114354439e-09
2.1991148575128501e-03	0.0000000000000000e+00	2.4983249913290706e-09
2.2165681500327999e-03	0.0000000000000000e+00	2.4510867779881096e-09
2.2340214425527402e-03	0.0000000000000000e+00	2.3332092924377434e-09
2.2514747350726801e-03	0.0000000000000000e+00	1.9265609108032322e-09
2.2689280275926299e-03	0.0000000000000000e+00	1.6071867170452947e-09
2.2863813201125698e-03	0.0000000000000000e+00	1.4382831592385514e-09
2.3038346126325101e-03	0.0000000000000000e+00	1.2578950103758757e-09
2.3212879051524599e-03	0.0000000000000000e+00	1.2659818748872453e-09
2.3387411976723998e-03	0.0000000000000000e+00	1.6543355574327734e-09
2.3561944901923401e-03	0.0000000000000000e+00	2.2452887327162330e-09
2.3736477827122899e-03	0.0000000000000000e+00	1.9547086171911587e-09
2.3911010752322298e-03	0.0000000000000000e+00	9.1926422030041977e-10
2.4085543677521701e-03	0.0000000000000000e+00	5.9716384059882444e-09
2.4260076602721200e-03	0.0000000000000000e+00	8.3409142925816582e-09
2.4434609527920598e-03	0.0000000000000000e+00	8.7368778878271769e-09
2.4609142453120001e-03	0.0000000000000000e+00	6.9056892426644367e-09
2.4783675378319500e-03	0.0000000000000000e+00	6.1075303703361783e-09
2.4958208303518898e-03	0.0000000000000000e+00	4.1641730064156945e-09
2.5132741228718301e-03	0.0000000000000000e+00	2.6314941337091113e-09
2.5307274153917800e-03	0.0000000000000000e+00	9.1302421179051407e-10
2.5481807079117198e-03	0.0000000000000000e+00	5.5783355712435423e-10
2.5656340004316601e-03	0.0000000000000000e+00	1.8074405305767982e-09
2.5830872929516100e-03	0.0000000000000000e+00	4.9091187781513668e-09
2.6005405854715499e-03	0.0000000000000000e+00	4.2095548158371798e-09
2.6179938779914902e-03	0.0000000000000000e+00	3.4667222426065791e-09
2.6354471705114400e-03	0.0000000000000000e+00	2.7403372904188927e-09
2.6529004630313799e-03	0.0000000000000000e+00	2.0910914111382795e-09
2.6703537555513202e-03	0.0000000000000000e+00	1.7478494207523454e-09
2.6878070480712700e-03	0.0000000000000000e+00	1.5431295130596823e-09
2.7052603405912099e-03	0.0000000000000000e+00	1.8051636851978969e-09
2.7227136331111502e-03	0.0000000000000000e+00	6.9910310873666504e-10
2.7401669256311000e-03	0.0000000000000000e+00	1.9352165425701173e-09
2.7576202181510399e-03	0.0000000000000000e+00	4.6020811605984591e-09
2.7750735106709802e-03	0.0000000000000000e+00	7.1925724265398117e-09
2.7925268031909300e-03	0.0000000000000000e+00	8.5298185181770236e-09
2.8099800957108699e-03	0.0000000000000000e+00	8.3014178864360133e-09
2.8274333882308102e-03	0.0000000000000000e+00	8.1357598435971568e-09
2.8448866807507600e-03	0.0000000000000000e+00	7.8511709356021697e-09
2.8623399732706999e-03	0.0000000000000000e+00	6.8554844023793748e-09
2.8797932657906402e-03	0.0000000000000000e+00	6.2512652831969717e-09
2.8972465583105901e-03	0.0000000000000000e+00	4.9380707300983318e-09
2.9146998508305299e-03	0.0000000000000000e+00	4.0832829339976229e-09
2.9321531433504698e-03	0.0000000000000000e+00	3.3913724051259919e-09
2.9496064358704201e-03	0.0000000000000000e+00	2.9754078090249436e-09
2.9670597283903599e-03	0.0000000000000000e+00	2.8049071953972771e-09
2.9845130209102998e-03	0.0000000000000000e+00	2.7085664822124045e-09
3.0019663134302501e-03	0.0000000000000000e+00	2.4292706735096203e-09
3.0194196059501899e-03	0.0000000000000000e+00	2.5871487174811136e-09
3.0368728984701298e-03	0.0000000000000000e+00	3.4426836936773952e-09
3.0543261909900801e-03	0.0000000000000000e+00	4.8057495760644997e-09
3.0717794835100200e-03	0.0000000000000000e+00	4.7016863735649395e-09
3.0892327760299598e-03	0.0000000000000000e+00	4.4781489627609972e-10
3.1066860685499101e-03	0.0000000000000000e+00	3.7560002885683730e-09
3.1241393610698500e-03	0.0000000000000000e+00	8.4875385608640386e-09
3.1415926535897898e-03	0.0000000000000000e+00	9.6482669631470230e-09
3.1590459461097401e-03	0.0000000000000000e+00	8.4735835015337102e-09
3.1764992386296800e-03	0.0000000000000000e+00	7.7033633916201438e-09
3.1939525311496198e-03	0.0000000000000000e+00	6.8552343801542293e-09
3.2114058236695701e-03	0.0000000000000000e+00	5.5149057542891455e-09
3.2288591161895100e-03	0.0000000000000000e+00	3.7994480894809612e-09
3.2463124087094499e-03	0.0000000000000000e+00	1.9074019030895784e-09
3.2637657012294001e-03	0.0000000000000000e+00	8.2951312485590734e-11
3.2812189937493400e-03	0.0000000000000000e+00	3.0015014917950111e-09
3.2986722862692799e-03	0.0000000000000000e+00	2.4043154134290035e-09
3.3161255787892301e-03	0.0000000000000000e+00	1.8461654427426311e-09
3.3335788713091700e-03	0.0000000000000000e+00	1.2242989955169037e-09
3.3510321638291099e-03	0.0000000000000000e+00	8.5547890993353803e-10
3.3684854563490602e-03	0.0000000000000000e+00	7.7524109354243365e-10
3.3859387488690000e-03	0.0000000000000000e+00	1.1595603366387763e-09
3.4033920413889399e-03	0.0000000000000000e+00	2.3392560111190619e-09
3.4208453339088902e-03	0.0000000000000000e+00	3.5927703034843717e-09
3.4382986264288300e-03	0.0000000000000000e+00	2.3160844353498078e-09
3.4557519189487699e-03	0.0000000000000000e+00	1.6692891513514496e-10
3.4732052114687202e-03	0.0000000000000000e+00	2.3792644521236639e-09
3.4906585039886600e-03	0.0000000000000000e+00	4.3106415104077200e-09
3.5081117965085999e-03	0.0000000000000000e+00	3.8221286136064236e-09
3.5255650890285502e-03	0.0000000000000000e+00	3.3376963415321370e-09
3.5430183815484901e-03	0.0000000000000000e+00	2.7078509434730336e-09
3.5604716740684299e-03	0.0000000000000000e+00	2.1053012666527593e-09
3.5779249665883698e-03	0.0000000000000000e+00	3.4359342038214891e-09
3.5953782591083201e-03	0.0000000000000000e+00	2.3942470228632828e-09
3.6128315516282599e-03	0.0000000000000000e+00	1.7409196306772401e-09
3.6302848441482102e-03	0.0000000000000000e+00	6.5527072656834662e-10
3.6477381366681501e-03	0.0000000000000000e+00	9.3298468950564484e-10
3.6651914291880900e-03	0.0000000000000000e+00	1.2353973399825691e-09
3.6826447217080398e-03	0.0000000000000000e+00	1.3794457798255166e-09
3.7000980142279801e-03	0.0000000000000000e+00	3.4052556330266270e-09
3.7175513067479200e-03	0.0000000000000000e+00	5.3209138206611328e-09
3.7350045992678598e-03	0.0000000000000000e+00	5.8823097504046018e-09
3.7524578917878101e-03	0.0000000000000000e+00	7.3015803403464474e-09
3.7699111843077500e-03	0.0000000000000000e+00	5.7027749189586530e-09
3.7873644768276998e-03	0.0000000000000000e+00	3.3040159497232935e-10
3.8048177693476401e-03	0.0000000000000000e+00	7.6095726386782303e-09
3.8222710618675800e-03	0.0000000000000000e+00	1.0891951007785394e-08
3.8397243543875199e-03	0.0000000000000000e+00	9.5898264884652917e-09
3.8571776469074701e-03	0.0000000000000000e+00	1.7453244405274404e-09
3.8746309394274100e-03	0.0000000000000000e+00	3.8736720497922761e-09
3.8920842319473499e-03	0.0000000000000000e+00	4.0789018829201495e-09
3.9095375244672997e-03	0.0000000000000000e+00	4.8304927835474132e-09
3.9269908169872400e-03	0.0000000000000000e+00	5.0360082770595227e-09
3.9444441095071803e-03	0.0000000000000000e+00	5.1053170579962170e-09
3.9618974020271302e-03	0.0000000000000000e+00	5.1142257095904142e-09
3.9793506945470696e-03	0.0000000000000000e+00	6.3130631833274720e-09
3.9968039870670099e-03	0.0000000000000000e+00	6.6974349399728794e-09
4.0142572795869597e-03	0.0000000000000000e+00	6.9733513408110070e-09
4.0317105721069000e-03	0.0000000000000000e+00	7.1162956638559649e-09
4.0491638646268403e-03	0.0000000000000000e+00	7.4329202792711158e-09
4.0666171571467902e-03	0.0000000000000000e+00	7.9498169158753740e-09
4.0840704496667296e-03	0.0000000000000000e+00	8.1732265400091819e-09
4.1015237421866699e-03	0.0000000000000000e+00	7.1551554681192897e-09
4.1189770347066198e-03	0.0000000000000000e+00	4.3106482827681702e-09
4.1364303272265601e-03	0.0000000000000000e+00	1.5356196314542103e-09
4.1538836197465004e-03	0.0000000000000000e+00	3.6584446583276531e-10
4.1713369122664502e-03	0.0000000000000000e+00	2.3145315664052646e-09
4.1887902047863896e-03	0.0000000000000000e+00	2.1999245758408392e-09
4.2062434973063299e-03	0.0000000000000000e+00	8.5324747267634393e-11
4.2236967898262798e-03	0.0000000000000000e+00	1.8711009408534096e-09
4.2411500823462201e-03	0.0000000000000000e+00	4.0315990545991554e-09
4.2586033748661604e-03	0.0000000000000000e+00	4.1685286333859040e-09
4.2760566673861102e-03	0.0000000000000000e+00	8.9204275077747752e-09
4.2935099599060497e-03	0.0000000000000000e+00	7.4784572978714436e-09
4.3109632524259900e-03	0.0000000000000000e+00	6.3229004254594656e-09
4.3284165449459398e-03	0.0000000000000000e+00	6.2804320632992017e-09
4.3458698374658801e-03	0.0000000000000000e+00	5.7632992822576057e-09
4.3633231299858204e-03	0.0000000000000000e+00	5.9162028609449635e-09
4.3807764225057702e-03	0.0000000000000000e+00	9.2369453197349571e-09
4.3982297150257097e-03	0.0000000000000000e+00	1.1398921917482596e-08
4.4156830075456500e-03	0.0000000000000000e+00	1.1172233693734768e-08
4.4331363000655998e-03	0.0000000000000000e+00	1.1097446073193851e-08
4.4505895925855401e-03	0.0000000000000000e+00	1.1817403500202772e-08
4.4680428851054804e-03	0.0000000000000000e+00	1.1642602881778430e-08
4.4854961776254303e-03	0.0000000000000000e+00	1.1746783323829391e-08
4.5029494701453697e-03	0.0000000000000000e+00	1.2451922715150943e-08
4.5204027626653100e-03	0.0000000000000000e+00	1.2564567386519343e-08
4.5378560551852598e-03	0.0000000000000000e+00	1.1231124030786077e-08
4.5553093477052001e-03	0.0000000000000000e+00	1.1306752312201240e-08
4.5727626402251396e-03	0.0000000000000000e+00	1.0955050533389965e-08
4.5902159327450903e-03	0.0000000000000000e+00	7.1138352986110931e-09
4.6076692252650297e-03	0.0000000000000000e+00	4.5123447200978717e-09
4.6251225177849700e-03	0.0000000000000000e+00	3.4880818233773425e-09
4.6425758103049199e-03	0.0000000000000000e+00	4.4058277026692849e-09
4.6600291028248602e-03	0.0000000000000000e+00	5.5412220367756504e-09
4.6774823953447996e-03	0.0000000000000000e+00	8.9195031360844723e-09
4.6949356878647503e-03	0.0000000000000000e+00	7.9845675626799562e-09
4.7123889803846897e-03	0.0000000000000000e+00	7.1028888326551964e-09
4.7298422729046300e-03	0.0000000000000000e+00	6.1690392794133686e-09
4.7472955654245799e-03	0.0000000000000000e+00	5.2441786468904183e-09
4.7647488579445202e-03	0.0000000000000000e+00	4.6045163237806719e-09
4.7822021504644596e-03	0.0000000000000000e+00	4.3499919222256267e-09
4.7996554429844103e-03	0.0000000000000000e+00	5.1933733979936392e-09
4.8171087355043498e-03	0.0000000000000000e+00	7.4156419893611769e-09
4.8345620280242901e-03	0.0000000000000000e+00	8.0363915522241314e-09
4.8520153205442399e-03	0.0000000000000000e+00	5.5337702198343663e-09
4.8694686130641802e-03	0.0000000000000000e+00	2.3850356134502704e-09
4.8869219055841196e-03	0.0000000000000000e+00	9.0047946876836704e-10
4.9043751981040704e-03	0.0000000000000000e+00	1.6968104699088826e-10
4.9218284906240098e-03	0.0000000000000000e+00	1.2398909676747394e-09
4.9392817831439501e-03	0.0000000000000000e+00	2.3798187864798592e-09
4.9567350756638999e-03	0.0000000000000000e+00	3.2303333341587859e-09
4.9741883681838402e-03	0.0000000000000000e+00	3.0325428834743207e-09
4.9916416607037797e-03	0.0000000000000000e+00	2.9617573948925724e-09
5.0090949532237304e-03	0.0000000000000000e+00	3.1894206165006267e-09
5.0265482457436698e-03	0.0000000000000000e+00	5.4406669169893007e-09
5.0440015382636101e-03	0.0000000000000000e+00	6.6865167847041107e-09
5.0614548307835600e-03	0.0000000000000000e+00	6.3128573479787065e-09
5.0789081233035003e-03	0.0000000000000000e+00	3.1739733064028997e-09
5.0963614158234397e-03	0.0000000000000000e+00	1.5933998565031970e-10
5.1138147083433904e-03	0.0000000000000000e+00	8.7729823405879870e-13
5.1312680008633298e-03	0.0000000000000000e+00	1.6435924843349881e-09
5.1487212933832701e-03	0.0000000000000000e+00	3.2213931522306893e-09
5.1661745859032200e-03	0.0000000000000000e+00	1.4749298449245885e-09
5.1836278784231603e-03	0.0000000000000000e+00	7.9084971904563872e-10
5.2010811709430997e-03	0.0000000000000000e+00	1.1447043313239647e-09
5.2185344634630504e-03	0.0000000000000000e+00	1.7718911893283007e-09
5.2359877559829899e-03	0.0000000000000000e+00	2.9796340950127842e-09
5.2534410485029302e-03	0.0000000000000000e+00	4.1847085796575811e-09
5.2708943410228696e-03	0.0000000000000000e+00	4.8783732609081198e-09
5.2883476335428203e-03	0.0000000000000000e+00	8.4015462364916971e-09
5.3058009260627597e-03	0.0000000000000000e+00	1.2759752476831920e-08
5.3232542185827000e-03	0.0000000000000000e+00	1.3505781271128114e-08
5.3407075111026499e-03	0.0000000000000000e+00	1.3269244258928836e-08
5.3581608036225902e-03	0.0000000000000000e+00	1.5387745855299784e-08
5.3756140961425296e-03	0.0000000000000000e+00	2.1910297576255289e-08
5.3930673886624803e-03	0.0000000000000000e+00	2.2322475867753155e-08
5.4105206811824198e-03	0.0000000000000000e+00	2.2518850784081224e-08
5.4279739737023601e-03	0.0000000000000000e+00	2.2810551780771959e-08
5.4454272662223099e-03	0.0000000000000000e+00	2.3677260485577278e-08
5.4628805587422502e-03	0.0000000000000000e+00	2.4240784268769744e-08
5.4803338512621896e-03	0.0000000000000000e+00	2.3493486933645613e-08
5.4977871437821403e-03	0.0000000000000000e+00	2.2768115282012502e-08
5.5152404363020798e-03	0.0000000000000000e+00	2.2399929799910012e-08
5.5326937288220201e-03	0.0000000000000000e+00	2.4249895425043633e-08
5.5501470213419699e-03	0.0000000000000000e+00	2.6257181540145780e-08
5.5676003138619102e-03	0.0000000000000000e+00	2.9363745102095606e-08
5.5850536063818497e-03	0.0000000000000000e+00	2.9841935589303148e-08
5.6025068989018004e-03	0.0000000000000000e+00	2.7624913689905384e-08
5.6199601914217398e-03	0.0000000000000000e+00	2.4942467424793335e-08
5.6374134839416801e-03	0.0000000000000000e+00	2.2442272373801586e-08
5.6548667764616299e-03	0.0000000000000000e+00	1.9667583450733161e-08
5.6723200689815702e-03	0.0000000000000000e+00	2.1766113356136430e-09
5.6897733615015097e-03	0.0000000000000000e+00	1.5379049145280987e-09
5.7072266540214604e-03	0.0000000000000000e+00	1.4283197957709604e-09
5.7246799465413998e-03	0.0000000000000000e+00	6.0680349633912556e-10
5.7421332390613401e-03	0.0000000000000000e+00	1.0925522708760127e-09
5.7595865315812900e-03	0.0000000000000000e+00	2.1318413701010286e-09
5.7770398241012303e-03	0.0000000000000000e+00	4.1982602949630632e-09
5.7944931166211697e-03	0.0000000000000000e+00	7.5332241555869928e-09
5.8119464091411204e-03	0.0000000000000000e+00	7.4075305889209631e-09
5.8293997016610598e-03	0.0000000000000000e+00	7.9211188719341408e-09
5.8468529941810002e-03	0.0000000000000000e+00	6.3354248514002620e-09
5.8643062867009500e-03	0.0000000000000000e+00	3.3284708322867118e-09
5.8817595792208903e-03	0.0000000000000000e+00	5.2161672758899158e-09
5.8992128717408297e-03	0.0000000000000000e+00	1.0026570018695224e-08
5.9166661642607796e-03	0.0000000000000000e+00	9.7661524423031665e-09
5.9341194567807199e-03	0.0000000000000000e+00	7.0225870674178736e-09
5.9515727493006602e-03	0.0000000000000000e+00	5.6271513004801932e-09
5.9690260418206100e-03	0.0000000000000000e+00	8.8284497490320746e-09
5.9864793343405503e-03	0.0000000000000000e+00	1.2195184528884795e-08
6.0039326268604898e-03	0.0000000000000000e+00	1.0377976478181949e-08
6.0213859193804396e-03	0.0000000000000000e+00	1.0070889344682143e-08
6.0388392119003799e-03	0.0000000000000000e+00	9.7419670108678247e-09
6.0562925044203202e-03	0.0000000000000000e+00	9.4855338028665415e-09
6.0737457969402700e-03	0.0000000000000000e+00	1.4503086953610023e-08
6.0911990894602103e-03	0.0000000000000000e+00	1.7563911547391342e-08
6.1086523819801498e-03	0.0000000000000000e+00	2.0439629100366119e-08
6.1261056745000996e-03	0.0000000000000000e+00	2.3048634334443818e-08
6.1435589670200399e-03	0.0000000000000000e+00	2.5490697108665472e-08
6.1610122595399802e-03	0.0000000000000000e+00	2.7690207238251219e-08
6.1784655520599301e-03	0.0000000000000000e+00	3.0173575638059447e-08
6.1959188445798704e-03	0.0000000000000000e+00	3.2832434548879519e-08
6.2133721370998098e-03	0.0000000000000000e+00	3.4889372613200464e-08
6.2308254296197596e-03	0.0000000000000000e+00	3.6724999374904144e-08
6.2482787221396999e-03	0.0000000000000000e+00	3.5815646892700670e-08
6.2657320146596402e-03	0.0000000000000000e+00	3.3873755023172691e-08
6.2831853071795901e-03	0.0000000000000000e+00	3.5078794091703003e-08
6.3006385996995304e-03	0.0000000000000000e+00	3.5923254704250951e-08
6.3180918922194698e-03	0.0000000000000000e+00	3.5546374621553412e-08
6.3355451847394197e-03	0.0000000000000000e+00	3.5902806838628010e-08
6.3529984772593600e-03	0.0000000000000000e+00	3.6961801064272493e-08
6.3704517697793003e-03	0.0000000000000000e+00	1.1685261425142812e-08
6.3879050622992501e-03	0.0000000000000000e+00	1.1270253508222083e-08
6.4053583548191904e-03	0.0000000000000000e+00	1.0628974700388483e-08
6.4228116473391298e-03	0.0000000000000000e+00	1.0634535918541133e-08
6.4402649398590797e-03	0.0000000000000000e+00	1.0706217579148358e-08
6.4577182323790200e-03	0.0000000000000000e+00	9.6201496768699712e-09
6.4751715248989603e-03	0.0000000000000000e+00	1.3862946457443570e-08
6.4926248174188997e-03	0.0000000000000000e+00	1.6509361766559039e-08
6.5100781099388504e-03	0.0000000000000000e+00	1.5818672038925286e-08
6.5275314024587899e-03	0.0000000000000000e+00	1.7427780885093114e-08
6.5449846949787302e-03	0.0000000000000000e+00	1.9631237302419891e-08
6.5624379874986800e-03	0.0000000000000000e+00	2.2134347132940491e-08
6.5798912800186203e-03	0.0000000000000000e+00	2.5109938017742195e-08
6.5973445725385597e-03	0.0000000000000000e+00	2.5107174561611600e-08
6.6147978650585096e-03	0.0000000000000000e+00	2.2073483374462910e-08
6.6322511575784499e-03	0.0000000000000000e+00	1.9872740342208317e-08
6.6497044500983902e-03	0.0000000000000000e+00	1.8641018395548770e-08
6.6671577426183400e-03	0.0000000000000000e+00	1.7133245822087417e-08
6.6846110351382803e-03	0.0000000000000000e+00	1.4777807533228327e-08
6.7020643276582198e-03	0.0000000000000000e+00	1.0192248156570827e-08
6.7195176201781696e-03	0.0000000000000000e+00	7.8836632777523619e-09
6.7369709126981099e-03	0.0000000000000000e+00	5.0794363160022726e-09
6.7544242052180502e-03	0.0000000000000000e+00	1.7221727377503271e-09
6.7718774977380001e-03	0.0000000000000000e+00	6.8305106015742467e-10
6.7893307902579404e-03	0.0000000000000000e+00	5.4962823181625708e-10
6.8067840827778798e-03	0.0000000000000000e+00	5.3534943145194802e-10
6.8242373752978296e-03	0.0000000000000000e+00	1.3686074495922185e-10
6.8416906678177699e-03	0.0000000000000000e+00	4.1275871609514070e-10
6.8591439603377102e-03	0.0000000000000000e+00	1.1179309700182216e-09
6.8765972528576601e-03	0.0000000000000000e+00	1.9709274212686978e-09
6.8940505453776004e-03	0.0000000000000000e+00	4.9953482461617682e-09
6.9115038378975398e-03	0.0000000000000000e+00	9.8409363991081023e-09
6.9289571304174897e-03	0.0000000000000000e+00	1.4314139540338999e-08
6.9464104229374300e-03	0.0000000000000000e+00	1.8931814449452133e-08
6.9638637154573703e-03	0.0000000000000000e+00	2.2216338435576688e-08
6.9813170079773201e-03	0.0000000000000000e+00	2.1903175828619226e-08
6.9987703004972604e-03	0.0000000000000000e+00	2.1075746481358237e-08
7.0162235930171998e-03	0.0000000000000000e+00	2.0607505812897386e-08
7.0336768855371497e-03	0.0000000000000000e+00	1.9379947535647091e-08
7.0511301780570900e-03	0.0000000000000000e+00	1.8004741697552618e-08
7.0685834705770303e-03	0.0000000000000000e+00	9.9186927560168670e-09
7.0860367630969801e-03	0.0000000000000000e+00	8.2672464429833781e-09
7.1034900556169204e-03	0.0000000000000000e+00	6.6856304936635524e-09
7.1209433481368599e-03	0.0000000000000000e+00	4.7006980530284181e-09
7.1383966406568097e-03	0.0000000000000000e+00	2.5553885674156618e-09
7.1558499331767500e-03	0.0000000000000000e+00	4.4931951492799271e-09
7.1733032256966903e-03	0.0000000000000000e+00	8.4875338979273351e-09
7.1907565182166401e-03	0.0000000000000000e+00	1.0337460443210489e-08
7.2082098107365796e-03	0.0000000000000000e+00	9.4988124033079657e-09
7.2256631032565199e-03	0.0000000000000000e+00	9.6121552939365529e-09
7.2431163957764697e-03	0.0000000000000000e+00	1.0662687288665040e-08
7.2605696882964100e-03	0.0000000000000000e+00	1.0384095472382171e-08
7.2780229808163503e-03	0.0000000000000000e+00	7.2688237651163945e-09
7.2954762733363002e-03	0.0000000000000000e+00	5.2001268846524340e-09
7.3129295658562396e-03	0.0000000000000000e+00	3.0981062160151396e-09
7.3303828583761799e-03	0.0000000000000000e+00	7.5286687994946533e-10
7.3478361508961297e-03	0.0000000000000000e+00	5.0031900844516031e-10
7.3652894434160700e-03	0.0000000000000000e+00	3.6413361215181794e-10
7.3827427359360103e-03	0.0000000000000000e+00	2.4279492860657115e-09
7.4001960284559602e-03	0.0000000000000000e+00	1.5672650954812184e-09
7.4176493209758996e-03	0.0000000000000000e+00	1.3276849619714426e-09
7.4351026134958399e-03	0.0000000000000000e+00	1.3894995154473122e-09
7.4525559060157898e-03	0.0000000000000000e+00	7.1180417116067929e-10
7.4700091985357301e-03	0.0000000000000000e+00	2.6800173191787735e-09
7.4874624910556704e-03	0.0000000000000000e+00	3.8478447095258161e-09
7.5049157835756202e-03	0.0000000000000000e+00	4.7446236939308051e-09
7.5223690760955596e-03	0.0000000000000000e+00	5.7813871467971012e-09
7.5398223686154999e-03	0.0000000000000000e+00	6.4355871742804993e-09
7.5572756611354498e-03	0.0000000000000000e+00	7.2947893281494203e-09
7.5747289536553901e-03	0.0000000000000000e+00	8.7288304362331814e-09
7.5921822461753304e-03	0.0000000000000000e+00	1.0531985505934927e-08
7.6096355386952802e-03	0.0000000000000000e+00	1.2092707279975912e-08
7.6270888312152197e-03	0.0000000000000000e+00	1.2449180020190909e-08
7.6445421237351600e-03	0.0000000000000000e+00	1.0409055839488701e-08
7.6619954162551098e-03	0.0000000000000000e+00	6.6051023539515086e-09
7.6794487087750501e-03	0.0000000000000000e+00	6.6082187499816314e-09
7.6969020012949904e-03	0.0000000000000000e+00	8.1583256816841754e-09
7.7143552938149403e-03	0.0000000000000000e+00	9.0940768249225812e-09
7.7318085863348797e-03	0.0000000000000000e+00	1.0336421163437137e-08
7.7492618788548200e-03	0.0000000000000000e+00	1.1943692368454606e-08
7.7667151713747698e-03	0.0000000000000000e+00	8.8822407207089782e-09
7.7841684638947101e-03	0.0000000000000000e+00	8.0259443535624087e-09
7.8016217564146496e-03	0.0000000000000000e+00	7.4125080518072650e-09
7.8190750489345994e-03	0.0000000000000000e+00	6.2183040938634804e-09
7.8365283414545406e-03	0.0000000000000000e+00	5.6241659107669761e-09
7.8539816339744800e-03	0.0000000000000000e+00	4.0695065095519567e-09
7.8714349264944194e-03	0.0000000000000000e+00	5.2296458274980751e-09
7.8888882190143693e-03	0.0000000000000000e+00	6.1214602276038477e-09
7.9063415115343105e-03	0.0000000000000000e+00	5.9880655989275056e-09
7.9237948040542603e-03	0.0000000000000000e+00	7.7950200738641229e-09
7.9412480965741997e-03	0.0000000000000000e+00	9.7970619394871505e-09
7.9587013890941392e-03	0.0000000000000000e+00	9.6890415690609188e-09
7.9761546816140907e-03	0.0000000000000000e+00	8.5736391319812810e-09
7.9936079741340302e-03	0.0000000000000000e+00	7.0082269987281620e-09
8.0110612666539696e-03	0.0000000000000000e+00	5.8824832782633507e-09
8.0285145591739195e-03	0.0000000000000000e+00	6.0604652407647563e-09
8.0459678516938606e-03	0.0000000000000000e+00	5.0077154645222777e-09
8.0634211442138001e-03	0.0000000000000000e+00	3.6532391556320931e-09
8.0808744367337395e-03	0.0000000000000000e+00	7.5960981948952622e-10
8.0983277292536893e-03	0.0000000000000000e+00	7.9834583388560532e-10
8.1157810217736305e-03	0.0000000000000000e+00	2.7692340642815338e-09
8.1332343142935803e-03	0.0000000000000000e+00	3.0442457443768944e-09
8.1506876068135198e-03	0.0000000000000000e+00	3.1555885682266194e-09
8.1681408993334592e-03	0.0000000000000000e+00	3.4111458102614733e-09
8.1855941918534108e-03	0.0000000000000000e+00	2.5160563632553590e-09
8.2030474843733502e-03	0.0000000000000000e+00	1.5448351486924139e-09
8.2205007768932897e-03	0.0000000000000000e+00	6.2495308927879023e-10
8.2379540694132308e-03	0.0000000000000000e+00	1.9428902930940239e-10
8.2554073619331807e-03	0.0000000000000000e+00	8.0592055251571537e-10
8.2728606544531201e-03	0.0000000000000000e+00	1.5368446515395817e-09
8.2903139469730595e-03	0.0000000000000000e+00	2.2027956125825199e-09
8.3077672394930094e-03	0.0000000000000000e+00	4.4252036479619505e-09
8.3252205320129506e-03	0.0000000000000000e+00	7.7186153024655368e-09
8.3426738245328900e-03	0.0000000000000000e+00	1.1191531479326500e-08
8.3601271170528398e-03	0.0000000000000000e+00	1.4248102919722783e-08
8.3775804095727793e-03	0.0000000000000000e+00	1.3110600827204166e-08
8.3950337020927204e-03	0.0000000000000000e+00	1.3330009429601830e-08
8.4124869946126703e-03	0.0000000000000000e+00	1.3606553217471173e-08
8.4299402871326097e-03	0.0000000000000000e+00	1.3318408709217522e-08
8.4473935796525491e-03	0.0000000000000000e+00	1.2407569860428680e-08
8.4648468721725007e-03	0.0000000000000000e+00	4.9195980622585012e-09
8.4823001646924402e-03	0.0000000000000000e+00	3.8614392794400487e-09
8.4997534572123796e-03	0.0000000000000000e+00	3.2106191039105170e-09
8.5172067497323294e-03	0.0000000000000000e+00	1.1955331169488659e-09
8.5346600422522706e-03	0.0000000000000000e+00	2.3975865737213553e-10
8.5521133347722100e-03	0.0000000000000000e+00	1.5080137139023009e-10
8.5695666272921599e-03	0.0000000000000000e+00	5.6807016868276605e-09
8.5870199198120993e-03	0.0000000000000000e+00	9.2256324801809342e-09
8.6044732123320405e-03	0.0000000000000000e+00	8.7401996751168554e-09
8.6219265048519903e-03	0.0000000000000000e+00	9.5692259671764646e-09
8.6393797973719298e-03	0.0000000000000000e+00	1.0849121934164430e-08
8.6568330898918692e-03	0.0000000000000000e+00	1.0759352186973103e-08
8.6742863824118208e-03	0.0000000000000000e+00	1.0023690766303162e-08
8.6917396749317602e-03	0.0000000000000000e+00	9.0638768712736351e-09
8.7091929674516996e-03	0.0000000000000000e+00	5.3762057028450272e-09
8.7266462599716495e-03	0.0000000000000000e+00	2.9588924643775272e-09
8.7440995524915906e-03	0.0000000000000000e+00	1.1123344467733887e-09
8.7615528450115301e-03	0.0000000000000000e+00	2.9667964751567411e-09
8.7790061375314799e-03	0.0000000000000000e+00	4.7838007999345677e-09
8.7964594300514194e-03	0.0000000000000000e+00	1.8404906487745620e-09
8.8139127225713605e-03	0.0000000000000000e+00	8.4015594481456901e-10
8.8313660150913104e-03	0.0000000000000000e+00	2.5268033221337305e-09
8.8488193076112498e-03	0.0000000000000000e+00	4.8962789378492744e-09
8.8662726001311892e-03	0.0000000000000000e+00	6.2439069470343611e-09
8.8837258926511408e-03	0.0000000000000000e+00	4.4183646741302596e-09
8.9011791851710802e-03	0.0000000000000000e+00	2.6774404915386185e-09
8.9186324776910197e-03	0.0000000000000000e+00	1.0491437718584962e-09
8.9360857702109695e-03	0.0000000000000000e+00	5.6231985734456202e-10
8.9535390627309107e-03	0.0000000000000000e+00	2.1253272475263429e-09
8.9709923552508501e-03	0.0000000000000000e+00	4.0505451215366861e-09
8.9884456477708000e-03	0.0000000000000000e+00	5.9552006659302492e-09
9.0058989402907394e-03	0.0000000000000000e+00	7.6750946709225332e-09
9.0233522328106806e-03	0.0000000000000000e+00	7.1235125576052383e-09
9.0408055253306304e-03	0.0000000000000000e+00	4.7167830752314899e-09
9.0582588178505698e-03	0.0000000000000000e+00	2.1509796166441220e-09
9.0757121103705093e-03	0.0000000000000000e+00	4.6030544931241479e-09
9.0931654028904609e-03	0.0000000000000000e+00	6.3850186249325702e-09
9.1106186954104003e-03	0.0000000000000000e+00	8.5077580536108144e-09
9.1280719879303397e-03	0.0000000000000000e+00	1.0375692860442598e-08
9.1455252804502896e-03	0.0000000000000000e+00	1.2459101750295076e-08
9.1629785729702307e-03	0.0000000000000000e+00	7.2584978028089608e-09
9.1804318654901702e-03	0.0000000000000000e+00	6.4330871740736484e-09
9.1978851580101200e-03	0.0000000000000000e+00	6.3221106127997473e-09
9.2153384505300594e-03	0.0000000000000000e+00	5.4697831819439102e-09
9.2327917430500006e-03	0.0000000000000000e+00	5.8246648615423169e-09
9.2502450355699505e-03	0.0000000000000000e+00	5.7276142717554990e-09
9.2676983280898899e-03	0.0000000000000000e+00	8.8662338582068401e-09
9.2851516206098293e-03	0.0000000000000000e+00	1.0143321960143226e-08
9.3026049131297792e-03	0.0000000000000000e+00	9.9825769872552428e-09
9.3200582056497203e-03	0.0000000000000000e+00	1.1437363389710242e-08
9.3375114981696598e-03	0.0000000000000000e+00	1.3382634111991365e-08
9.3549647906896096e-03	0.0000000000000000e+00	1.2449509645406920e-08
9.3724180832095508e-03	0.0000000000000000e+00	1.0816319506723460e-08
9.3898713757294902e-03	0.0000000000000000e+00	9.5318791748510989e-09
9.4073246682494296e-03	0.0000000000000000e+00	9.3067533679658254e-09
9.4247779607693795e-03	0.0000000000000000e+00	8.4239049069623206e-09
9.4422312532893207e-03	0.0000000000000000e+00	7.0640314708825258e-09
9.4596845458092705e-03	0.0000000000000000e+00	5.6004927362351964e-09
9.4771378383292099e-03	0.0000000000000000e+00	8.3080843316096775e-09
9.4945911308491494e-03	0.0000000000000000e+00	8.2425870573388238e-09
9.5120444233690905e-03	0.0000000000000000e+00	7.3551703616558939e-09
9.5294977158890404e-03	0.0000000000000000e+00	7.2788914895483003e-09
9.5469510084089798e-03	0.0000000000000000e+00	6.9131697033597561e-09
9.5644043009289192e-03	0.0000000000000000e+00	8.4161417834849317e-09
9.5818575934488708e-03	0.0000000000000000e+00	8.0231841170785856e-09
9.5993108859688103e-03	0.0000000000000000e+00	7.5236740171291672e-09
9.6167641784887497e-03	0.0000000000000000e+00	7.2456239896823149e-09
9.6342174710086995e-03	0.0000000000000000e+00	7.0672331320409398e-09
9.6516707635286407e-03	0.0000000000000000e+00	6.6860161851423072e-09
9.6691240560485905e-03	0.0000000000000000e+00	6.9540629921149844e-09
9.6865773485685300e-03	0.0000000000000000e+00	7.4081791812119491e-09
9.7040306410884694e-03	0.0000000000000000e+00	7.6590400688303362e-09
9.7214839336084106e-03	0.0000000000000000e+00	6.8596487379224413e-09
9.7389372261283604e-03	0.0000000000000000e+00	4.1603496203634904e-09
9.7563905186482999e-03	0.0000000000000000e+00	1.0570722075442518e-10
9.7738438111682393e-03	0.0000000000000000e+00	2.8227051807050429e-09
9.7912971036881909e-03	0.0000000000000000e+00	2.5987519913783785e-09
9.8087503962081303e-03	0.0000000000000000e+00	2.2233187513265307e-09
9.8262036887280697e-03	0.0000000000000000e+00	1.4630724409769869e-09
9.8436569812480196e-03	0.0000000000000000e+00	1.2276636374153327e-09
9.8611102737679607e-03	0.0000000000000000e+00	4.1262495642513386e-09
9.8785635662879106e-03	0.0000000000000000e+00	3.7832562638229206e-09
9.8960168588078500e-03	0.0000000000000000e+00	4.7014958592939138e-09
9.9134701513277895e-03	0.0000000000000000e+00	6.2987641769041147e-09
9.9309234438477306e-03	0.0000000000000000e+00	7.8595072672271726e-09
9.9483767363676805e-03	0.0000000000000000e+00	9.1410543578973602e-09
9.9658300288876199e-03	0.0000000000000000e+00	1.1023452373137843e-08
9.9832833214075593e-03	0.0000000000000000e+00	1.3388189890051194e-08
1.0000736613927501e-02	0.0000000000000000e+00	1.3432651435607568e-08
1.0018189906447501e-02	0.0000000000000000e+00	1.2838656693325845e-08
1.0035643198967400e-02	0.0000000000000000e+00	1.1953329770442167e-08
1.0053096491487300e-02	0.0000000000000000e+00	6.3278066120275867e-09
1.0070549784007300e-02	0.0000000000000000e+00	1.2839072027759357e-09
1.0088003076527199e-02	0.0000000000000000e+00	3.7793893570281512e-09
1.0105456369047200e-02	0.0000000000000000e+00	4.0068846018925797e-09
1.0122909661567101e-02	0.0000000000000000e+00	6.4264490395871121e-09
1.0140362954087099e-02	0.0000000000000000e+00	1.0289992191658826e-08
1.0157816246607001e-02	0.0000000000000000e+00	1.2166536444979670e-08
1.0175269539126900e-02	0.0000000000000000e+00	1.5370611228249231e-08
1.0192722831646900e-02	0.0000000000000000e+00	1.5531102404153785e-08
1.0210176124166800e-02	0.0000000000000000e+00	1.5773510164684978e-08
1.0227629416686800e-02	0.0000000000000000e+00	1.6851797179917583e-08
1.0245082709206699e-02	0.0000000000000000e+00	1.9827578245923405e-08
1.0262536001726700e-02	0.0000000000000000e+00	2.7733561225318226e-08
1.0279989294246601e-02	0.0000000000000000e+00	2.7888245823781688e-08
1.0297442586766500e-02	0.0000000000000000e+00	2.7860022178138877e-08
1.0314895879286501e-02	0.0000000000000000e+00	2.6962799659635550e-08
1.0332349171806400e-02	0.0000000000000000e+00	2.6009874254384613e-08
1.0349802464326400e-02	0.0000000000000000e+00	2.4772320417199012e-08
1.0367255756846300e-02	0.0000000000000000e+00	2.3612331645495033e-08
1.0384709049366300e-02	0.0000000000000000e+00	2.2176205094481816e-08
1.0402162341886199e-02	0.0000000000000000e+00	2.0941112177652599e-08
1.0419615634406101e-02	0.0000000000000000e+00	2.1204463518387229e-08
1.0437068926926101e-02	0.0000000000000000e+00	2.3625510880975753e-08
1.0454522219446000e-02	0.0000000000000000e+00	2.7005109259903293e-08
1.0471975511966001e-02	0.0000000000000000e+00	2.5551349147612257e-08
1.0489428804485900e-02	0.0000000000000000e+00	2.3579734387269013e-08
1.0506882097005900e-02	0.0000000000000000e+00	2.1705927166770778e-08
1.0524335389525800e-02	0.0000000000000000e+00	1.9385440364061424e-08
1.0541788682045699e-02	0.0000000000000000e+00	1.6570994465503475e-08
1.0559241974565699e-02	0.0000000000000000e+00	2.8611129021527404e-09
1.0576695267085601e-02	0.0000000000000000e+00	2.2071837690873508e-09
1.0594148559605601e-02	0.0000000000000000e+00	2.0487265217639106e-09
1.0611601852125500e-02	0.0000000000000000e+00	1.4916622381733191e-09
1.0629055144645501e-02	0.0000000000000000e+00	1.8400740930957227e-09
1.0646508437165400e-02	0.0000000000000000e+00	2.1751658252355810e-09
1.0663961729685400e-02	0.0000000000000000e+00	5.0046543575987812e-09
1.0681415022205300e-02	0.0000000000000000e+00	5.9032324584151752e-09
1.0698868314725199e-02	0.0000000000000000e+00	5.9132426732944054e-09
1.0716321607245199e-02	0.0000000000000000e+00	7.3434451852705251e-09
1.0733774899765101e-02	0.0000000000000000e+00	9.1472152075056101e-09
1.0751228192285101e-02	0.0000000000000000e+00	8.4007290013232705e-09
1.0768681484805000e-02	0.0000000000000000e+00	6.6647289909127494e-09
1.0786134777325001e-02	0.0000000000000000e+00	5.1049448002160602e-09
1.0803588069844900e-02	0.0000000000000000e+00	4.3877794730917685e-09
1.0821041362364800e-02	0.0000000000000000e+00	4.3060800480887451e-09
1.0838494654884800e-02	0.0000000000000000e+00	3.2037429376075011e-09
1.0855947947404699e-02	0.0000000000000000e+00	4.6837127509746779e-09
1.0873401239924699e-02	0.0000000000000000e+00	9.1060288198718808e-09
1.0890854532444601e-02	0.0000000000000000e+00	8.1713914523717790e-09
1.0908307824964599e-02	0.0000000000000000e+00	7.6427495443454063e-09
1.0925761117484500e-02	0.0000000000000000e+00	8.0295576854183537e-09
1.0943214410004400e-02	0.0000000000000000e+00	8.2664762812711956e-09
1.0960667702524400e-02	0.0000000000000000e+00	1.2266389237680642e-08
1.0978120995044300e-02	0.0000000000000000e+00	1.3927572095617791e-08
1.0995574287564300e-02	0.0000000000000000e+00	1.5783950368941646e-08
1.1013027580084199e-02	0.0000000000000000e+00	1.7588430156756374e-08
1.1030480872604199e-02	0.0000000000000000e+00	1.9375675952559845e-08
1.1047934165124101e-02	0.0000000000000000e+00	2.1099306413141505e-08
1.1065387457644000e-02	0.0000000000000000e+00	2.3036443863588829e-08
1.1082840750164000e-02	0.0000000000000000e+00	2.4763809447492235e-08
1.1100294042683900e-02	0.0000000000000000e+00	2.5695462202435237e-08
1.1117747335203900e-02	0.0000000000000000e+00	2.3838962581734791e-08
1.1135200627723800e-02	0.0000000000000000e+00	2.0809780454378313e-08
1.1152653920243800e-02	0.0000000000000000e+00	1.8061863227281094e-08
1.1170107212763699e-02	0.0000000000000000e+00	1.7227458792845596e-08
1.1187560505283699e-02	0.0000000000000000e+00	1.9681502760882097e-08
1.1205013797803601e-02	0.0000000000000000e+00	2.0774047482241542e-08
1.1222467090323500e-02	0.0000000000000000e+00	2.2272990896077260e-08
1.1239920382843500e-02	0.0000000000000000e+00	2.2993259518599984e-08
1.1257373675363400e-02	0.0000000000000000e+00	1.1790656007093503e-08
1.1274826967883400e-02	0.0000000000000000e+00	1.0707356890016229e-08
1.1292280260403300e-02	0.0000000000000000e+00	1.0358616742145443e-08
1.1309733552923300e-02	0.0000000000000000e+00	1.0554115026373267e-08
1.1327186845443199e-02	0.0000000000000000e+00	1.0997239563437233e-08
1.1344640137963101e-02	0.0000000000000000e+00	1.1933486532278437e-08
1.1362093430483101e-02	0.0000000000000000e+00	1.2597751619658482e-08
1.1379546723003000e-02	0.0000000000000000e+00	1.3368217977038910e-08
1.1397000015523000e-02	0.0000000000000000e+00	1.2911499980283736e-08
1.1414453308042900e-02	0.0000000000000000e+00	1.3680691912654197e-08
1.1431906600562900e-02	0.0000000000000000e+00	1.0952592832680352e-08
1.1449359893082800e-02	0.0000000000000000e+00	7.2923621585729848e-09
1.1466813185602699e-02	0.0000000000000000e+00	9.6552031925156712e-09
1.1484266478122699e-02	0.0000000000000000e+00	1.2756447342887611e-08
1.1501719770642601e-02	0.0000000000000000e+00	1.3102740559212123e-08
1.1519173063162601e-02	0.0000000000000000e+00	1.1070175776062285e-08
1.1536626355682500e-02	0.0000000000000000e+00	1.0003593065022187e-08
1.1554079648202500e-02	0.0000000000000000e+00	8.7485361177641607e-09
1.1571532940722400e-02	0.0000000000000000e+00	5.2725099841666179e-09
1.1588986233242300e-02	0.0000000000000000e+00	2.6206754544233490e-09
1.1606439525762300e-02	0.0000000000000000e+00	2.6562424482179381e-09
1.1623892818282199e-02	0.0000000000000000e+00	3.2433566943268488e-10
1.1641346110802199e-02	0.0000000000000000e+00	2.0400018341248938e-09
1.1658799403322101e-02	0.0000000000000000e+00	4.9101740451362730e-09
1.1676252695842101e-02	0.0000000000000000e+00	6.5037949470436729e-09
1.1693705988362000e-02	0.0000000000000000e+00	7.9185347168220233e-09
1.1711159280882000e-02	0.0000000000000000e+00	9.3285333901960144e-09
1.1728612573401900e-02	0.0000000000000000e+00	1.0777939318806773e-08
1.1746065865921800e-02	0.0000000000000000e+00	1.2078737898768566e-08
1.1763519158441800e-02	0.0000000000000000e+00	1.2919977088188261e-08
1.1780972450961699e-02	0.0000000000000000e+00	1.5403849085160459e-08
1.1798425743481699e-02	0.0000000000000000e+00	2.0146750157046256e-08
1.1815879036001601e-02	0.0000000000000000e+00	2.4985603475080609e-08
1.1833332328521601e-02	0.0000000000000000e+00	2.8853278211116162e-08
1.1850785621041500e-02	0.0000000000000000e+00	3.2646105374567469e-08
1.1868238913561400e-02	0.0000000000000000e+00	3.3890361184063522e-08
1.1885692206081400e-02	0.0000000000000000e+00	3.1747190654130009e-08
1.1903145498601300e-02	0.0000000000000000e+00	2.9504831466908854e-08
1.1920598791121300e-02	0.0000000000000000e+00	2.7075554798194901e-08
1.1938052083641199e-02	0.0000000000000000e+00	2.5610318421520617e-08
1.1955505376161199e-02	0.0000000000000000e+00	8.1415330033252076e-09
1.1972958668681101e-02	0.0000000000000000e+00	5.5504706386599878e-09
1.1990411961201000e-02	0.0000000000000000e+00	3.7998814095274724e-09
1.2007865253721000e-02	0.0000000000000000e+00	5.3561094448539848e-09
1.2025318546240900e-02	0.0000000000000000e+00	6.9919394718453987e-09
1.2042771838760900e-02	0.0000000000000000e+00	9.4548486817558341e-09
1.2060225131280800e-02	0.0000000000000000e+00	1.2362543766464285e-08
1.2077678423800800e-02	0.0000000000000000e+00	1.4564442651909815e-08
1.2095131716320699e-02	0.0000000000000000e+00	1.3566159640099329e-08
1.2112585008840600e-02	0.0000000000000000e+00	1.2230709556249053e-08
1.2130038301360601e-02	0.0000000000000000e+00	9.0782332762273654e-09
1.2147491593880500e-02	0.0000000000000000e+00	4.2568335523185397e-09
1.2164944886400500e-02	0.0000000000000000e+00	3.0257969463320933e-09
1.2182398178920400e-02	0.0000000000000000e+00	6.8172909539754301e-09
1.2199851471440400e-02	0.0000000000000000e+00	5.9169010802051503e-09
1.2217304763960300e-02	0.0000000000000000e+00	1.3273948606951080e-09
1.2234758056480201e-02	0.0000000000000000e+00	3.5535674403064377e-10
1.2252211349000199e-02	0.0000000000000000e+00	5.7241644757510812e-10
1.2269664641520101e-02	0.0000000000000000e+00	7.7356321348531765e-10
1.2287117934040101e-02	0.0000000000000000e+00	6.0479388164225156e-10
1.2304571226560000e-02	0.0000000000000000e+00	9.9008024001534523e-11
1.2322024519080000e-02	0.0000000000000000e+00	7.6483597233334422e-10
1.2339477811599900e-02	0.0000000000000000e+00	8.0916462419367008e-10
1.2356931104119900e-02	0.0000000000000000e+00	4.4196027948473215e-09
1.2374384396639800e-02	0.0000000000000000e+00	6.7808463288798748e-09
1.2391837689159701e-02	0.0000000000000000e+00	8.9038266759544626e-09
1.2409290981679699e-02	0.0000000000000000e+00	1.1007336930823897e-08
1.2426744274199601e-02	0.0000000000000000e+00	1.3000027609955112e-08
1.2444197566719601e-02	0.0000000000000000e+00	1.4975122142324437e-08
1.2461650859239500e-02	0.0000000000000000e+00	1.6578640571474068e-08
1.2479104151759500e-02	0.0000000000000000e+00	1.8043768368336544e-08
1.2496557444279400e-02	0.0000000000000000e+00	1.9215300461894458e-08
1.2514010736799299e-02	0.0000000000000000e+00	1.8771876608703053e-08
1.2531464029319300e-02	0.0000000000000000e+00	1.6606211961089912e-08
1.2548917321839201e-02	0.0000000000000000e+00	1.3728982173333293e-08
1.2566370614359199e-02	0.0000000000000000e+00	1.5712230183595466e-08
1.2583823906879101e-02	0.0000000000000000e+00	1.7686296760466291e-08
1.2601277199399101e-02	0.0000000000000000e+00	2.0136785794377943e-08
1.2618730491919000e-02	0.0000000000000000e+00	2.2129279964033799e-08
1.2636183784438900e-02	0.0000000000000000e+00	2.4135635046107495e-08
1.2653637076958900e-02	0.0000000000000000e+00	8.4240696640591750e-09
1.2671090369478799e-02	0.0000000000000000e+00	8.1729222278781322e-09
1.2688543661998800e-02	0.0000000000000000e+00	9.0034921740311802e-09
1.2705996954518701e-02	0.0000000000000000e+00	9.0676076647255854e-09
1.2723450247038699e-02	0.0000000000000000e+00	9.7057353265483925e-09
1.2740903539558601e-02	0.0000000000000000e+00	1.0531379324163481e-08
1.2758356832078500e-02	0.0000000000000000e+00	1.1088361895339460e-08
1.2775810124598500e-02	0.0000000000000000e+00	1.2442616492691627e-08
1.2793263417118400e-02	0.0000000000000000e+00	1.2226164747275448e-08
1.2810716709638400e-02	0.0000000000000000e+00	1.2619591593932000e-08
1.2828170002158299e-02	0.0000000000000000e+00	1.3141489674239892e-08
1.2845623294678300e-02	0.0000000000000000e+00	8.8500576866934466e-09
1.2863076587198201e-02	0.0000000000000000e+00	5.3801810784293025e-09
1.2880529879718199e-02	0.0000000000000000e+00	5.5315798608290834e-09
1.2897983172238101e-02	0.0000000000000000e+00	4.0334605655445444e-09
1.2915436464758000e-02	0.0000000000000000e+00	2.1155093232749778e-09
1.2932889757278000e-02	0.0000000000000000e+00	8.5825957452101420e-10
1.2950343049797900e-02	0.0000000000000000e+00	3.6343583698084103e-10
1.2967796342317900e-02	0.0000000000000000e+00	1.5229995042886912e-10
1.2985249634837799e-02	0.0000000000000000e+00	7.5107475794311540e-11
1.3002702927357800e-02	0.0000000000000000e+00	7.2496197933702433e-10
1.3020156219877701e-02	0.0000000000000000e+00	1.4895126243530399e-09
1.3037609512397600e-02	0.0000000000000000e+00	3.0605539214079158e-09
1.3055062804917601e-02	0.0000000000000000e+00	6.4855198989022256e-09
1.3072516097437500e-02	0.0000000000000000e+00	7.9714352896331775e-09
1.3089969389957500e-02	0.0000000000000000e+00	9.4650576265564723e-09
1.3107422682477400e-02	0.0000000000000000e+00	1.0812017836592247e-08
1.3124875974997400e-02	0.0000000000000000e+00	1.1392999210713128e-08
1.3142329267517299e-02	0.0000000000000000e+00	1.1840201041835030e-08
1.3159782560037201e-02	0.0000000000000000e+00	1.1984453096580694e-08
1.3177235852557199e-02	0.0000000000000000e+00	1.4313720320124901e-08
1.3194689145077100e-02	0.0000000000000000e+00	1.8243468513645666e-08
1.3212142437597101e-02	0.0000000000000000e+00	2.2203951233201735e-08
1.3229595730117000e-02	0.0000000000000000e+00	2.5661540559163143e-08
1.3247049022637000e-02	0.0000000000000000e+00	2.8727390022353916e-08
1.3264502315156900e-02	0.0000000000000000e+00	2.7842742222894401e-08
1.3281955607676799e-02	0.0000000000000000e+00	2.6709375045008699e-08
1.3299408900196799e-02	0.0000000000000000e+00	2.5339340181673720e-08
1.3316862192716701e-02	0.0000000000000000e+00	2.4173175461328356e-08
1.3334315485236699e-02	0.0000000000000000e+00	2.2731235782558201e-08
1.3351768777756600e-02	0.0000000000000000e+00	3.1008380307895322e-09
1.3369222070276601e-02	0.0000000000000000e+00	1.6858489049198511e-09
1.3386675362796500e-02	0.0000000000000000e+00	2.0620849472408054e-10
1.3404128655316400e-02	0.0000000000000000e+00	1.6276838765705293e-09
1.3421581947836400e-02	0.0000000000000000e+00	4.1633739789048718e-09
1.3439035240356299e-02	0.0000000000000000e+00	2.2098939345127633e-09
1.3456488532876299e-02	0.0000000000000000e+00	3.7009975084600910e-09
1.3473941825396201e-02	0.0000000000000000e+00	6.8421603938162434e-09
1.3491395117916199e-02	0.0000000000000000e+00	7.3147061740996833e-09
1.3508848410436100e-02	0.0000000000000000e+00	7.5265015331282825e-09
1.3526301702956101e-02	0.0000000000000000e+00	8.7034115470174811e-09
1.3543754995476000e-02	0.0000000000000000e+00	8.0329850549176740e-09
1.3561208287995900e-02	0.0000000000000000e+00	4.6647649076803077e-09
1.3578661580515900e-02	0.0000000000000000e+00	1.8974802840077132e-09
1.3596114873035799e-02	0.0000000000000000e+00	3.8552105952049942e-10
1.3613568165555799e-02	0.0000000000000000e+00	1.4031368289479929e-09
1.3631021458075701e-02	0.0000000000000000e+00	2.5322982599718102e-09
1.3648474750595699e-02	0.0000000000000000e+00	2.6503290673218771e-09
1.3665928043115600e-02	0.0000000000000000e+00	1.4008916249252934e-10
1.3683381335635500e-02	0.0000000000000000e+00	3.3440117341854148e-10
1.3700834628155500e-02	0.0000000000000000e+00	8.6998519499559279e-11
1.3718287920675400e-02	0.0000000000000000e+00	7.3495631802700245e-10
1.3735741213195400e-02	0.0000000000000000e+00	9.7930974440885166e-10
1.3753194505715299e-02	0.0000000000000000e+00	3.3049019076969444e-09
1.3770647798235299e-02	0.0000000000000000e+00	4.4680557031995249e-09
1.3788101090755201e-02	0.0000000000000000e+00	5.8984638284798052e-09
1.3805554383275100e-02	0.0000000000000000e+00	7.6462184361858476e-09
1.3823007675795100e-02	0.0000000000000000e+00	9.2135330476139643e-09
1.3840460968315000e-02	0.0000000000000000e+00	1.0905932046334499e-08
1.3857914260835000e-02	0.0000000000000000e+00	1.2656072856387368e-08
1.3875367553354900e-02	0.0000000000000000e+00	1.4352016686203228e-08
1.3892820845874900e-02	0.0000000000000000e+00	1.5708951806026050e-08
1.3910274138394799e-02	0.0000000000000000e+00	1.5239862483085176e-08
1.3927727430914701e-02	0.0000000000000000e+00	1.2742731980708299e-08
1.3945180723434701e-02	0.0000000000000000e+00	9.8314794083620427e-09
1.3962634015954600e-02	0.0000000000000000e+00	1.1335087757302631e-08
1.3980087308474600e-02	0.0000000000000000e+00	1.2803830218288681e-08
1.3997540600994500e-02	0.0000000000000000e+00	1.4051078411903006e-08
1.4014993893514500e-02	0.0000000000000000e+00	1.5307226153282727e-08
1.4032447186034400e-02	0.0000000000000000e+00	1.6070708652726751e-08
1.4049900478554400e-02	0.0000000000000000e+00	7.7203874404574435e-09
1.4067353771074299e-02	0.0000000000000000e+00	6.7361132227716780e-09
1.4084807063594201e-02	0.0000000000000000e+00	6.1628334657726214e-09
1.4102260356114201e-02	0.0000000000000000e+00	5.2580231280074941e-09
1.4119713648634100e-02	0.0000000000000000e+00	3.6579475004572259e-09
1.4137166941154100e-02	0.0000000000000000e+00	2.2658761533733696e-09
1.4154620233674000e-02	0.0000000000000000e+00	4.0802670131512286e-09
1.4172073526194000e-02	0.0000000000000000e+00	7.8613965337481773e-09
1.4189526818713900e-02	0.0000000000000000e+00	8.2170558135530314e-09
1.4206980111233799e-02	0.0000000000000000e+00	9.4011953777339841e-09
1.4224433403753799e-02	0.0000000000000000e+00	1.0980121367687445e-08
1.4241886696273701e-02	0.0000000000000000e+00	8.8629836803022499e-09
1.4259339988793701e-02	0.0000000000000000e+00	4.7265414915287352e-09
1.4276793281313600e-02	0.0000000000000000e+00	3.2541839223299007e-09
1.4294246573833600e-02	0.0000000000000000e+00	3.4140541504967814e-09
1.4311699866353500e-02	0.0000000000000000e+00	1.6395740320973573e-09
1.4329153158873400e-02	0.0000000000000000e+00	3.7749081638338566e-10
1.4346606451393400e-02	0.0000000000000000e+00	2.7361390930735752e-10
1.4364059743913299e-02	0.0000000000000000e+00	2.1711576980720793e-09
1.4381513036433299e-02	0.0000000000000000e+00	2.8711344413068218e-09
1.4398966328953201e-02	0.0000000000000000e+00	2.4553187261133758e-09
1.4416419621473201e-02	0.0000000000000000e+00	2.7710850281081889e-09
1.4433872913993100e-02	0.0000000000000000e+00	2.9388760314219553e-09
1.4451326206513000e-02	0.0000000000000000e+00	3.1699921576588963e-09
1.4468779499033000e-02	0.0000000000000000e+00	2.0200237038636715e-09
1.4486232791552900e-02	0.0000000000000000e+00	9.5989527437723154e-10
1.4503686084072900e-02	0.0000000000000000e+00	2.8810065444417887e-11
1.4521139376592799e-02	0.0000000000000000e+00	8.0314088712896137e-10
1.4538592669112799e-02	0.0000000000000000e+00	1.4349941235280994e-09
1.4556045961632701e-02	0.0000000000000000e+00	2.1721126008955594e-09
1.4573499254152701e-02	0.0000000000000000e+00	3.1159972380123691e-09
1.4590952546672600e-02	0.0000000000000000e+00	3.8017790027211618e-09
1.4608405839192500e-02	0.0000000000000000e+00	4.4300020318743805e-09
1.4625859131712500e-02	0.0000000000000000e+00	6.8766357053107185e-09
1.4643312424232400e-02	0.0000000000000000e+00	1.1704755387142995e-08
1.4660765716752400e-02	0.0000000000000000e+00	1.4879006804413564e-08
1.4678219009272299e-02	0.0000000000000000e+00	1.4357549704691053e-08
1.4695672301792299e-02	0.0000000000000000e+00	1.4223060840201640e-08
1.4713125594312201e-02	0.0000000000000000e+00	1.3240955887283690e-08
1.4730578886832100e-02	0.0000000000000000e+00	1.2188182019201577e-08
1.4748032179352100e-02	0.0000000000000000e+00	1.6007537517737092e-09
1.4765485471872000e-02	0.0000000000000000e+00	8.3218831825604411e-10
1.4782938764392000e-02	0.0000000000000000e+00	1.2612255684274487e-09
1.4800392056911900e-02	0.0000000000000000e+00	2.2145582034838185e-09
1.4817845349431900e-02	0.0000000000000000e+00	2.0856844029637500e-09
1.4835298641951799e-02	0.0000000000000000e+00	6.5099390322842510e-09
1.4852751934471701e-02	0.0000000000000000e+00	1.0227325764056161e-08
1.4870205226991701e-02	0.0000000000000000e+00	1.2701876994647421e-08
1.4887658519511600e-02	0.0000000000000000e+00	1.2995278075855765e-08
1.4905111812031600e-02	0.0000000000000000e+00	1.3271473364717679e-08
1.4922565104551500e-02	0.0000000000000000e+00	1.2841710361755077e-08
1.4940018397071500e-02	0.0000000000000000e+00	7.8297172079189181e-09
1.4957471689591400e-02	0.0000000000000000e+00	5.2836046648963020e-10
1.4974924982111301e-02	0.0000000000000000e+00	1.3944968513257550e-09
1.4992378274631299e-02	0.0000000000000000e+00	1.6208232533898581e-09
1.5009831567151201e-02	0.0000000000000000e+00	4.3749187605968132e-09
1.5027284859671201e-02	0.0000000000000000e+00	6.4456582293814790e-09
1.5044738152191100e-02	0.0000000000000000e+00	2.6910269568247713e-09
1.5062191444711100e-02	0.0000000000000000e+00	3.5294387412676542e-09
1.5079644737231000e-02	0.0000000000000000e+00	6.9273726754914833e-09
1.5097098029750899e-02	0.0000000000000000e+00	9.1088132592176407e-09
1.5114551322270900e-02	0.0000000000000000e+00	1.1705390989824593e-08
1.5132004614790801e-02	0.0000000000000000e+00	1.5426259269979425e-08
1.5149457907310799e-02	0.0000000000000000e+00	1.9667959261226997e-08
1.5166911199830701e-02	0.0000000000000000e+00	1.7375781369288745e-08
1.5184364492350701e-02	0.0000000000000000e+00	1.4988259189330222e-08
1.5201817784870600e-02	0.0000000000000000e+00	1.2720392406073699e-08
1.5219271077390600e-02	0.0000000000000000e+00	1.0730259458746616e-08
1.5236724369910500e-02	0.0000000000000000e+00	8.6323230785723126e-09
1.5254177662430399e-02	0.0000000000000000e+00	6.8110349582539698e-09
1.5271630954950400e-02	0.0000000000000000e+00	7.1255484845877959e-09
1.5289084247470301e-02	0.0000000000000000e+00	9.3251989463638552e-09
1.5306537539990299e-02	0.0000000000000000e+00	1.1157404777861757e-08
1.5323990832510201e-02	0.0000000000000000e+00	1.2865357001956568e-08
1.5341444125030201e-02	0.0000000000000000e+00	1.4248730417776301e-08
1.5358897417550100e-02	0.0000000000000000e+00	1.1975540892272818e-08
1.5376350710070000e-02	0.0000000000000000e+00	8.5785341052968533e-09
1.5393804002590000e-02	0.0000000000000000e+00	5.5359326012194288e-09
1.5411257295109899e-02	0.0000000000000000e+00	2.0376278442313378e-09
1.5428710587629900e-02	0.0000000000000000e+00	1.4095203892949826e-09
1.5446163880149801e-02	0.0000000000000000e+00	1.3222649641875250e-08
1.5463617172669799e-02	0.0000000000000000e+00	1.1535870259038461e-08
1.5481070465189701e-02	0.0000000000000000e+00	1.0500612934727371e-08
1.5498523757709600e-02	0.0000000000000000e+00	9.7575738600141904e-09
1.5515977050229600e-02	0.0000000000000000e+00	7.5845522085060679e-09
1.5533430342749500e-02	0.0000000000000000e+00	6.4920380182797999e-09
1.5550883635269500e-02	0.0000000000000000e+00	7.5002891675168826e-09
1.5568336927789399e-02	0.0000000000000000e+00	9.2374548010809576e-09
1.5585790220309400e-02	0.0000000000000000e+00	9.8380422697275094e-09
1.5603243512829299e-02	0.0000000000000000e+00	1.0189814880767756e-08
1.5620696805349200e-02	0.0000000000000000e+00	1.0870289668396538e-08
1.5638150097869199e-02	0.0000000000000000e+00	6.5819125705246506e-09
1.5655603390389100e-02	0.0000000000000000e+00	1.8706290960679439e-09
1.5673056682909099e-02	0.0000000000000000e+00	2.4122660535752516e-09
1.5690509975429000e-02	0.0000000000000000e+00	2.7574132976937449e-09
1.5707963267949002e-02	0.0000000000000000e+00	1.7450365596971551e-09
1.5725416560468899e-02	0.0000000000000000e+00	2.1609265488109486e-09
1.5742869852988801e-02	0.0000000000000000e+00	3.9605616564131196e-09
1.5760323145508799e-02	0.0000000000000000e+00	9.6859648079927751e-09
1.5777776438028700e-02	0.0000000000000000e+00	1.2328988274745711e-08
1.5795229730548699e-02	0.0000000000000000e+00	1.4296006378700099e-08
1.5812683023068600e-02	0.0000000000000000e+00	1.7615787162306162e-08
1.5830136315588599e-02	0.0000000000000000e+00	2.1089524460116138e-08
1.5847589608108500e-02	0.0000000000000000e+00	2.9982168969766576e-08
1.5865042900628502e-02	0.0000000000000000e+00	2.8736533930207031e-08
1.5882496193148399e-02	0.0000000000000000e+00	2.7826821513698974e-08
1.5899949485668301e-02	0.0000000000000000e+00	2.7242898936741256e-08
1.5917402778188299e-02	0.0000000000000000e+00	2.6634582761531078e-08
1.5934856070708200e-02	0.0000000000000000e+00	2.6112928708243999e-08
1.5952309363228199e-02	0.0000000000000000e+00	2.6009895681688988e-08
1.5969762655748100e-02	0.0000000000000000e+00	2.5611439413708581e-08
1.5987215948268099e-02	0.0000000000000000e+00	2.4411972665561166e-08
1.6004669240788000e-02	0.0000000000000000e+00	2.1126651317260325e-08
1.6022122533307901e-02	0.0000000000000000e+00	1.6846399275571855e-08
1.6039575825827899e-02	0.0000000000000000e+00	1.1872179572769426e-08
1.6057029118347801e-02	0.0000000000000000e+00	9.0827664278592124e-09
1.6074482410867799e-02	0.0000000000000000e+00	9.5857773940721813e-09
1.6091935703387700e-02	0.0000000000000000e+00	9.4982782750108186e-09
1.6109388995907699e-02	0.0000000000000000e+00	9.2183864985884156e-09
1.6126842288427600e-02	0.0000000000000000e+00	8.7443576823886815e-09
1.6144295580947501e-02	0.0000000000000000e+00	5.5244140373389428e-09
1.6161748873467500e-02	0.0000000000000000e+00	4.4072110405579679e-09
1.6179202165987401e-02	0.0000000000000000e+00	2.9039167737110461e-09
1.6196655458507399e-02	0.0000000000000000e+00	1.2390194426004086e-09
1.6214108751027301e-02	0.0000000000000000e+00	9.4090513158562317e-11
1.6231562043547299e-02	0.0000000000000000e+00	9.3183227800608392e-10
1.6249015336067200e-02	0.0000000000000000e+00	4.0288261615728516e-09
1.6266468628587199e-02	0.0000000000000000e+00	5.1852943050434419e-09
1.6283921921107100e-02	0.0000000000000000e+00	5.9069586999527246e-09
1.6301375213627001e-02	0.0000000000000000e+00	6.7002305925711880e-09
1.6318828506147000e-02	0.0000000000000000e+00	7.6640445101361365e-09
1.6336281798666901e-02	0.0000000000000000e+00	5.0302588761041989e-09
1.6353735091186899e-02	0.0000000000000000e+00	5.9715465905441079e-10
1.6371188383706801e-02	0.0000000000000000e+00	2.0402415312759103e-09
1.6388641676226799e-02	0.0000000000000000e+00	2.9431131975954372e-09
1.6406094968746700e-02	0.0000000000000000e+00	5.9674186703162491e-09
1.6423548261266602e-02	0.0000000000000000e+00	8.1572143484365256e-09
1.6441001553786600e-02	0.0000000000000000e+00	8.8284622945522528e-09
1.6458454846306501e-02	0.0000000000000000e+00	1.0202862665842360e-08
1.6475908138826500e-02	0.0000000000000000e+00	1.4027968564533921e-08
1.6493361431346401e-02	0.0000000000000000e+00	1.6143247294486684e-08
1.6510814723866400e-02	0.0000000000000000e+00	1.6078823827925248e-08
1.6528268016386301e-02	0.0000000000000000e+00	1.8083550989977937e-08
1.6545721308906199e-02	0.0000000000000000e+00	2.6856881718551051e-08
1.6563174601426200e-02	0.0000000000000000e+00	2.8187088885189837e-08
1.6580627893946102e-02	0.0000000000000000e+00	2.9404110812869533e-08
1.6598081186466100e-02	0.0000000000000000e+00	3.0262921280055366e-08
1.6615534478986001e-02	0.0000000000000000e+00	3.0946655238395238e-08
1.6632987771506000e-02	0.0000000000000000e+00	3.1342643813658810e-08
1.6650441064025901e-02	0.0000000000000000e+00	3.1720231774556851e-08
1.6667894356545799e-02	0.0000000000000000e+00	3.2213822387383573e-08
1.6685347649065801e-02	0.0000000000000000e+00	3.2212723599656101e-08
1.6702800941585699e-02	0.0000000000000000e+00	3.3901920493129012e-08
1.6720254234105700e-02	0.0000000000000000e+00	3.6664352442983272e-08
1.6737707526625598e-02	0.0000000000000000e+00	4.0280349389298920e-08
1.6755160819145600e-02	0.0000000000000000e+00	3.9369956739143674e-08
1.6772614111665501e-02	0.0000000000000000e+00	3.8798185553190478e-08
1.6790067404185399e-02	0.0000000000000000e+00	3.8732015372744399e-08
1.6807520696705401e-02	0.0000000000000000e+00	3.7592277735143398e-08
1.6824973989225299e-02	0.0000000000000000e+00	3.6066875486184813e-08
1.6842427281745301e-02	0.0000000000000000e+00	4.0473018270148486e-09
1.6859880574265199e-02	0.0000000000000000e+00	2.9455872185835119e-09
1.6877333866785200e-02	0.0000000000000000e+00	6.6570460255377384e-10
1.6894787159305098e-02	0.0000000000000000e+00	2.6257629404113914e-09
1.6912240451825100e-02	0.0000000000000000e+00	7.3354378127277187e-10
1.6929693744345001e-02	0.0000000000000000e+00	4.0571066506345232e-09
1.6947147036864899e-02	0.0000000000000000e+00	7.7876395332410198e-09
1.6964600329384901e-02	0.0000000000000000e+00	1.0466942090836540e-08
1.6982053621904799e-02	0.0000000000000000e+00	1.1488132889425628e-08
1.6999506914424801e-02	0.0000000000000000e+00	9.4386894966547175e-09
1.7016960206944699e-02	0.0000000000000000e+00	8.1054171152672438e-09
1.7034413499464700e-02	0.0000000000000000e+00	1.9697867781331979e-09
1.7051866791984598e-02	0.0000000000000000e+00	6.7219875221624648e-09
1.7069320084504500e-02	0.0000000000000000e+00	8.8912672779883906e-09
1.7086773377024501e-02	0.0000000000000000e+00	9.8006677218265281e-09
1.7104226669544399e-02	0.0000000000000000e+00	1.0182299337024858e-08
1.7121679962064401e-02	0.0000000000000000e+00	1.0646317272211547e-08
1.7139133254584299e-02	0.0000000000000000e+00	9.5036994940400632e-09
1.7156586547104301e-02	0.0000000000000000e+00	7.7096662387532433e-09
1.7174039839624199e-02	0.0000000000000000e+00	5.0301554033183038e-09
1.7191493132144100e-02	0.0000000000000000e+00	1.5467443992278618e-09
1.7208946424664098e-02	0.0000000000000000e+00	2.0333591477239565e-09
1.7226399717184000e-02	0.0000000000000000e+00	6.7336066722489818e-09
1.7243853009704001e-02	0.0000000000000000e+00	1.4404419323987838e-08
1.7261306302223899e-02	0.0000000000000000e+00	1.4726826647049052e-08
1.7278759594743901e-02	0.0000000000000000e+00	1.4757826627409543e-08
1.7296212887263799e-02	0.0000000000000000e+00	1.4448641949549312e-08
1.7313666179783700e-02	0.0000000000000000e+00	1.4169349027426392e-08
1.7331119472303699e-02	0.0000000000000000e+00	1.4204837417430838e-08
1.7348572764823600e-02	0.0000000000000000e+00	1.4303969120277316e-08
1.7366026057343598e-02	0.0000000000000000e+00	1.4488026334191773e-08
1.7383479349863500e-02	0.0000000000000000e+00	1.5028730815380698e-08
1.7400932642383501e-02	0.0000000000000000e+00	1.5197015756918120e-08
1.7418385934903399e-02	0.0000000000000000e+00	1.2383134628812797e-08
1.7435839227423401e-02	0.0000000000000000e+00	8.5276690153790469e-09
1.7453292519943299e-02	0.0000000000000000e+00	8.2806083101516492e-09
1.7470745812463200e-02	0.0000000000000000e+00	9.8040329188364694e-09
1.7488199104983199e-02	0.0000000000000000e+00	1.0577325570970686e-08
1.7505652397503100e-02	0.0000000000000000e+00	1.1189575044312505e-08
1.7523105690023098e-02	0.0000000000000000e+00	1.1013370215806617e-08
1.7540558982543000e-02	0.0000000000000000e+00	4.6672365972000307e-09
1.7558012275063001e-02	0.0000000000000000e+00	4.0066276962846814e-09
1.7575465567582899e-02	0.0000000000000000e+00	2.4771100726184159e-09
1.7592918860102801e-02	0.0000000000000000e+00	6.3073823941550700e-10
1.7610372152622799e-02	0.0000000000000000e+00	1.6466001895310001e-09
1.7627825445142700e-02	0.0000000000000000e+00	1.4082869315146240e-09
1.7645278737662699e-02	0.0000000000000000e+00	4.1506472703289887e-09
1.7662732030182600e-02	0.0000000000000000e+00	8.7552423089221065e-09
1.7680185322702598e-02	0.0000000000000000e+00	9.9044461521202720e-09
1.7697638615222500e-02	0.0000000000000000e+00	9.7973835710973844e-09
1.7715091907742401e-02	0.0000000000000000e+00	1.0663387395304369e-08
1.7732545200262399e-02	0.0000000000000000e+00	1.1459300841565323e-08
1.7749998492782301e-02	0.0000000000000000e+00	9.3287092495231150e-09
1.7767451785302299e-02	0.0000000000000000e+00	5.1292398106639325e-09
1.7784905077822200e-02	0.0000000000000000e+00	3.9929147765960238e-09
1.7802358370342199e-02	0.0000000000000000e+00	3.0445543863777402e-09
1.7819811662862100e-02	0.0000000000000000e+00	7.0357619730287979e-10
1.7837264955382001e-02	0.0000000000000000e+00	9.2041707588919053e-11
1.7854718247902000e-02	0.0000000000000000e+00	7.6225292744425133e-10
1.7872171540421901e-02	0.0000000000000000e+00	3.5565179690166815e-09
1.7889624832941899e-02	0.0000000000000000e+00	2.4000487153230665e-09
1.7907078125461801e-02	0.0000000000000000e+00	1.8858216099815195e-09
1.7924531417981799e-02	0.0000000000000000e+00	2.4882695903727381e-09
1.7941984710501700e-02	0.0000000000000000e+00	3.7681328057814767e-09
1.7959438003021699e-02	0.0000000000000000e+00	5.2541193618083071e-09
1.7976891295541600e-02	0.0000000000000000e+00	6.4831376933582874e-09
1.7994344588061501e-02	0.0000000000000000e+00	7.4213923895172229e-09
1.8011797880581500e-02	0.0000000000000000e+00	7.7674116027992568e-09
1.8029251173101401e-02	0.0000000000000000e+00	7.8412388804238731e-09
1.8046704465621399e-02	0.0000000000000000e+00	7.9075467285250056e-09
1.8064157758141301e-02	0.0000000000000000e+00	8.5851936670877649e-09
1.8081611050661299e-02	0.0000000000000000e+00	9.8259351766216696e-09
1.8099064343181200e-02	0.0000000000000000e+00	1.0677566053551857e-08
1.8116517635701102e-02	0.0000000000000000e+00	1.2020175077509521e-08
1.8133970928221100e-02	0.0000000000000000e+00	1.4791062263874721e-08
1.8151424220741001e-02	0.0000000000000000e+00	1.8501577936369529e-08
1.8168877513261000e-02	0.0000000000000000e+00	1.7643505767495071e-08
1.8186330805780901e-02	0.0000000000000000e+00	1.7261779561295043e-08
1.8203784098300899e-02	0.0000000000000000e+00	1.6832196858551640e-08
1.8221237390820801e-02	0.0000000000000000e+00	1.6163442362326919e-08
1.8238690683340698e-02	0.0000000000000000e+00	1.5605705616650312e-09
1.8256143975860700e-02	0.0000000000000000e+00	8.5968498986233044e-10
1.8273597268380602e-02	0.0000000000000000e+00	1.2689013173527997e-09
1.8291050560900600e-02	0.0000000000000000e+00	1.9832443465261917e-09
1.8308503853420501e-02	0.0000000000000000e+00	5.1946230650301572e-09
1.8325957145940500e-02	0.0000000000000000e+00	8.6862524950603870e-09
1.8343410438460401e-02	0.0000000000000000e+00	1.1808915512112605e-08
1.8360863730980299e-02	0.0000000000000000e+00	1.4053206265352003e-08
1.8378317023500301e-02	0.0000000000000000e+00	1.2694424733616927e-08
1.8395770316020198e-02	0.0000000000000000e+00	1.2430378726335789e-08
1.8413223608540200e-02	0.0000000000000000e+00	8.0357356324611828e-09
1.8430676901060102e-02	0.0000000000000000e+00	7.9118123164079179e-10
1.8448130193580100e-02	0.0000000000000000e+00	5.6553810523496395e-09
1.8465583486100001e-02	0.0000000000000000e+00	5.2885770207566907e-09
1.8483036778619899e-02	0.0000000000000000e+00	6.8708299050257438e-09
1.8500490071139901e-02	0.0000000000000000e+00	1.0527946403549038e-08
1.8517943363659799e-02	0.0000000000000000e+00	1.2123187342893971e-08
1.8535396656179801e-02	0.0000000000000000e+00	1.2729083675999675e-08
1.8552849948699698e-02	0.0000000000000000e+00	1.6667831559402657e-08
1.8570303241219700e-02	0.0000000000000000e+00	1.9364332803917250e-08
1.8587756533739602e-02	0.0000000000000000e+00	1.8652398070528875e-08
1.8605209826259600e-02	0.0000000000000000e+00	1.9115362182020590e-08
1.8622663118779501e-02	0.0000000000000000e+00	2.0427144864498814e-08
1.8640116411299399e-02	0.0000000000000000e+00	2.6180340673143121e-08
1.8657569703819401e-02	0.0000000000000000e+00	2.5803414738234665e-08
1.8675022996339299e-02	0.0000000000000000e+00	2.5569215855725247e-08
1.8692476288859301e-02	0.0000000000000000e+00	2.5304387141211748e-08
1.8709929581379198e-02	0.0000000000000000e+00	2.5108718548771947e-08
1.8727382873899200e-02	0.0000000000000000e+00	2.4454382407945729e-08
1.8744836166419102e-02	0.0000000000000000e+00	2.3432350282348580e-08
1.8762289458938999e-02	0.0000000000000000e+00	2.2065640314927748e-08
1.8779742751459001e-02	0.0000000000000000e+00	2.0748204265785830e-08
1.8797196043978899e-02	0.0000000000000000e+00	2.0619935536814182e-08
1.8814649336498901e-02	0.0000000000000000e+00	2.2203546778953864e-08
1.8832102629018799e-02	0.0000000000000000e+00	2.5643435597189068e-08
1.8849555921538801e-02	0.0000000000000000e+00	2.4672568099681769e-08
1.8867009214058698e-02	0.0000000000000000e+00	2.2715090364222590e-08
1.8884462506578600e-02	0.0000000000000000e+00	1.9530158601455128e-08
1.8901915799098602e-02	0.0000000000000000e+00	1.7183213740779024e-08
1.8919369091618499e-02	0.0000000000000000e+00	1.4525638580842326e-08
1.8936822384138501e-02	0.0000000000000000e+00	6.4114069608933733e-10
1.8954275676658399e-02	0.0000000000000000e+00	8.6155083067751548e-10
1.8971728969178401e-02	0.0000000000000000e+00	2.0626178542926255e-09
1.8989182261698299e-02	0.0000000000000000e+00	2.7270345981378341e-09
1.9006635554218200e-02	0.0000000000000000e+00	4.5966246364770313e-09
1.9024088846738198e-02	0.0000000000000000e+00	3.6044920381783641e-09
1.9041542139258100e-02	0.0000000000000000e+00	5.0013021501982280e-09
1.9058995431778102e-02	0.0000000000000000e+00	8.0570239369137653e-09
1.9076448724297999e-02	0.0000000000000000e+00	7.2794233973993983e-09
1.9093902016818001e-02	0.0000000000000000e+00	9.2582982391675728e-09
1.9111355309337899e-02	0.0000000000000000e+00	1.1760897811186055e-08
1.9128808601857800e-02	0.0000000000000000e+00	1.2247509006968471e-08
1.9146261894377799e-02	0.0000000000000000e+00	1.3206402527110583e-08
1.9163715186897700e-02	0.0000000000000000e+00	1.2259807835590664e-08
1.9181168479417698e-02	0.0000000000000000e+00	1.0578112497050540e-08
1.9198621771937600e-02	0.0000000000000000e+00	9.6782067915412995e-09
1.9216075064457602e-02	0.0000000000000000e+00	8.8768404848948990e-09
1.9233528356977499e-02	0.0000000000000000e+00	6.3922600546106878e-09
1.9250981649497501e-02	0.0000000000000000e+00	6.0736500273605998e-09
1.9268434942017399e-02	0.0000000000000000e+00	5.7103413109160783e-09
1.9285888234537300e-02	0.0000000000000000e+00	4.4102073104568262e-09
1.9303341527057299e-02	0.0000000000000000e+00	3.2462361687635166e-09
1.9320794819577200e-02	0.0000000000000000e+00	1.7051852152505376e-09
1.9338248112097198e-02	0.0000000000000000e+00	8.3841245057669767e-10
1.9355701404617100e-02	0.0000000000000000e+00	2.3669108895063573e-09
1.9373154697137102e-02	0.0000000000000000e+00	3.8807971280974130e-09
1.9390607989656999e-02	0.0000000000000000e+00	5.5214173233508745e-09
1.9408061282176901e-02	0.0000000000000000e+00	7.1399485213063940e-09
1.9425514574696899e-02	0.0000000000000000e+00	8.6959492939797656e-09
1.9442967867216800e-02	0.0000000000000000e+00	9.9899367667077854e-09
1.9460421159736799e-02	0.0000000000000000e+00	1.0392857796581723e-08
1.9477874452256700e-02	0.0000000000000000e+00	9.6433493412817484e-09
1.9495327744776698e-02	0.0000000000000000e+00	9.0176359712756948e-09
1.9512781037296600e-02	0.0000000000000000e+00	9.1086892473057901e-09
1.9530234329816501e-02	0.0000000000000000e+00	6.9833171467692523e-09
1.9547687622336499e-02	0.0000000000000000e+00	7.1899364240124441e-09
1.9565140914856401e-02	0.0000000000000000e+00	9.2428048548143238e-09
1.9582594207376399e-02	0.0000000000000000e+00	1.0674195083382187e-08
1.9600047499896300e-02	0.0000000000000000e+00	1.2441646157768105e-08
1.9617500792416299e-02	0.0000000000000000e+00	1.4714017115835532e-08
1.9634954084936200e-02	0.0000000000000000e+00	7.8007269532776036e-09
1.9652407377456101e-02	0.0000000000000000e+00	7.0344039482250764e-09
1.9669860669976100e-02	0.0000000000000000e+00	7.0494831083678378e-09
1.9687313962496001e-02	0.0000000000000000e+00	7.1546608637618192e-09
1.9704767255015999e-02	0.0000000000000000e+00	7.8975774808753840e-09
1.9722220547535901e-02	0.0000000000000000e+00	8.8248965912640642e-09
1.9739673840055899e-02	0.0000000000000000e+00	1.0994094190586168e-08
1.9757127132575800e-02	0.0000000000000000e+00	1.2378601699225555e-08
1.9774580425095799e-02	0.0000000000000000e+00	1.1929921939213273e-08
1.9792033717615700e-02	0.0000000000000000e+00	1.2337011967566980e-08
1.9809487010135601e-02	0.0000000000000000e+00	1.3669981702157941e-08
1.9826940302655600e-02	0.0000000000000000e+00	1.3348721572548072e-08
1.9844393595175501e-02	0.0000000000000000e+00	1.0503907410530644e-08
1.9861846887695499e-02	0.0000000000000000e+00	6.8876606640344562e-09
1.9879300180215401e-02	0.0000000000000000e+00	5.8456798290862366e-09
1.9896753472735399e-02	0.0000000000000000e+00	4.5348815813639476e-09
1.9914206765255300e-02	0.0000000000000000e+00	4.2165919644787664e-09
1.9931660057775202e-02	0.0000000000000000e+00	5.0759776382136579e-09
1.9949113350295200e-02	0.0000000000000000e+00	4.0474168461201998e-09
1.9966566642815101e-02	0.0000000000000000e+00	8.4473206207746898e-10
1.9984019935335100e-02	0.0000000000000000e+00	3.9287173514424012e-10
2.0001473227855001e-02	0.0000000000000000e+00	2.6581004064496483e-10
2.0018926520374999e-02	0.0000000000000000e+00	1.4407807169547482e-09
2.0036379812894901e-02	0.0000000000000000e+00	3.2969686980521828e-09
2.0053833105414798e-02	0.0000000000000000e+00	4.1383452220600248e-09
2.0071286397934800e-02	0.0000000000000000e+00	4.7363616362261496e-09
2.0088739690454702e-02	0.0000000000000000e+00	5.3806902267083956e-09
2.0106192982974700e-02	0.0000000000000000e+00	5.8007719738739638e-09
2.0123646275494601e-02	0.0000000000000000e+00	5.6743569842865327e-09
2.0141099568014600e-02	0.0000000000000000e+00	5.3863311588742135e-09
2.0158552860534501e-02	0.0000000000000000e+00	5.0887661862120126e-09
2.0176006153054399e-02	0.0000000000000000e+00	7.4886304934906889e-09
2.0193459445574401e-02	0.0000000000000000e+00	1.1303987301758411e-08
2.0210912738094299e-02	0.0000000000000000e+00	1.4947866611159100e-08
2.0228366030614300e-02	0.0000000000000000e+00	1.8927345801778017e-08
2.0245819323134202e-02	0.0000000000000000e+00	2.0448012727491971e-08
2.0263272615654200e-02	0.0000000000000000e+00	1.8948837610111013e-08
2.0280725908174101e-02	0.0000000000000000e+00	1.7993649570335890e-08
2.0298179200694100e-02	0.0000000000000000e+00	1.6619025378084018e-08
2.0315632493214001e-02	0.0000000000000000e+00	1.5977419720591968e-08
2.0333085785733899e-02	0.0000000000000000e+00	6.2362552899486445e-09
2.0350539078253901e-02	0.0000000000000000e+00	4.7692511051522501e-09
2.0367992370773799e-02	0.0000000000000000e+00	4.2311535386474475e-09
2.0385445663293800e-02	0.0000000000000000e+00	4.3648114012029282e-09
2.0402898955813702e-02	0.0000000000000000e+00	3.5816204446703637e-09
2.0420352248333700e-02	0.0000000000000000e+00	3.7956794374238711e-09
2.0437805540853601e-02	0.0000000000000000e+00	7.1201894380479303e-09
2.0455258833373499e-02	0.0000000000000000e+00	1.0219205370809448e-08
2.0472712125893501e-02	0.0000000000000000e+00	9.1444785077499091e-09
2.0490165418413399e-02	0.0000000000000000e+00	8.1398913165386944e-09
2.0507618710933401e-02	0.0000000000000000e+00	7.0199821511351956e-09
2.0525072003453299e-02	0.0000000000000000e+00	5.4425781659261929e-09
2.0542525295973300e-02	0.0000000000000000e+00	7.2402795980863743e-09
2.0559978588493202e-02	0.0000000000000000e+00	1.0460611155060917e-08
2.0577431881013099e-02	0.0000000000000000e+00	9.5176290182408252e-09
2.0594885173533101e-02	0.0000000000000000e+00	4.2580331482966471e-09
2.0612338466052999e-02	0.0000000000000000e+00	1.8993975281489384e-09
2.0629791758573001e-02	0.0000000000000000e+00	5.7888738247413585e-10
2.0647245051092899e-02	0.0000000000000000e+00	3.4034053353337868e-10
2.0664698343612901e-02	0.0000000000000000e+00	3.3420763934088882e-09
2.0682151636132799e-02	0.0000000000000000e+00	4.5112809043956759e-09
2.0699604928652700e-02	0.0000000000000000e+00	4.0707814896734362e-09
2.0717058221172702e-02	0.0000000000000000e+00	5.1131933131998153e-09
2.0734511513692599e-02	0.0000000000000000e+00	5.2459475652355536e-09
2.0751964806212601e-02	0.0000000000000000e+00	3.5563636480162586e-09
2.0769418098732499e-02	0.0000000000000000e+00	1.8059782558310644e-09
2.0786871391252501e-02	0.0000000000000000e+00	3.0642710591166633e-11
2.0804324683772399e-02	0.0000000000000000e+00	1.2731252718722885e-09
2.0821777976292300e-02	0.0000000000000000e+00	2.9550732971728166e-09
2.0839231268812299e-02	0.0000000000000000e+00	5.2953214035866836e-09
2.0856684561332200e-02	0.0000000000000000e+00	7.4803254701549804e-09
2.0874137853852202e-02	0.0000000000000000e+00	8.5959129814128232e-09
2.0891591146372099e-02	0.0000000000000000e+00	7.1224149911230938e-09
2.0909044438892101e-02	0.0000000000000000e+00	4.4297531198722595e-09
2.0926497731411999e-02	0.0000000000000000e+00	1.7996795165231561e-09
2.0943951023932001e-02	0.0000000000000000e+00	3.2480313993943355e-09
