0.0000000000000000e+00	0.0000000000000000e+00	1.0132500000000000e+05
1.7453292519943300e-05	0.0000000000000000e+00	1.0132501307606892e+05
3.4906585039886600e-05	0.0000000000000000e+00	1.0132504408275633e+05
5.2359877559829903e-05	0.0000000000000000e+00	1.0132508027167269e+05
6.9813170079773199e-05	0.0000000000000000e+00	1.0132510978765054e+05
8.7266462599716496e-05	0.0000000000000000e+00	1.0132512316758808e+05
1.0471975511966000e-04	0.0000000000000000e+00	1.0132511425935045e+05
1.2217304763960301e-04	0.0000000000000000e+00	1.0132508046242368e+05
1.3962634015954599e-04	0.0000000000000000e+00	1.0132502235423874e+05
1.5707963267949001e-04	0.0000000000000000e+00	1.0132494288773173e+05
1.7453292519943299e-04	0.0000000000000000e+00	1.0132484640068561e+05
1.9198621771937600e-04	0.0000000000000000e+00	1.0132473766374728e+05
2.0943951023931999e-04	0.0000000000000000e+00	1.0132462113008004e+05
2.2689280275926300e-04	0.0000000000000000e+00	1.0132450046399691e+05
2.4434609527920601e-04	0.0000000000000000e+00	1.0132437834626305e+05
2.6179938779914903e-04	0.0000000000000000e+00	1.0132425649853649e+05
2.7925268031909301e-04	0.0000000000000000e+00	1.0132413584492804e+05
2.9670597283903603e-04	0.0000000000000000e+00	1.0132401673086238e+05
3.1415926535897898e-04	0.0000000000000000e+00	1.0132389913842754e+05
3.3161255787892303e-04	0.0000000000000000e+00	1.0132378286238411e+05
3.4906585039886598e-04	0.0000000000000000e+00	1.0132366763365877e+05
3.6651914291880900e-04	0.0000000000000000e+00	1.0132355319304485e+05
3.8397243543875201e-04	0.0000000000000000e+00	1.0132343932613150e+05
4.0142572795869599e-04	0.0000000000000000e+00	1.0132332587264509e+05
4.1887902047863901e-04	0.0000000000000000e+00	1.0132321272174976e+05
4.3633231299858202e-04	0.0000000000000000e+00	1.0132309980162061e+05
4.5378560551852601e-04	0.0000000000000000e+00	1.0132298706830127e+05
4.7123889803846902e-04	0.0000000000000000e+00	1.0132287449626012e+05
4.8869219055841203e-04	0.0000000000000000e+00	1.0132276207137841e+05
5.0614548307835602e-04	0.0000000000000000e+00	1.0132264978621276e+05
5.2359877559829903e-04	0.0000000000000000e+00	1.0132253763702446e+05
5.4105206811824204e-04	0.0000000000000000e+00	1.0132242562203445e+05
5.5850536063818505e-04	0.0000000000000000e+00	1.0132231374045269e+05
5.7595865315812904e-04	0.0000000000000000e+00	1.0132220199196735e+05
5.9341194567807205e-04	0.0000000000000000e+00	1.0132209037648860e+05
6.1086523819801496e-04	0.0000000000000000e+00	1.0132197889402519e+05
6.2831853071795905e-04	0.0000000000000000e+00	1.0132186754462798e+05
6.4577182323790196e-04	0.0000000000000000e+00	1.0132175632836559e+05
6.6322511575784497e-04	0.0000000000000000e+00	1.0132164524531334e+05
6.8067840827778798e-04	0.0000000000000000e+00	1.0132153429554957e+05
6.9813170079773197e-04	0.0000000000000000e+00	1.0132142347915348e+05
7.1558499331767498e-04	0.0000000000000000e+00	1.0132131279620512e+05
7.3303828583761799e-04	0.0000000000000000e+00	1.0132120224678435e+05
7.5049157835756198e-04	0.0000000000000000e+00	1.0132109183097159e+05
7.6794487087750499e-04	0.0000000000000000e+00	1.0132098154884722e+05
7.8539816339744800e-04	0.0000000000000000e+00	1.0132087140049173e+05
8.0285145591739199e-04	0.0000000000000000e+00	1.0132076138598594e+05
8.2030474843733500e-04	0.0000000000000000e+00	1.0132065150541057e+05
8.3775804095727801e-04	0.0000000000000000e+00	1.0132054175884664e+05
8.5521133347722102e-04	0.0000000000000000e+00	1.0132043214637536e+05
8.7266462599716501e-04	0.0000000000000000e+00	1.0132032266807774e+05
8.9011791851710802e-04	0.0000000000000000e+00	1.0132021332403533e+05
9.0757121103705104e-04	0.0000000000000000e+00	1.0132010411432943e+05
9.2502450355699502e-04	0.0000000000000000e+00	1.0131999503904178e+05
9.4247779607693804e-04	0.0000000000000000e+00	1.0131988609825402e+05
9.5993108859688105e-04	0.0000000000000000e+00	1.0131977729204793e+05
9.7738438111682406e-04	0.0000000000000000e+00	1.0131966862050550e+05
9.9483767363676805e-04	0.0000000000000000e+00	1.0131956008370874e+05
1.0122909661567101e-03	0.0000000000000000e+00	1.0131945168173984e+05
1.0297442586766500e-03	0.0000000000000000e+00	1.0131934341468102e+05
1.0471975511966000e-03	0.0000000000000000e+00	1.0131923528261467e+05
1.0646508437165401e-03	0.0000000000000000e+00	1.0131912728562320e+05
1.0821041362364800e-03	0.0000000000000000e+00	1.0131901942378917e+05
1.0995574287564300e-03	0.0000000000000000e+00	1.0131891169719520e+05
1.1170107212763701e-03	0.0000000000000000e+00	1.0131880410592418e+05
1.1344640137963100e-03	0.0000000000000000e+00	1.0131869665005874e+05
1.1519173063162600e-03	0.0000000000000000e+00	1.0131858932968187e+05
1.1693705988361999e-03	0.0000000000000000e+00	1.0131848214487660e+05
1.1868238913561400e-03	0.0000000000000000e+00	1.0131837509572595e+05
1.2042771838760900e-03	0.0000000000000000e+00	1.0131826818231313e+05
1.2217304763960299e-03	0.0000000000000000e+00	1.0131816140472128e+05
1.2391837689159700e-03	0.0000000000000000e+00	1.0131805476303377e+05
1.2566370614359201e-03	0.0000000000000000e+00	1.0131794825733390e+05
1.2740903539558599e-03	0.0000000000000000e+00	1.0131784188770520e+05
1.2915436464758000e-03	0.0000000000000000e+00	1.0131773565423113e+05
1.3089969389957501e-03	0.0000000000000000e+00	1.0131762955699523e+05
1.3264502315156899e-03	0.0000000000000000e+00	1.0131752359608117e+05
1.3439035240356300e-03	0.0000000000000000e+00	1.0131741777157247e+05
1.3613568165555801e-03	0.0000000000000000e+00	1.0131731208355306e+05
1.3788101090755199e-03	0.0000000000000000e+00	1.0131720653210660e+05
1.3962634015954600e-03	0.0000000000000000e+00	1.0131710111731685e+05
1.4137166941154101e-03	0.0000000000000000e+00	1.0131699583926778e+05
1.4311699866353500e-03	0.0000000000000000e+00	1.0131689069804324e+05
1.4486232791552900e-03	0.0000000000000000e+00	1.0131678569372724e+05
1.4660765716752401e-03	0.0000000000000000e+00	1.0131668082640365e+05
1.4835298641951800e-03	0.0000000000000000e+00	1.0131657609615655e+05
1.5009831567151201e-03	0.0000000000000000e+00	1.0131647150306993e+05
1.5184364492350699e-03	0.0000000000000000e+00	1.0131636704722785e+05
1.5358897417550100e-03	0.0000000000000000e+00	1.0131626272871443e+05
1.5533430342749501e-03	0.0000000000000000e+00	1.0131615854761368e+05
1.5707963267948999e-03	0.0000000000000000e+00	1.0131605450400981e+05
1.5882496193148400e-03	0.0000000000000000e+00	1.0131595059798696e+05
1.6057029118347801e-03	0.0000000000000000e+00	1.0131584682962911e+05
1.6231562043547299e-03	0.0000000000000000e+00	1.0131574319902058e+05
1.6406094968746700e-03	0.0000000000000000e+00	1.0131563970624543e+05
1.6580627893946101e-03	0.0000000000000000e+00	1.0131553635138771e+05
1.6755160819145599e-03	0.0000000000000000e+00	1.0131543313453173e+05
1.6929693744345000e-03	0.0000000000000000e+00	1.0131533005576159e+05
1.7104226669544401e-03	0.0000000000000000e+00	1.0131522711516127e+05
1.7278759594743899e-03	0.0000000000000000e+00	1.0131512431281510e+05
1.7453292519943300e-03	0.0000000000000000e+00	1.0131502164880697e+05
1.7627825445142699e-03	0.0000000000000000e+00	1.0131491912322106e+05
1.7802358370342200e-03	0.0000000000000000e+00	1.0131481673614138e+05
1.7976891295541600e-03	0.0000000000000000e+00	1.0131471448765193e+05
1.8151424220740999e-03	0.0000000000000000e+00	1.0131461237783686e+05
1.8325957145940500e-03	0.0000000000000000e+00	1.0131451040677994e+05
1.8500490071139900e-03	0.0000000000000000e+00	1.0131440857456511e+05
1.8675022996339299e-03	0.0000000000000000e+00	1.0131430688127632e+05
1.8849555921538800e-03	0.0000000000000000e+00	1.0131420532699737e+05
1.9024088846738201e-03	0.0000000000000000e+00	1.0131410391181207e+05
1.9198621771937599e-03	0.0000000000000000e+00	1.0131400263580418e+05
1.9373154697137100e-03	0.0000000000000000e+00	1.0131390149905729e+05
1.9547687622336499e-03	0.0000000000000000e+00	1.0131380050165506e+05
1.9722220547535902e-03	0.0000000000000000e+00	1.0131369964368112e+05
1.9896753472735400e-03	0.0000000000000000e+00	1.0131359892521895e+05
2.0071286397934799e-03	0.0000000000000000e+00	1.0131349834635189e+05
2.0245819323134202e-03	0.0000000000000000e+00	1.0131339790716342e+05
2.0420352248333700e-03	0.0000000000000000e+00	1.0131329760773676e+05
2.0594885173533099e-03	0.0000000000000000e+00	1.0131319744815506e+05
2.0769418098732502e-03	0.0000000000000000e+00	1.0131309742850147e+05
2.0943951023932000e-03	0.0000000000000000e+00	1.0131299754885912e+05
2.1118483949131399e-03	0.0000000000000000e+00	1.0131289780931083e+05
2.1293016874330802e-03	0.0000000000000000e+00	1.0131279820993946e+05
2.1467549799530201e-03	0.0000000000000000e+00	1.0131269875082785e+05
2.1642082724729699e-03	0.0000000000000000e+00	1.0131259943205843e+05
2.1816615649929102e-03	0.0000000000000000e+00	1.0131250025371404e+05
2.1991148575128501e-03	0.0000000000000000e+00	1.0131240121587692e+05
2.2165681500327999e-03	0.0000000000000000e+00	1.0131230231862942e+05
2.2340214425527402e-03	0.0000000000000000e+00	1.0131220356205374e+05
2.2514747350726801e-03	0.0000000000000000e+00	1.0131210494623195e+05
2.2689280275926299e-03	0.0000000000000000e+00	1.0131200647124609e+05
2.2863813201125698e-03	0.0000000000000000e+00	1.0131190813717782e+05
2.3038346126325101e-03	0.0000000000000000e+00	1.0131180994410900e+05
2.3212879051524599e-03	0.0000000000000000e+00	1.0131171189212108e+05
2.3387411976723998e-03	0.0000000000000000e+00	1.0131161398129555e+05
2.3561944901923401e-03	0.0000000000000000e+00	1.0131151621171368e+05
2.3736477827122899e-03	0.0000000000000000e+00	1.0131141858345649e+05
2.3911010752322298e-03	0.0000000000000000e+00	1.0131132109660507e+05
2.4085543677521701e-03	0.0000000000000000e+00	1.0131122375124016e+05
2.4260076602721200e-03	0.0000000000000000e+00	1.0131112654744249e+05
2.4434609527920598e-03	0.0000000000000000e+00	1.0131102948529250e+05
2.4609142453120001e-03	0.0000000000000000e+00	1.0131093256487045e+05
2.4783675378319500e-03	0.0000000000000000e+00	1.0131083578625672e+05
2.4958208303518898e-03	0.0000000000000000e+00	1.0131073914953101e+05
2.5132741228718301e-03	0.0000000000000000e+00	1.0131064265477336e+05
2.5307274153917800e-03	0.0000000000000000e+00	1.0131054630206311e+05
2.5481807079117198e-03	0.0000000000000000e+00	1.0131045009147991e+05
2.5656340004316601e-03	0.0000000000000000e+00	1.0131035402310292e+05
2.5830872929516100e-03	0.0000000000000000e+00	1.0131025809701114e+05
2.6005405854715499e-03	0.0000000000000000e+00	1.0131016231328345e+05
2.6179938779914902e-03	0.0000000000000000e+00	1.0131006667199843e+05
2.6354471705114400e-03	0.0000000000000000e+00	1.0130997117323450e+05
2.6529004630313799e-03	0.0000000000000000e+00	1.0130987581706987e+05
2.6703537555513202e-03	0.0000000000000000e+00	1.0130978060358253e+05
2.6878070480712700e-03	0.0000000000000000e+00	1.0130968553285027e+05
2.7052603405912099e-03	0.0000000000000000e+00	1.0130959060495059e+05
2.7227136331111502e-03	0.0000000000000000e+00	1.0130949581996081e+05
2.7401669256311000e-03	0.0000000000000000e+00	1.0130940117795795e+05
2.7576202181510399e-03	0.0000000000000000e+00	1.0130930667901888e+05
2.7750735106709802e-03	0.0000000000000000e+00	1.0130921232322020e+05
2.7925268031909300e-03	0.0000000000000000e+00	1.0130911811063820e+05
2.8099800957108699e-03	0.0000000000000000e+00	1.0130902404134907e+05
2.8274333882308102e-03	0.0000000000000000e+00	1.0130893011542851e+05
2.8448866807507600e-03	0.0000000000000000e+00	1.0130883633295220e+05
2.8623399732706999e-03	0.0000000000000000e+00	1.0130874269399530e+05
2.8797932657906402e-03	0.0000000000000000e+00	1.0130864919863293e+05
2.8972465583105901e-03	0.0000000000000000e+00	1.0130855584693990e+05
2.9146998508305299e-03	0.0000000000000000e+00	1.0130846263899060e+05
2.9321531433504698e-03	0.0000000000000000e+00	1.0130836957485920e+05
2.9496064358704201e-03	0.0000000000000000e+00	1.0130827665461969e+05
2.9670597283903599e-03	0.0000000000000000e+00	1.0130818387834562e+05
2.9845130209102998e-03	0.0000000000000000e+00	1.0130809124611039e+05
3.0019663134302501e-03	0.0000000000000000e+00	1.0130799875798683e+05
3.0194196059501899e-03	0.0000000000000000e+00	1.0130790641404795e+05
3.0368728984701298e-03	0.0000000000000000e+00	1.0130781421436582e+05
3.0543261909900801e-03	0.0000000000000000e+00	1.0130772215901269e+05
3.0717794835100200e-03	0.0000000000000000e+00	1.0130763024806033e+05
3.0892327760299598e-03	0.0000000000000000e+00	1.0130753848158012e+05
3.1066860685499101e-03	0.0000000000000000e+00	1.0130744685964323e+05
3.1241393610698500e-03	0.0000000000000000e+00	1.0130735538232033e+05
3.1415926535897898e-03	0.0000000000000000e+00	1.0130726404968194e+05
3.1590459461097401e-03	0.0000000000000000e+00	1.0130717286179814e+05
3.1764992386296800e-03	0.0000000000000000e+00	1.0130708181873860e+05
3.1939525311496198e-03	0.0000000000000000e+00	1.0130699092057273e+05
3.2114058236695701e-03	0.0000000000000000e+00	1.0130690016736969e+05
3.2288591161895100e-03	0.0000000000000000e+00	1.0130680955919807e+05
3.2463124087094499e-03	0.0000000000000000e+00	1.0130671909612614e+05
3.2637657012294001e-03	0.0000000000000000e+00	1.0130662877822174e+05
3.2812189937493400e-03	0.0000000000000000e+00	1.0130653860555265e+05
3.2986722862692799e-03	0.0000000000000000e+00	1.0130644857818588e+05
3.3161255787892301e-03	0.0000000000000000e+00	1.0130635869618828e+05
3.3335788713091700e-03	0.0000000000000000e+00	1.0130626895962616e+05
3.3510321638291099e-03	0.0000000000000000e+00	1.0130617936856569e+05
3.3684854563490602e-03	0.0000000000000000e+00	1.0130608992307223e+05
3.3859387488690000e-03	0.0000000000000000e+00	1.0130600062321118e+05
3.4033920413889399e-03	0.0000000000000000e+00	1.0130591146904725e+05
3.4208453339088902e-03	0.0000000000000000e+00	1.0130582246064482e+05
3.4382986264288300e-03	0.0000000000000000e+00	1.0130573359806783e+05
3.4557519189487699e-03	0.0000000000000000e+00	1.0130564488137975e+05
3.4732052114687202e-03	0.0000000000000000e+00	1.0130555631064369e+05
3.4906585039886600e-03	0.0000000000000000e+00	1.0130546788592238e+05
3.5081117965085999e-03	0.0000000000000000e+00	1.0130537960727792e+05
3.5255650890285502e-03	0.0000000000000000e+00	1.0130529147477217e+05
3.5430183815484901e-03	0.0000000000000000e+00	1.0130520348846650e+05
3.5604716740684299e-03	0.0000000000000000e+00	1.0130511564842153e+05
3.5779249665883698e-03	0.0000000000000000e+00	1.0130502795469796e+05
3.5953782591083201e-03	0.0000000000000000e+00	1.0130494040735555e+05
3.6128315516282599e-03	0.0000000000000000e+00	1.0130485300645382e+05
3.6302848441482102e-03	0.0000000000000000e+00	1.0130476575205178e+05
3.6477381366681501e-03	0.0000000000000000e+00	1.0130467864420793e+05
3.6651914291880900e-03	0.0000000000000000e+00	1.0130459168298022e+05
3.6826447217080398e-03	0.0000000000000000e+00	1.0130450486842633e+05
3.7000980142279801e-03	0.0000000000000000e+00	1.0130441820060313e+05
3.7175513067479200e-03	0.0000000000000000e+00	1.0130433167956733e+05
3.7350045992678598e-03	0.0000000000000000e+00	1.0130424530537488e+05
3.7524578917878101e-03	0.0000000000000000e+00	1.0130415907808133e+05
3.7699111843077500e-03	0.0000000000000000e+00	1.0130407299774158e+05
3.7873644768276998e-03	0.0000000000000000e+00	1.0130398706441023e+05
3.8048177693476401e-03	0.0000000000000000e+00	1.0130390127814120e+05
3.8222710618675800e-03	0.0000000000000000e+00	1.0130381563898794e+05
3.8397243543875199e-03	0.0000000000000000e+00	1.0130373014700331e+05
3.8571776469074701e-03	0.0000000000000000e+00	1.0130364480223972e+05
3.8746309394274100e-03	0.0000000000000000e+00	1.0130355960474885e+05
3.8920842319473499e-03	0.0000000000000000e+00	1.0130347455458202e+05
3.9095375244672997e-03	0.0000000000000000e+00	1.0130338965178984e+05
3.9269908169872400e-03	0.0000000000000000e+00	1.0130330489642257e+05
3.9444441095071803e-03	0.0000000000000000e+00	1.0130322028852966e+05
3.9618974020271302e-03	0.0000000000000000e+00	1.0130313582816010e+05
3.9793506945470696e-03	0.0000000000000000e+00	1.0130305151536223e+05
3.9968039870670099e-03	0.0000000000000000e+00	1.0130296735018404e+05
4.0142572795869597e-03	0.0000000000000000e+00	1.0130288333267262e+05
4.0317105721069000e-03	0.0000000000000000e+00	1.0130279946287461e+05
4.0491638646268403e-03	0.0000000000000000e+00	1.0130271574083609e+05
4.0666171571467902e-03	0.0000000000000000e+00	1.0130263216660246e+05
4.0840704496667296e-03	0.0000000000000000e+00	1.0130254874021844e+05
4.1015237421866699e-03	0.0000000000000000e+00	1.0130246546172837e+05
4.1189770347066198e-03	0.0000000000000000e+00	1.0130238233117572e+05
4.1364303272265601e-03	0.0000000000000000e+00	1.0130229934860345e+05
4.1538836197465004e-03	0.0000000000000000e+00	1.0130221651405397e+05
4.1713369122664502e-03	0.0000000000000000e+00	1.0130213382756877e+05
4.1887902047863896e-03	0.0000000000000000e+00	1.0130205128918907e+05
4.2062434973063299e-03	0.0000000000000000e+00	1.0130196889895508e+05
4.2236967898262798e-03	0.0000000000000000e+00	1.0130188665690664e+05
4.2411500823462201e-03	0.0000000000000000e+00	1.0130180456308270e+05
4.2586033748661604e-03	0.0000000000000000e+00	1.0130172261752174e+05
4.2760566673861102e-03	0.0000000000000000e+00	1.0130164082026143e+05
4.2935099599060497e-03	0.0000000000000000e+00	1.0130155917133886e+05
4.3109632524259900e-03	0.0000000000000000e+00	1.0130147767079042e+05
4.3284165449459398e-03	0.0000000000000000e+00	1.0130139631865168e+05
4.3458698374658801e-03	0.0000000000000000e+00	1.0130131511495773e+05
4.3633231299858204e-03	0.0000000000000000e+00	1.0130123405974280e+05
4.3807764225057702e-03	0.0000000000000000e+00	1.0130115315304050e+05
4.3982297150257097e-03	0.0000000000000000e+00	1.0130107239488361e+05
4.4156830075456500e-03	0.0000000000000000e+00	1.0130099178530440e+05
4.4331363000655998e-03	0.0000000000000000e+00	1.0130091132433421e+05
4.4505895925855401e-03	0.0000000000000000e+00	1.0130083101200373e+05
4.4680428851054804e-03	0.0000000000000000e+00	1.0130075084834301e+05
4.4854961776254303e-03	0.0000000000000000e+00	1.0130067083338127e+05
4.5029494701453697e-03	0.0000000000000000e+00	1.0130059096714694e+05
4.5204027626653100e-03	0.0000000000000000e+00	1.0130051124966773e+05
4.5378560551852598e-03	0.0000000000000000e+00	1.0130043168097074e+05
4.5553093477052001e-03	0.0000000000000000e+00	1.0130035226108214e+05
4.5727626402251396e-03	0.0000000000000000e+00	1.0130027299002731e+05
4.5902159327450903e-03	0.0000000000000000e+00	1.0130019386783103e+05
4.6076692252650297e-03	0.0000000000000000e+00	1.0130011489451722e+05
4.6251225177849700e-03	0.0000000000000000e+00	1.0130003607010889e+05
4.6425758103049199e-03	0.0000000000000000e+00	1.0129995739462847e+05
4.6600291028248602e-03	0.0000000000000000e+00	1.0129987886809741e+05
4.6774823953447996e-03	0.0000000000000000e+00	1.0129980049053651e+05
4.6949356878647503e-03	0.0000000000000000e+00	1.0129972226196565e+05
4.7123889803846897e-03	0.0000000000000000e+00	1.0129964418240405e+05
4.7298422729046300e-03	0.0000000000000000e+00	1.0129956625186985e+05
4.7472955654245799e-03	0.0000000000000000e+00	1.0129948847038073e+05
4.7647488579445202e-03	0.0000000000000000e+00	1.0129941083795305e+05
4.7822021504644596e-03	0.0000000000000000e+00	1.0129933335460293e+05
4.7996554429844103e-03	0.0000000000000000e+00	1.0129925602034513e+05
4.8171087355043498e-03	0.0000000000000000e+00	1.0129917883519389e+05
4.8345620280242901e-03	0.0000000000000000e+00	1.0129910179916237e+05
4.8520153205442399e-03	0.0000000000000000e+00	1.0129902491226309e+05
4.8694686130641802e-03	0.0000000000000000e+00	1.0129894817450758e+05
4.8869219055841196e-03	0.0000000000000000e+00	1.0129887158590647e+05
4.9043751981040704e-03	0.0000000000000000e+00	1.0129879514646958e+05
4.9218284906240098e-03	0.0000000000000000e+00	1.0129871885620576e+05
4.9392817831439501e-03	0.0000000000000000e+00	1.0129864271512322e+05
4.9567350756638999e-03	0.0000000000000000e+00	1.0129856672322899e+05
4.9741883681838402e-03	0.0000000000000000e+00	1.0129849088052929e+05
4.9916416607037797e-03	0.0000000000000000e+00	1.0129841518702955e+05
5.0090949532237304e-03	0.0000000000000000e+00	1.0129833964273416e+05
5.0265482457436698e-03	0.0000000000000000e+00	1.0129826424764661e+05
5.0440015382636101e-03	0.0000000000000000e+00	1.0129818900176948e+05
5.0614548307835600e-03	0.0000000000000000e+00	1.0129811390510446e+05
5.0789081233035003e-03	0.0000000000000000e+00	1.0129803895765230e+05
5.0963614158234397e-03	0.0000000000000000e+00	1.0129796415941272e+05
5.1138147083433904e-03	0.0000000000000000e+00	1.0129788951038462e+05
5.1312680008633298e-03	0.0000000000000000e+00	1.0129781501056593e+05
5.1487212933832701e-03	0.0000000000000000e+00	1.0129774065995350e+05
5.1661745859032200e-03	0.0000000000000000e+00	1.0129766645854326e+05
5.1836278784231603e-03	0.0000000000000000e+00	1.0129759240633044e+05
5.2010811709430997e-03	0.0000000000000000e+00	1.0129751850330885e+05
5.2185344634630504e-03	0.0000000000000000e+00	1.0129744474947156e+05
5.2359877559829899e-03	0.0000000000000000e+00	1.0129737114481069e+05
5.2534410485029302e-03	0.0000000000000000e+00	1.0129729768931730e+05
5.2708943410228696e-03	0.0000000000000000e+00	1.0129722438298151e+05
5.2883476335428203e-03	0.0000000000000000e+00	1.0129715122579224e+05
5.3058009260627597e-03	0.0000000000000000e+00	1.0129707821773770e+05
5.3232542185827000e-03	0.0000000000000000e+00	1.0129700535880485e+05
5.3407075111026499e-03	0.0000000000000000e+00	1.0129693264897974e+05
5.3581608036225902e-03	0.0000000000000000e+00	1.0129686008824733e+05
5.3756140961425296e-03	0.0000000000000000e+00	1.0129678767659162e+05
5.3930673886624803e-03	0.0000000000000000e+00	1.0129671541399549e+05
5.4105206811824198e-03	0.0000000000000000e+00	1.0129664330044082e+05
5.4279739737023601e-03	0.0000000000000000e+00	1.0129657133590843e+05
5.4454272662223099e-03	0.0000000000000000e+00	1.0129649952037804e+05
5.4628805587422502e-03	0.0000000000000000e+00	1.0129642785382840e+05
5.4803338512621896e-03	0.0000000000000000e+00	1.0129635633623719e+05
5.4977871437821403e-03	0.0000000000000000e+00	1.0129628496758087e+05
5.5152404363020798e-03	0.0000000000000000e+00	1.0129621374783487e+05
5.5326937288220201e-03	0.0000000000000000e+00	1.0129614267697376e+05
5.5501470213419699e-03	0.0000000000000000e+00	1.0129607175497066e+05
5.5676003138619102e-03	0.0000000000000000e+00	1.0129600098179786e+05
5.5850536063818497e-03	0.0000000000000000e+00	1.0129593035742645e+05
5.6025068989018004e-03	0.0000000000000000e+00	1.0129585988182628e+05
5.6199601914217398e-03	0.0000000000000000e+00	1.0129578955496634e+05
5.6374134839416801e-03	0.0000000000000000e+00	1.0129571937681439e+05
5.6548667764616299e-03	0.0000000000000000e+00	1.0129564934733696e+05
5.6723200689815702e-03	0.0000000000000000e+00	1.0129557946649950e+05
5.6897733615015097e-03	0.0000000000000000e+00	1.0129550973426647e+05
5.7072266540214604e-03	0.0000000000000000e+00	1.0129544015060096e+05
5.7246799465413998e-03	0.0000000000000000e+00	1.0129537071546500e+05
5.7421332390613401e-03	0.0000000000000000e+00	1.0129530142881947e+05
5.7595865315812900e-03	0.0000000000000000e+00	1.0129523229062415e+05
5.7770398241012303e-03	0.0000000000000000e+00	1.0129516330083759e+05
5.7944931166211697e-03	0.0000000000000000e+00	1.0129509445941704e+05
5.8119464091411204e-03	0.0000000000000000e+00	1.0129502576631878e+05
5.8293997016610598e-03	0.0000000000000000e+00	1.0129495722149781e+05
5.8468529941810002e-03	0.0000000000000000e+00	1.0129488882490789e+05
5.8643062867009500e-03	0.0000000000000000e+00	1.0129482057650160e+05
5.8817595792208903e-03	0.0000000000000000e+00	1.0129475247623039e+05
5.8992128717408297e-03	0.0000000000000000e+00	1.0129468452404448e+05
5.9166661642607796e-03	0.0000000000000000e+00	1.0129461671989273e+05
5.9341194567807199e-03	0.0000000000000000e+00	1.0129454906372300e+05
5.9515727493006602e-03	0.0000000000000000e+00	1.0129448155548167e+05
5.9690260418206100e-03	0.0000000000000000e+00	1.0129441419511422e+05
5.9864793343405503e-03	0.0000000000000000e+00	1.0129434698256443e+05
6.0039326268604898e-03	0.0000000000000000e+00	1.0129427991777526e+05
6.0213859193804396e-03	0.0000000000000000e+00	1.0129421300068824e+05
6.0388392119003799e-03	0.0000000000000000e+00	1.0129414623124368e+05
6.0562925044203202e-03	0.0000000000000000e+00	1.0129407960938041e+05
6.0737457969402700e-03	0.0000000000000000e+00	1.0129401313503634e+05
6.0911990894602103e-03	0.0000000000000000e+00	1.0129394680814796e+05
6.1086523819801498e-03	0.0000000000000000e+00	1.0129388062865032e+05
6.1261056745000996e-03	0.0000000000000000e+00	1.0129381459647730e+05
6.1435589670200399e-03	0.0000000000000000e+00	1.0129374871156164e+05
6.1610122595399802e-03	0.0000000000000000e+00	1.0129368297383460e+05
6.1784655520599301e-03	0.0000000000000000e+00	1.0129361738322616e+05
6.1959188445798704e-03	0.0000000000000000e+00	1.0129355193966495e+05
6.2133721370998098e-03	0.0000000000000000e+00	1.0129348664307839e+05
6.2308254296197596e-03	0.0000000000000000e+00	1.0129342149339239e+05
6.2482787221396999e-03	0.0000000000000000e+00	1.0129335649053188e+05
6.2657320146596402e-03	0.0000000000000000e+00	1.0129329163442006e+05
6.2831853071795901e-03	0.0000000000000000e+00	1.0129322692497906e+05
6.3006385996995304e-03	0.0000000000000000e+00	1.0129316236212944e+05
6.3180918922194698e-03	0.0000000000000000e+00	1.0129309794579067e+05
6.3355451847394197e-03	0.0000000000000000e+00	1.0129303367588065e+05
6.3529984772593600e-03	0.0000000000000000e+00	1.0129296955231590e+05
6.3704517697793003e-03	0.0000000000000000e+00	1.0129290557501180e+05
6.3879050622992501e-03	0.0000000000000000e+00	1.0129284174388221e+05
6.4053583548191904e-03	0.0000000000000000e+00	1.0129277805883944e+05
6.4228116473391298e-03	0.0000000000000000e+00	1.0129271451979477e+05
6.4402649398590797e-03	0.0000000000000000e+00	1.0129265112665776e+05
6.4577182323790200e-03	0.0000000000000000e+00	1.0129258787933672e+05
6.4751715248989603e-03	0.0000000000000000e+00	1.0129252477773861e+05
6.4926248174188997e-03	0.0000000000000000e+00	1.0129246182176888e+05
6.5100781099388504e-03	0.0000000000000000e+00	1.0129239901133152e+05
6.5275314024587899e-03	0.0000000000000000e+00	1.0129233634632918e+05
6.5449846949787302e-03	0.0000000000000000e+00	1.0129227382666312e+05
6.5624379874986800e-03	0.0000000000000000e+00	1.0129221145223311e+05
6.5798912800186203e-03	0.0000000000000000e+00	1.0129214922293737e+05
6.5973445725385597e-03	0.0000000000000000e+00	1.0129208713867296e+05
6.6147978650585096e-03	0.0000000000000000e+00	1.0129202519933510e+05
6.6322511575784499e-03	0.0000000000000000e+00	1.0129196340481797e+05
6.6497044500983902e-03	0.0000000000000000e+00	1.0129190175501397e+05
6.6671577426183400e-03	0.0000000000000000e+00	1.0129184024981414e+05
6.6846110351382803e-03	0.0000000000000000e+00	1.0129177888910804e+05
6.7020643276582198e-03	0.0000000000000000e+00	1.0129171767278381e+05
6.7195176201781696e-03	0.0000000000000000e+00	1.0129165660072799e+05
6.7369709126981099e-03	0.0000000000000000e+00	1.0129159567282572e+05
6.7544242052180502e-03	0.0000000000000000e+00	1.0129153488896060e+05
6.7718774977380001e-03	0.0000000000000000e+00	1.0129147424901473e+05
6.7893307902579404e-03	0.0000000000000000e+00	1.0129141375286876e+05
6.8067840827778798e-03	0.0000000000000000e+00	1.0129135340040163e+05
6.8242373752978296e-03	0.0000000000000000e+00	1.0129129319149102e+05
6.8416906678177699e-03	0.0000000000000000e+00	1.0129123312601291e+05
6.8591439603377102e-03	0.0000000000000000e+00	1.0129117320384187e+05
6.8765972528576601e-03	0.0000000000000000e+00	1.0129111342485080e+05
6.8940505453776004e-03	0.0000000000000000e+00	1.0129105378891119e+05
6.9115038378975398e-03	0.0000000000000000e+00	1.0129099429589284e+05
6.9289571304174897e-03	0.0000000000000000e+00	1.0129093494566403e+05
6.9464104229374300e-03	0.0000000000000000e+00	1.0129087573809158e+05
6.9638637154573703e-03	0.0000000000000000e+00	1.0129081667304074e+05
6.9813170079773201e-03	0.0000000000000000e+00	1.0129075775037508e+05
6.9987703004972604e-03	0.0000000000000000e+00	1.0129069896995660e+05
7.0162235930171998e-03	0.0000000000000000e+00	1.0129064033164589e+05
7.0336768855371497e-03	0.0000000000000000e+00	1.0129058183530169e+05
7.0511301780570900e-03	0.0000000000000000e+00	1.0129052348078130e+05
7.0685834705770303e-03	0.0000000000000000e+00	1.0129046526794050e+05
7.0860367630969801e-03	0.0000000000000000e+00	1.0129040719663333e+05
7.1034900556169204e-03	0.0000000000000000e+00	1.0129034926671223e+05
7.1209433481368599e-03	0.0000000000000000e+00	1.0129029147802804e+05
7.1383966406568097e-03	0.0000000000000000e+00	1.0129023383043005e+05
7.1558499331767500e-03	0.0000000000000000e+00	1.0129017632376583e+05
7.1733032256966903e-03	0.0000000000000000e+00	1.0129011895788138e+05
7.1907565182166401e-03	0.0000000000000000e+00	1.0129006173262105e+05
7.2082098107365796e-03	0.0000000000000000e+00	1.0129000464782750e+05
7.2256631032565199e-03	0.0000000000000000e+00	1.0128994770334192e+05
7.2431163957764697e-03	0.0000000000000000e+00	1.0128989089900348e+05
7.2605696882964100e-03	0.0000000000000000e+00	1.0128983423465009e+05
7.2780229808163503e-03	0.0000000000000000e+00	1.0128977771011781e+05
7.2954762733363002e-03	0.0000000000000000e+00	1.0128972132524093e+05
7.3129295658562396e-03	0.0000000000000000e+00	1.0128966507985229e+05
7.3303828583761799e-03	0.0000000000000000e+00	1.0128960897378293e+05
7.3478361508961297e-03	0.0000000000000000e+00	1.0128955300686229e+05
7.3652894434160700e-03	0.0000000000000000e+00	1.0128949717891788e+05
7.3827427359360103e-03	0.0000000000000000e+00	1.0128944148977580e+05
7.4001960284559602e-03	0.0000000000000000e+00	1.0128938593926030e+05
7.4176493209758996e-03	0.0000000000000000e+00	1.0128933052719387e+05
7.4351026134958399e-03	0.0000000000000000e+00	1.0128927525339756e+05
7.4525559060157898e-03	0.0000000000000000e+00	1.0128922011769036e+05
7.4700091985357301e-03	0.0000000000000000e+00	1.0128916511988985e+05
7.4874624910556704e-03	0.0000000000000000e+00	1.0128911025981157e+05
7.5049157835756202e-03	0.0000000000000000e+00	1.0128905553726949e+05
7.5223690760955596e-03	0.0000000000000000e+00	1.0128900095207599e+05
7.5398223686154999e-03	0.0000000000000000e+00	1.0128894650404141e+05
7.5572756611354498e-03	0.0000000000000000e+00	1.0128889219297453e+05
7.5747289536553901e-03	0.0000000000000000e+00	1.0128883801868242e+05
7.5921822461753304e-03	0.0000000000000000e+00	1.0128878398097018e+05
7.6096355386952802e-03	0.0000000000000000e+00	1.0128873007964141e+05
7.6270888312152197e-03	0.0000000000000000e+00	1.0128867631449767e+05
7.6445421237351600e-03	0.0000000000000000e+00	1.0128862268533894e+05
7.6619954162551098e-03	0.0000000000000000e+00	1.0128856919196346e+05
7.6794487087750501e-03	0.0000000000000000e+00	1.0128851583416743e+05
7.6969020012949904e-03	0.0000000000000000e+00	1.0128846261174552e+05
7.7143552938149403e-03	0.0000000000000000e+00	1.0128840952449047e+05
7.7318085863348797e-03	0.0000000000000000e+00	1.0128835657219336e+05
7.7492618788548200e-03	0.0000000000000000e+00	1.0128830375464326e+05
7.7667151713747698e-03	0.0000000000000000e+00	1.0128825107162762e+05
7.7841684638947101e-03	0.0000000000000000e+00	1.0128819852293195e+05
7.8016217564146496e-03	0.0000000000000000e+00	1.0128814610834006e+05
7.8190750489345994e-03	0.0000000000000000e+00	1.0128809382763380e+05
7.8365283414545406e-03	0.0000000000000000e+00	1.0128804168059328e+05
7.8539816339744800e-03	0.0000000000000000e+00	1.0128798966699681e+05
7.8714349264944194e-03	0.0000000000000000e+00	1.0128793778662074e+05
7.8888882190143693e-03	0.0000000000000000e+00	1.0128788603923972e+05
7.9063415115343105e-03	0.0000000000000000e+00	1.0128783442462640e+05
7.9237948040542603e-03	0.0000000000000000e+00	1.0128778294255177e+05
7.9412480965741997e-03	0.0000000000000000e+00	1.0128773159278485e+05
7.9587013890941392e-03	0.0000000000000000e+00	1.0128768037509271e+05
7.9761546816140907e-03	0.0000000000000000e+00	1.0128762928924077e+05
7.9936079741340302e-03	0.0000000000000000e+00	1.0128757833499237e+05
8.0110612666539696e-03	0.0000000000000000e+00	1.0128752751210910e+05
8.0285145591739195e-03	0.0000000000000000e+00	1.0128747682035073e+05
8.0459678516938606e-03	0.0000000000000000e+00	1.0128742625947487e+05
8.0634211442138001e-03	0.0000000000000000e+00	1.0128737582923753e+05
8.0808744367337395e-03	0.0000000000000000e+00	1.0128732552939272e+05
8.0983277292536893e-03	0.0000000000000000e+00	1.0128727535969263e+05
8.1157810217736305e-03	0.0000000000000000e+00	1.0128722531988725e+05
8.1332343142935803e-03	0.0000000000000000e+00	1.0128717540972518e+05
8.1506876068135198e-03	0.0000000000000000e+00	1.0128712562895258e+05
8.1681408993334592e-03	0.0000000000000000e+00	1.0128707597731406e+05
8.1855941918534108e-03	0.0000000000000000e+00	1.0128702645455199e+05
8.2030474843733502e-03	0.0000000000000000e+00	1.0128697706040728e+05
8.2205007768932897e-03	0.0000000000000000e+00	1.0128692779461846e+05
8.2379540694132308e-03	0.0000000000000000e+00	1.0128687865692230e+05
8.2554073619331807e-03	0.0000000000000000e+00	1.0128682964705363e+05
8.2728606544531201e-03	0.0000000000000000e+00	1.0128678076474540e+05
8.2903139469730595e-03	0.0000000000000000e+00	1.0128673200972856e+05
8.3077672394930094e-03	0.0000000000000000e+00	1.0128668338173204e+05
8.3252205320129506e-03	0.0000000000000000e+00	1.0128663488048293e+05
8.3426738245328900e-03	0.0000000000000000e+00	1.0128658650570623e+05
8.3601271170528398e-03	0.0000000000000000e+00	1.0128653825712512e+05
8.3775804095727793e-03	0.0000000000000000e+00	1.0128649013446069e+05
8.3950337020927204e-03	0.0000000000000000e+00	1.0128644213743218e+05
8.4124869946126703e-03	0.0000000000000000e+00	1.0128639426575675e+05
8.4299402871326097e-03	0.0000000000000000e+00	1.0128634651914967e+05
8.4473935796525491e-03	0.0000000000000000e+00	1.0128629889732397e+05
8.4648468721725007e-03	0.0000000000000000e+00	1.0128625139999115e+05
8.4823001646924402e-03	0.0000000000000000e+00	1.0128620402686035e+05
8.4997534572123796e-03	0.0000000000000000e+00	1.0128615677763880e+05
8.5172067497323294e-03	0.0000000000000000e+00	1.0128610965203180e+05
8.5346600422522706e-03	0.0000000000000000e+00	1.0128606264974250e+05
8.5521133347722100e-03	0.0000000000000000e+00	1.0128601577047230e+05
8.5695666272921599e-03	0.0000000000000000e+00	1.0128596901392026e+05
8.5870199198120993e-03	0.0000000000000000e+00	1.0128592237978372e+05
8.6044732123320405e-03	0.0000000000000000e+00	1.0128587586775770e+05
8.6219265048519903e-03	0.0000000000000000e+00	1.0128582947753562e+05
8.6393797973719298e-03	0.0000000000000000e+00	1.0128578320880835e+05
8.6568330898918692e-03	0.0000000000000000e+00	1.0128573706126513e+05
8.6742863824118208e-03	0.0000000000000000e+00	1.0128569103459301e+05
8.6917396749317602e-03	0.0000000000000000e+00	1.0128564512847710e+05
8.7091929674516996e-03	0.0000000000000000e+00	1.0128559934260024e+05
8.7266462599716495e-03	0.0000000000000000e+00	1.0128555367664335e+05
8.7440995524915906e-03	0.0000000000000000e+00	1.0128550813028541e+05
8.7615528450115301e-03	0.0000000000000000e+00	1.0128546270320326e+05
8.7790061375314799e-03	0.0000000000000000e+00	1.0128541739507165e+05
8.7964594300514194e-03	0.0000000000000000e+00	1.0128537220556330e+05
8.8139127225713605e-03	0.0000000000000000e+00	1.0128532713434873e+05
8.8313660150913104e-03	0.0000000000000000e+00	1.0128528218109667e+05
8.8488193076112498e-03	0.0000000000000000e+00	1.0128523734547358e+05
8.8662726001311892e-03	0.0000000000000000e+00	1.0128519262714380e+05
8.8837258926511408e-03	0.0000000000000000e+00	1.0128514802576981e+05
8.9011791851710802e-03	0.0000000000000000e+00	1.0128510354101181e+05
8.9186324776910197e-03	0.0000000000000000e+00	1.0128505917252794e+05
8.9360857702109695e-03	0.0000000000000000e+00	1.0128501491997435e+05
8.9535390627309107e-03	0.0000000000000000e+00	1.0128497078300499e+05
8.9709923552508501e-03	0.0000000000000000e+00	1.0128492676127181e+05
8.9884456477708000e-03	0.0000000000000000e+00	1.0128488285442446e+05
9.0058989402907394e-03	0.0000000000000000e+00	1.0128483906211084e+05
9.0233522328106806e-03	0.0000000000000000e+00	1.0128479538397641e+05
9.0408055253306304e-03	0.0000000000000000e+00	1.0128475181966473e+05
9.0582588178505698e-03	0.0000000000000000e+00	1.0128470836881700e+05
9.0757121103705093e-03	0.0000000000000000e+00	1.0128466503107263e+05
9.0931654028904609e-03	0.0000000000000000e+00	1.0128462180606861e+05
9.1106186954104003e-03	0.0000000000000000e+00	1.0128457869344010e+05
9.1280719879303397e-03	0.0000000000000000e+00	1.0128453569281990e+05
9.1455252804502896e-03	0.0000000000000000e+00	1.0128449280383870e+05
9.1629785729702307e-03	0.0000000000000000e+00	1.0128445002612520e+05
9.1804318654901702e-03	0.0000000000000000e+00	1.0128440735930590e+05
9.1978851580101200e-03	0.0000000000000000e+00	1.0128436480300508e+05
9.2153384505300594e-03	0.0000000000000000e+00	1.0128432235684493e+05
9.2327917430500006e-03	0.0000000000000000e+00	1.0128428002044563e+05
9.2502450355699505e-03	0.0000000000000000e+00	1.0128423779342497e+05
9.2676983280898899e-03	0.0000000000000000e+00	1.0128419567539875e+05
9.2851516206098293e-03	0.0000000000000000e+00	1.0128415366598057e+05
9.3026049131297792e-03	0.0000000000000000e+00	1.0128411176478198e+05
9.3200582056497203e-03	0.0000000000000000e+00	1.0128406997141217e+05
9.3375114981696598e-03	0.0000000000000000e+00	1.0128402828547827e+05
9.3549647906896096e-03	0.0000000000000000e+00	1.0128398670658539e+05
9.3724180832095508e-03	0.0000000000000000e+00	1.0128394523433625e+05
9.3898713757294902e-03	0.0000000000000000e+00	1.0128390386833143e+05
9.4073246682494296e-03	0.0000000000000000e+00	1.0128386260816948e+05
9.4247779607693795e-03	0.0000000000000000e+00	1.0128382145344671e+05
9.4422312532893207e-03	0.0000000000000000e+00	1.0128378040375719e+05
9.4596845458092705e-03	0.0000000000000000e+00	1.0128373945869283e+05
9.4771378383292099e-03	0.0000000000000000e+00	1.0128369861784350e+05
9.4945911308491494e-03	0.0000000000000000e+00	1.0128365788079661e+05
9.5120444233690905e-03	0.0000000000000000e+00	1.0128361724713775e+05
9.5294977158890404e-03	0.0000000000000000e+00	1.0128357671644997e+05
9.5469510084089798e-03	0.0000000000000000e+00	1.0128353628831431e+05
9.5644043009289192e-03	0.0000000000000000e+00	1.0128349596230961e+05
9.5818575934488708e-03	0.0000000000000000e+00	1.0128345573801246e+05
9.5993108859688103e-03	0.0000000000000000e+00	1.0128341561499727e+05
9.6167641784887497e-03	0.0000000000000000e+00	1.0128337559283634e+05
9.6342174710086995e-03	0.0000000000000000e+00	1.0128333567109964e+05
9.6516707635286407e-03	0.0000000000000000e+00	1.0128329584935488e+05
9.6691240560485905e-03	0.0000000000000000e+00	1.0128325612716781e+05
9.6865773485685300e-03	0.0000000000000000e+00	1.0128321650410182e+05
9.7040306410884694e-03	0.0000000000000000e+00	1.0128317697971793e+05
9.7214839336084106e-03	0.0000000000000000e+00	1.0128313755357533e+05
9.7389372261283604e-03	0.0000000000000000e+00	1.0128309822523060e+05
9.7563905186482999e-03	0.0000000000000000e+00	1.0128305899423832e+05
9.7738438111682393e-03	0.0000000000000000e+00	1.0128301986015093e+05
9.7912971036881909e-03	0.0000000000000000e+00	1.0128298082251842e+05
9.8087503962081303e-03	0.0000000000000000e+00	1.0128294188088873e+05
9.8262036887280697e-03	0.0000000000000000e+00	1.0128290303480739e+05
9.8436569812480196e-03	0.0000000000000000e+00	1.0128286428381788e+05
9.8611102737679607e-03	0.0000000000000000e+00	1.0128282562746150e+05
9.8785635662879106e-03	0.0000000000000000e+00	1.0128278706527709e+05
9.8960168588078500e-03	0.0000000000000000e+00	1.0128274859680148e+05
9.9134701513277895e-03	0.0000000000000000e+00	1.0128271022156901e+05
9.9309234438477306e-03	0.0000000000000000e+00	1.0128267193911212e+05
9.9483767363676805e-03	0.0000000000000000e+00	1.0128263374896075e+05
9.9658300288876199e-03	0.0000000000000000e+00	1.0128259565064267e+05
9.9832833214075593e-03	0.0000000000000000e+00	1.0128255764368353e+05
1.0000736613927501e-02	0.0000000000000000e+00	1.0128251972760657e+05
1.0018189906447501e-02	0.0000000000000000e+00	1.0128248190193277e+05
1.0035643198967400e-02	0.0000000000000000e+00	1.0128244416618117e+05
1.0053096491487300e-02	0.0000000000000000e+00	1.0128240651986815e+05
1.0070549784007300e-02	0.0000000000000000e+00	1.0128236896250804e+05
1.0088003076527199e-02	0.0000000000000000e+00	1.0128233149361298e+05
1.0105456369047200e-02	0.0000000000000000e+00	1.0128229411269291e+05
1.0122909661567101e-02	0.0000000000000000e+00	1.0128225681925514e+05
1.0140362954087099e-02	0.0000000000000000e+00	1.0128221961280525e+05
1.0157816246607001e-02	0.0000000000000000e+00	1.0128218249284614e+05
1.0175269539126900e-02	0.0000000000000000e+00	1.0128214545887877e+05
1.0192722831646900e-02	0.0000000000000000e+00	1.0128210851040158e+05
1.0210176124166800e-02	0.0000000000000000e+00	1.0128207164691084e+05
1.0227629416686800e-02	0.0000000000000000e+00	1.0128203486790082e+05
1.0245082709206699e-02	0.0000000000000000e+00	1.0128199817286301e+05
1.0262536001726700e-02	0.0000000000000000e+00	1.0128196156128713e+05
1.0279989294246601e-02	0.0000000000000000e+00	1.0128192503266044e+05
1.0297442586766500e-02	0.0000000000000000e+00	1.0128188858646785e+05
1.0314895879286501e-02	0.0000000000000000e+00	1.0128185222219212e+05
1.0332349171806400e-02	0.0000000000000000e+00	1.0128181593931383e+05
1.0349802464326400e-02	0.0000000000000000e+00	1.0128177973731104e+05
1.0367255756846300e-02	0.0000000000000000e+00	1.0128174361565980e+05
1.0384709049366300e-02	0.0000000000000000e+00	1.0128170757383373e+05
1.0402162341886199e-02	0.0000000000000000e+00	1.0128167161130435e+05
1.0419615634406101e-02	0.0000000000000000e+00	1.0128163572754066e+05
1.0437068926926101e-02	0.0000000000000000e+00	1.0128159992200967e+05
1.0454522219446000e-02	0.0000000000000000e+00	1.0128156419417585e+05
1.0471975511966001e-02	0.0000000000000000e+00	1.0128152854350164e+05
1.0489428804485900e-02	0.0000000000000000e+00	1.0128149296944714e+05
1.0506882097005900e-02	0.0000000000000000e+00	1.0128145747146998e+05
1.0524335389525800e-02	0.0000000000000000e+00	1.0128142204902593e+05
1.0541788682045699e-02	0.0000000000000000e+00	1.0128138670156799e+05
1.0559241974565699e-02	0.0000000000000000e+00	1.0128135142854738e+05
1.0576695267085601e-02	0.0000000000000000e+00	1.0128131622941262e+05
1.0594148559605601e-02	0.0000000000000000e+00	1.0128128110361031e+05
1.0611601852125500e-02	0.0000000000000000e+00	1.0128124605058460e+05
1.0629055144645501e-02	0.0000000000000000e+00	1.0128121106977732e+05
1.0646508437165400e-02	0.0000000000000000e+00	1.0128117616062805e+05
1.0663961729685400e-02	0.0000000000000000e+00	1.0128114132257421e+05
1.0681415022205300e-02	0.0000000000000000e+00	1.0128110655505095e+05
1.0698868314725199e-02	0.0000000000000000e+00	1.0128107185749101e+05
1.0716321607245199e-02	0.0000000000000000e+00	1.0128103722932485e+05
1.0733774899765101e-02	0.0000000000000000e+00	1.0128100266998085e+05
1.0751228192285101e-02	0.0000000000000000e+00	1.0128096817888493e+05
1.0768681484805000e-02	0.0000000000000000e+00	1.0128093375546076e+05
1.0786134777325001e-02	0.0000000000000000e+00	1.0128089939912994e+05
1.0803588069844900e-02	0.0000000000000000e+00	1.0128086510931150e+05
1.0821041362364800e-02	0.0000000000000000e+00	1.0128083088542236e+05
1.0838494654884800e-02	0.0000000000000000e+00	1.0128079672687718e+05
1.0855947947404699e-02	0.0000000000000000e+00	1.0128076263308819e+05
1.0873401239924699e-02	0.0000000000000000e+00	1.0128072860346569e+05
1.0890854532444601e-02	0.0000000000000000e+00	1.0128069463741731e+05
1.0908307824964599e-02	0.0000000000000000e+00	1.0128066073434862e+05
1.0925761117484500e-02	0.0000000000000000e+00	1.0128062689366299e+05
1.0943214410004400e-02	0.0000000000000000e+00	1.0128059311476130e+05
1.0960667702524400e-02	0.0000000000000000e+00	1.0128055939704225e+05
1.0978120995044300e-02	0.0000000000000000e+00	1.0128052573990240e+05
1.0995574287564300e-02	0.0000000000000000e+00	1.0128049214273586e+05
1.1013027580084199e-02	0.0000000000000000e+00	1.0128045860493463e+05
1.1030480872604199e-02	0.0000000000000000e+00	1.0128042512588827e+05
1.1047934165124101e-02	0.0000000000000000e+00	1.0128039170498426e+05
1.1065387457644000e-02	0.0000000000000000e+00	1.0128035834160766e+05
1.1082840750164000e-02	0.0000000000000000e+00	1.0128032503514136e+05
1.1100294042683900e-02	0.0000000000000000e+00	1.0128029178496593e+05
1.1117747335203900e-02	0.0000000000000000e+00	1.0128025859045962e+05
1.1135200627723800e-02	0.0000000000000000e+00	1.0128022545099862e+05
1.1152653920243800e-02	0.0000000000000000e+00	1.0128019236595675e+05
1.1170107212763699e-02	0.0000000000000000e+00	1.0128015933470539e+05
1.1187560505283699e-02	0.0000000000000000e+00	1.0128012635661397e+05
1.1205013797803601e-02	0.0000000000000000e+00	1.0128009343104956e+05
1.1222467090323500e-02	0.0000000000000000e+00	1.0128006055737670e+05
1.1239920382843500e-02	0.0000000000000000e+00	1.0128002773495812e+05
1.1257373675363400e-02	0.0000000000000000e+00	1.0127999496315396e+05
1.1274826967883400e-02	0.0000000000000000e+00	1.0127996224132221e+05
1.1292280260403300e-02	0.0000000000000000e+00	1.0127992956881867e+05
1.1309733552923300e-02	0.0000000000000000e+00	1.0127989694499689e+05
1.1327186845443199e-02	0.0000000000000000e+00	1.0127986436920793e+05
1.1344640137963101e-02	0.0000000000000000e+00	1.0127983184080099e+05
1.1362093430483101e-02	0.0000000000000000e+00	1.0127979935912271e+05
1.1379546723003000e-02	0.0000000000000000e+00	1.0127976692351754e+05
1.1397000015523000e-02	0.0000000000000000e+00	1.0127973453332792e+05
1.1414453308042900e-02	0.0000000000000000e+00	1.0127970218789368e+05
1.1431906600562900e-02	0.0000000000000000e+00	1.0127966988655271e+05
1.1449359893082800e-02	0.0000000000000000e+00	1.0127963762864053e+05
1.1466813185602699e-02	0.0000000000000000e+00	1.0127960541349028e+05
1.1484266478122699e-02	0.0000000000000000e+00	1.0127957324043319e+05
1.1501719770642601e-02	0.0000000000000000e+00	1.0127954110879810e+05
1.1519173063162601e-02	0.0000000000000000e+00	1.0127950901791139e+05
1.1536626355682500e-02	0.0000000000000000e+00	1.0127947696709771e+05
1.1554079648202500e-02	0.0000000000000000e+00	1.0127944495567898e+05
1.1571532940722400e-02	0.0000000000000000e+00	1.0127941298297503e+05
1.1588986233242300e-02	0.0000000000000000e+00	1.0127938104830374e+05
1.1606439525762300e-02	0.0000000000000000e+00	1.0127934915098049e+05
1.1623892818282199e-02	0.0000000000000000e+00	1.0127931729031846e+05
1.1641346110802199e-02	0.0000000000000000e+00	1.0127928546562864e+05
1.1658799403322101e-02	0.0000000000000000e+00	1.0127925367621990e+05
1.1676252695842101e-02	0.0000000000000000e+00	1.0127922192139877e+05
1.1693705988362000e-02	0.0000000000000000e+00	1.0127919020046954e+05
1.1711159280882000e-02	0.0000000000000000e+00	1.0127915851273450e+05
1.1728612573401900e-02	0.0000000000000000e+00	1.0127912685749352e+05
1.1746065865921800e-02	0.0000000000000000e+00	1.0127909523404425e+05
1.1763519158441800e-02	0.0000000000000000e+00	1.0127906364168233e+05
1.1780972450961699e-02	0.0000000000000000e+00	1.0127903207970098e+05
1.1798425743481699e-02	0.0000000000000000e+00	1.0127900054739138e+05
1.1815879036001601e-02	0.0000000000000000e+00	1.0127896904404243e+05
1.1833332328521601e-02	0.0000000000000000e+00	1.0127893756894088e+05
1.1850785621041500e-02	0.0000000000000000e+00	1.0127890612137126e+05
1.1868238913561400e-02	0.0000000000000000e+00	1.0127887470061592e+05
1.1885692206081400e-02	0.0000000000000000e+00	1.0127884330595494e+05
1.1903145498601300e-02	0.0000000000000000e+00	1.0127881193666646e+05
1.1920598791121300e-02	0.0000000000000000e+00	1.0127878059202609e+05
1.1938052083641199e-02	0.0000000000000000e+00	1.0127874927130752e+05
1.1955505376161199e-02	0.0000000000000000e+00	1.0127871797378214e+05
1.1972958668681101e-02	0.0000000000000000e+00	1.0127868669871929e+05
1.1990411961201000e-02	0.0000000000000000e+00	1.0127865544538603e+05
1.2007865253721000e-02	0.0000000000000000e+00	1.0127862421304722e+05
1.2025318546240900e-02	0.0000000000000000e+00	1.0127859300096560e+05
1.2042771838760900e-02	0.0000000000000000e+00	1.0127856180840178e+05
1.2060225131280800e-02	0.0000000000000000e+00	1.0127853063461425e+05
1.2077678423800800e-02	0.0000000000000000e+00	1.0127849947885920e+05
1.2095131716320699e-02	0.0000000000000000e+00	1.0127846834039077e+05
1.2112585008840600e-02	0.0000000000000000e+00	1.0127843721846091e+05
1.2130038301360601e-02	0.0000000000000000e+00	1.0127840611231946e+05
1.2147491593880500e-02	0.0000000000000000e+00	1.0127837502121407e+05
1.2164944886400500e-02	0.0000000000000000e+00	1.0127834394439033e+05
1.2182398178920400e-02	0.0000000000000000e+00	1.0127831288109160e+05
1.2199851471440400e-02	0.0000000000000000e+00	1.0127828183055909e+05
1.2217304763960300e-02	0.0000000000000000e+00	1.0127825079203192e+05
1.2234758056480201e-02	0.0000000000000000e+00	1.0127821976474715e+05
1.2252211349000199e-02	0.0000000000000000e+00	1.0127818874793961e+05
1.2269664641520101e-02	0.0000000000000000e+00	1.0127815774084207e+05
1.2287117934040101e-02	0.0000000000000000e+00	1.0127812674268518e+05
1.2304571226560000e-02	0.0000000000000000e+00	1.0127809575269739e+05
1.2322024519080000e-02	0.0000000000000000e+00	1.0127806477010513e+05
1.2339477811599900e-02	0.0000000000000000e+00	1.0127803379413282e+05
1.2356931104119900e-02	0.0000000000000000e+00	1.0127800282400247e+05
1.2374384396639800e-02	0.0000000000000000e+00	1.0127797185893427e+05
1.2391837689159701e-02	0.0000000000000000e+00	1.0127794089814619e+05
1.2409290981679699e-02	0.0000000000000000e+00	1.0127790994085412e+05
1.2426744274199601e-02	0.0000000000000000e+00	1.0127787898627191e+05
1.2444197566719601e-02	0.0000000000000000e+00	1.0127784803361128e+05
1.2461650859239500e-02	0.0000000000000000e+00	1.0127781708208186e+05
1.2479104151759500e-02	0.0000000000000000e+00	1.0127778613089130e+05
1.2496557444279400e-02	0.0000000000000000e+00	1.0127775517924498e+05
1.2514010736799299e-02	0.0000000000000000e+00	1.0127772422634643e+05
1.2531464029319300e-02	0.0000000000000000e+00	1.0127769327139691e+05
1.2548917321839201e-02	0.0000000000000000e+00	1.0127766231359582e+05
1.2566370614359199e-02	0.0000000000000000e+00	1.0127763135214035e+05
1.2583823906879101e-02	0.0000000000000000e+00	1.0127760038622575e+05
1.2601277199399101e-02	0.0000000000000000e+00	1.0127756941504503e+05
1.2618730491919000e-02	0.0000000000000000e+00	1.0127753843778947e+05
1.2636183784438900e-02	0.0000000000000000e+00	1.0127750745364789e+05
1.2653637076958900e-02	0.0000000000000000e+00	1.0127747646180757e+05
1.2671090369478799e-02	0.0000000000000000e+00	1.0127744546145329e+05
1.2688543661998800e-02	0.0000000000000000e+00	1.0127741445176814e+05
1.2705996954518701e-02	0.0000000000000000e+00	1.0127738343193293e+05
1.2723450247038699e-02	0.0000000000000000e+00	1.0127735240112670e+05
1.2740903539558601e-02	0.0000000000000000e+00	1.0127732135852630e+05
1.2758356832078500e-02	0.0000000000000000e+00	1.0127729030330660e+05
1.2775810124598500e-02	0.0000000000000000e+00	1.0127725923464053e+05
1.2793263417118400e-02	0.0000000000000000e+00	1.0127722815169898e+05
1.2810716709638400e-02	0.0000000000000000e+00	1.0127719705365077e+05
1.2828170002158299e-02	0.0000000000000000e+00	1.0127716593966279e+05
1.2845623294678300e-02	0.0000000000000000e+00	1.0127713480890008e+05
1.2863076587198201e-02	0.0000000000000000e+00	1.0127710366052545e+05
1.2880529879718199e-02	0.0000000000000000e+00	1.0127707249369989e+05
1.2897983172238101e-02	0.0000000000000000e+00	1.0127704130758236e+05
1.2915436464758000e-02	0.0000000000000000e+00	1.0127701010132994e+05
1.2932889757278000e-02	0.0000000000000000e+00	1.0127697887409752e+05
1.2950343049797900e-02	0.0000000000000000e+00	1.0127694762503837e+05
1.2967796342317900e-02	0.0000000000000000e+00	1.0127691635330346e+05
1.2985249634837799e-02	0.0000000000000000e+00	1.0127688505804208e+05
1.3002702927357800e-02	0.0000000000000000e+00	1.0127685373840146e+05
1.3020156219877701e-02	0.0000000000000000e+00	1.0127682239352695e+05
1.3037609512397600e-02	0.0000000000000000e+00	1.0127679102256177e+05
1.3055062804917601e-02	0.0000000000000000e+00	1.0127675962464753e+05
1.3072516097437500e-02	0.0000000000000000e+00	1.0127672819892371e+05
1.3089969389957500e-02	0.0000000000000000e+00	1.0127669674452783e+05
1.3107422682477400e-02	0.0000000000000000e+00	1.0127666526059562e+05
1.3124875974997400e-02	0.0000000000000000e+00	1.0127663374626094e+05
1.3142329267517299e-02	0.0000000000000000e+00	1.0127660220065559e+05
1.3159782560037201e-02	0.0000000000000000e+00	1.0127657062290960e+05
1.3177235852557199e-02	0.0000000000000000e+00	1.0127653901215107e+05
1.3194689145077100e-02	0.0000000000000000e+00	1.0127650736750611e+05
1.3212142437597101e-02	0.0000000000000000e+00	1.0127647568809919e+05
1.3229595730117000e-02	0.0000000000000000e+00	1.0127644397305265e+05
1.3247049022637000e-02	0.0000000000000000e+00	1.0127641222148719e+05
1.3264502315156900e-02	0.0000000000000000e+00	1.0127638043252146e+05
1.3281955607676799e-02	0.0000000000000000e+00	1.0127634860527233e+05
1.3299408900196799e-02	0.0000000000000000e+00	1.0127631673885485e+05
1.3316862192716701e-02	0.0000000000000000e+00	1.0127628483238209e+05
1.3334315485236699e-02	0.0000000000000000e+00	1.0127625288496548e+05
1.3351768777756600e-02	0.0000000000000000e+00	1.0127622089571446e+05
1.3369222070276601e-02	0.0000000000000000e+00	1.0127618886373675e+05
1.3386675362796500e-02	0.0000000000000000e+00	1.0127615678813806e+05
1.3404128655316400e-02	0.0000000000000000e+00	1.0127612466802253e+05
1.3421581947836400e-02	0.0000000000000000e+00	1.0127609250249229e+05
1.3439035240356299e-02	0.0000000000000000e+00	1.0127606029064782e+05
1.3456488532876299e-02	0.0000000000000000e+00	1.0127602803158766e+05
1.3473941825396201e-02	0.0000000000000000e+00	1.0127599572440864e+05
1.3491395117916199e-02	0.0000000000000000e+00	1.0127596336820570e+05
1.3508848410436100e-02	0.0000000000000000e+00	1.0127593096207222e+05
1.3526301702956101e-02	0.0000000000000000e+00	1.0127589850509951e+05
1.3543754995476000e-02	0.0000000000000000e+00	1.0127586599637748e+05
1.3561208287995900e-02	0.0000000000000000e+00	1.0127583343499381e+05
1.3578661580515900e-02	0.0000000000000000e+00	1.0127580082003480e+05
1.3596114873035799e-02	0.0000000000000000e+00	1.0127576815058480e+05
1.3613568165555799e-02	0.0000000000000000e+00	1.0127573542572657e+05
1.3631021458075701e-02	0.0000000000000000e+00	1.0127570264454102e+05
1.3648474750595699e-02	0.0000000000000000e+00	1.0127566980610724e+05
1.3665928043115600e-02	0.0000000000000000e+00	1.0127563690950285e+05
1.3683381335635500e-02	0.0000000000000000e+00	1.0127560395380358e+05
1.3700834628155500e-02	0.0000000000000000e+00	1.0127557093808349e+05
1.3718287920675400e-02	0.0000000000000000e+00	1.0127553786141475e+05
1.3735741213195400e-02	0.0000000000000000e+00	1.0127550472286824e+05
1.3753194505715299e-02	0.0000000000000000e+00	1.0127547152151271e+05
1.3770647798235299e-02	0.0000000000000000e+00	1.0127543825641552e+05
1.3788101090755201e-02	0.0000000000000000e+00	1.0127540492664227e+05
1.3805554383275100e-02	0.0000000000000000e+00	1.0127537153125674e+05
1.3823007675795100e-02	0.0000000000000000e+00	1.0127533806932118e+05
1.3840460968315000e-02	0.0000000000000000e+00	1.0127530453989633e+05
1.3857914260835000e-02	0.0000000000000000e+00	1.0127527094204089e+05
1.3875367553354900e-02	0.0000000000000000e+00	1.0127523727481230e+05
1.3892820845874900e-02	0.0000000000000000e+00	1.0127520353726608e+05
1.3910274138394799e-02	0.0000000000000000e+00	1.0127516972845630e+05
1.3927727430914701e-02	0.0000000000000000e+00	1.0127513584743529e+05
1.3945180723434701e-02	0.0000000000000000e+00	1.0127510189325387e+05
1.3962634015954600e-02	0.0000000000000000e+00	1.0127506786496106e+05
1.3980087308474600e-02	0.0000000000000000e+00	1.0127503376160440e+05
1.3997540600994500e-02	0.0000000000000000e+00	1.0127499958222995e+05
1.4014993893514500e-02	0.0000000000000000e+00	1.0127496532588196e+05
1.4032447186034400e-02	0.0000000000000000e+00	1.0127493099160318e+05
1.4049900478554400e-02	0.0000000000000000e+00	1.0127489657843480e+05
1.4067353771074299e-02	0.0000000000000000e+00	1.0127486208541651e+05
1.4084807063594201e-02	0.0000000000000000e+00	1.0127482751158622e+05
1.4102260356114201e-02	0.0000000000000000e+00	1.0127479285598041e+05
1.4119713648634100e-02	0.0000000000000000e+00	1.0127475811763410e+05
1.4137166941154100e-02	0.0000000000000000e+00	1.0127472329558067e+05
1.4154620233674000e-02	0.0000000000000000e+00	1.0127468838885191e+05
1.4172073526194000e-02	0.0000000000000000e+00	1.0127465339647832e+05
1.4189526818713900e-02	0.0000000000000000e+00	1.0127461831748848e+05
1.4206980111233799e-02	0.0000000000000000e+00	1.0127458315090985e+05
1.4224433403753799e-02	0.0000000000000000e+00	1.0127454789576815e+05
1.4241886696273701e-02	0.0000000000000000e+00	1.0127451255108774e+05
1.4259339988793701e-02	0.0000000000000000e+00	1.0127447711589136e+05
1.4276793281313600e-02	0.0000000000000000e+00	1.0127444158920033e+05
1.4294246573833600e-02	0.0000000000000000e+00	1.0127440597003447e+05
1.4311699866353500e-02	0.0000000000000000e+00	1.0127437025741223e+05
1.4329153158873400e-02	0.0000000000000000e+00	1.0127433445035049e+05
1.4346606451393400e-02	0.0000000000000000e+00	1.0127429854786467e+05
1.4364059743913299e-02	0.0000000000000000e+00	1.0127426254896882e+05
1.4381513036433299e-02	0.0000000000000000e+00	1.0127422645267549e+05
1.4398966328953201e-02	0.0000000000000000e+00	1.0127419025799578e+05
1.4416419621473201e-02	0.0000000000000000e+00	1.0127415396393952e+05
1.4433872913993100e-02	0.0000000000000000e+00	1.0127411756951497e+05
1.4451326206513000e-02	0.0000000000000000e+00	1.0127408107372909e+05
1.4468779499033000e-02	0.0000000000000000e+00	1.0127404447558719e+05
1.4486232791552900e-02	0.0000000000000000e+00	1.0127400777409355e+05
1.4503686084072900e-02	0.0000000000000000e+00	1.0127397096825074e+05
1.4521139376592799e-02	0.0000000000000000e+00	1.0127393405706032e+05
1.4538592669112799e-02	0.0000000000000000e+00	1.0127389703952210e+05
1.4556045961632701e-02	0.0000000000000000e+00	1.0127385991463468e+05
1.4573499254152701e-02	0.0000000000000000e+00	1.0127382268139537e+05
1.4590952546672600e-02	0.0000000000000000e+00	1.0127378533880017e+05
1.4608405839192500e-02	0.0000000000000000e+00	1.0127374788584355e+05
1.4625859131712500e-02	0.0000000000000000e+00	1.0127371032151884e+05
1.4643312424232400e-02	0.0000000000000000e+00	1.0127367264481788e+05
1.4660765716752400e-02	0.0000000000000000e+00	1.0127363485473141e+05
1.4678219009272299e-02	0.0000000000000000e+00	1.0127359695024866e+05
1.4695672301792299e-02	0.0000000000000000e+00	1.0127355893035761e+05
1.4713125594312201e-02	0.0000000000000000e+00	1.0127352079404503e+05
1.4730578886832100e-02	0.0000000000000000e+00	1.0127348254029636e+05
1.4748032179352100e-02	0.0000000000000000e+00	1.0127344416809590e+05
1.4765485471872000e-02	0.0000000000000000e+00	1.0127340567642634e+05
1.4782938764392000e-02	0.0000000000000000e+00	1.0127336706426948e+05
1.4800392056911900e-02	0.0000000000000000e+00	1.0127332833060576e+05
1.4817845349431900e-02	0.0000000000000000e+00	1.0127328947441424e+05
1.4835298641951799e-02	0.0000000000000000e+00	1.0127325049467292e+05
1.4852751934471701e-02	0.0000000000000000e+00	1.0127321139035844e+05
1.4870205226991701e-02	0.0000000000000000e+00	1.0127317216044643e+05
1.4887658519511600e-02	0.0000000000000000e+00	1.0127313280391110e+05
1.4905111812031600e-02	0.0000000000000000e+00	1.0127309331972551e+05
1.4922565104551500e-02	0.0000000000000000e+00	1.0127305370686173e+05
1.4940018397071500e-02	0.0000000000000000e+00	1.0127301396429035e+05
1.4957471689591400e-02	0.0000000000000000e+00	1.0127297409098088e+05
1.4974924982111301e-02	0.0000000000000000e+00	1.0127293408590187e+05
1.4992378274631299e-02	0.0000000000000000e+00	1.0127289394802044e+05
1.5009831567151201e-02	0.0000000000000000e+00	1.0127285367630280e+05
1.5027284859671201e-02	0.0000000000000000e+00	1.0127281326971375e+05
1.5044738152191100e-02	0.0000000000000000e+00	1.0127277272721713e+05
1.5062191444711100e-02	0.0000000000000000e+00	1.0127273204777579e+05
1.5079644737231000e-02	0.0000000000000000e+00	1.0127269123035119e+05
1.5097098029750899e-02	0.0000000000000000e+00	1.0127265027390387e+05
1.5114551322270900e-02	0.0000000000000000e+00	1.0127260917739318e+05
1.5132004614790801e-02	0.0000000000000000e+00	1.0127256793977739e+05
1.5149457907310799e-02	0.0000000000000000e+00	1.0127252656001378e+05
1.5166911199830701e-02	0.0000000000000000e+00	1.0127248503705856e+05
1.5184364492350701e-02	0.0000000000000000e+00	1.0127244336986676e+05
1.5201817784870600e-02	0.0000000000000000e+00	1.0127240155739244e+05
1.5219271077390600e-02	0.0000000000000000e+00	1.0127235959858859e+05
1.5236724369910500e-02	0.0000000000000000e+00	1.0127231749240716e+05
1.5254177662430399e-02	0.0000000000000000e+00	1.0127227523779920e+05
1.5271630954950400e-02	0.0000000000000000e+00	1.0127223283371449e+05
1.5289084247470301e-02	0.0000000000000000e+00	1.0127219027910205e+05
1.5306537539990299e-02	0.0000000000000000e+00	1.0127214757290976e+05
1.5323990832510201e-02	0.0000000000000000e+00	1.0127210471408458e+05
1.5341444125030201e-02	0.0000000000000000e+00	1.0127206170157241e+05
1.5358897417550100e-02	0.0000000000000000e+00	1.0127201853431833e+05
1.5376350710070000e-02	0.0000000000000000e+00	1.0127197521126625e+05
1.5393804002590000e-02	0.0000000000000000e+00	1.0127193173135925e+05
1.5411257295109899e-02	0.0000000000000000e+00	1.0127188809353953e+05
1.5428710587629900e-02	0.0000000000000000e+00	1.0127184429674820e+05
1.5446163880149801e-02	0.0000000000000000e+00	1.0127180033992545e+05
1.5463617172669799e-02	0.0000000000000000e+00	1.0127175622201084e+05
1.5481070465189701e-02	0.0000000000000000e+00	1.0127171194194262e+05
1.5498523757709600e-02	0.0000000000000000e+00	1.0127166749865837e+05
1.5515977050229600e-02	0.0000000000000000e+00	1.0127162289109462e+05
1.5533430342749500e-02	0.0000000000000000e+00	1.0127157811818739e+05
1.5550883635269500e-02	0.0000000000000000e+00	1.0127153317887131e+05
1.5568336927789399e-02	0.0000000000000000e+00	1.0127148807208057e+05
1.5585790220309400e-02	0.0000000000000000e+00	1.0127144279674828e+05
1.5603243512829299e-02	0.0000000000000000e+00	1.0127139735180669e+05
1.5620696805349200e-02	0.0000000000000000e+00	1.0127135173618745e+05
1.5638150097869199e-02	0.0000000000000000e+00	1.0127130594882113e+05
1.5655603390389100e-02	0.0000000000000000e+00	1.0127125998863758e+05
1.5673056682909099e-02	0.0000000000000000e+00	1.0127121385456578e+05
1.5690509975429000e-02	0.0000000000000000e+00	1.0127116754553413e+05
1.5707963267949002e-02	0.0000000000000000e+00	1.0127112106046994e+05
1.5725416560468899e-02	0.0000000000000000e+00	1.0127107439830004e+05
1.5742869852988801e-02	0.0000000000000000e+00	1.0127102755795015e+05
1.5760323145508799e-02	0.0000000000000000e+00	1.0127098053834554e+05
1.5777776438028700e-02	0.0000000000000000e+00	1.0127093333841048e+05
1.5795229730548699e-02	0.0000000000000000e+00	1.0127088595706879e+05
1.5812683023068600e-02	0.0000000000000000e+00	1.0127083839324328e+05
1.5830136315588599e-02	0.0000000000000000e+00	1.0127079064585608e+05
1.5847589608108500e-02	0.0000000000000000e+00	1.0127074271382879e+05
1.5865042900628502e-02	0.0000000000000000e+00	1.0127069459608218e+05
1.5882496193148399e-02	0.0000000000000000e+00	1.0127064629153621e+05
1.5899949485668301e-02	0.0000000000000000e+00	1.0127059779911034e+05
1.5917402778188299e-02	0.0000000000000000e+00	1.0127054911772335e+05
1.5934856070708200e-02	0.0000000000000000e+00	1.0127050024629323e+05
1.5952309363228199e-02	0.0000000000000000e+00	1.0127045118373739e+05
1.5969762655748100e-02	0.0000000000000000e+00	1.0127040192897250e+05
1.5987215948268099e-02	0.0000000000000000e+00	1.0127035248091476e+05
1.6004669240788000e-02	0.0000000000000000e+00	1.0127030283847965e+05
1.6022122533307901e-02	0.0000000000000000e+00	1.0127025300058191e+05
1.6039575825827899e-02	0.0000000000000000e+00	1.0127020296613591e+05
1.6057029118347801e-02	0.0000000000000000e+00	1.0127015273405521e+05
1.6074482410867799e-02	0.0000000000000000e+00	1.0127010230325296e+05
1.6091935703387700e-02	0.0000000000000000e+00	1.0127005167264164e+05
1.6109388995907699e-02	0.0000000000000000e+00	1.0127000084113305e+05
1.6126842288427600e-02	0.0000000000000000e+00	1.0126994980763859e+05
1.6144295580947501e-02	0.0000000000000000e+00	1.0126989857106900e+05
1.6161748873467500e-02	0.0000000000000000e+00	1.0126984713033466e+05
1.6179202165987401e-02	0.0000000000000000e+00	1.0126979548434522e+05
1.6196655458507399e-02	0.0000000000000000e+00	1.0126974363200985e+05
1.6214108751027301e-02	0.0000000000000000e+00	1.0126969157223724e+05
1.6231562043547299e-02	0.0000000000000000e+00	1.0126963930393552e+05
1.6249015336067200e-02	0.0000000000000000e+00	1.0126958682601246e+05
1.6266468628587199e-02	0.0000000000000000e+00	1.0126953413737520e+05
1.6283921921107100e-02	0.0000000000000000e+00	1.0126948123693054e+05
1.6301375213627001e-02	0.0000000000000000e+00	1.0126942812358467e+05
1.6318828506147000e-02	0.0000000000000000e+00	1.0126937479624333e+05
1.6336281798666901e-02	0.0000000000000000e+00	1.0126932125381197e+05
1.6353735091186899e-02	0.0000000000000000e+00	1.0126926749519548e+05
1.6371188383706801e-02	0.0000000000000000e+00	1.0126921351929849e+05
1.6388641676226799e-02	0.0000000000000000e+00	1.0126915932502484e+05
1.6406094968746700e-02	0.0000000000000000e+00	1.0126910491127835e+05
1.6423548261266602e-02	0.0000000000000000e+00	1.0126905027696231e+05
1.6441001553786600e-02	0.0000000000000000e+00	1.0126899542097955e+05
1.6458454846306501e-02	0.0000000000000000e+00	1.0126894034223253e+05
1.6475908138826500e-02	0.0000000000000000e+00	1.0126888503962351e+05
1.6493361431346401e-02	0.0000000000000000e+00	1.0126882951205429e+05
1.6510814723866400e-02	0.0000000000000000e+00	1.0126877375842618e+05
1.6528268016386301e-02	0.0000000000000000e+00	1.0126871777764036e+05
1.6545721308906199e-02	0.0000000000000000e+00	1.0126866156859764e+05
1.6563174601426200e-02	0.0000000000000000e+00	1.0126860513019844e+05
1.6580627893946102e-02	0.0000000000000000e+00	1.0126854846134283e+05
1.6598081186466100e-02	0.0000000000000000e+00	1.0126849156093085e+05
1.6615534478986001e-02	0.0000000000000000e+00	1.0126843442786185e+05
1.6632987771506000e-02	0.0000000000000000e+00	1.0126837706103527e+05
1.6650441064025901e-02	0.0000000000000000e+00	1.0126831945935005e+05
1.6667894356545799e-02	0.0000000000000000e+00	1.0126826162170489e+05
1.6685347649065801e-02	0.0000000000000000e+00	1.0126820354699843e+05
1.6702800941585699e-02	0.0000000000000000e+00	1.0126814523412882e+05
1.6720254234105700e-02	0.0000000000000000e+00	1.0126808668199411e+05
1.6737707526625598e-02	0.0000000000000000e+00	1.0126802788949218e+05
1.6755160819145600e-02	0.0000000000000000e+00	1.0126796885552064e+05
1.6772614111665501e-02	0.0000000000000000e+00	1.0126790957897683e+05
1.6790067404185399e-02	0.0000000000000000e+00	1.0126785005875805e+05
1.6807520696705401e-02	0.0000000000000000e+00	1.0126779029376124e+05
1.6824973989225299e-02	0.0000000000000000e+00	1.0126773028288333e+05
1.6842427281745301e-02	0.0000000000000000e+00	1.0126767002502093e+05
1.6859880574265199e-02	0.0000000000000000e+00	1.0126760951907076e+05
1.6877333866785200e-02	0.0000000000000000e+00	1.0126754876392920e+05
1.6894787159305098e-02	0.0000000000000000e+00	1.0126748775849241e+05
1.6912240451825100e-02	0.0000000000000000e+00	1.0126742650165675e+05
1.6929693744345001e-02	0.0000000000000000e+00	1.0126736499231806e+05
1.6947147036864899e-02	0.0000000000000000e+00	1.0126730322937248e+05
1.6964600329384901e-02	0.0000000000000000e+00	1.0126724121171577e+05
1.6982053621904799e-02	0.0000000000000000e+00	1.0126717893824371e+05
1.6999506914424801e-02	0.0000000000000000e+00	1.0126711640785213e+05
1.7016960206944699e-02	0.0000000000000000e+00	1.0126705361943657e+05
1.7034413499464700e-02	0.0000000000000000e+00	1.0126699057189272e+05
1.7051866791984598e-02	0.0000000000000000e+00	1.0126692726411605e+05
1.7069320084504500e-02	0.0000000000000000e+00	1.0126686369500218e+05
1.7086773377024501e-02	0.0000000000000000e+00	1.0126679986344650e+05
1.7104226669544399e-02	0.0000000000000000e+00	1.0126673576834465e+05
1.7121679962064401e-02	0.0000000000000000e+00	1.0126667140859204e+05
1.7139133254584299e-02	0.0000000000000000e+00	1.0126660678308416e+05
1.7156586547104301e-02	0.0000000000000000e+00	1.0126654189071665e+05
1.7174039839624199e-02	0.0000000000000000e+00	1.0126647673038498e+05
1.7191493132144100e-02	0.0000000000000000e+00	1.0126641130098482e+05
1.7208946424664098e-02	0.0000000000000000e+00	1.0126634560141171e+05
1.7226399717184000e-02	0.0000000000000000e+00	1.0126627963056132e+05
1.7243853009704001e-02	0.0000000000000000e+00	1.0126621338732961e+05
1.7261306302223899e-02	0.0000000000000000e+00	1.0126614687061225e+05
1.7278759594743901e-02	0.0000000000000000e+00	1.0126608007930525e+05
1.7296212887263799e-02	0.0000000000000000e+00	1.0126601301230471e+05
1.7313666179783700e-02	0.0000000000000000e+00	1.0126594566850663e+05
1.7331119472303699e-02	0.0000000000000000e+00	1.0126587804680740e+05
1.7348572764823600e-02	0.0000000000000000e+00	1.0126581014610332e+05
1.7366026057343598e-02	0.0000000000000000e+00	1.0126574196529099e+05
1.7383479349863500e-02	0.0000000000000000e+00	1.0126567350326703e+05
1.7400932642383501e-02	0.0000000000000000e+00	1.0126560475892833e+05
1.7418385934903399e-02	0.0000000000000000e+00	1.0126553573117185e+05
1.7435839227423401e-02	0.0000000000000000e+00	1.0126546641889485e+05
1.7453292519943299e-02	0.0000000000000000e+00	1.0126539682099459e+05
1.7470745812463200e-02	0.0000000000000000e+00	1.0126532693636873e+05
1.7488199104983199e-02	0.0000000000000000e+00	1.0126525676391496e+05
1.7505652397503100e-02	0.0000000000000000e+00	1.0126518630253138e+05
1.7523105690023098e-02	0.0000000000000000e+00	1.0126511555111611e+05
1.7540558982543000e-02	0.0000000000000000e+00	1.0126504450856766e+05
1.7558012275063001e-02	0.0000000000000000e+00	1.0126497317378479e+05
1.7575465567582899e-02	0.0000000000000000e+00	1.0126490154566635e+05
1.7592918860102801e-02	0.0000000000000000e+00	1.0126482962311164e+05
1.7610372152622799e-02	0.0000000000000000e+00	1.0126475740502015e+05
1.7627825445142700e-02	0.0000000000000000e+00	1.0126468489029165e+05
1.7645278737662699e-02	0.0000000000000000e+00	1.0126461207782630e+05
1.7662732030182600e-02	0.0000000000000000e+00	1.0126453896652450e+05
1.7680185322702598e-02	0.0000000000000000e+00	1.0126446555528688e+05
1.7697638615222500e-02	0.0000000000000000e+00	1.0126439184301457e+05
1.7715091907742401e-02	0.0000000000000000e+00	1.0126431782860887e+05
1.7732545200262399e-02	0.0000000000000000e+00	1.0126424351097154e+05
1.7749998492782301e-02	0.0000000000000000e+00	1.0126416888900472e+05
1.7767451785302299e-02	0.0000000000000000e+00	1.0126409396161074e+05
1.7784905077822200e-02	0.0000000000000000e+00	1.0126401872769253e+05
1.7802358370342199e-02	0.0000000000000000e+00	1.0126394318615326e+05
1.7819811662862100e-02	0.0000000000000000e+00	1.0126386733589652e+05
1.7837264955382001e-02	0.0000000000000000e+00	1.0126379117582628e+05
1.7854718247902000e-02	0.0000000000000000e+00	1.0126371470484711e+05
1.7872171540421901e-02	0.0000000000000000e+00	1.0126363792186369e+05
1.7889624832941899e-02	0.0000000000000000e+00	1.0126356082578142e+05
1.7907078125461801e-02	0.0000000000000000e+00	1.0126348341550602e+05
1.7924531417981799e-02	0.0000000000000000e+00	1.0126340568994358e+05
1.7941984710501700e-02	0.0000000000000000e+00	1.0126332764800084e+05
1.7959438003021699e-02	0.0000000000000000e+00	1.0126324928858494e+05
1.7976891295541600e-02	0.0000000000000000e+00	1.0126317061060332e+05
1.7994344588061501e-02	0.0000000000000000e+00	1.0126309161296432e+05
1.8011797880581500e-02	0.0000000000000000e+00	1.0126301229457633e+05
1.8029251173101401e-02	0.0000000000000000e+00	1.0126293265434857e+05
1.8046704465621399e-02	0.0000000000000000e+00	1.0126285269119070e+05
1.8064157758141301e-02	0.0000000000000000e+00	1.0126277240401282e+05
1.8081611050661299e-02	0.0000000000000000e+00	1.0126269179172568e+05
1.8099064343181200e-02	0.0000000000000000e+00	1.0126261085324052e+05
1.8116517635701102e-02	0.0000000000000000e+00	1.0126252958746919e+05
1.8133970928221100e-02	0.0000000000000000e+00	1.0126244799332404e+05
1.8151424220741001e-02	0.0000000000000000e+00	1.0126236606971810e+05
1.8168877513261000e-02	0.0000000000000000e+00	1.0126228381556491e+05
1.8186330805780901e-02	0.0000000000000000e+00	1.0126220122977867e+05
1.8203784098300899e-02	0.0000000000000000e+00	1.0126211831127408e+05
1.8221237390820801e-02	0.0000000000000000e+00	1.0126203505896662e+05
1.8238690683340698e-02	0.0000000000000000e+00	1.0126195147177225e+05
1.8256143975860700e-02	0.0000000000000000e+00	1.0126186754860767e+05
1.8273597268380602e-02	0.0000000000000000e+00	1.0126178328839022e+05
1.8291050560900600e-02	0.0000000000000000e+00	1.0126169869003781e+05
1.8308503853420501e-02	0.0000000000000000e+00	1.0126161375246913e+05
1.8325957145940500e-02	0.0000000000000000e+00	1.0126152847460339e+05
1.8343410438460401e-02	0.0000000000000000e+00	1.0126144285536070e+05
1.8360863730980299e-02	0.0000000000000000e+00	1.0126135689366172e+05
1.8378317023500301e-02	0.0000000000000000e+00	1.0126127058842783e+05
1.8395770316020198e-02	0.0000000000000000e+00	1.0126118393858119e+05
1.8413223608540200e-02	0.0000000000000000e+00	1.0126109694304461e+05
1.8430676901060102e-02	0.0000000000000000e+00	1.0126100960074161e+05
1.8448130193580100e-02	0.0000000000000000e+00	1.0126092191059671e+05
1.8465583486100001e-02	0.0000000000000000e+00	1.0126083387153478e+05
1.8483036778619899e-02	0.0000000000000000e+00	1.0126074548248170e+05
1.8500490071139901e-02	0.0000000000000000e+00	1.0126065674236405e+05
1.8517943363659799e-02	0.0000000000000000e+00	1.0126056765010937e+05
1.8535396656179801e-02	0.0000000000000000e+00	1.0126047820464562e+05
1.8552849948699698e-02	0.0000000000000000e+00	1.0126038840490190e+05
1.8570303241219700e-02	0.0000000000000000e+00	1.0126029824980797e+05
1.8587756533739602e-02	0.0000000000000000e+00	1.0126020773829456e+05
1.8605209826259600e-02	0.0000000000000000e+00	1.0126011686929289e+05
1.8622663118779501e-02	0.0000000000000000e+00	1.0126002564173538e+05
1.8640116411299399e-02	0.0000000000000000e+00	1.0125993405455509e+05
1.8657569703819401e-02	0.0000000000000000e+00	1.0125984210668599e+05
1.8675022996339299e-02	0.0000000000000000e+00	1.0125974979706293e+05
1.8692476288859301e-02	0.0000000000000000e+00	1.0125965712462163e+05
1.8709929581379198e-02	0.0000000000000000e+00	1.0125956408829875e+05
1.8727382873899200e-02	0.0000000000000000e+00	1.0125947068703169e+05
1.8744836166419102e-02	0.0000000000000000e+00	1.0125937691975890e+05
1.8762289458938999e-02	0.0000000000000000e+00	1.0125928278541964e+05
1.8779742751459001e-02	0.0000000000000000e+00	1.0125918828295429e+05
1.8797196043978899e-02	0.0000000000000000e+00	1.0125909341130378e+05
1.8814649336498901e-02	0.0000000000000000e+00	1.0125899816941035e+05
1.8832102629018799e-02	0.0000000000000000e+00	1.0125890255621697e+05
1.8849555921538801e-02	0.0000000000000000e+00	1.0125880657066772e+05
1.8867009214058698e-02	0.0000000000000000e+00	1.0125871021170753e+05
1.8884462506578600e-02	0.0000000000000000e+00	1.0125861347828238e+05
1.8901915799098602e-02	0.0000000000000000e+00	1.0125851636933921e+05
1.8919369091618499e-02	0.0000000000000000e+00	1.0125841888382590e+05
1.8936822384138501e-02	0.0000000000000000e+00	1.0125832102069135e+05
1.8954275676658399e-02	0.0000000000000000e+00	1.0125822277888557e+05
1.8971728969178401e-02	0.0000000000000000e+00	1.0125812415735949e+05
1.8989182261698299e-02	0.0000000000000000e+00	1.0125802515506513e+05
1.9006635554218200e-02	0.0000000000000000e+00	1.0125792577095552e+05
1.9024088846738198e-02	0.0000000000000000e+00	1.0125782600398481e+05
1.9041542139258100e-02	0.0000000000000000e+00	1.0125772585310794e+05
1.9058995431778102e-02	0.0000000000000000e+00	1.0125762531728132e+05
1.9076448724297999e-02	0.0000000000000000e+00	1.0125752439546215e+05
1.9093902016818001e-02	0.0000000000000000e+00	1.0125742308660872e+05
1.9111355309337899e-02	0.0000000000000000e+00	1.0125732138968061e+05
1.9128808601857800e-02	0.0000000000000000e+00	1.0125721930363831e+05
1.9146261894377799e-02	0.0000000000000000e+00	1.0125711682744355e+05
1.9163715186897700e-02	0.0000000000000000e+00	1.0125701396005900e+05
1.9181168479417698e-02	0.0000000000000000e+00	1.0125691070044870e+05
1.9198621771937600e-02	0.0000000000000000e+00	1.0125680704757768e+05
1.9216075064457602e-02	0.0000000000000000e+00	1.0125670300041213e+05
1.9233528356977499e-02	0.0000000000000000e+00	1.0125659855791941e+05
1.9250981649497501e-02	0.0000000000000000e+00	1.0125649371906799e+05
1.9268434942017399e-02	0.0000000000000000e+00	1.0125638848282764e+05
1.9285888234537300e-02	0.0000000000000000e+00	1.0125628284816920e+05
1.9303341527057299e-02	0.0000000000000000e+00	1.0125617681406469e+05
1.9320794819577200e-02	0.0000000000000000e+00	1.0125607037948740e+05
1.9338248112097198e-02	0.0000000000000000e+00	1.0125596354341181e+05
1.9355701404617100e-02	0.0000000000000000e+00	1.0125585630481358e+05
1.9373154697137102e-02	0.0000000000000000e+00	1.0125574866266965e+05
1.9390607989656999e-02	0.0000000000000000e+00	1.0125564061595821e+05
1.9408061282176901e-02	0.0000000000000000e+00	1.0125553216365853e+05
1.9425514574696899e-02	0.0000000000000000e+00	1.0125542330475118e+05
1.9442967867216800e-02	0.0000000000000000e+00	1.0125531403821829e+05
1.9460421159736799e-02	0.0000000000000000e+00	1.0125520436304281e+05
1.9477874452256700e-02	0.0000000000000000e+00	1.0125509427820930e+05
1.9495327744776698e-02	0.0000000000000000e+00	1.0125498378270332e+05
1.9512781037296600e-02	0.0000000000000000e+00	1.0125487287551201e+05
1.9530234329816501e-02	0.0000000000000000e+00	1.0125476155562364e+05
1.9547687622336499e-02	0.0000000000000000e+00	1.0125464982202784e+05
1.9565140914856401e-02	0.0000000000000000e+00	1.0125453767371557e+05
1.9582594207376399e-02	0.0000000000000000e+00	1.0125442510967902e+05
1.9600047499896300e-02	0.0000000000000000e+00	1.0125431212891183e+05
1.9617500792416299e-02	0.0000000000000000e+00	1.0125419873040888e+05
1.9634954084936200e-02	0.0000000000000000e+00	1.0125408491316656e+05
1.9652407377456101e-02	0.0000000000000000e+00	1.0125397067618239e+05
1.9669860669976100e-02	0.0000000000000000e+00	1.0125385601845551e+05
1.9687313962496001e-02	0.0000000000000000e+00	1.0125374093898617e+05
1.9704767255015999e-02	0.0000000000000000e+00	1.0125362543677632e+05
1.9722220547535901e-02	0.0000000000000000e+00	1.0125350951082897e+05
1.9739673840055899e-02	0.0000000000000000e+00	1.0125339316014876e+05
1.9757127132575800e-02	0.0000000000000000e+00	1.0125327638374163e+05
1.9774580425095799e-02	0.0000000000000000e+00	1.0125315918061502e+05
1.9792033717615700e-02	0.0000000000000000e+00	1.0125304154977770e+05
1.9809487010135601e-02	0.0000000000000000e+00	1.0125292349023987e+05
1.9826940302655600e-02	0.0000000000000000e+00	1.0125280500101336e+05
1.9844393595175501e-02	0.0000000000000000e+00	1.0125268608111114e+05
1.9861846887695499e-02	0.0000000000000000e+00	1.0125256672954789e+05
1.9879300180215401e-02	0.0000000000000000e+00	1.0125244694533973e+05
1.9896753472735399e-02	0.0000000000000000e+00	1.0125232672750406e+05
1.9914206765255300e-02	0.0000000000000000e+00	1.0125220607505993e+05
1.9931660057775202e-02	0.0000000000000000e+00	1.0125208498702779e+05
1.9949113350295200e-02	0.0000000000000000e+00	1.0125196346242978e+05
1.9966566642815101e-02	0.0000000000000000e+00	1.0125184150028933e+05
1.9984019935335100e-02	0.0000000000000000e+00	1.0125171909963134e+05
2.0001473227855001e-02	0.0000000000000000e+00	1.0125159625948254e+05
2.0018926520374999e-02	0.0000000000000000e+00	1.0125147297887075e+05
2.0036379812894901e-02	0.0000000000000000e+00	1.0125134925682581e+05
2.0053833105414798e-02	0.0000000000000000e+00	1.0125122509237861e+05
2.0071286397934800e-02	0.0000000000000000e+00	1.0125110048456205e+05
2.0088739690454702e-02	0.0000000000000000e+00	1.0125097543241021e+05
2.0106192982974700e-02	0.0000000000000000e+00	1.0125084993495894e+05
2.0123646275494601e-02	0.0000000000000000e+00	1.0125072399124569e+05
2.0141099568014600e-02	0.0000000000000000e+00	1.0125059760030941e+05
2.0158552860534501e-02	0.0000000000000000e+00	1.0125047076119055e+05
2.0176006153054399e-02	0.0000000000000000e+00	1.0125034347293142e+05
2.0193459445574401e-02	0.0000000000000000e+00	1.0125021573457560e+05
2.0210912738094299e-02	0.0000000000000000e+00	1.0125008754516860e+05
2.0228366030614300e-02	0.0000000000000000e+00	1.0124995890375733e+05
2.0245819323134202e-02	0.0000000000000000e+00	1.0124982980939042e+05
2.0263272615654200e-02	0.0000000000000000e+00	1.0124970026111809e+05
2.0280725908174101e-02	0.0000000000000000e+00	1.0124957025799225e+05
2.0298179200694100e-02	0.0000000000000000e+00	1.0124943979906647e+05
2.0315632493214001e-02	0.0000000000000000e+00	1.0124930888339582e+05
2.0333085785733899e-02	0.0000000000000000e+00	1.0124917751003725e+05
2.0350539078253901e-02	0.0000000000000000e+00	1.0124904567804921e+05
2.0367992370773799e-02	0.0000000000000000e+00	1.0124891338649206e+05
2.0385445663293800e-02	0.0000000000000000e+00	1.0124878063442752e+05
2.0402898955813702e-02	0.0000000000000000e+00	1.0124864742091915e+05
2.0420352248333700e-02	0.0000000000000000e+00	1.0124851374503234e+05
2.0437805540853601e-02	0.0000000000000000e+00	1.0124837960583408e+05
2.0455258833373499e-02	0.0000000000000000e+00	1.0124824500239301e+05
2.0472712125893501e-02	0.0000000000000000e+00	1.0124810993377956e+05
2.0490165418413399e-02	0.0000000000000000e+00	1.0124797439906589e+05
2.0507618710933401e-02	0.0000000000000000e+00	1.0124783839732585e+05
2.0525072003453299e-02	0.0000000000000000e+00	1.0124770192763516e+05
2.0542525295973300e-02	0.0000000000000000e+00	1.0124756498907109e+05
2.0559978588493202e-02	0.0000000000000000e+00	1.0124742758071271e+05
2.0577431881013099e-02	0.0000000000000000e+00	1.0124728970164110e+05
2.0594885173533101e-02	0.0000000000000000e+00	1.0124715135093883e+05
2.0612338466052999e-02	0.0000000000000000e+00	1.0124701252769031e+05
2.0629791758573001e-02	0.0000000000000000e+00	1.0124687323098186e+05
2.0647245051092899e-02	0.0000000000000000e+00	1.0124673345990138e+05
2.0664698343612901e-02	0.0000000000000000e+00	1.0124659321353868e+05
2.0682151636132799e-02	0.0000000000000000e+00	1.0124645249098555e+05
2.0699604928652700e-02	0.0000000000000000e+00	1.0124631129133522e+05
2.0717058221172702e-02	0.0000000000000000e+00	1.0124616961368304e+05
2.0734511513692599e-02	0.0000000000000000e+00	1.0124602745712605e+05
2.0751964806212601e-02	0.0000000000000000e+00	1.0124588482076321e+05
2.0769418098732499e-02	0.0000000000000000e+00	1.0124574170369515e+05
2.0786871391252501e-02	0.0000000000000000e+00	1.0124559810502453e+05
2.0804324683772399e-02	0.0000000000000000e+00	1.0124545402385578e+05
2.0821777976292300e-02	0.0000000000000000e+00	1.0124530945929528e+05
2.0839231268812299e-02	0.0000000000000000e+00	1.0124516441045092e+05
2.0856684561332200e-02	0.0000000000000000e+00	1.0124501887643302e+05
2.0874137853852202e-02	0.0000000000000000e+00	1.0124487285635338e+05
2.0891591146372099e-02	0.0000000000000000e+00	1.0124472634932576e+05
2.0909044438892101e-02	0.0000000000000000e+00	1.0124457935446588e+05
2.0926497731411999e-02	0.0000000000000000e+00	1.0124443187089120e+05
2.0943951023932001e-02	0.0000000000000000e+00	1.0124428389772141e+05
