0.0000000000000000e+00	0.0000000000000000e+00	0.0000000000000000e+00
1.7453292519943300e-05	0.0000000000000000e+00	9.7282265830482922e-08
3.4906585039886600e-05	0.0000000000000000e+00	1.9334414809957144e-07
5.2359877559829903e-05	0.0000000000000000e+00	2.8820836330936984e-07
6.9813170079773199e-05	0.0000000000000000e+00	3.8188592436407046e-07
8.7266462599716496e-05	0.0000000000000000e+00	4.7435635693721431e-07
1.0471975511966000e-04	0.0000000000000000e+00	5.6553801972842809e-07
1.2217304763960301e-04	0.0000000000000000e+00	6.5525688267891901e-07
1.3962634015954599e-04	0.0000000000000000e+00	7.4322812160070124e-07
1.5707963267949001e-04	0.0000000000000000e+00	8.2906680133736358e-07
1.7453292519943299e-04	0.0000000000000000e+00	9.1234003701277273e-07
1.9198621771937600e-04	0.0000000000000000e+00	9.9266306320266914e-07
2.0943951023931999e-04	0.0000000000000000e+00	1.0698269543870869e-06
2.2689280275926300e-04	0.0000000000000000e+00	1.1439293002813074e-06
2.4434609527920601e-04	0.0000000000000000e+00	1.2154651556716469e-06
2.6179938779914903e-04	0.0000000000000000e+00	1.2853286783305373e-06
2.7925268031909301e-04	0.0000000000000000e+00	1.3546800412818981e-06
2.9670597283903603e-04	0.0000000000000000e+00	1.4246497511968312e-06
3.1415926535897898e-04	0.0000000000000000e+00	1.4958829744287217e-06
3.3161255787892303e-04	0.0000000000000000e+00	1.5679662477797801e-06
3.4906585039886598e-04	0.0000000000000000e+00	1.6388214081918509e-06
3.6651914291880900e-04	0.0000000000000000e+00	1.7041878243909493e-06
3.8397243543875201e-04	0.0000000000000000e+00	1.7573344117516396e-06
4.0142572795869599e-04	0.0000000000000000e+00	1.7891389729910974e-06
4.1887902047863901e-04	0.0000000000000000e+00	1.7886388714954031e-06
4.3633231299858202e-04	0.0000000000000000e+00	1.7440932102716434e-06
4.5378560551852601e-04	0.0000000000000000e+00	1.6445080362365088e-06
4.7123889803846902e-04	0.0000000000000000e+00	1.4814739611744863e-06
4.8869219055841203e-04	0.0000000000000000e+00	1.2510661465175752e-06
5.0614548307835602e-04	0.0000000000000000e+00	9.5547902988508109e-07
5.2359877559829903e-04	0.0000000000000000e+00	6.0403132704098738e-07
5.4105206811824204e-04	0.0000000000000000e+00	2.1319616968494377e-07
5.5850536063818505e-04	0.0000000000000000e+00	1.9460492748604909e-07
5.7595865315812904e-04	0.0000000000000000e+00	5.9355837969227201e-07
5.9341194567807205e-04	0.0000000000000000e+00	9.5828083407761059e-07
6.1086523819801496e-04	0.0000000000000000e+00	1.2685965391564892e-06
6.2831853071795905e-04	0.0000000000000000e+00	1.5147361251489988e-06
6.4577182323790196e-04	0.0000000000000000e+00	1.7022409383585652e-06
6.6322511575784497e-04	0.0000000000000000e+00	1.8557518007007187e-06
6.8067840827778798e-04	0.0000000000000000e+00	2.0208646767298665e-06
6.9813170079773197e-04	0.0000000000000000e+00	2.2633662636224154e-06
7.1558499331767498e-04	0.0000000000000000e+00	2.6654219706576489e-06
7.3303828583761799e-04	0.0000000000000000e+00	3.3186622364144828e-06
7.5049157835756198e-04	0.0000000000000000e+00	4.3145587205943261e-06
7.6794487087750499e-04	0.0000000000000000e+00	5.7329495389926495e-06
7.8539816339744800e-04	0.0000000000000000e+00	7.6299979107791289e-06
8.0285145591739199e-04	0.0000000000000000e+00	1.0027177348791439e-05
8.2030474843733500e-04	0.0000000000000000e+00	1.2903003345553903e-05
8.3775804095727801e-04	0.0000000000000000e+00	1.6189139996686793e-05
8.5521133347722102e-04	0.0000000000000000e+00	1.9772173786103360e-05
8.7266462599716501e-04	0.0000000000000000e+00	2.3501773261527801e-05
8.9011791851710802e-04	0.0000000000000000e+00	2.7205192419789512e-05
9.0757121103705104e-04	0.0000000000000000e+00	3.0707210141483603e-05
9.2502450355699502e-04	0.0000000000000000e+00	3.3853733673143468e-05
9.4247779607693804e-04	0.0000000000000000e+00	3.6536525171012882e-05
9.5993108859688105e-04	0.0000000000000000e+00	3.8715999159837689e-05
9.7738438111682406e-04	0.0000000000000000e+00	4.0438853214913788e-05
9.9483767363676805e-04	0.0000000000000000e+00	4.1847499533146897e-05
1.0122909661567101e-03	0.0000000000000000e+00	4.3178919686647902e-05
1.0297442586766500e-03	0.0000000000000000e+00	4.4751592791223395e-05
1.0471975511966000e-03	0.0000000000000000e+00	4.6940488064055392e-05
1.0646508437165401e-03	0.0000000000000000e+00	5.0141626106697019e-05
1.0821041362364800e-03	0.0000000000000000e+00	5.4729213998314414e-05
1.0995574287564300e-03	0.0000000000000000e+00	6.1009667078680175e-05
1.1170107212763701e-03	0.0000000000000000e+00	6.9177752779955496e-05
1.1344640137963100e-03	0.0000000000000000e+00	7.9280477590761480e-05
1.1519173063162600e-03	0.0000000000000000e+00	9.1194071029529583e-05
1.1693705988361999e-03	0.0000000000000000e+00	1.0461846661632856e-04
1.1868238913561400e-03	0.0000000000000000e+00	1.1909208612110182e-04
1.2042771838760900e-03	0.0000000000000000e+00	1.3402761591491840e-04
1.2217304763960299e-03	0.0000000000000000e+00	1.4876702960400423e-04
1.2391837689159700e-03	0.0000000000000000e+00	1.6265161370658109e-04
1.2566370614359201e-03	0.0000000000000000e+00	1.7510048532199659e-04
1.2740903539558599e-03	0.0000000000000000e+00	1.8568934846682094e-04
1.2915436464758000e-03	0.0000000000000000e+00	1.9422028107783656e-04
1.3089969389957501e-03	0.0000000000000000e+00	2.0077337670113132e-04
1.3264502315156899e-03	0.0000000000000000e+00	2.0573218565518396e-04
1.3439035240356300e-03	0.0000000000000000e+00	2.0977709368761265e-04
1.3613568165555801e-03	0.0000000000000000e+00	2.1384390455561649e-04
1.3788101090755199e-03	0.0000000000000000e+00	2.1904866714817821e-04
1.3962634015954600e-03	0.0000000000000000e+00	2.2658384899765994e-04
1.4137166941154101e-03	0.0000000000000000e+00	2.3759485297587899e-04
1.4311699866353500e-03	0.0000000000000000e+00	2.5304909104087512e-04
1.4486232791552900e-03	0.0000000000000000e+00	2.7361194196100832e-04
1.4660765716752401e-03	0.0000000000000000e+00	2.9954455612447081e-04
1.4835298641951800e-03	0.0000000000000000e+00	3.3063739607222395e-04
1.5009831567151201e-03	0.0000000000000000e+00	3.6619058136537253e-04
1.5184364492350699e-03	0.0000000000000000e+00	4.0504770645054147e-04
1.5358897417550100e-03	0.0000000000000000e+00	4.4568420986646260e-04
1.5533430342749501e-03	0.0000000000000000e+00	4.8634515083912234e-04
1.5707963267948999e-03	0.0000000000000000e+00	5.2522108846107275e-04
1.5882496193148400e-03	0.0000000000000000e+00	5.6064540767756989e-04
1.6057029118347801e-03	0.0000000000000000e+00	5.9129259634496895e-04
1.6231562043547299e-03	0.0000000000000000e+00	6.1635522821269957e-04
1.6406094968746700e-03	0.0000000000000000e+00	6.3567810722171944e-04
1.6580627893946101e-03	0.0000000000000000e+00	6.4983127227690449e-04
1.6755160819145599e-03	0.0000000000000000e+00	6.6010912767956167e-04
1.6929693744345000e-03	0.0000000000000000e+00	6.6845034780473988e-04
1.7104226669544401e-03	0.0000000000000000e+00	6.7728168033442666e-04
1.7278759594743899e-03	0.0000000000000000e+00	6.8929741328684470e-04
1.7453292519943300e-03	0.0000000000000000e+00	7.0719410460274288e-04
1.7627825445142699e-03	0.0000000000000000e+00	7.3338630924594638e-04
1.7802358370342200e-03	0.0000000000000000e+00	7.6973269775545831e-04
1.7976891295541600e-03	0.0000000000000000e+00	8.1730261992926634e-04
1.8151424220740999e-03	0.0000000000000000e+00	8.7621069547642611e-04
1.8325957145940500e-03	0.0000000000000000e+00	9.4554144146216570e-04
1.8500490071139900e-03	0.0000000000000000e+00	1.0233777220814094e-03
1.8675022996339299e-03	0.0000000000000000e+00	1.1069367447592605e-03
1.8849555921538800e-03	0.0000000000000000e+00	1.1928062721550873e-03
1.9024088846738201e-03	0.0000000000000000e+00	1.2772627779961757e-03
1.9198621771937599e-03	0.0000000000000000e+00	1.3566435678885455e-03
1.9373154697137100e-03	0.0000000000000000e+00	1.4277374416720270e-03
1.9547687622336499e-03	0.0000000000000000e+00	1.4881542027371697e-03
1.9722220547535902e-03	0.0000000000000000e+00	1.5366328503936609e-03
1.9896753472735400e-03	0.0000000000000000e+00	1.5732519475458949e-03
2.0071286397934799e-03	0.0000000000000000e+00	1.5995133667248936e-03
2.0245819323134202e-03	0.0000000000000000e+00	1.6182819171019485e-03
2.0420352248333700e-03	0.0000000000000000e+00	1.6335773382694721e-03
2.0594885173533099e-03	0.0000000000000000e+00	1.6502305643343643e-03
2.0769418098732502e-03	0.0000000000000000e+00	1.6734315222461857e-03
2.0943951023932000e-03	0.0000000000000000e+00	1.7082093113846182e-03
2.1118483949131399e-03	0.0000000000000000e+00	1.7588958189513225e-03
2.1293016874330802e-03	0.0000000000000000e+00	1.8286292297450620e-03
2.1467549799530201e-03	0.0000000000000000e+00	1.9189534320921261e-03
2.1642082724729699e-03	0.0000000000000000e+00	2.0295627069352984e-03
2.1816615649929102e-03	0.0000000000000000e+00	2.1582284133689466e-03
2.1991148575128501e-03	0.0000000000000000e+00	2.3009266596186349e-03
2.2165681500327999e-03	0.0000000000000000e+00	2.4521649839605499e-03
2.2340214425527402e-03	0.0000000000000000e+00	2.6054839030452124e-03
2.2514747350726801e-03	0.0000000000000000e+00	2.7540884273068674e-03
2.2689280275926299e-03	0.0000000000000000e+00	2.8915478275463747e-03
2.2863813201125698e-03	0.0000000000000000e+00	3.0124912114782346e-03
2.3038346126325101e-03	0.0000000000000000e+00	3.1132234678644486e-03
2.3212879051524599e-03	0.0000000000000000e+00	3.1921915559220029e-03
2.3387411976723998e-03	0.0000000000000000e+00	3.2502446602177080e-03
2.3561944901923401e-03	0.0000000000000000e+00	3.2906521098871795e-03
2.3736477827122899e-03	0.0000000000000000e+00	3.3188680112926595e-03
2.3911010752322298e-03	0.0000000000000000e+00	3.3420584723178560e-03
2.4085543677521701e-03	0.0000000000000000e+00	3.3684331319423335e-03
2.4260076602721200e-03	0.0000000000000000e+00	3.4064445367442062e-03
2.4434609527920598e-03	0.0000000000000000e+00	3.4639343178003842e-03
2.4609142453120001e-03	0.0000000000000000e+00	3.5473124924837117e-03
2.4783675378319500e-03	0.0000000000000000e+00	3.6608546564249841e-03
2.4958208303518898e-03	0.0000000000000000e+00	3.8061916997094267e-03
2.5132741228718301e-03	0.0000000000000000e+00	3.9820491855965040e-03
2.5307274153917800e-03	0.0000000000000000e+00	4.1842699442114608e-03
2.5481807079117198e-03	0.0000000000000000e+00	4.4061263047332679e-03
2.5656340004316601e-03	0.0000000000000000e+00	4.6389004054191293e-03
2.5830872929516100e-03	0.0000000000000000e+00	4.8726843118367461e-03
2.6005405854715499e-03	0.0000000000000000e+00	5.0973288982128565e-03
2.6179938779914902e-03	0.0000000000000000e+00	5.3034536450051305e-03
2.6354471705114400e-03	0.0000000000000000e+00	5.4834202774875912e-03
2.6529004630313799e-03	0.0000000000000000e+00	5.6321726914463069e-03
2.6703537555513202e-03	0.0000000000000000e+00	5.7478542816283571e-03
2.6878070480712700e-03	0.0000000000000000e+00	5.8321313076193874e-03
2.7052603405912099e-03	0.0000000000000000e+00	5.8901763098643525e-03
2.7227136331111502e-03	0.0000000000000000e+00	5.9302969899609386e-03
2.7401669256311000e-03	0.0000000000000000e+00	5.9632305925242648e-03
2.7576202181510399e-03	0.0000000000000000e+00	6.0011588238484013e-03
2.7750735106709802e-03	0.0000000000000000e+00	6.0565300708734244e-03
2.7925268031909300e-03	0.0000000000000000e+00	6.1408004422211010e-03
2.8099800957108699e-03	0.0000000000000000e+00	6.2632200245840170e-03
2.8274333882308102e-03	0.0000000000000000e+00	6.4297930946923404e-03
2.8448866807507600e-03	0.0000000000000000e+00	6.6425297167216580e-03
2.8623399732706999e-03	0.0000000000000000e+00	6.8990814331389020e-03
2.8797932657906402e-03	0.0000000000000000e+00	7.1928171441300237e-03
2.8972465583105901e-03	0.0000000000000000e+00	7.5133503173225496e-03
2.9146998508305299e-03	0.0000000000000000e+00	7.8474800341851204e-03
2.9321531433504698e-03	0.0000000000000000e+00	8.1804613215223729e-03
2.9496064358704201e-03	0.0000000000000000e+00	8.4974805308210104e-03
2.9670597283903599e-03	0.0000000000000000e+00	8.7851843485019614e-03
2.9845130209102998e-03	0.0000000000000000e+00	9.0331000699905156e-03
3.0019663134302501e-03	0.0000000000000000e+00	9.2347919806705456e-03
3.0194196059501899e-03	0.0000000000000000e+00	9.3886239005729517e-03
3.0368728984701298e-03	0.0000000000000000e+00	9.4980384775409758e-03
3.0543261909900801e-03	0.0000000000000000e+00	9.5713149794144636e-03
3.0717794835100200e-03	0.0000000000000000e+00	9.6208232446195925e-03
3.0892327760299598e-03	0.0000000000000000e+00	9.6618454886094468e-03
3.1066860685499101e-03	0.0000000000000000e+00	9.7110836235174067e-03
3.1241393610698500e-03	0.0000000000000000e+00	9.7850027019882827e-03
3.1415926535897898e-03	0.0000000000000000e+00	9.8981775720517907e-03
3.1590459461097401e-03	0.0000000000000000e+00	1.0061808882084860e-02
3.1764992386296800e-03	0.0000000000000000e+00	1.0282556799102855e-02
3.1939525311496198e-03	0.0000000000000000e+00	1.0561808515461662e-02
3.2114058236695701e-03	0.0000000000000000e+00	1.0895453559477051e-02
3.2288591161895100e-03	0.0000000000000000e+00	1.1274192433928869e-02
3.2463124087094499e-03	0.0000000000000000e+00	1.1684353585647216e-02
3.2637657012294001e-03	0.0000000000000000e+00	1.2109146733732281e-02
3.2812189937493400e-03	0.0000000000000000e+00	1.2530240028859736e-02
3.2986722862692799e-03	0.0000000000000000e+00	1.2929517365779016e-02
3.3161255787892301e-03	0.0000000000000000e+00	1.3290853543473235e-02
3.3335788713091700e-03	0.0000000000000000e+00	1.3601739865039705e-02
3.3510321638291099e-03	0.0000000000000000e+00	1.3854602006339775e-02
3.3684854563490602e-03	0.0000000000000000e+00	1.4047675646974584e-02
3.3859387488690000e-03	0.0000000000000000e+00	1.4185341697659231e-02
3.4033920413889399e-03	0.0000000000000000e+00	1.4277870102909962e-02
3.4208453339088902e-03	0.0000000000000000e+00	1.4340575631334363e-02
3.4382986264288300e-03	0.0000000000000000e+00	1.4392445990467784e-02
3.4557519189487699e-03	0.0000000000000000e+00	1.4454357292375361e-02
3.4732052114687202e-03	0.0000000000000000e+00	1.4547038782627477e-02
3.4906585039886600e-03	0.0000000000000000e+00	1.4688982039163702e-02
3.5081117965085999e-03	0.0000000000000000e+00	1.4894505303485886e-02
3.5255650890285502e-03	0.0000000000000000e+00	1.5172177924958853e-02
3.5430183815484901e-03	0.0000000000000000e+00	1.5523782143561092e-02
3.5604716740684299e-03	0.0000000000000000e+00	1.5943941066781295e-02
3.5779249665883698e-03	0.0000000000000000e+00	1.6420476037142494e-02
3.5953782591083201e-03	0.0000000000000000e+00	1.6935480568603296e-02
3.6128315516282599e-03	0.0000000000000000e+00	1.7467019719655880e-02
3.6302848441482102e-03	0.0000000000000000e+00	1.7991291602575857e-02
3.6477381366681501e-03	0.0000000000000000e+00	1.8485031965295370e-02
3.6651914291880900e-03	0.0000000000000000e+00	1.8927909799931333e-02
3.6826447217080398e-03	0.0000000000000000e+00	1.9304656866917604e-02
3.7000980142279801e-03	0.0000000000000000e+00	1.9606699062511088e-02
3.7175513067479200e-03	0.0000000000000000e+00	1.9833109513002465e-02
3.7350045992678598e-03	0.0000000000000000e+00	1.9990776830202645e-02
3.7524578917878101e-03	0.0000000000000000e+00	2.0093767516697086e-02
3.7699111843077500e-03	0.0000000000000000e+00	2.0161949049065681e-02
3.7873644768276998e-03	0.0000000000000000e+00	2.0219018959513762e-02
3.8048177693476401e-03	0.0000000000000000e+00	2.0290146172916846e-02
3.8222710618675800e-03	0.0000000000000000e+00	2.0399467760429467e-02
3.8397243543875199e-03	0.0000000000000000e+00	2.0567694077260737e-02
3.8571776469074701e-03	0.0000000000000000e+00	2.0810058772698314e-02
3.8746309394274100e-03	0.0000000000000000e+00	2.1134810450063681e-02
3.8920842319473499e-03	0.0000000000000000e+00	2.1542385750220858e-02
3.9095375244672997e-03	0.0000000000000000e+00	2.2025335744882503e-02
3.9269908169872400e-03	0.0000000000000000e+00	2.2569006936662837e-02
3.9444441095071803e-03	0.0000000000000000e+00	2.3152909521319379e-02
3.9618974020271302e-03	0.0000000000000000e+00	2.3752644152596807e-02
3.9793506945470696e-03	0.0000000000000000e+00	2.4342210346574911e-02
3.9968039870670099e-03	0.0000000000000000e+00	2.4896486577796775e-02
4.0142572795869597e-03	0.0000000000000000e+00	2.5393655818271760e-02
4.0317105721069000e-03	0.0000000000000000e+00	2.5817352837333621e-02
4.0491638646268403e-03	0.0000000000000000e+00	2.6158330363237593e-02
4.0666171571467902e-03	0.0000000000000000e+00	2.6415479169564549e-02
4.0840704496667296e-03	0.0000000000000000e+00	2.6596091068964302e-02
4.1015237421866699e-03	0.0000000000000000e+00	2.6715319272235794e-02
4.1189770347066198e-03	0.0000000000000000e+00	2.6794863656525423e-02
4.1364303272265601e-03	0.0000000000000000e+00	2.6860983033346240e-02
4.1538836197465004e-03	0.0000000000000000e+00	2.6942005597882807e-02
4.1713369122664502e-03	0.0000000000000000e+00	2.7065565611521021e-02
4.1887902047863896e-03	0.0000000000000000e+00	2.7255832105629995e-02
4.2062434973063299e-03	0.0000000000000000e+00	2.7531008495445784e-02
4.2236967898262798e-03	0.0000000000000000e+00	2.7901366858604820e-02
4.2411500823462201e-03	0.0000000000000000e+00	2.8368036917836729e-02
4.2586033748661604e-03	0.0000000000000000e+00	2.8922699928084095e-02
4.2760566673861102e-03	0.0000000000000000e+00	2.9548247251222404e-02
4.2935099599060497e-03	0.0000000000000000e+00	3.0220362008804329e-02
4.3109632524259900e-03	0.0000000000000000e+00	3.0909880401512376e-02
4.3284165449459398e-03	0.0000000000000000e+00	3.1585698959966699e-02
4.3458698374658801e-03	0.0000000000000000e+00	3.2217928019718664e-02
4.3633231299858204e-03	0.0000000000000000e+00	3.2780957724355596e-02
4.3807764225057702e-03	0.0000000000000000e+00	3.3256106440415226e-02
4.3982297150257097e-03	0.0000000000000000e+00	3.3633564501466276e-02
4.4156830075456500e-03	0.0000000000000000e+00	3.3913422650105128e-02
4.4331363000655998e-03	0.0000000000000000e+00	3.4105675967136803e-02
4.4505895925855401e-03	0.0000000000000000e+00	3.4229207951053789e-02
4.4680428851054804e-03	0.0000000000000000e+00	3.4309870004199078e-02
4.4854961776254303e-03	0.0000000000000000e+00	3.4377866669705125e-02
4.5029494701453697e-03	0.0000000000000000e+00	3.4464726102227936e-02
4.5204027626653100e-03	0.0000000000000000e+00	3.4600170533486116e-02
4.5378560551852598e-03	0.0000000000000000e+00	3.4809201561813836e-02
4.5553093477052001e-03	0.0000000000000000e+00	3.5109682648287545e-02
4.5727626402251396e-03	0.0000000000000000e+00	3.5510642719610443e-02
4.5902159327450903e-03	0.0000000000000000e+00	3.6011447792540556e-02
4.6076692252650297e-03	0.0000000000000000e+00	3.6601901139678060e-02
4.6251225177849700e-03	0.0000000000000000e+00	3.7263247045315868e-02
4.6425758103049199e-03	0.0000000000000000e+00	3.7969973042469976e-02
4.6600291028248602e-03	0.0000000000000000e+00	3.8692237332834195e-02
4.6774823953447996e-03	0.0000000000000000e+00	3.9398697592583458e-02
4.6949356878647503e-03	0.0000000000000000e+00	4.0059485228121389e-02
4.7123889803846897e-03	0.0000000000000000e+00	4.0649057266537322e-02
4.7298422729046300e-03	0.0000000000000000e+00	4.1148667424372169e-02
4.7472955654245799e-03	0.0000000000000000e+00	4.1548227841501514e-02
4.7647488579445202e-03	0.0000000000000000e+00	4.1847381780559446e-02
4.7822021504644596e-03	0.0000000000000000e+00	4.2055673058349521e-02
4.7996554429844103e-03	0.0000000000000000e+00	4.2191775707919973e-02
4.8171087355043498e-03	0.0000000000000000e+00	4.2281832288208573e-02
4.8345620280242901e-03	0.0000000000000000e+00	4.2357034114104256e-02
4.8520153205442399e-03	0.0000000000000000e+00	4.2450654070466068e-02
4.8694686130641802e-03	0.0000000000000000e+00	4.2594804942596091e-02
4.8869219055841196e-03	0.0000000000000000e+00	4.2817235035583844e-02
4.9043751981040704e-03	0.0000000000000000e+00	4.3138482696899752e-02
4.9218284906240098e-03	0.0000000000000000e+00	4.3569688745191230e-02
4.9392817831439501e-03	0.0000000000000000e+00	4.4111310633287042e-02
4.9567350756638999e-03	0.0000000000000000e+00	4.4752897609246292e-02
4.9741883681838402e-03	0.0000000000000000e+00	4.5473979478369030e-02
4.9916416607037797e-03	0.0000000000000000e+00	4.6246003988719447e-02
5.0090949532237304e-03	0.0000000000000000e+00	4.7035141718572815e-02
5.0265482457436698e-03	0.0000000000000000e+00	4.7805677352133778e-02
5.0440015382636101e-03	0.0000000000000000e+00	4.8523634528196607e-02
5.0614548307835600e-03	0.0000000000000000e+00	4.9160249462182816e-02
5.0789081233035003e-03	0.0000000000000000e+00	4.9694919523511426e-02
5.0963614158234397e-03	0.0000000000000000e+00	5.0117307814524517e-02
5.1138147083433904e-03	0.0000000000000000e+00	5.0428379993813187e-02
5.1312680008633298e-03	0.0000000000000000e+00	5.0640268290293521e-02
5.1487212933832701e-03	0.0000000000000000e+00	5.0774988372961738e-02
5.1661745859032200e-03	0.0000000000000000e+00	5.0862159613890498e-02
5.1836278784231603e-03	0.0000000000000000e+00	5.0935982593682212e-02
5.2010811709430997e-03	0.0000000000000000e+00	5.1031799824083658e-02
5.2185344634630504e-03	0.0000000000000000e+00	5.1182597601154539e-02
5.2359877559829899e-03	0.0000000000000000e+00	5.1415798973875625e-02
5.2534410485029302e-03	0.0000000000000000e+00	5.1750654390099529e-02
5.2708943410228696e-03	0.0000000000000000e+00	5.2196465357787276e-02
5.2883476335428203e-03	0.0000000000000000e+00	5.2751787505192389e-02
5.3058009260627597e-03	0.0000000000000000e+00	5.3404662437049263e-02
5.3232542185827000e-03	0.0000000000000000e+00	5.4133833556872513e-02
5.3407075111026499e-03	0.0000000000000000e+00	5.4910816516110454e-02
5.3581608036225902e-03	0.0000000000000000e+00	5.5702623688399226e-02
5.3756140961425296e-03	0.0000000000000000e+00	5.6474891267817351e-02
5.3930673886624803e-03	0.0000000000000000e+00	5.7195127753044452e-02
5.4105206811824198e-03	0.0000000000000000e+00	5.7835793692951616e-02
5.4279739737023601e-03	0.0000000000000000e+00	5.8376936938494647e-02
5.4454272662223099e-03	0.0000000000000000e+00	5.8808143131831934e-02
5.4628805587422502e-03	0.0000000000000000e+00	5.9129616124713728e-02
5.4803338512621896e-03	0.0000000000000000e+00	5.9352275071595607e-02
5.4977871437821403e-03	0.0000000000000000e+00	5.9496839133586922e-02
5.5152404363020798e-03	0.0000000000000000e+00	5.9591961497718379e-02
5.5326937288220201e-03	0.0000000000000000e+00	5.9671564724240886e-02
5.5501470213419699e-03	0.0000000000000000e+00	5.9771610672826138e-02
5.5676003138619102e-03	0.0000000000000000e+00	5.9926602245783091e-02
5.5850536063818497e-03	0.0000000000000000e+00	6.0166153075646690e-02
5.6025068989018004e-03	0.0000000000000000e+00	6.0511968831800773e-02
5.6199601914217398e-03	0.0000000000000000e+00	6.0975556310697086e-02
5.6374134839416801e-03	0.0000000000000000e+00	6.1556914742368990e-02
5.6548667764616299e-03	0.0000000000000000e+00	6.2244371198270691e-02
5.6723200689815702e-03	0.0000000000000000e+00	6.3015606494039103e-02
5.6897733615015097e-03	0.0000000000000000e+00	6.3839792359258629e-02
5.7072266540214604e-03	0.0000000000000000e+00	6.4680637398557311e-02
5.7246799465413998e-03	0.0000000000000000e+00	6.5500034308879546e-02
5.7421332390613401e-03	0.0000000000000000e+00	6.6261927667497278e-02
5.7595865315812900e-03	0.0000000000000000e+00	6.6935991244497242e-02
5.7770398241012303e-03	0.0000000000000000e+00	6.7500719316406221e-02
5.7944931166211697e-03	0.0000000000000000e+00	6.7945599484337454e-02
5.8119464091411204e-03	0.0000000000000000e+00	6.8272137871747143e-02
5.8293997016610598e-03	0.0000000000000000e+00	6.8493635960719376e-02
5.8468529941810002e-03	0.0000000000000000e+00	6.8633758375359802e-02
5.8643062867009500e-03	0.0000000000000000e+00	6.8724061637263190e-02
5.8817595792208903e-03	0.0000000000000000e+00	6.8800761223232351e-02
5.8992128717408297e-03	0.0000000000000000e+00	6.8901086766756520e-02
5.9166661642607796e-03	0.0000000000000000e+00	6.9059604625689178e-02
5.9341194567807199e-03	0.0000000000000000e+00	6.9304874387021528e-02
5.9515727493006602e-03	0.0000000000000000e+00	6.9656756259169117e-02
5.9690260418206100e-03	0.0000000000000000e+00	7.0124608478768405e-02
5.9864793343405503e-03	0.0000000000000000e+00	7.0706518653453884e-02
6.0039326268604898e-03	0.0000000000000000e+00	7.1389611768864616e-02
6.0213859193804396e-03	0.0000000000000000e+00	7.2151378494782037e-02
6.0388392119003799e-03	0.0000000000000000e+00	7.2961881088016128e-02
6.0562925044203202e-03	0.0000000000000000e+00	7.3786623719517760e-02
6.0737457969402700e-03	0.0000000000000000e+00	7.4589821934327560e-02
6.0911990894602103e-03	0.0000000000000000e+00	7.5337777824922098e-02
6.1086523819801498e-03	0.0000000000000000e+00	7.6002061535947130e-02
6.1261056745000996e-03	0.0000000000000000e+00	7.6562215971645267e-02
6.1435589670200399e-03	0.0000000000000000e+00	7.7007739789901511e-02
6.1610122595399802e-03	0.0000000000000000e+00	7.7339162184291682e-02
6.1784655520599301e-03	0.0000000000000000e+00	7.7568097606166508e-02
6.1959188445798704e-03	0.0000000000000000e+00	7.7716255836084561e-02
6.2133721370998098e-03	0.0000000000000000e+00	7.7813476304363957e-02
6.2308254296197596e-03	0.0000000000000000e+00	7.7894947697133621e-02
6.2482787221396999e-03	0.0000000000000000e+00	7.7997856776227822e-02
6.2657320146596402e-03	0.0000000000000000e+00	7.8157774809061928e-02
6.2831853071795901e-03	0.0000000000000000e+00	7.8405128539060370e-02
6.3006385996995304e-03	0.0000000000000000e+00	7.8762108789796795e-02
6.3180918922194698e-03	0.0000000000000000e+00	7.9240339926984413e-02
6.3355451847394197e-03	0.0000000000000000e+00	7.9839568355687188e-02
6.3529984772593600e-03	0.0000000000000000e+00	8.0547532165707050e-02
6.3704517697793003e-03	0.0000000000000000e+00	8.1341054535494922e-02
6.3879050622992501e-03	0.0000000000000000e+00	8.2188274512815754e-02
6.4053583548191904e-03	0.0000000000000000e+00	8.3051803028226290e-02
6.4228116473391298e-03	0.0000000000000000e+00	8.3892483634948486e-02
6.4402649398590797e-03	0.0000000000000000e+00	8.4673365854606206e-02
6.4577182323790200e-03	0.0000000000000000e+00	8.5363468675666465e-02
6.4751715248989603e-03	0.0000000000000000e+00	8.5940928995906260e-02
6.4926248174188997e-03	0.0000000000000000e+00	8.6395198369812978e-02
6.5100781099388504e-03	0.0000000000000000e+00	8.6728056775987369e-02
6.5275314024587899e-03	0.0000000000000000e+00	8.6953345729238504e-02
6.5449846949787302e-03	0.0000000000000000e+00	8.7095466991469264e-02
6.5624379874986800e-03	0.0000000000000000e+00	8.7186825617479438e-02
6.5798912800186203e-03	0.0000000000000000e+00	8.7264505278374122e-02
6.5973445725385597e-03	0.0000000000000000e+00	8.7366536004773648e-02
6.6147978650585096e-03	0.0000000000000000e+00	8.7528142467118875e-02
6.6322511575784499e-03	0.0000000000000000e+00	8.7778345967466587e-02
6.6497044500983902e-03	0.0000000000000000e+00	8.8137240891187338e-02
6.6671577426183400e-03	0.0000000000000000e+00	8.8614185666691589e-02
6.6846110351382803e-03	0.0000000000000000e+00	8.9207050503738131e-02
6.7020643276582198e-03	0.0000000000000000e+00	8.9902560974229329e-02
6.7195176201781696e-03	0.0000000000000000e+00	9.0677676027461990e-02
6.7369709126981099e-03	0.0000000000000000e+00	9.1501852030112699e-02
6.7544242052180502e-03	0.0000000000000000e+00	9.2339973842328074e-02
6.7718774977380001e-03	0.0000000000000000e+00	9.3155682182675309e-02
6.7893307902579404e-03	0.0000000000000000e+00	9.3914799193001441e-02
6.8067840827778798e-03	0.0000000000000000e+00	9.4588549086086327e-02
6.8242373752978296e-03	0.0000000000000000e+00	9.5156288162756453e-02
6.8416906678177699e-03	0.0000000000000000e+00	9.5607497893648655e-02
6.8591439603377102e-03	0.0000000000000000e+00	9.5942854382539022e-02
6.8765972528576601e-03	0.0000000000000000e+00	9.6174263405132396e-02
6.8940505453776004e-03	0.0000000000000000e+00	9.6323838536280862e-02
6.9115038378975398e-03	0.0000000000000000e+00	9.6421894348765066e-02
6.9289571304174897e-03	0.0000000000000000e+00	9.6504119523783405e-02
6.9464104229374300e-03	0.0000000000000000e+00	9.6608178048516236e-02
6.9638637154573703e-03	0.0000000000000000e+00	9.6770051272285870e-02
6.9813170079773201e-03	0.0000000000000000e+00	9.7020471840281911e-02
6.9987703004972604e-03	0.0000000000000000e+00	9.7381806041973273e-02
7.0162235930171998e-03	0.0000000000000000e+00	9.7865710231995667e-02
7.0336768855371497e-03	0.0000000000000000e+00	9.8471820677802580e-02
7.0511301780570900e-03	0.0000000000000000e+00	9.9187638679343063e-02
7.0685834705770303e-03	0.0000000000000000e+00	9.9989651788578035e-02
7.0860367630969801e-03	0.0000000000000000e+00	1.0084560186592965e-01
7.1034900556169204e-03	0.0000000000000000e+00	1.0171768357329834e-01
7.1209433481368599e-03	0.0000000000000000e+00	1.0256634826072866e-01
7.1383966406568097e-03	0.0000000000000000e+00	1.0335431660025431e-01
7.1558499331767500e-03	0.0000000000000000e+00	1.0405037306218989e-01
7.1733032256966903e-03	0.0000000000000000e+00	1.0463253420687844e-01
7.1907565182166401e-03	0.0000000000000000e+00	1.0509025217407210e-01
7.2082098107365796e-03	0.0000000000000000e+00	1.0542542214935152e-01
7.2256631032565199e-03	0.0000000000000000e+00	1.0565209732887169e-01
7.2431163957764697e-03	0.0000000000000000e+00	1.0579496011173332e-01
7.2605696882964100e-03	0.0000000000000000e+00	1.0588673250719342e-01
7.2780229808163503e-03	0.0000000000000000e+00	1.0596481732153591e-01
7.2954762733363002e-03	0.0000000000000000e+00	1.0606753389998007e-01
7.3129295658562396e-03	0.0000000000000000e+00	1.0623033994447008e-01
7.3303828583761799e-03	0.0000000000000000e+00	1.0648241491583559e-01
7.3478361508961297e-03	0.0000000000000000e+00	1.0684392678491413e-01
7.3652894434160700e-03	0.0000000000000000e+00	1.0732422223592666e-01
7.3827427359360103e-03	0.0000000000000000e+00	1.0792108216203407e-01
7.4001960284559602e-03	0.0000000000000000e+00	1.0862107940202556e-01
7.4176493209758996e-03	0.0000000000000000e+00	1.0940097562218223e-01
7.4351026134958399e-03	0.0000000000000000e+00	1.1023000714247146e-01
7.4525559060157898e-03	0.0000000000000000e+00	1.1107283796936333e-01
7.4700091985357301e-03	0.0000000000000000e+00	1.1189290753285221e-01
7.4874624910556704e-03	0.0000000000000000e+00	1.1265587361153601e-01
7.5049157835756202e-03	0.0000000000000000e+00	1.1333284602806974e-01
7.5223690760955596e-03	0.0000000000000000e+00	1.1390312443990289e-01
7.5398223686154999e-03	0.0000000000000000e+00	1.1435619385489486e-01
7.5572756611354498e-03	0.0000000000000000e+00	1.1469279105433934e-01
7.5747289536553901e-03	0.0000000000000000e+00	1.1492493166103879e-01
7.5921822461753304e-03	0.0000000000000000e+00	1.1507487632513173e-01
7.6096355386952802e-03	0.0000000000000000e+00	1.1517310900669527e-01
7.6270888312152197e-03	0.0000000000000000e+00	1.1525549371937439e-01
7.6445421237351600e-03	0.0000000000000000e+00	1.1535985930178944e-01
7.6619954162551098e-03	0.0000000000000000e+00	1.1552232651876239e-01
7.6794487087750501e-03	0.0000000000000000e+00	1.1577372985138737e-01
7.6969020012949904e-03	0.0000000000000000e+00	1.1613649159661592e-01
7.7143552938149403e-03	0.0000000000000000e+00	1.1662227464072449e-01
7.7318085863348797e-03	0.0000000000000000e+00	1.1723067361752366e-01
7.7492618788548200e-03	0.0000000000000000e+00	1.1794910595719373e-01
7.7667151713747698e-03	0.0000000000000000e+00	1.1875394328607890e-01
7.7841684638947101e-03	0.0000000000000000e+00	1.1961279242262074e-01
7.8016217564146496e-03	0.0000000000000000e+00	1.2048770809100658e-01
7.8190750489345994e-03	0.0000000000000000e+00	1.2133901141186081e-01
7.8365283414545406e-03	0.0000000000000000e+00	1.2212931511425333e-01
7.8539816339744800e-03	0.0000000000000000e+00	1.2282732790882592e-01
7.8714349264944194e-03	0.0000000000000000e+00	1.2341102900587059e-01
7.8888882190143693e-03	0.0000000000000000e+00	1.2386987308365494e-01
7.9063415115343105e-03	0.0000000000000000e+00	1.2420579501207861e-01
7.9237948040542603e-03	0.0000000000000000e+00	1.2443291842703862e-01
7.9412480965741997e-03	0.0000000000000000e+00	1.2457601784399976e-01
7.9587013890941392e-03	0.0000000000000000e+00	1.2466791817889701e-01
7.9761546816140907e-03	0.0000000000000000e+00	1.2474612474340287e-01
7.9936079741340302e-03	0.0000000000000000e+00	1.2484904889499787e-01
8.0110612666539696e-03	0.0000000000000000e+00	1.2501222169975587e-01
8.0285145591739195e-03	0.0000000000000000e+00	1.2526487167557451e-01
8.0459678516938606e-03	0.0000000000000000e+00	1.2562718886072366e-01
8.0634211442138001e-03	0.0000000000000000e+00	1.2610851534302478e-01
8.0808744367337395e-03	0.0000000000000000e+00	1.2670660351165339e-01
8.0983277292536893e-03	0.0000000000000000e+00	1.2740797840911242e-01
8.1157810217736305e-03	0.0000000000000000e+00	1.2818934077193184e-01
8.1332343142935803e-03	0.0000000000000000e+00	1.2901985982058489e-01
8.1506876068135198e-03	0.0000000000000000e+00	1.2986413294780472e-01
8.1681408993334592e-03	0.0000000000000000e+00	1.3068553962436266e-01
8.1855941918534108e-03	0.0000000000000000e+00	1.3144968947060690e-01
8.2030474843733502e-03	0.0000000000000000e+00	1.3212765958537287e-01
8.2205007768932897e-03	0.0000000000000000e+00	1.3269873443728664e-01
8.2379540694132308e-03	0.0000000000000000e+00	1.3315240174993165e-01
8.2554073619331807e-03	0.0000000000000000e+00	1.3348941769967604e-01
8.2728606544531201e-03	0.0000000000000000e+00	1.3372183135929516e-01
8.2903139469730595e-03	0.0000000000000000e+00	1.3387194707838526e-01
8.3077672394930094e-03	0.0000000000000000e+00	1.3397029828635995e-01
8.3252205320129506e-03	0.0000000000000000e+00	1.3405279937814568e-01
8.3426738245328900e-03	0.0000000000000000e+00	1.3415732567206443e-01
8.3601271170528398e-03	0.0000000000000000e+00	1.3432003630802122e-01
8.3775804095727793e-03	0.0000000000000000e+00	1.3457179271586381e-01
8.3950337020927204e-03	0.0000000000000000e+00	1.3493503059888010e-01
8.4124869946126703e-03	0.0000000000000000e+00	1.3542141196639501e-01
8.4299402871326097e-03	0.0000000000000000e+00	1.3603051696351090e-01
8.4473935796525491e-03	0.0000000000000000e+00	1.3674973689542333e-01
8.4648468721725007e-03	0.0000000000000000e+00	1.3755540873987879e-01
8.4823001646924402e-03	0.0000000000000000e+00	1.3841509998555815e-01
8.4997534572123796e-03	0.0000000000000000e+00	1.3929082554552566e-01
8.5172067497323294e-03	0.0000000000000000e+00	1.4014287043778642e-01
8.5346600422522706e-03	0.0000000000000000e+00	1.4093381842873226e-01
8.5521133347722100e-03	0.0000000000000000e+00	1.4163235896754631e-01
8.5695666272921599e-03	0.0000000000000000e+00	1.4221646338756905e-01
8.5870199198120993e-03	0.0000000000000000e+00	1.4267558991575782e-01
8.6044732123320405e-03	0.0000000000000000e+00	1.4301168740008777e-01
8.6219265048519903e-03	0.0000000000000000e+00	1.4323890192482558e-01
8.6393797973719298e-03	0.0000000000000000e+00	1.4338203602329835e-01
8.6568330898918692e-03	0.0000000000000000e+00	1.4347394510848657e-01
8.6742863824118208e-03	0.0000000000000000e+00	1.4355216428711071e-01
8.6917396749317602e-03	0.0000000000000000e+00	1.4365513114870637e-01
8.7091929674516996e-03	0.0000000000000000e+00	1.4381839717968012e-01
8.7266462599716495e-03	0.0000000000000000e+00	1.4407120404478538e-01
8.7440995524915906e-03	0.0000000000000000e+00	1.4443374701378439e-01
8.7615528450115301e-03	0.0000000000000000e+00	1.4491536566930430e-01
8.7790061375314799e-03	0.0000000000000000e+00	1.4551380295239097e-01
8.7964594300514194e-03	0.0000000000000000e+00	1.4621556921427112e-01
8.8139127225713605e-03	0.0000000000000000e+00	1.4699734720282240e-01
8.8313660150913104e-03	0.0000000000000000e+00	1.4782828639684334e-01
8.8488193076112498e-03	0.0000000000000000e+00	1.4867296470328545e-01
8.8662726001311892e-03	0.0000000000000000e+00	1.4949474425416046e-01
8.8837258926511408e-03	0.0000000000000000e+00	1.5025922077217826e-01
8.9011791851710802e-03	0.0000000000000000e+00	1.5093746193077520e-01
8.9186324776910197e-03	0.0000000000000000e+00	1.5150874782272811e-01
8.9360857702109695e-03	0.0000000000000000e+00	1.5196256688241075e-01
8.9535390627309107e-03	0.0000000000000000e+00	1.5229968074964781e-01
8.9709923552508501e-03	0.0000000000000000e+00	1.5253214793531417e-01
8.9884456477708000e-03	0.0000000000000000e+00	1.5268228518749433e-01
9.0058989402907394e-03	0.0000000000000000e+00	1.5278064001282049e-01
9.0233522328106806e-03	0.0000000000000000e+00	1.5286314118177707e-01
9.0408055253306304e-03	0.0000000000000000e+00	1.5296767745305401e-01
9.0582588178505698e-03	0.0000000000000000e+00	1.5313041927621801e-01
9.0757121103705093e-03	0.0000000000000000e+00	1.5338223635652007e-01
9.0931654028904609e-03	0.0000000000000000e+00	1.5374556904160683e-01
9.1106186954104003e-03	0.0000000000000000e+00	1.5423208012092512e-01
9.1280719879303397e-03	0.0000000000000000e+00	1.5484134682948134e-01
9.1455252804502896e-03	0.0000000000000000e+00	1.5556075441118594e-01
9.1629785729702307e-03	0.0000000000000000e+00	1.5636663143329907e-01
9.1804318654901702e-03	0.0000000000000000e+00	1.5722653561912101e-01
9.1978851580101200e-03	0.0000000000000000e+00	1.5810247181482787e-01
9.2153384505300594e-03	0.0000000000000000e+00	1.5895471567096403e-01
9.2327917430500006e-03	0.0000000000000000e+00	1.5974584326441499e-01
9.2502450355699505e-03	0.0000000000000000e+00	1.6044453874078590e-01
9.2676983280898899e-03	0.0000000000000000e+00	1.6102877075311120e-01
9.2851516206098293e-03	0.0000000000000000e+00	1.6148799763277247e-01
9.3026049131297792e-03	0.0000000000000000e+00	1.6182417086140910e-01
9.3200582056497203e-03	0.0000000000000000e+00	1.6205144113434014e-01
9.3375114981696598e-03	0.0000000000000000e+00	1.6219461696833598e-01
9.3549647906896096e-03	0.0000000000000000e+00	1.6228656030261127e-01
9.3724180832095508e-03	0.0000000000000000e+00	1.6236481255380672e-01
9.3898713757294902e-03	0.0000000000000000e+00	1.6246781675497107e-01
9.4073246682494296e-03	0.0000000000000000e+00	1.6263112846658395e-01
9.4247779607693795e-03	0.0000000000000000e+00	1.6288399174678686e-01
9.4422312532893207e-03	0.0000000000000000e+00	1.6324660250256998e-01
9.4596845458092705e-03	0.0000000000000000e+00	1.6372829930964647e-01
9.4771378383292099e-03	0.0000000000000000e+00	1.6432682267459425e-01
9.4945911308491494e-03	0.0000000000000000e+00	1.6502867949627820e-01
9.5120444233690905e-03	0.0000000000000000e+00	1.6581054847386112e-01
9.5294977158890404e-03	0.0000000000000000e+00	1.6664157490658099e-01
9.5469510084089798e-03	0.0000000000000000e+00	1.6748633285433101e-01
9.5644043009289192e-03	0.0000000000000000e+00	1.6830818126484584e-01
9.5818575934488708e-03	0.0000000000000000e+00	1.6907271364647272e-01
9.5993108859688103e-03	0.0000000000000000e+00	1.6975099657001586e-01
9.6167641784887497e-03	0.0000000000000000e+00	1.7032231020376451e-01
9.6342174710086995e-03	0.0000000000000000e+00	1.7077614415827139e-01
9.6516707635286407e-03	0.0000000000000000e+00	1.7111326219802697e-01
9.6691240560485905e-03	0.0000000000000000e+00	1.7134572569749781e-01
9.6865773485685300e-03	0.0000000000000000e+00	1.7149585468287493e-01
9.7040306410884694e-03	0.0000000000000000e+00	1.7159420004759623e-01
9.7214839336084106e-03	0.0000000000000000e+00	1.7167669374068201e-01
9.7389372261283604e-03	0.0000000000000000e+00	1.7178122721402420e-01
9.7563905186482999e-03	0.0000000000000000e+00	1.7194397288677116e-01
9.7738438111682393e-03	0.0000000000000000e+00	1.7219580153409803e-01
9.7912971036881909e-03	0.0000000000000000e+00	1.7255915361841823e-01
9.8087503962081303e-03	0.0000000000000000e+00	1.7304569115732921e-01
9.8262036887280697e-03	0.0000000000000000e+00	1.7365498980106289e-01
9.8436569812480196e-03	0.0000000000000000e+00	1.7437443263779648e-01
9.8611102737679607e-03	0.0000000000000000e+00	1.7518034559351697e-01
9.8785635662879106e-03	0.0000000000000000e+00	1.7604028347921497e-01
9.8960168588078500e-03	0.0000000000000000e+00	1.7691624847218532e-01
9.9134701513277895e-03	0.0000000000000000e+00	1.7776851379822889e-01
9.9309234438477306e-03	0.0000000000000000e+00	1.7855965375083943e-01
9.9483767363676805e-03	0.0000000000000000e+00	1.7925835151494129e-01
9.9658300288876199e-03	0.0000000000000000e+00	1.7984257535998421e-01
9.9832833214075593e-03	0.0000000000000000e+00	1.8030178400990843e-01
1.0000736613927501e-02	0.0000000000000000e+00	1.8063793011527418e-01
1.0018189906447501e-02	0.0000000000000000e+00	1.8086516610532011e-01
1.0035643198967400e-02	0.0000000000000000e+00	1.8100830249995772e-01
1.0053096491487300e-02	0.0000000000000000e+00	1.8110020335751673e-01
1.0070549784007300e-02	0.0000000000000000e+00	1.8117841224489789e-01
1.0088003076527199e-02	0.0000000000000000e+00	1.8128137415977202e-01
1.0105456369047200e-02	0.0000000000000000e+00	1.8144464626146320e-01
1.0122909661567101e-02	0.0000000000000000e+00	1.8169747381659368e-01
1.0140362954087099e-02	0.0000000000000000e+00	1.8206005352096702e-01
1.0157816246607001e-02	0.0000000000000000e+00	1.8254172420269843e-01
1.0175269539126900e-02	0.0000000000000000e+00	1.8314022628087159e-01
1.0192722831646900e-02	0.0000000000000000e+00	1.8384206619126522e-01
1.0210176124166800e-02	0.0000000000000000e+00	1.8462392173456499e-01
1.0227629416686800e-02	0.0000000000000000e+00	1.8545493719804884e-01
1.0245082709206699e-02	0.0000000000000000e+00	1.8629968562341334e-01
1.0262536001726700e-02	0.0000000000000000e+00	1.8712152490180095e-01
1.0279989294246601e-02	0.0000000000000000e+00	1.8788604755490723e-01
1.0297442586766500e-02	0.0000000000000000e+00	1.8856431933648732e-01
1.0314895879286501e-02	0.0000000000000000e+00	1.8913561972229020e-01
1.0332349171806400e-02	0.0000000000000000e+00	1.8958943785313015e-01
1.0349802464326400e-02	0.0000000000000000e+00	1.8992653721772210e-01
1.0367255756846300e-02	0.0000000000000000e+00	1.9015897908184018e-01
1.0384709049366300e-02	0.0000000000000000e+00	1.9030908353692400e-01
1.0402162341886199e-02	0.0000000000000000e+00	1.9040740165049538e-01
1.0419615634406101e-02	0.0000000000000000e+00	1.9048986564877352e-01
1.0437068926926101e-02	0.0000000000000000e+00	1.9059436729359591e-01
1.0454522219446000e-02	0.0000000000000000e+00	1.9075707932691363e-01
1.0471975511966001e-02	0.0000000000000000e+00	1.9100880767292308e-01
1.0489428804485900e-02	0.0000000000000000e+00	1.9137199605739860e-01
1.0506882097005900e-02	0.0000000000000000e+00	1.9185837480456999e-01
1.0524335389525800e-02	0.0000000000000000e+00	1.9246751960390260e-01
1.0541788682045699e-02	0.0000000000000000e+00	1.9318681343947552e-01
1.0559241974565699e-02	0.0000000000000000e+00	1.9399258214536391e-01
1.0576695267085601e-02	0.0000000000000000e+00	1.9485238052377490e-01
1.0594148559605601e-02	0.0000000000000000e+00	1.9572821062609561e-01
1.0611601852125500e-02	0.0000000000000000e+00	1.9658034570354005e-01
1.0629055144645501e-02	0.0000000000000000e+00	1.9737136004170816e-01
1.0646508437165400e-02	0.0000000000000000e+00	1.9806993675203577e-01
1.0663961729685400e-02	0.0000000000000000e+00	1.9865404428357045e-01
1.0681415022205300e-02	0.0000000000000000e+00	1.9911314157700050e-01
1.0698868314725199e-02	0.0000000000000000e+00	1.9944918142483081e-01
1.0716321607245199e-02	0.0000000000000000e+00	1.9967631636560376e-01
1.0733774899765101e-02	0.0000000000000000e+00	1.9981935708639501e-01
1.0751228192285101e-02	0.0000000000000000e+00	1.9991116779722848e-01
1.0768681484805000e-02	0.0000000000000000e+00	1.9998929206990312e-01
1.0786134777325001e-02	0.0000000000000000e+00	2.0009217479005564e-01
1.0803588069844900e-02	0.0000000000000000e+00	2.0025537292826240e-01
1.0821041362364800e-02	0.0000000000000000e+00	2.0050813142410923e-01
1.0838494654884800e-02	0.0000000000000000e+00	2.0087064650792411e-01
1.0855947947404699e-02	0.0000000000000000e+00	2.0135225654543595e-01
1.0873401239924699e-02	0.0000000000000000e+00	2.0195070137169929e-01
1.0890854532444601e-02	0.0000000000000000e+00	2.0265248684807913e-01
1.0908307824964599e-02	0.0000000000000000e+00	2.0343429039493741e-01
1.0925761117484500e-02	0.0000000000000000e+00	2.0426525592213093e-01
1.0943214410004400e-02	0.0000000000000000e+00	2.0510995610541485e-01
1.0960667702524400e-02	0.0000000000000000e+00	2.0593174862987645e-01
1.0978120995044300e-02	0.0000000000000000e+00	2.0669622594829665e-01
1.0995574287564300e-02	0.0000000000000000e+00	2.0737445384892561e-01
1.1013027580084199e-02	0.0000000000000000e+00	2.0794571202259959e-01
1.1030480872604199e-02	0.0000000000000000e+00	2.0839948992392110e-01
1.1047934165124101e-02	0.0000000000000000e+00	2.0873655146425282e-01
1.1065387457644000e-02	0.0000000000000000e+00	2.0896895841858101e-01
1.1082840750164000e-02	0.0000000000000000e+00	2.0911903142115901e-01
1.1100294042683900e-02	0.0000000000000000e+00	2.0921732210709670e-01
1.1117747335203900e-02	0.0000000000000000e+00	2.0929976322862323e-01
1.1135200627723800e-02	0.0000000000000000e+00	2.0940424702707119e-01
1.1152653920243800e-02	0.0000000000000000e+00	2.0956694663700631e-01
1.1170107212763699e-02	0.0000000000000000e+00	2.0981873341637669e-01
1.1187560505283699e-02	0.0000000000000000e+00	2.1018204823361741e-01
1.1205013797803601e-02	0.0000000000000000e+00	2.1066855330838991e-01
1.1222467090323500e-02	0.0000000000000000e+00	2.1127782430719816e-01
1.1239920382843500e-02	0.0000000000000000e+00	2.1199724416421328e-01
1.1257373675363400e-02	0.0000000000000000e+00	2.1280313853052585e-01
1.1274826967883400e-02	0.0000000000000000e+00	2.1366306177375410e-01
1.1292280260403300e-02	0.0000000000000000e+00	2.1453901552069840e-01
1.1309733552923300e-02	0.0000000000000000e+00	2.1539127271480241e-01
1.1327186845443199e-02	0.0000000000000000e+00	2.1618240736230851e-01
1.1344640137963101e-02	0.0000000000000000e+00	2.1688110229331792e-01
1.1362093430483101e-02	0.0000000000000000e+00	2.1746532575854802e-01
1.1379546723003000e-02	0.0000000000000000e+00	2.1792453662617667e-01
1.1397000015523000e-02	0.0000000000000000e+00	2.1826068742123417e-01
1.1414453308042900e-02	0.0000000000000000e+00	2.1848793040605466e-01
1.1431906600562900e-02	0.0000000000000000e+00	2.1863107623829228e-01
1.1449359893082800e-02	0.0000000000000000e+00	2.1872298910352125e-01
1.1466813185602699e-02	0.0000000000000000e+00	2.1880121256245808e-01
1.1484266478122699e-02	0.0000000000000000e+00	2.1890419154222757e-01
1.1501719770642601e-02	0.0000000000000000e+00	2.1906748310365406e-01
1.1519173063162601e-02	0.0000000000000000e+00	2.1932033236442952e-01
1.1536626355682500e-02	0.0000000000000000e+00	2.1968293577750442e-01
1.1554079648202500e-02	0.0000000000000000e+00	2.2016463193195898e-01
1.1571532940722400e-02	0.0000000000000000e+00	2.2076316104178520e-01
1.1588986233242300e-02	0.0000000000000000e+00	2.2146502938803869e-01
1.1606439525762300e-02	0.0000000000000000e+00	2.2224691465995691e-01
1.1623892818282199e-02	0.0000000000000000e+00	2.2307796110790598e-01
1.1641346110802199e-02	0.0000000000000000e+00	2.2392274177553162e-01
1.1658799403322101e-02	0.0000000000000000e+00	2.2474461451941333e-01
1.1676252695842101e-02	0.0000000000000000e+00	2.2550917190527500e-01
1.1693705988362000e-02	0.0000000000000000e+00	2.2618747978522305e-01
1.1711159280882000e-02	0.0000000000000000e+00	2.2675881779409121e-01
1.1728612573401900e-02	0.0000000000000000e+00	2.2721267529757547e-01
1.1746065865921800e-02	0.0000000000000000e+00	2.2754981604708382e-01
1.1763519158441800e-02	0.0000000000000000e+00	2.2778230158273727e-01
1.1780972450961699e-02	0.0000000000000000e+00	2.2793245226962941e-01
1.1798425743481699e-02	0.0000000000000000e+00	2.2803081946014050e-01
1.1815879036001601e-02	0.0000000000000000e+00	2.2811333560486005e-01
1.1833332328521601e-02	0.0000000000000000e+00	2.2821789262135864e-01
1.1850785621041500e-02	0.0000000000000000e+00	2.2838066332976370e-01
1.1868238913561400e-02	0.0000000000000000e+00	2.2863251881298624e-01
1.1885692206081400e-02	0.0000000000000000e+00	2.2899589970507359e-01
1.1903145498601300e-02	0.0000000000000000e+00	2.2948246801939692e-01
1.1920598791121300e-02	0.0000000000000000e+00	2.3009179927355819e-01
1.1938052083641199e-02	0.0000000000000000e+00	2.3081127632572765e-01
1.1955505376161199e-02	0.0000000000000000e+00	2.3161722477527247e-01
1.1972958668681101e-02	0.0000000000000000e+00	2.3247719919476642e-01
1.1990411961201000e-02	0.0000000000000000e+00	2.3335320146709351e-01
1.2007865253721000e-02	0.0000000000000000e+00	2.3420550452236150e-01
1.2025318546240900e-02	0.0000000000000000e+00	2.3499668259964351e-01
1.2042771838760900e-02	0.0000000000000000e+00	2.3569541873617264e-01
1.2060225131280800e-02	0.0000000000000000e+00	2.3627968121028542e-01
1.2077678423800800e-02	0.0000000000000000e+00	2.3673892902494831e-01
1.2095131716320699e-02	0.0000000000000000e+00	2.3707511507121237e-01
1.2112585008840600e-02	0.0000000000000000e+00	2.3730239206014758e-01
1.2130038301360601e-02	0.0000000000000000e+00	2.3744557086297038e-01
1.2147491593880500e-02	0.0000000000000000e+00	2.3753751587165614e-01
1.2164944886400500e-02	0.0000000000000000e+00	2.3761577089415753e-01
1.2182398178920400e-02	0.0000000000000000e+00	2.3771878106273503e-01
1.2199851471440400e-02	0.0000000000000000e+00	2.3788210356575232e-01
1.2217304763960300e-02	0.0000000000000000e+00	2.3813498359592250e-01
1.2234758056480201e-02	0.0000000000000000e+00	2.3849761761173277e-01
1.2252211349000199e-02	0.0000000000000000e+00	2.3897934411757249e-01
1.2269664641520101e-02	0.0000000000000000e+00	2.3957790310224270e-01
1.2287117934040101e-02	0.0000000000000000e+00	2.4027980052502931e-01
1.2304571226560000e-02	0.0000000000000000e+00	2.4106171389059058e-01
1.2322024519080000e-02	0.0000000000000000e+00	2.4189278718338322e-01
1.2339477811599900e-02	0.0000000000000000e+00	2.4273759309061671e-01
1.2356931104119900e-02	0.0000000000000000e+00	2.4355948928008961e-01
1.2374384396639800e-02	0.0000000000000000e+00	2.4432406815838978e-01
1.2391837689159701e-02	0.0000000000000000e+00	2.4500239545049160e-01
1.2409290981679699e-02	0.0000000000000000e+00	2.4557375072367515e-01
1.2426744274199601e-02	0.0000000000000000e+00	2.4602762332178438e-01
1.2444197566719601e-02	0.0000000000000000e+00	2.4636477702300530e-01
1.2461650859239500e-02	0.0000000000000000e+00	2.4659727346342822e-01
1.2479104151759500e-02	0.0000000000000000e+00	2.4674743315220773e-01
1.2496557444279400e-02	0.0000000000000000e+00	2.4684580758102301e-01
1.2514010736799299e-02	0.0000000000000000e+00	2.4692832939337375e-01
1.2531464029319300e-02	0.0000000000000000e+00	2.4703289073506343e-01
1.2548917321839201e-02	0.0000000000000000e+00	2.4719566466276516e-01
1.2566370614359199e-02	0.0000000000000000e+00	2.4744752250443200e-01
1.2583823906879101e-02	0.0000000000000000e+00	2.4781090515279783e-01
1.2601277199399101e-02	0.0000000000000000e+00	2.4829747486070644e-01
1.2618730491919000e-02	0.0000000000000000e+00	2.4890680732195453e-01
1.2636183784438900e-02	0.0000000000000000e+00	2.4962628549469273e-01
1.2653637076958900e-02	0.0000000000000000e+00	2.5043223507600260e-01
1.2671090369478799e-02	0.0000000000000000e+00	2.5129221075815750e-01
1.2688543661998800e-02	0.0000000000000000e+00	2.5216821440251563e-01
1.2705996954518701e-02	0.0000000000000000e+00	2.5302051896993394e-01
1.2723450247038699e-02	0.0000000000000000e+00	2.5381169864056313e-01
1.2740903539558601e-02	0.0000000000000000e+00	2.5451043632404846e-01
1.2758356832078500e-02	0.0000000000000000e+00	2.5509470030503761e-01
1.2775810124598500e-02	0.0000000000000000e+00	2.5555394940949266e-01
1.2793263417118400e-02	0.0000000000000000e+00	2.5589013631808394e-01
1.2810716709638400e-02	0.0000000000000000e+00	2.5611741356379381e-01
1.2828170002158299e-02	0.0000000000000000e+00	2.5626059181365651e-01
1.2845623294678300e-02	0.0000000000000000e+00	2.5635253528918817e-01
1.2863076587198201e-02	0.0000000000000000e+00	2.5643078761991223e-01
1.2880529879718199e-02	0.0000000000000000e+00	2.5653379377913860e-01
1.2897983172238101e-02	0.0000000000000000e+00	2.5669711084786728e-01
1.2915436464758000e-02	0.0000000000000000e+00	2.5694998391235008e-01
1.2932889757278000e-02	0.0000000000000000e+00	2.5731260935761147e-01
1.2950343049797900e-02	0.0000000000000000e+00	2.5779432568877220e-01
1.2967796342317900e-02	0.0000000000000000e+00	2.5839287291292429e-01
1.2985249634837799e-02	0.0000000000000000e+00	2.5909475706634333e-01
1.3002702927357800e-02	0.0000000000000000e+00	2.5987665576029839e-01
1.3020156219877701e-02	0.0000000000000000e+00	2.6070771309540880e-01
1.3037609512397600e-02	0.0000000000000000e+00	2.6155250190866580e-01
1.3055062804917601e-02	0.0000000000000000e+00	2.6237438004351388e-01
1.3072516097437500e-02	0.0000000000000000e+00	2.6313894007373284e-01
1.3089969389957500e-02	0.0000000000000000e+00	2.6381724788500105e-01
1.3107422682477400e-02	0.0000000000000000e+00	2.6438858323047149e-01
1.3124875974997400e-02	0.0000000000000000e+00	2.6484243559150589e-01
1.3142329267517299e-02	0.0000000000000000e+00	2.6517956886485772e-01
1.3159782560037201e-02	0.0000000000000000e+00	2.6541204477496533e-01
1.3177235852557199e-02	0.0000000000000000e+00	2.6556218387432412e-01
1.3194689145077100e-02	0.0000000000000000e+00	2.6566053768021941e-01
1.3212142437597101e-02	0.0000000000000000e+00	2.6574303880708661e-01
1.3229595730117000e-02	0.0000000000000000e+00	2.6584757933570013e-01
1.3247049022637000e-02	0.0000000000000000e+00	2.6601033222562764e-01
1.3264502315156900e-02	0.0000000000000000e+00	2.6626216869732772e-01
1.3281955607676799e-02	0.0000000000000000e+00	2.6662552952191709e-01
1.3299408900196799e-02	0.0000000000000000e+00	2.6711207680352167e-01
1.3316862192716701e-02	0.0000000000000000e+00	2.6772138610918311e-01
1.3334315485236699e-02	0.0000000000000000e+00	2.6844084026802045e-01
1.3351768777756600e-02	0.0000000000000000e+00	2.6924676496923727e-01
1.3369222070276601e-02	0.0000000000000000e+00	2.7010671487893440e-01
1.3386675362796500e-02	0.0000000000000000e+00	2.7098269186583418e-01
1.3404128655316400e-02	0.0000000000000000e+00	2.7183496882003488e-01
1.3421581947836400e-02	0.0000000000000000e+00	2.7262611974251416e-01
1.3439035240356299e-02	0.0000000000000000e+00	2.7332482756875542e-01
1.3456488532876299e-02	0.0000000000000000e+00	2.7390906051938324e-01
1.3473941825396201e-02	0.0000000000000000e+00	2.7436827746155862e-01
1.3491395117916199e-02	0.0000000000000000e+00	2.7470443126136745e-01
1.3508848410436100e-02	0.0000000000000000e+00	2.7493167461322104e-01
1.3526301702956101e-02	0.0000000000000000e+00	2.7507481834606395e-01
1.3543754995476000e-02	0.0000000000000000e+00	2.7516672681198173e-01
1.3561208287995900e-02	0.0000000000000000e+00	2.7524494381473125e-01
1.3578661580515900e-02	0.0000000000000000e+00	2.7534791450443374e-01
1.3596114873035799e-02	0.0000000000000000e+00	2.7551119609357838e-01
1.3613568165555799e-02	0.0000000000000000e+00	2.7576403380144626e-01
1.3631021458075701e-02	0.0000000000000000e+00	2.7612662416831518e-01
1.3648474750595699e-02	0.0000000000000000e+00	2.7660830578418416e-01
1.3665928043115600e-02	0.0000000000000000e+00	2.7720681878581654e-01
1.3683381335635500e-02	0.0000000000000000e+00	2.7790866928724672e-01
1.3700834628155500e-02	0.0000000000000000e+00	2.7869053476508232e-01
1.3718287920675400e-02	0.0000000000000000e+00	2.7952155922645183e-01
1.3735741213195400e-02	0.0000000000000000e+00	2.8036631549348556e-01
1.3753194505715299e-02	0.0000000000000000e+00	2.8118816131840302e-01
1.3770647798235299e-02	0.0000000000000000e+00	2.8195268918013483e-01
1.3788101090755201e-02	0.0000000000000000e+00	2.8263096488966827e-01
1.3805554383275100e-02	0.0000000000000000e+00	2.8320226807780730e-01
1.3823007675795100e-02	0.0000000000000000e+00	2.8365608812984783e-01
1.3840460968315000e-02	0.0000000000000000e+00	2.8399318884413577e-01
1.3857914260835000e-02	0.0000000000000000e+00	2.8422563185517224e-01
1.3875367553354900e-02	0.0000000000000000e+00	2.8437573764775403e-01
1.3892820845874900e-02	0.0000000000000000e+00	2.8447405767354211e-01
1.3910274138394799e-02	0.0000000000000000e+00	2.8455652451861951e-01
1.3927727430914701e-02	0.0000000000000000e+00	2.8466103025330691e-01
1.3945180723434701e-02	0.0000000000000000e+00	2.8482374785531617e-01
1.3962634015954600e-02	0.0000000000000000e+00	2.8507554857377709e-01
1.3980087308474600e-02	0.0000000000000000e+00	2.8543887322423683e-01
1.3997540600994500e-02	0.0000000000000000e+00	2.8592538399396089e-01
1.4014993893514500e-02	0.0000000000000000e+00	2.8653465653644627e-01
1.4032447186034400e-02	0.0000000000000000e+00	2.8725407380296142e-01
1.4049900478554400e-02	0.0000000000000000e+00	2.8805996146038970e-01
1.4067353771074299e-02	0.0000000000000000e+00	2.8891987420316007e-01
1.4084807063594201e-02	0.0000000000000000e+00	2.8979581391922538e-01
1.4102260356114201e-02	0.0000000000000000e+00	2.9064805355549234e-01
1.4119713648634100e-02	0.0000000000000000e+00	2.9143916742567172e-01
1.4137166941154100e-02	0.0000000000000000e+00	2.9213783855913550e-01
1.4154620233674000e-02	0.0000000000000000e+00	2.9272203524872348e-01
1.4172073526194000e-02	0.0000000000000000e+00	2.9318121646136297e-01
1.4189526818713900e-02	0.0000000000000000e+00	2.9351733502972233e-01
1.4206980111233799e-02	0.0000000000000000e+00	2.9374454357364937e-01
1.4224433403753799e-02	0.0000000000000000e+00	2.9388765284166807e-01
1.4241886696273701e-02	0.0000000000000000e+00	2.9397952712265185e-01
1.4259339988793701e-02	0.0000000000000000e+00	2.9405771012623261e-01
1.4276793281313600e-02	0.0000000000000000e+00	2.9416064689970267e-01
1.4294246573833600e-02	0.0000000000000000e+00	2.9432389457614277e-01
1.4311699866353500e-02	0.0000000000000000e+00	2.9457669830357014e-01
1.4329153158873400e-02	0.0000000000000000e+00	2.9493925451513869e-01
1.4346606451393400e-02	0.0000000000000000e+00	2.9542090172936258e-01
1.4364059743913299e-02	0.0000000000000000e+00	2.9601937997704175e-01
1.4381513036433299e-02	0.0000000000000000e+00	2.9672119527481461e-01
1.4398966328953201e-02	0.0000000000000000e+00	2.9750302518163202e-01
1.4416419621473201e-02	0.0000000000000000e+00	2.9833401376285662e-01
1.4433872913993100e-02	0.0000000000000000e+00	2.9917873380843335e-01
1.4451326206513000e-02	0.0000000000000000e+00	3.0000054310223195e-01
1.4468779499033000e-02	0.0000000000000000e+00	3.0076503416621547e-01
1.4486232791552900e-02	0.0000000000000000e+00	3.0144327283692673e-01
1.4503686084072900e-02	0.0000000000000000e+00	3.0201453883012697e-01
1.4521139376592799e-02	0.0000000000000000e+00	3.0246832159413478e-01
1.4538592669112799e-02	0.0000000000000000e+00	3.0280538500659865e-01
1.4556045961632701e-02	0.0000000000000000e+00	3.0303779080841614e-01
1.4573499254152701e-02	0.0000000000000000e+00	3.0318785956527650e-01
1.4590952546672600e-02	0.0000000000000000e+00	3.0328614282664640e-01
1.4608405839192500e-02	0.0000000000000000e+00	3.0336857324763389e-01
1.4625859131712500e-02	0.0000000000000000e+00	3.0347304294820543e-01
1.4643312424232400e-02	0.0000000000000000e+00	3.0363572496108687e-01
1.4660765716752400e-02	0.0000000000000000e+00	3.0388749059749942e-01
1.4678219009272299e-02	0.0000000000000000e+00	3.0425078070917755e-01
1.4695672301792299e-02	0.0000000000000000e+00	3.0473725747303809e-01
1.4713125594312201e-02	0.0000000000000000e+00	3.0534649653322016e-01
1.4730578886832100e-02	0.0000000000000000e+00	3.0606588079286512e-01
1.4748032179352100e-02	0.0000000000000000e+00	3.0687173600180245e-01
1.4765485471872000e-02	0.0000000000000000e+00	3.0773161690758888e-01
1.4782938764392000e-02	0.0000000000000000e+00	3.0860752544119929e-01
1.4800392056911900e-02	0.0000000000000000e+00	3.0945973448916780e-01
1.4817845349431900e-02	0.0000000000000000e+00	3.1025081807652438e-01
1.4835298641951799e-02	0.0000000000000000e+00	3.1094945906264632e-01
1.4852751934471701e-02	0.0000000000000000e+00	3.1153362562600678e-01
1.4870205226991701e-02	0.0000000000000000e+00	3.1199277670117315e-01
1.4887658519511600e-02	0.0000000000000000e+00	3.1232886510952856e-01
1.4905111812031600e-02	0.0000000000000000e+00	3.1255604348243632e-01
1.4922565104551500e-02	0.0000000000000000e+00	3.1269912261951355e-01
1.4940018397071500e-02	0.0000000000000000e+00	3.1279096683872643e-01
1.4957471689591400e-02	0.0000000000000000e+00	3.1286911989655997e-01
1.4974924982111301e-02	0.0000000000000000e+00	3.1297202689400100e-01
1.4992378274631299e-02	0.0000000000000000e+00	3.1313524500094730e-01
1.5009831567151201e-02	0.0000000000000000e+00	3.1338801940659355e-01
1.5027284859671201e-02	0.0000000000000000e+00	3.1375054661969815e-01
1.5044738152191100e-02	0.0000000000000000e+00	3.1423216521138447e-01
1.5062191444711100e-02	0.0000000000000000e+00	3.1483061532873252e-01
1.5079644737231000e-02	0.0000000000000000e+00	3.1553240309880737e-01
1.5097098029750899e-02	0.0000000000000000e+00	3.1631420601844162e-01
1.5114551322270900e-02	0.0000000000000000e+00	3.1714516813150689e-01
1.5132004614790801e-02	0.0000000000000000e+00	3.1798986230674653e-01
1.5149457907310799e-02	0.0000000000000000e+00	3.1881164634933468e-01
1.5166911199830701e-02	0.0000000000000000e+00	3.1957611279901132e-01
1.5184364492350701e-02	0.0000000000000000e+00	3.2025432752319433e-01
1.5201817784870600e-02	0.0000000000000000e+00	3.2082557021813835e-01
1.5219271077390600e-02	0.0000000000000000e+00	3.2127933033612982e-01
1.5236724369910500e-02	0.0000000000000000e+00	3.2161637172151619e-01
1.5254177662430399e-02	0.0000000000000000e+00	3.2184875605764279e-01
1.5271630954950400e-02	0.0000000000000000e+00	3.2199880386500890e-01
1.5289084247470301e-02	0.0000000000000000e+00	3.2209706662032461e-01
1.5306537539990299e-02	0.0000000000000000e+00	3.2217947692875126e-01
1.5323990832510201e-02	0.0000000000000000e+00	3.2228392686381102e-01
1.5341444125030201e-02	0.0000000000000000e+00	3.2244658939620718e-01
1.5358897417550100e-02	0.0000000000000000e+00	3.2269833575868334e-01
1.5376350710070000e-02	0.0000000000000000e+00	3.2306160674292911e-01
1.5393804002590000e-02	0.0000000000000000e+00	3.2354806451600338e-01
1.5411257295109899e-02	0.0000000000000000e+00	3.2415728471770644e-01
1.5428710587629900e-02	0.0000000000000000e+00	3.2487665029174989e-01
1.5446163880149801e-02	0.0000000000000000e+00	3.2568248689331580e-01
1.5463617172669799e-02	0.0000000000000000e+00	3.2654234919797176e-01
1.5481070465189701e-02	0.0000000000000000e+00	3.2741823907271195e-01
1.5498523757709600e-02	0.0000000000000000e+00	3.2827042943515033e-01
1.5515977050229600e-02	0.0000000000000000e+00	3.2906149458479361e-01
1.5533430342749500e-02	0.0000000000000000e+00	3.2976011754511952e-01
1.5550883635269500e-02	0.0000000000000000e+00	3.3034426659862359e-01
1.5568336927789399e-02	0.0000000000000000e+00	3.3080340071084863e-01
1.5585790220309400e-02	0.0000000000000000e+00	3.3113947272024263e-01
1.5603243512829299e-02	0.0000000000000000e+00	3.3136663527338400e-01
1.5620696805349200e-02	0.0000000000000000e+00	3.3150969916557566e-01
1.5638150097869199e-02	0.0000000000000000e+00	3.3160152873278104e-01
1.5655603390389100e-02	0.0000000000000000e+00	3.3167966773158453e-01
1.5673056682909099e-02	0.0000000000000000e+00	3.3178256125629624e-01
1.5690509975429000e-02	0.0000000000000000e+00	3.3194576648436852e-01
1.5707963267949002e-02	0.0000000000000000e+00	3.3219852860641008e-01
1.5725416560468899e-02	0.0000000000000000e+00	3.3256104409480575e-01
1.5742869852988801e-02	0.0000000000000000e+00	3.3304265150294726e-01
1.5760323145508799e-02	0.0000000000000000e+00	3.3364109089543686e-01
1.5777776438028700e-02	0.0000000000000000e+00	3.3434286831364207e-01
1.5795229730548699e-02	0.0000000000000000e+00	3.3512466133414437e-01
1.5812683023068600e-02	0.0000000000000000e+00	3.3595561403490876e-01
1.5830136315588599e-02	0.0000000000000000e+00	3.3680029921013777e-01
1.5847589608108500e-02	0.0000000000000000e+00	3.3762207464126170e-01
1.5865042900628502e-02	0.0000000000000000e+00	3.3838653283696013e-01
1.5882496193148399e-02	0.0000000000000000e+00	3.3906473961610678e-01
1.5899949485668301e-02	0.0000000000000000e+00	3.3963597466952494e-01
1.5917402778188299e-02	0.0000000000000000e+00	3.4008972741735372e-01
1.5934856070708200e-02	0.0000000000000000e+00	3.4042676170336822e-01
1.5952309363228199e-02	0.0000000000000000e+00	3.4065913922814101e-01
1.5969762655748100e-02	0.0000000000000000e+00	3.4080918053130027e-01
1.5987215948268099e-02	0.0000000000000000e+00	3.4090743713819488e-01
1.6004669240788000e-02	0.0000000000000000e+00	3.4098984169010527e-01
1.6022122533307901e-02	0.0000000000000000e+00	3.4109428630907596e-01
1.6039575825827899e-02	0.0000000000000000e+00	3.4125694401575868e-01
1.6057029118347801e-02	0.0000000000000000e+00	3.4150868611184310e-01
1.6074482410867799e-02	0.0000000000000000e+00	3.4187195344951143e-01
1.6091935703387700e-02	0.0000000000000000e+00	3.4235840820429769e-01
1.6109388995907699e-02	0.0000000000000000e+00	3.4296762602642406e-01
1.6126842288427600e-02	0.0000000000000000e+00	3.4368698984318224e-01
1.6144295580947501e-02	0.0000000000000000e+00	3.4449282547087290e-01
1.6161748873467500e-02	0.0000000000000000e+00	3.4535268771358296e-01
1.6179202165987401e-02	0.0000000000000000e+00	3.4622857851110500e-01
1.6196655458507399e-02	0.0000000000000000e+00	3.4708077076786759e-01
1.6214108751027301e-02	0.0000000000000000e+00	3.4787183849483294e-01
1.6231562043547299e-02	0.0000000000000000e+00	3.4857046447025697e-01
1.6249015336067200e-02	0.0000000000000000e+00	3.4915461688052607e-01
1.6266468628587199e-02	0.0000000000000000e+00	3.4961375472594530e-01
1.6283921921107100e-02	0.0000000000000000e+00	3.4994983084579695e-01
1.6301375213627001e-02	0.0000000000000000e+00	3.5017699788012197e-01
1.6318828506147000e-02	0.0000000000000000e+00	3.5032006663708537e-01
1.6336281798666901e-02	0.0000000000000000e+00	3.5041190144577788e-01
1.6353735091186899e-02	0.0000000000000000e+00	3.5049004606114326e-01
1.6371188383706801e-02	0.0000000000000000e+00	3.5059294557491377e-01
1.6388641676226799e-02	0.0000000000000000e+00	3.5075615714562480e-01
1.6406094968746700e-02	0.0000000000000000e+00	3.5100892595165861e-01
1.6423548261266602e-02	0.0000000000000000e+00	3.5137144846881219e-01
1.6441001553786600e-02	0.0000000000000000e+00	3.5185306323592058e-01
1.6458454846306501e-02	0.0000000000000000e+00	3.5245151028535965e-01
1.6475908138826500e-02	0.0000000000000000e+00	3.5315329566170245e-01
1.6493361431346401e-02	0.0000000000000000e+00	3.5393509698634418e-01
1.6510814723866400e-02	0.0000000000000000e+00	3.5476605836350800e-01
1.6528268016386301e-02	0.0000000000000000e+00	3.5561075260635971e-01
1.6545721308906199e-02	0.0000000000000000e+00	3.5643253752092013e-01
1.6563174601426200e-02	0.0000000000000000e+00	3.5719700564795892e-01
1.6580627893946102e-02	0.0000000000000000e+00	3.5787522284216811e-01
1.6598081186466100e-02	0.0000000000000000e+00	3.5844646880108061e-01
1.6615534478986001e-02	0.0000000000000000e+00	3.5890023297278223e-01
1.6632987771506000e-02	0.0000000000000000e+00	3.5923727922609805e-01
1.6650441064025901e-02	0.0000000000000000e+00	3.5946966925909102e-01
1.6667894356545799e-02	0.0000000000000000e+00	3.5961972361529687e-01
1.6685347649065801e-02	0.0000000000000000e+00	3.5971799380551761e-01
1.6702800941585699e-02	0.0000000000000000e+00	3.5980041244787453e-01
1.6720254234105700e-02	0.0000000000000000e+00	3.5990487162785456e-01
1.6737707526625598e-02	0.0000000000000000e+00	3.6006754433645810e-01
1.6755160819145600e-02	0.0000000000000000e+00	3.6031930185148103e-01
1.6772614111665501e-02	0.0000000000000000e+00	3.6068258504029499e-01
1.6790067404185399e-02	0.0000000000000000e+00	3.6116905613738665e-01
1.6807520696705401e-02	0.0000000000000000e+00	3.6177829083095003e-01
1.6824973989225299e-02	0.0000000000000000e+00	3.6249767213119055e-01
1.6842427281745301e-02	0.0000000000000000e+00	3.6330352585563075e-01
1.6859880574265199e-02	0.0000000000000000e+00	3.6416340671903830e-01
1.6877333866785200e-02	0.0000000000000000e+00	3.6503931655589533e-01
1.6894787159305098e-02	0.0000000000000000e+00	3.6589152818986376e-01
1.6912240451825100e-02	0.0000000000000000e+00	3.6668261552861492e-01
1.6929693744345001e-02	0.0000000000000000e+00	3.6738126118670750e-01
1.6947147036864899e-02	0.0000000000000000e+00	3.6796543330166614e-01
1.6964600329384901e-02	0.0000000000000000e+00	3.6842459088208185e-01
1.6982053621904799e-02	0.0000000000000000e+00	3.6876068673512741e-01
1.6999506914424801e-02	0.0000000000000000e+00	3.6898787361315533e-01
1.7016960206944699e-02	0.0000000000000000e+00	3.6913096247693111e-01
1.7034413499464700e-02	0.0000000000000000e+00	3.6922281768851384e-01
1.7051866791984598e-02	0.0000000000000000e+00	3.6930098307964426e-01
1.7069320084504500e-02	0.0000000000000000e+00	3.6940390384899469e-01
1.7086773377024501e-02	0.0000000000000000e+00	3.6956713724589196e-01
1.7104226669544399e-02	0.0000000000000000e+00	3.6981992845498857e-01
1.7121679962064401e-02	0.0000000000000000e+00	3.7018247395365639e-01
1.7139133254584299e-02	0.0000000000000000e+00	3.7066411234283192e-01
1.7156586547104301e-02	0.0000000000000000e+00	3.7126258364918807e-01
1.7174039839624199e-02	0.0000000000000000e+00	3.7196439388401747e-01
1.7191493132144100e-02	0.0000000000000000e+00	3.7274622056311224e-01
1.7208946424664098e-02	0.0000000000000000e+00	3.7357720768617514e-01
1.7226399717184000e-02	0.0000000000000000e+00	3.7442192803235469e-01
1.7243853009704001e-02	0.0000000000000000e+00	3.7524373933821326e-01
1.7261306302223899e-02	0.0000000000000000e+00	3.7600823410389794e-01
1.7278759594743901e-02	0.0000000000000000e+00	3.7668647814443390e-01
1.7296212887263799e-02	0.0000000000000000e+00	3.7725775113599946e-01
1.7313666179783700e-02	0.0000000000000000e+00	3.7771154252556094e-01
1.7331119472303699e-02	0.0000000000000000e+00	3.7804861616288116e-01
1.7348572764823600e-02	0.0000000000000000e+00	3.7828103375696648e-01
1.7366026057343598e-02	0.0000000000000000e+00	3.7843111586350475e-01
1.7383479349863500e-02	0.0000000000000000e+00	3.7852941399538081e-01
1.7400932642383501e-02	0.0000000000000000e+00	3.7861186077869530e-01
1.7418385934903399e-02	0.0000000000000000e+00	3.7871634831095236e-01
1.7435839227423401e-02	0.0000000000000000e+00	3.7887904959924934e-01
1.7453292519943299e-02	0.0000000000000000e+00	3.7913083594422131e-01
1.7470745812463200e-02	0.0000000000000000e+00	3.7949414817510713e-01
1.7488199104983199e-02	0.0000000000000000e+00	3.7998064842430990e-01
1.7505652397503100e-02	0.0000000000000000e+00	3.8058991231416800e-01
1.7523105690023098e-02	0.0000000000000000e+00	3.8130932278714358e-01
1.7540558982543000e-02	0.0000000000000000e+00	3.8211520567746055e-01
1.7558012275063001e-02	0.0000000000000000e+00	3.8297511588486227e-01
1.7575465567582899e-02	0.0000000000000000e+00	3.8385105532498642e-01
1.7592918860102801e-02	0.0000000000000000e+00	3.8470329687462268e-01
1.7610372152622799e-02	0.0000000000000000e+00	3.8549441441601984e-01
1.7627825445142700e-02	0.0000000000000000e+00	3.8619309066529522e-01
1.7645278737662699e-02	0.0000000000000000e+00	3.8677729398666610e-01
1.7662732030182600e-02	0.0000000000000000e+00	3.8723648330250504e-01
1.7680185322702598e-02	0.0000000000000000e+00	3.8757261140017507e-01
1.7697638615222500e-02	0.0000000000000000e+00	3.8779983101592530e-01
1.7715091907742401e-02	0.0000000000000000e+00	3.8794295298441139e-01
1.7732545200262399e-02	0.0000000000000000e+00	3.8803484160563578e-01
1.7749998492782301e-02	0.0000000000000000e+00	3.8811304064360908e-01
1.7767451785302299e-02	0.0000000000000000e+00	3.8821599522402084e-01
1.7784905077822200e-02	0.0000000000000000e+00	3.8837926251801047e-01
1.7802358370342199e-02	0.0000000000000000e+00	3.8863208766910834e-01
1.7819811662862100e-02	0.0000000000000000e+00	3.8899466716652165e-01
1.7837264955382001e-02	0.0000000000000000e+00	3.8947633957432237e-01
1.7854718247902000e-02	0.0000000000000000e+00	3.9007484492701738e-01
1.7872171540421901e-02	0.0000000000000000e+00	3.9077668927341846e-01
1.7889624832941899e-02	0.0000000000000000e+00	3.9155855009756124e-01
1.7907078125461801e-02	0.0000000000000000e+00	3.9238957139440006e-01
1.7924531417981799e-02	0.0000000000000000e+00	3.9323432598221453e-01
1.7941984710501700e-02	0.0000000000000000e+00	3.9405617161624901e-01
1.7959438003021699e-02	0.0000000000000000e+00	3.9482070080955917e-01
1.7976891295541600e-02	0.0000000000000000e+00	3.9549897940710166e-01
1.7994344588061501e-02	0.0000000000000000e+00	3.9607028709970249e-01
1.8011797880581500e-02	0.0000000000000000e+00	3.9652411334853188e-01
1.8029251173101401e-02	0.0000000000000000e+00	3.9686122200793278e-01
1.8046704465621399e-02	0.0000000000000000e+00	3.9709367478278951e-01
1.8064157758141301e-02	0.0000000000000000e+00	3.9724379222451817e-01
1.8081611050661299e-02	0.0000000000000000e+00	3.9734212584826484e-01
1.8099064343181200e-02	0.0000000000000000e+00	3.9742460829570458e-01
1.8116517635701102e-02	0.0000000000000000e+00	3.9752913167297765e-01
1.8133970928221100e-02	0.0000000000000000e+00	3.9769186897781489e-01
1.8151424220741001e-02	0.0000000000000000e+00	3.9794369146373237e-01
1.8168877513261000e-02	0.0000000000000000e+00	3.9830703993674638e-01
1.8186330805780901e-02	0.0000000000000000e+00	3.9879357656828079e-01
1.8203784098300899e-02	0.0000000000000000e+00	3.9940287699104221e-01
1.8221237390820801e-02	0.0000000000000000e+00	4.0012232412925325e-01
1.8238690683340698e-02	0.0000000000000000e+00	4.0092824361705265e-01
1.8256143975860700e-02	0.0000000000000000e+00	4.0178819010402878e-01
1.8273597268380602e-02	0.0000000000000000e+00	4.0266416542676364e-01
1.8291050560900600e-02	0.0000000000000000e+00	4.0351644248056545e-01
1.8308503853420501e-02	0.0000000000000000e+00	4.0430759551497347e-01
1.8325957145940500e-02	0.0000000000000000e+00	4.0500630750534494e-01
1.8343410438460401e-02	0.0000000000000000e+00	4.0559054671292877e-01
1.8360863730980299e-02	0.0000000000000000e+00	4.0604977205766934e-01
1.8378317023500301e-02	0.0000000000000000e+00	4.0638593632784842e-01
1.8395770316020198e-02	0.0000000000000000e+00	4.0661319213788299e-01
1.8413223608540200e-02	0.0000000000000000e+00	4.0675635025677520e-01
1.8430676901060102e-02	0.0000000000000000e+00	4.0684827499525683e-01
1.8448130193580100e-02	0.0000000000000000e+00	4.0692651008301473e-01
1.8465583486100001e-02	0.0000000000000000e+00	4.0702950058956022e-01
1.8483036778619899e-02	0.0000000000000000e+00	4.0719280366853949e-01
1.8500490071139901e-02	0.0000000000000000e+00	4.0744566449475589e-01
1.8517943363659799e-02	0.0000000000000000e+00	4.0780827953036330e-01
1.8535396656179801e-02	0.0000000000000000e+00	4.0828998731886001e-01
1.8552849948699698e-02	0.0000000000000000e+00	4.0888852803250436e-01
1.8570303241219700e-02	0.0000000000000000e+00	4.0959040776969913e-01
1.8587756533739602e-02	0.0000000000000000e+00	4.1037230395561308e-01
1.8605209826259600e-02	0.0000000000000000e+00	4.1120336061795909e-01
1.8622663118779501e-02	0.0000000000000000e+00	4.1204815059852834e-01
1.8640116411299399e-02	0.0000000000000000e+00	4.1287003166157882e-01
1.8657569703819401e-02	0.0000000000000000e+00	4.1363459631194976e-01
1.8675022996339299e-02	0.0000000000000000e+00	4.1431291039297941e-01
1.8692476288859301e-02	0.0000000000000000e+00	4.1488425358223407e-01
1.8709929581379198e-02	0.0000000000000000e+00	4.1533811530416631e-01
1.8727382873899200e-02	0.0000000000000000e+00	4.1567525940203448e-01
1.8744836166419102e-02	0.0000000000000000e+00	4.1590774754649046e-01
1.8762289458938999e-02	0.0000000000000000e+00	4.1605790025295231e-01
1.8779742751459001e-02	0.0000000000000000e+00	4.1615626900057806e-01
1.8797196043978899e-02	0.0000000000000000e+00	4.1623878639467349e-01
1.8814649336498901e-02	0.0000000000000000e+00	4.1634334452292243e-01
1.8832102629018799e-02	0.0000000000000000e+00	4.1650611638084450e-01
1.8849555921538801e-02	0.0000000000000000e+00	4.1675797322451080e-01
1.8867009214058698e-02	0.0000000000000000e+00	4.1712135585695909e-01
1.8884462506578600e-02	0.0000000000000000e+00	4.1760792644616596e-01
1.8901915799098602e-02	0.0000000000000000e+00	4.1821726062661396e-01
1.8919369091618499e-02	0.0000000000000000e+00	4.1893674126206748e-01
1.8936822384138501e-02	0.0000000000000000e+00	4.1974269402145648e-01
1.8954275676658399e-02	0.0000000000000000e+00	4.2060267350330188e-01
1.8971728969178401e-02	0.0000000000000000e+00	4.2147868153371626e-01
1.8989182261698299e-02	0.0000000000000000e+00	4.2233099117148176e-01
1.9006635554218200e-02	0.0000000000000000e+00	4.2312217653259132e-01
1.9024088846738198e-02	0.0000000000000000e+00	4.2382092057094284e-01
1.9041542139258100e-02	0.0000000000000000e+00	4.2440519164587248e-01
1.9058995431778102e-02	0.0000000000000000e+00	4.2486444864358053e-01
1.9076448724297999e-02	0.0000000000000000e+00	4.2520064434007010e-01
1.9093902016818001e-02	0.0000000000000000e+00	4.2542793131954387e-01
1.9111355309337899e-02	0.0000000000000000e+00	4.2557112034647238e-01
1.9128808601857800e-02	0.0000000000000000e+00	4.2566307574455159e-01
1.9146261894377799e-02	0.0000000000000000e+00	4.2574134123197865e-01
1.9163715186897700e-02	0.0000000000000000e+00	4.2584436186343955e-01
1.9181168479417698e-02	0.0000000000000000e+00	4.2600769479690803e-01
1.9198621771937600e-02	0.0000000000000000e+00	4.2626058517077298e-01
1.9216075064457602e-02	0.0000000000000000e+00	4.2662322941720471e-01
1.9233528356977499e-02	0.0000000000000000e+00	4.2710496610112214e-01
1.9250981649497501e-02	0.0000000000000000e+00	4.2770353525554816e-01
1.9268434942017399e-02	0.0000000000000000e+00	4.2840544292328175e-01
1.9285888234537300e-02	0.0000000000000000e+00	4.2918736669432256e-01
1.9303341527057299e-02	0.0000000000000000e+00	4.3001845063321087e-01
1.9320794819577200e-02	0.0000000000000000e+00	4.3086326754063803e-01
1.9338248112097198e-02	0.0000000000000000e+00	4.3168517520213184e-01
1.9355701404617100e-02	0.0000000000000000e+00	4.3244976613077574e-01
1.9373154697137102e-02	0.0000000000000000e+00	4.3312810614268399e-01
1.9390607989656999e-02	0.0000000000000000e+00	4.3369947491322258e-01
1.9408061282176901e-02	0.0000000000000000e+00	4.3415336185309678e-01
1.9425514574696899e-02	0.0000000000000000e+00	4.3449053079736299e-01
1.9442967867216800e-02	0.0000000000000000e+00	4.3472304340142182e-01
1.9460421159736799e-02	0.0000000000000000e+00	4.3487322016658281e-01
1.9477874452256700e-02	0.0000000000000000e+00	4.3497161257726813e-01
1.9495327744776698e-02	0.0000000000000000e+00	4.3505415323329072e-01
1.9512781037296600e-02	0.0000000000000000e+00	4.3515873422465101e-01
1.9530234329816501e-02	0.0000000000000000e+00	4.3532152854430456e-01
1.9547687622336499e-02	0.0000000000000000e+00	4.3557340745233558e-01
1.9565140914856401e-02	0.0000000000000000e+00	4.3593681175538890e-01
1.9582594207376399e-02	0.0000000000000000e+00	4.3642340361239373e-01
1.9600047499896300e-02	0.0000000000000000e+00	4.3703275865195890e-01
1.9617500792416299e-02	0.0000000000000000e+00	4.3775225974455945e-01
1.9634954084936200e-02	0.0000000000000000e+00	4.3855823258670346e-01
1.9652407377456101e-02	0.0000000000000000e+00	4.3941823184117029e-01
1.9669860669976100e-02	0.0000000000000000e+00	4.4029425939806915e-01
1.9687313962496001e-02	0.0000000000000000e+00	4.4114658821652919e-01
1.9704767255015999e-02	0.0000000000000000e+00	4.4193779231894453e-01
1.9722220547535901e-02	0.0000000000000000e+00	4.4263655466000085e-01
1.9739673840055899e-02	0.0000000000000000e+00	4.4322084347961777e-01
1.9757127132575800e-02	0.0000000000000000e+00	4.4368011759021719e-01
1.9774580425095799e-02	0.0000000000000000e+00	4.4401632983400091e-01
1.9792033717615700e-02	0.0000000000000000e+00	4.4424363288595897e-01
1.9809487010135601e-02	0.0000000000000000e+00	4.4438683750819813e-01
1.9826940302655600e-02	0.0000000000000000e+00	4.4447880797178724e-01
1.9844393595175501e-02	0.0000000000000000e+00	4.4455708800765975e-01
1.9861846887695499e-02	0.0000000000000000e+00	4.4466012270079630e-01
1.9879300180215401e-02	0.0000000000000000e+00	4.4482346919646387e-01
1.9896753472735399e-02	0.0000000000000000e+00	4.4507637263631161e-01
1.9914206765255300e-02	0.0000000000000000e+00	4.4543902950646508e-01
1.9931660057775202e-02	0.0000000000000000e+00	4.4592077834813654e-01
1.9949113350295200e-02	0.0000000000000000e+00	4.4651935921643515e-01
1.9966566642815101e-02	0.0000000000000000e+00	4.4722127817073049e-01
1.9984019935335100e-02	0.0000000000000000e+00	4.4800321266946791e-01
2.0001473227855001e-02	0.0000000000000000e+00	4.4883430670018726e-01
2.0018926520374999e-02	0.0000000000000000e+00	4.4967913307590496e-01
2.0036379812894901e-02	0.0000000000000000e+00	4.5050104954875242e-01
2.0053833105414798e-02	0.0000000000000000e+00	4.5126564861902096e-01
2.0071286397934800e-02	0.0000000000000000e+00	4.5194399611401531e-01
2.0088739690454702e-02	0.0000000000000000e+00	4.5251537170425610e-01
2.0106192982974700e-02	0.0000000000000000e+00	4.5296926482324207e-01
2.0123646275494601e-02	0.0000000000000000e+00	4.5330643930009717e-01
2.0141099568014600e-02	0.0000000000000000e+00	4.5353895681568540e-01
2.0158552860534501e-02	0.0000000000000000e+00	4.5368913788382098e-01
2.0176006153054399e-02	0.0000000000000000e+00	4.5378753398560229e-01
2.0193459445574401e-02	0.0000000000000000e+00	4.5387007773041982e-01
2.0210912738094299e-02	0.0000000000000000e+00	4.5397466119689928e-01
2.0228366030614300e-02	0.0000000000000000e+00	4.5413745736297667e-01
2.0245819323134202e-02	0.0000000000000000e+00	4.5438933746709120e-01
2.0263272615654200e-02	0.0000000000000000e+00	4.5475274229556334e-01
2.0280725908174101e-02	0.0000000000000000e+00	4.5523933399666694e-01
2.0298179200694100e-02	0.0000000000000000e+00	4.5584868819076912e-01
2.0315632493214001e-02	0.0000000000000000e+00	4.5656818779564939e-01
2.0333085785733899e-02	0.0000000000000000e+00	4.5737415842436879e-01
2.0350539078253901e-02	0.0000000000000000e+00	4.5823415469526857e-01
2.0367992370773799e-02	0.0000000000000000e+00	4.5911017843575685e-01
2.0385445663293800e-02	0.0000000000000000e+00	4.5996250251599680e-01
2.0402898955813702e-02	0.0000000000000000e+00	4.6075370118527359e-01
2.0420352248333700e-02	0.0000000000000000e+00	4.6145245742301677e-01
2.0437805540853601e-02	0.0000000000000000e+00	4.6203673944895779e-01
2.0455258833373499e-02	0.0000000000000000e+00	4.6249600618372338e-01
2.0472712125893501e-02	0.0000000000000000e+00	4.6283221042423456e-01
2.0490165418413399e-02	0.0000000000000000e+00	4.6305950477124869e-01
2.0507618710933401e-02	0.0000000000000000e+00	4.6320269997068642e-01
2.0525072003453299e-02	0.0000000000000000e+00	4.6329466030358296e-01
2.0542525295973300e-02	0.0000000000000000e+00	4.6337292948203268e-01
2.0559978588493202e-02	0.0000000000000000e+00	4.6347595256022689e-01
2.0577431881013099e-02	0.0000000000000000e+00	4.6363928667245707e-01
2.0594885173533101e-02	0.0000000000000000e+00	4.6389217697930962e-01
2.0612338466052999e-02	0.0000000000000000e+00	4.6425481993034046e-01
2.0629791758573001e-02	0.0000000000000000e+00	4.6473655404729636e-01
2.0647245051092899e-02	0.0000000000000000e+00	4.6533511936030564e-01
2.0664698343612901e-02	0.0000000000000000e+00	4.6603702188063789e-01
2.0682151636132799e-02	0.0000000000000000e+00	4.6681893917587225e-01
2.0699604928652700e-02	0.0000000000000000e+00	4.6765001531543599e-01
2.0717058221172702e-02	0.0000000000000000e+00	4.6849482308360835e-01
2.0734511513692599e-02	0.0000000000000000e+00	4.6931672024760168e-01
2.0751964806212601e-02	0.0000000000000000e+00	4.7008129931224346e-01
2.0769418098732499e-02	0.0000000000000000e+00	4.7075962609372246e-01
2.0786871391252501e-02	0.0000000000000000e+00	4.7133098023836256e-01
2.0804324683772399e-02	0.0000000000000000e+00	4.7178485115279006e-01
2.0821777976292300e-02	0.0000000000000000e+00	4.7212200265399051e-01
2.0839231268812299e-02	0.0000000000000000e+00	4.7235449639476612e-01
2.0856684561332200e-02	0.0000000000000000e+00	4.7250465287612936e-01
2.0874137853852202e-02	0.0000000000000000e+00	4.7260302355969847e-01
2.0891591146372099e-02	0.0000000000000000e+00	4.7268554103663901e-01
2.0909044438892101e-02	0.0000000000000000e+00	4.7279009737694949e-01
2.0926497731411999e-02	0.0000000000000000e+00	4.7295286554858795e-01
2.0943951023932001e-02	0.0000000000000000e+00	4.7320471679581133e-01
