0.0000000000000000e+00	0.0000000000000000e+00	5.6091848865433705e-03
1.7453292519943300e-05	0.0000000000000000e+00	5.5385416205694501e-03
3.4906585039886600e-05	0.0000000000000000e+00	5.4693392316332830e-03
5.2359877559829903e-05	0.0000000000000000e+00	5.4012990850511164e-03
6.9813170079773199e-05	0.0000000000000000e+00	5.3333586819757535e-03
8.7266462599716496e-05	0.0000000000000000e+00	5.2629723504046327e-03
1.0471975511966000e-04	0.0000000000000000e+00	5.1856765434384671e-03
1.2217304763960301e-04	0.0000000000000000e+00	5.0953478361132464e-03
1.3962634015954599e-04	0.0000000000000000e+00	4.9854135813971849e-03
1.5707963267949001e-04	0.0000000000000000e+00	4.8509745543741708e-03
1.7453292519943299e-04	0.0000000000000000e+00	4.6914353468243729e-03
1.9198621771937600e-04	0.0000000000000000e+00	4.5129054499754772e-03
2.0943951023931999e-04	0.0000000000000000e+00	4.3294251413718886e-03
2.2689280275926300e-04	0.0000000000000000e+00	4.1620782021431031e-03
2.4434609527920601e-04	0.0000000000000000e+00	4.0353269933063188e-03
2.6179938779914903e-04	0.0000000000000000e+00	3.9704429872358506e-03
2.7925268031909301e-04	0.0000000000000000e+00	3.9766378139496376e-03
2.9670597283903603e-04	0.0000000000000000e+00	4.0413003298111795e-03
3.1415926535897898e-04	0.0000000000000000e+00	4.1214257747901450e-03
3.3161255787892303e-04	0.0000000000000000e+00	4.1387088982164626e-03
3.4906585039886598e-04	0.0000000000000000e+00	3.9806943984518825e-03
3.6651914291880900e-04	0.0000000000000000e+00	3.5097451417561432e-03
3.8397243543875201e-04	0.0000000000000000e+00	2.5804051608256610e-03
4.0142572795869599e-04	0.0000000000000000e+00	1.0641290957467023e-03
4.1887902047863901e-04	0.0000000000000000e+00	1.1214365058095947e-03
4.3633231299858202e-04	0.0000000000000000e+00	3.9831202616721862e-03
4.5378560551852601e-04	0.0000000000000000e+00	7.4285000869061136e-03
4.7123889803846902e-04	0.0000000000000000e+00	1.1253828748839815e-02
4.8869219055841203e-04	0.0000000000000000e+00	1.5148961944506994e-02
5.0614548307835602e-04	0.0000000000000000e+00	1.8722826578459782e-02
5.2359877559829903e-04	0.0000000000000000e+00	2.1550113606608998e-02
5.4105206811824204e-04	0.0000000000000000e+00	2.3236296397056485e-02
5.5850536063818505e-04	0.0000000000000000e+00	2.3494267100347629e-02
5.7595865315812904e-04	0.0000000000000000e+00	2.2222430966834433e-02
5.9341194567807205e-04	0.0000000000000000e+00	1.9571683693030299e-02
6.1086523819801496e-04	0.0000000000000000e+00	1.5987876742261795e-02
6.2831853071795905e-04	0.0000000000000000e+00	1.2217642154675473e-02
6.4577182323790196e-04	0.0000000000000000e+00	9.2688267159179490e-03
6.6322511575784497e-04	0.0000000000000000e+00	8.3222223273197605e-03
6.8067840827778798e-04	0.0000000000000000e+00	1.0598319552154676e-02
6.9813170079773197e-04	0.0000000000000000e+00	1.7190315356181606e-02
7.1558499331767498e-04	0.0000000000000000e+00	2.8881874928352442e-02
7.3303828583761799e-04	0.0000000000000000e+00	4.5973945543389468e-02
7.5049157835756198e-04	0.0000000000000000e+00	6.8147385207454864e-02
7.6794487087750499e-04	0.0000000000000000e+00	9.4388229981206301e-02
7.8539816339744800e-04	0.0000000000000000e+00	1.2299750048985593e-01
8.0285145591739199e-04	0.0000000000000000e+00	1.5169902857743947e-01
8.2030474843733500e-04	0.0000000000000000e+00	1.7784635587954170e-01
8.3775804095727801e-04	0.0000000000000000e+00	1.9871716614679577e-01
8.5521133347722102e-04	0.0000000000000000e+00	2.1186826182588045e-01
8.7266462599716501e-04	0.0000000000000000e+00	2.1551235660616452e-01
8.9011791851710802e-04	0.0000000000000000e+00	2.0886821846641590e-01
9.0757121103705104e-04	0.0000000000000000e+00	1.9243345199976633e-01
9.2502450355699502e-04	0.0000000000000000e+00	1.6813158500564959e-01
9.4247779607693804e-04	0.0000000000000000e+00	1.3929367527734954e-01
9.5993108859688105e-04	0.0000000000000000e+00	1.1045564695905331e-01
9.7738438111682406e-04	0.0000000000000000e+00	8.6968885186669453e-02
9.9483767363676805e-04	0.0000000000000000e+00	7.4450092536124335e-02
1.0122909661567101e-03	0.0000000000000000e+00	7.8119418572409699e-02
1.0297442586766500e-03	0.0000000000000000e+00	1.0209564431941982e-01
1.0471975511966000e-03	0.0000000000000000e+00	1.4873327753940174e-01
1.0646508437165401e-03	0.0000000000000000e+00	2.1809012142487108e-01
1.0821041362364800e-03	0.0000000000000000e+00	3.0760872724511823e-01
1.0995574287564300e-03	0.0000000000000000e+00	4.1207818262467383e-01
1.1170107212763701e-03	0.0000000000000000e+00	5.2391549214379052e-01
1.1344640137963100e-03	0.0000000000000000e+00	6.3377149433877422e-01
1.1519173063162600e-03	0.0000000000000000e+00	7.3142575141355048e-01
1.1693705988361999e-03	0.0000000000000000e+00	8.0689666786171543e-01
1.1868238913561400e-03	0.0000000000000000e+00	8.5165795594177363e-01
1.2042771838760900e-03	0.0000000000000000e+00	8.5982768801335119e-01
1.2217304763960299e-03	0.0000000000000000e+00	8.2918470575057668e-01
1.2391837689159700e-03	0.0000000000000000e+00	7.6187143299365634e-01
1.2566370614359201e-03	0.0000000000000000e+00	6.6466417353332086e-01
1.2740903539558599e-03	0.0000000000000000e+00	5.4873016254685203e-01
1.2915436464758000e-03	0.0000000000000000e+00	4.2884270529659169e-01
1.3089969389957501e-03	0.0000000000000000e+00	3.2208673862424775e-01
1.3264502315156899e-03	0.0000000000000000e+00	2.4615091033350220e-01
1.3439035240356300e-03	0.0000000000000000e+00	2.1736140722001035e-01
1.3613568165555801e-03	0.0000000000000000e+00	2.4866079040910283e-01
1.3788101090755199e-03	0.0000000000000000e+00	3.4776106943356982e-01
1.3962634015954600e-03	0.0000000000000000e+00	5.1570716624424862e-01
1.4137166941154101e-03	0.0000000000000000e+00	7.4606094606311280e-01
1.4311699866353500e-03	0.0000000000000000e+00	1.0248642873663132e+00
1.4486232791552900e-03	0.0000000000000000e+00	1.3314648575944368e+00
1.4660765716752401e-03	0.0000000000000000e+00	1.6401938290206586e+00
1.4835298641951800e-03	0.0000000000000000e+00	1.9227831751434508e+00
1.5009831567151201e-03	0.0000000000000000e+00	2.1513117559444579e+00
1.5184364492350699e-03	0.0000000000000000e+00	2.3013867868397209e+00
1.5358897417550100e-03	0.0000000000000000e+00	2.3552134929627111e+00
1.5533430342749501e-03	0.0000000000000000e+00	2.3041871245653835e+00
1.5707963267948999e-03	0.0000000000000000e+00	2.1506671761377887e+00
1.5882496193148400e-03	0.0000000000000000e+00	1.9086607903211912e+00
1.6057029118347801e-03	0.0000000000000000e+00	1.6032483388450172e+00
1.6231562043547299e-03	0.0000000000000000e+00	1.2687177201771476e+00
1.6406094968746700e-03	0.0000000000000000e+00	9.4552111034036046e-01
1.6580627893946101e-03	0.0000000000000000e+00	6.7631213848786464e-01
1.6755160819145599e-03	0.0000000000000000e+00	5.0144333554819809e-01
1.6929693744345000e-03	0.0000000000000000e+00	4.5439008277636539e-01
1.7104226669544401e-03	0.0000000000000000e+00	5.5760608007889723e-01
1.7278759594743899e-03	0.0000000000000000e+00	8.1929549178072780e-01
1.7453292519943300e-03	0.0000000000000000e+00	1.2315142675180943e+00
1.7627825445142699e-03	0.0000000000000000e+00	1.7698912968789231e+00
1.7802358370342200e-03	0.0000000000000000e+00	2.3950980273967311e+00
1.7976891295541600e-03	0.0000000000000000e+00	3.0560135172532106e+00
1.8151424220740999e-03	0.0000000000000000e+00	3.6943546989269471e+00
1.8325957145940500e-03	0.0000000000000000e+00	4.2503635720258899e+00
1.8500490071139900e-03	0.0000000000000000e+00	4.6690171729313059e+00
1.8675022996339299e-03	0.0000000000000000e+00	4.9061415064264464e+00
1.8849555921538800e-03	0.0000000000000000e+00	4.9337815107015341e+00
1.9024088846738201e-03	0.0000000000000000e+00	4.7442211635309794e+00
1.9198621771937599e-03	0.0000000000000000e+00	4.3521473069643104e+00
1.9373154697137100e-03	0.0000000000000000e+00	3.7946105270935568e+00
1.9547687622336499e-03	0.0000000000000000e+00	3.1286403146726736e+00
1.9722220547535902e-03	0.0000000000000000e+00	2.4266034997653119e+00
1.9896753472735400e-03	0.0000000000000000e+00	1.7696359330390616e+00
2.0071286397934799e-03	0.0000000000000000e+00	1.2397010329220124e+00
2.0245819323134202e-03	0.0000000000000000e+00	9.1101641544626111e-01
2.0420352248333700e-03	0.0000000000000000e+00	8.4170974210150928e-01
2.0594885173533099e-03	0.0000000000000000e+00	1.0666093954902804e+00
2.0769418098732502e-03	0.0000000000000000e+00	1.5920245425260187e+00
2.0943951023932000e-03	0.0000000000000000e+00	2.3932165343297536e+00
2.1118483949131399e-03	0.0000000000000000e+00	3.4150293893306851e+00
2.1293016874330802e-03	0.0000000000000000e+00	4.5758308697357757e+00
2.1467549799530201e-03	0.0000000000000000e+00	5.7745602950083894e+00
2.1642082724729699e-03	0.0000000000000000e+00	6.9003289520242177e+00
2.1816615649929102e-03	0.0000000000000000e+00	7.8436749414102476e+00
2.1991148575128501e-03	0.0000000000000000e+00	8.5083395666416806e+00
2.2165681500327999e-03	0.0000000000000000e+00	8.8222958042024917e+00
2.2340214425527402e-03	0.0000000000000000e+00	8.7467581619163521e+00
2.2514747350726801e-03	0.0000000000000000e+00	8.2820659515670840e+00
2.2689280275926299e-03	0.0000000000000000e+00	7.4696210246800838e+00
2.2863813201125698e-03	0.0000000000000000e+00	6.3894698939716230e+00
2.3038346126325101e-03	0.0000000000000000e+00	5.1535964095481166e+00
2.3212879051524599e-03	0.0000000000000000e+00	3.8954799142823182e+00
2.3387411976723998e-03	0.0000000000000000e+00	2.7569158132706586e+00
2.3561944901923401e-03	0.0000000000000000e+00	1.8734368406255146e+00
2.3736477827122899e-03	0.0000000000000000e+00	1.3598672907578415e+00
2.3911010752322298e-03	0.0000000000000000e+00	1.2975637926541588e+00
2.4085543677521701e-03	0.0000000000000000e+00	1.7247495724993891e+00
2.4260076602721200e-03	0.0000000000000000e+00	2.6310365645223195e+00
2.4434609527920598e-03	0.0000000000000000e+00	3.9568070747779682e+00
2.4609142453120001e-03	0.0000000000000000e+00	5.5976279509403390e+00
2.4783675378319500e-03	0.0000000000000000e+00	7.4133456302937351e+00
2.4958208303518898e-03	0.0000000000000000e+00	9.2410527439241399e+00
2.5132741228718301e-03	0.0000000000000000e+00	1.0910730730297390e+01
2.5307274153917800e-03	0.0000000000000000e+00	1.2262061266843897e+01
2.5481807079117198e-03	0.0000000000000000e+00	1.3160804965220883e+01
2.5656340004316601e-03	0.0000000000000000e+00	1.3513142133286289e+01
2.5830872929516100e-03	0.0000000000000000e+00	1.3276520178334911e+01
2.6005405854715499e-03	0.0000000000000000e+00	1.2465853201290789e+01
2.6179938779914902e-03	0.0000000000000000e+00	1.1154302887510193e+01
2.6354471705114400e-03	0.0000000000000000e+00	9.4683541013440884e+00
2.6529004630313799e-03	0.0000000000000000e+00	7.5774169230898014e+00
2.6703537555513202e-03	0.0000000000000000e+00	5.6787168464977116e+00
2.6878070480712700e-03	0.0000000000000000e+00	3.9787189519029620e+00
2.7052603405912099e-03	0.0000000000000000e+00	2.6727483490249857e+00
2.7227136331111502e-03	0.0000000000000000e+00	1.9247429324323975e+00
2.7401669256311000e-03	0.0000000000000000e+00	1.8491699296482691e+00
2.7576202181510399e-03	0.0000000000000000e+00	2.4970852288888197e+00
2.7750735106709802e-03	0.0000000000000000e+00	3.8479922929322630e+00
2.7925268031909300e-03	0.0000000000000000e+00	5.8086809395116576e+00
2.8099800957108699e-03	0.0000000000000000e+00	8.2195698587861763e+00
2.8274333882308102e-03	0.0000000000000000e+00	1.0868297936701843e+01
2.8448866807507600e-03	0.0000000000000000e+00	1.3509523243596869e+01
2.8623399732706999e-03	0.0000000000000000e+00	1.5889137911495153e+01
2.8797932657906402e-03	0.0000000000000000e+00	1.7770495152635974e+01
2.8972465583105901e-03	0.0000000000000000e+00	1.8959900883098630e+01
2.9146998508305299e-03	0.0000000000000000e+00	1.9328544289154838e+01
2.9321531433504698e-03	0.0000000000000000e+00	1.8828300553360076e+01
2.9496064358704201e-03	0.0000000000000000e+00	1.7499424881412690e+01
2.9670597283903599e-03	0.0000000000000000e+00	1.5469004124427013e+01
2.9845130209102998e-03	0.0000000000000000e+00	1.2940044908042411e+01
3.0019663134302501e-03	0.0000000000000000e+00	1.0172145579748610e+01
3.0194196059501899e-03	0.0000000000000000e+00	7.4556939498554042e+00
3.0368728984701298e-03	0.0000000000000000e+00	5.0822930050989550e+00
3.0543261909900801e-03	0.0000000000000000e+00	3.3145755845672746e+00
3.0717794835100200e-03	0.0000000000000000e+00	2.3586537099690057e+00
3.0892327760299598e-03	0.0000000000000000e+00	2.3421491835805885e+00
3.1066860685499101e-03	0.0000000000000000e+00	3.3001254590630280e+00
3.1241393610698500e-03	0.0000000000000000e+00	5.1703769846926679e+00
3.1415926535897898e-03	0.0000000000000000e+00	7.7985078184684760e+00
3.1590459461097401e-03	0.0000000000000000e+00	1.0952259103708981e+01
3.1764992386296800e-03	0.0000000000000000e+00	1.4343588859167182e+01
3.1939525311496198e-03	0.0000000000000000e+00	1.7656300679124506e+01
3.2114058236695701e-03	0.0000000000000000e+00	2.0576605075953690e+01
3.2288591161895100e-03	0.0000000000000000e+00	2.2823673011289646e+01
3.2463124087094499e-03	0.0000000000000000e+00	2.4177332816086004e+01
3.2637657012294001e-03	0.0000000000000000e+00	2.4500376286608017e+01
3.2812189937493400e-03	0.0000000000000000e+00	2.3753360897514323e+01
3.2986722862692799e-03	0.0000000000000000e+00	2.2000451623885944e+01
3.3161255787892301e-03	0.0000000000000000e+00	1.9405624310645365e+01
3.3335788713091700e-03	0.0000000000000000e+00	1.6219323957565617e+01
3.3510321638291099e-03	0.0000000000000000e+00	1.2756543032708462e+01
3.3684854563490602e-03	0.0000000000000000e+00	9.3680664544881722e+00
3.3859387488690000e-03	0.0000000000000000e+00	6.4073009184401446e+00
3.4033920413889399e-03	0.0000000000000000e+00	4.1956732934435372e+00
3.4208453339088902e-03	0.0000000000000000e+00	2.9898509682739274e+00
3.4382986264288300e-03	0.0000000000000000e+00	2.9540543520632911e+00
3.4557519189487699e-03	0.0000000000000000e+00	4.1404582548670659e+00
3.4732052114687202e-03	0.0000000000000000e+00	6.4800582059954381e+00
3.4906585039886600e-03	0.0000000000000000e+00	9.7854408537444222e+00
3.5081117965085999e-03	0.0000000000000000e+00	1.3765790421080103e+01
3.5255650890285502e-03	0.0000000000000000e+00	1.8053148172382315e+01
3.5430183815484901e-03	0.0000000000000000e+00	2.2237727397433396e+01
3.5604716740684299e-03	0.0000000000000000e+00	2.5908938653123958e+01
3.5779249665883698e-03	0.0000000000000000e+00	2.8697946531050469e+01
3.5953782591083201e-03	0.0000000000000000e+00	3.0317225634580712e+01
3.6128315516282599e-03	0.0000000000000000e+00	3.0592674367976048e+01
3.6302848441482102e-03	0.0000000000000000e+00	2.9484458049406360e+01
3.6477381366681501e-03	0.0000000000000000e+00	2.7094019868774335e+01
3.6651914291880900e-03	0.0000000000000000e+00	2.3656041660287780e+01
3.6826447217080398e-03	0.0000000000000000e+00	1.9515992104200187e+01
3.7000980142279801e-03	0.0000000000000000e+00	1.5095493980548577e+01
3.7175513067479200e-03	0.0000000000000000e+00	1.0849232521068313e+01
3.7350045992678598e-03	0.0000000000000000e+00	7.2181111643800859e+00
3.7524578917878101e-03	0.0000000000000000e+00	4.5837521661950493e+00
3.7699111843077500e-03	0.0000000000000000e+00	3.2292759247150031e+00
3.7873644768276998e-03	0.0000000000000000e+00	3.3104540870083587e+00
3.8048177693476401e-03	0.0000000000000000e+00	4.8401241860364212e+00
3.8222710618675800e-03	0.0000000000000000e+00	7.6872069622530308e+00
3.8397243543875199e-03	0.0000000000000000e+00	1.1590108952670839e+01
3.8571776469074701e-03	0.0000000000000000e+00	1.6182839350425780e+01
3.8746309394274100e-03	0.0000000000000000e+00	2.1030961655234350e+01
3.8920842319473499e-03	0.0000000000000000e+00	2.5673727410327629e+01
3.9095375244672997e-03	0.0000000000000000e+00	2.9668265409627743e+01
3.9269908169872400e-03	0.0000000000000000e+00	3.2631864054088453e+01
3.9444441095071803e-03	0.0000000000000000e+00	3.4278443441113360e+01
3.9618974020271302e-03	0.0000000000000000e+00	3.4446082958951436e+01
3.9793506945470696e-03	0.0000000000000000e+00	3.3113226358127051e+01
3.9968039870670099e-03	0.0000000000000000e+00	3.0402151108729463e+01
4.0142572795869597e-03	0.0000000000000000e+00	2.6569247257150948e+01
4.0317105721069000e-03	0.0000000000000000e+00	2.1982854711891751e+01
4.0491638646268403e-03	0.0000000000000000e+00	1.7090291574323125e+01
4.0666171571467902e-03	0.0000000000000000e+00	1.2376791044408108e+01
4.0840704496667296e-03	0.0000000000000000e+00	8.3198080864808990e+00
4.1015237421866699e-03	0.0000000000000000e+00	5.3427376062914886e+00
4.1189770347066198e-03	0.0000000000000000e+00	3.7723774012340572e+00
4.1364303272265601e-03	0.0000000000000000e+00	3.8043450704976234e+00
4.1538836197465004e-03	0.0000000000000000e+00	5.4801569160452601e+00
4.1713369122664502e-03	0.0000000000000000e+00	8.6787776800521375e+00
4.1887902047863896e-03	0.0000000000000000e+00	1.3124156510345045e+01
4.2062434973063299e-03	0.0000000000000000e+00	1.8408735005832142e+01
4.2236967898262798e-03	0.0000000000000000e+00	2.4031207226943927e+01
4.2411500823462201e-03	0.0000000000000000e+00	2.9445242411268094e+01
4.2586033748661604e-03	0.0000000000000000e+00	3.4114456667131293e+01
4.2760566673861102e-03	0.0000000000000000e+00	3.7567986335924992e+01
4.2935099599060497e-03	0.0000000000000000e+00	3.9450691579886431e+01
4.3109632524259900e-03	0.0000000000000000e+00	3.9562296017737530e+01
4.3284165449459398e-03	0.0000000000000000e+00	3.7880806214356937e+01
4.3458698374658801e-03	0.0000000000000000e+00	3.4567307404269073e+01
4.3633231299858204e-03	0.0000000000000000e+00	2.9951144228123720e+01
4.3807764225057702e-03	0.0000000000000000e+00	2.4496887914417709e+01
4.3982297150257097e-03	0.0000000000000000e+00	1.8756619768424940e+01
4.4156830075456500e-03	0.0000000000000000e+00	1.3312761790276307e+01
4.4331363000655998e-03	0.0000000000000000e+00	8.7178455363328560e+00
4.4505895925855401e-03	0.0000000000000000e+00	5.4378770903106499e+00
4.4680428851054804e-03	0.0000000000000000e+00	3.8053133338577996e+00
4.4854961776254303e-03	0.0000000000000000e+00	3.9865305750612969e+00
4.5029494701453697e-03	0.0000000000000000e+00	5.9668272138558605e+00
4.5204027626653100e-03	0.0000000000000000e+00	9.5539613254312101e+00
4.5378560551852598e-03	0.0000000000000000e+00	1.4399230095486137e+01
4.5553093477052001e-03	0.0000000000000000e+00	2.0033366061413599e+01
4.5727626402251396e-03	0.0000000000000000e+00	2.5913273618711255e+01
4.5902159327450903e-03	0.0000000000000000e+00	3.1474760456565136e+01
4.6076692252650297e-03	0.0000000000000000e+00	3.6186209124132453e+01
4.6251225177849700e-03	0.0000000000000000e+00	3.9598449258486347e+01
4.6425758103049199e-03	0.0000000000000000e+00	4.1386384559712766e+01
4.6600291028248602e-03	0.0000000000000000e+00	4.1379006502053905e+01
4.6774823953447996e-03	0.0000000000000000e+00	3.9575376052637019e+01
4.6949356878647503e-03	0.0000000000000000e+00	3.6145309288877236e+01
4.7123889803846897e-03	0.0000000000000000e+00	3.1414669751428796e+01
4.7298422729046300e-03	0.0000000000000000e+00	2.5836437140186245e+01
4.7472955654245799e-03	0.0000000000000000e+00	1.9949813983802301e+01
4.7647488579445202e-03	0.0000000000000000e+00	1.4330702281669184e+01
4.7822021504644596e-03	0.0000000000000000e+00	9.5377199718459309e+00
4.7996554429844103e-03	0.0000000000000000e+00	6.0584948300184056e+00
4.8171087355043498e-03	0.0000000000000000e+00	4.2612291058189102e+00
4.8345620280242901e-03	0.0000000000000000e+00	4.3562653651846901e+00
4.8520153205442399e-03	0.0000000000000000e+00	6.3717913902733407e+00
4.8694686130641802e-03	0.0000000000000000e+00	1.0146681782092504e+01
4.8869219055841196e-03	0.0000000000000000e+00	1.5341929347703674e+01
4.9043751981040704e-03	0.0000000000000000e+00	2.1470340996002154e+01
4.9218284906240098e-03	0.0000000000000000e+00	2.7942232339229236e+01
4.9392817831439501e-03	0.0000000000000000e+00	3.4123064220359552e+01
4.9567350756638999e-03	0.0000000000000000e+00	3.9397387605696174e+01
4.9741883681838402e-03	0.0000000000000000e+00	4.3232507962582510e+01
4.9916416607037797e-03	0.0000000000000000e+00	4.5234984284878990e+01
5.0090949532237304e-03	0.0000000000000000e+00	4.5193538465390525e+01
5.0265482457436698e-03	0.0000000000000000e+00	4.3103341069572608e+01
5.0440015382636101e-03	0.0000000000000000e+00	3.9168491049485333e+01
5.0614548307835600e-03	0.0000000000000000e+00	3.3782206735328977e+01
5.0789081233035003e-03	0.0000000000000000e+00	2.7486469156939524e+01
5.0963614158234397e-03	0.0000000000000000e+00	2.0915663624637936e+01
5.1138147083433904e-03	0.0000000000000000e+00	1.4730582369725171e+01
5.1312680008633298e-03	0.0000000000000000e+00	9.5500278633548792e+00
5.1487212933832701e-03	0.0000000000000000e+00	5.8877564417255437e+00
5.1661745859032200e-03	0.0000000000000000e+00	4.1013319585500785e+00
5.1836278784231603e-03	0.0000000000000000e+00	4.3581583877327414e+00
5.2010811709430997e-03	0.0000000000000000e+00	6.6216874255393829e+00
5.2185344634630504e-03	0.0000000000000000e+00	1.0658464946696347e+01
5.2359877559829899e-03	0.0000000000000000e+00	1.6064443920459841e+01
5.2534410485029302e-03	0.0000000000000000e+00	2.2307160272983570e+01
5.2708943410228696e-03	0.0000000000000000e+00	2.8779013545321806e+01
5.2883476335428203e-03	0.0000000000000000e+00	3.4856217087591453e+01
5.3058009260627597e-03	0.0000000000000000e+00	3.9957739202980392e+01
5.3232542185827000e-03	0.0000000000000000e+00	4.3599116214421450e+01
5.3407075111026499e-03	0.0000000000000000e+00	4.5436572421426717e+01
5.3581608036225902e-03	0.0000000000000000e+00	4.5297845899234204e+01
5.3756140961425296e-03	0.0000000000000000e+00	4.3197500011656025e+01
5.3930673886624803e-03	0.0000000000000000e+00	3.9335521698039500e+01
5.4105206811824198e-03	0.0000000000000000e+00	3.4079387170890691e+01
5.4279739737023601e-03	0.0000000000000000e+00	2.7931060992360930e+01
5.4454272662223099e-03	0.0000000000000000e+00	2.1481528963890799e+01
5.4628805587422502e-03	0.0000000000000000e+00	1.5356562475243406e+01
5.4803338512621896e-03	0.0000000000000000e+00	1.0158273379083445e+01
5.4977871437821403e-03	0.0000000000000000e+00	6.4075478636478111e+00
5.5152404363020798e-03	0.0000000000000000e+00	4.4926721404300096e+00
5.5326937288220201e-03	0.0000000000000000e+00	4.6291856902947659e+00
5.5501470213419699e-03	0.0000000000000000e+00	6.8352355323450018e+00
5.5676003138619102e-03	0.0000000000000000e+00	1.0925490448716506e+01
5.5850536063818497e-03	0.0000000000000000e+00	1.6525012611356260e+01
5.6025068989018004e-03	0.0000000000000000e+00	2.3102554022160913e+01
5.6199601914217398e-03	0.0000000000000000e+00	3.0020657929570326e+01
5.6374134839416801e-03	0.0000000000000000e+00	3.6598111108724346e+01
5.6548667764616299e-03	0.0000000000000000e+00	4.2178595935651117e+01
5.6723200689815702e-03	0.0000000000000000e+00	4.6198458982456081e+01
5.6897733615015097e-03	0.0000000000000000e+00	4.8246284240370791e+01
5.7072266540214604e-03	0.0000000000000000e+00	4.8107459712281162e+01
5.7246799465413998e-03	0.0000000000000000e+00	4.5788509702777539e+01
5.7421332390613401e-03	0.0000000000000000e+00	4.1518038072907771e+01
5.7595865315812900e-03	0.0000000000000000e+00	3.5723958098265925e+01
5.7770398241012303e-03	0.0000000000000000e+00	2.8989112087622139e+01
5.7944931166211697e-03	0.0000000000000000e+00	2.1990399935444401e+01
5.8119464091411204e-03	0.0000000000000000e+00	1.5428142959715984e+01
5.8293997016610598e-03	0.0000000000000000e+00	9.9536683769327272e+00
5.8468529941810002e-03	0.0000000000000000e+00	6.1031775712265706e+00
5.8643062867009500e-03	0.0000000000000000e+00	4.2448139954260178e+00
5.8817595792208903e-03	0.0000000000000000e+00	4.5443111374425200e+00
5.8992128717408297e-03	0.0000000000000000e+00	6.9521493051406109e+00
5.9166661642607796e-03	0.0000000000000000e+00	1.1212659283438452e+01
5.9341194567807199e-03	0.0000000000000000e+00	1.6893185049620740e+01
5.9515727493006602e-03	0.0000000000000000e+00	2.3429507272813105e+01
5.9690260418206100e-03	0.0000000000000000e+00	3.0182407964917790e+01
5.9864793343405503e-03	0.0000000000000000e+00	3.6499586165476856e+01
6.0039326268604898e-03	0.0000000000000000e+00	4.1777118889475297e+01
6.0213859193804396e-03	0.0000000000000000e+00	4.5514917847670119e+01
6.0388392119003799e-03	0.0000000000000000e+00	4.7361837905766912e+01
6.0562925044203202e-03	0.0000000000000000e+00	4.7146706033348316e+01
6.0737457969402700e-03	0.0000000000000000e+00	4.4893029608731396e+01
6.0911990894602103e-03	0.0000000000000000e+00	4.0816401977302078e+01
6.1086523819801498e-03	0.0000000000000000e+00	3.5304904104741610e+01
6.1261056745000996e-03	0.0000000000000000e+00	2.8884065977329104e+01
6.1435589670200399e-03	0.0000000000000000e+00	2.2169202939949869e+01
6.1610122595399802e-03	0.0000000000000000e+00	1.5809005929395131e+01
6.1784655520599301e-03	0.0000000000000000e+00	1.0425060979559962e+01
6.1959188445798704e-03	0.0000000000000000e+00	6.5526215693029481e+00
6.2133721370998098e-03	0.0000000000000000e+00	4.5880234600914589e+00
6.2308254296197596e-03	0.0000000000000000e+00	4.7479104534167131e+00
6.2482787221396999e-03	0.0000000000000000e+00	7.0446013579346056e+00
6.2657320146596402e-03	0.0000000000000000e+00	1.1280655340922705e+01
6.2831853071795901e-03	0.0000000000000000e+00	1.7063994210537661e+01
6.3006385996995304e-03	0.0000000000000000e+00	2.3842929262899133e+01
6.3180918922194698e-03	0.0000000000000000e+00	3.0958322322281777e+01
6.3355451847394197e-03	0.0000000000000000e+00	3.7708197535566214e+01
6.3529984772593600e-03	0.0000000000000000e+00	4.3418479188716439e+01
6.3704517697793003e-03	0.0000000000000000e+00	4.7512486287413459e+01
6.3879050622992501e-03	0.0000000000000000e+00	4.9571771751885329e+01
6.4053583548191904e-03	0.0000000000000000e+00	4.9381307092572612e+01
6.4228116473391298e-03	0.0000000000000000e+00	4.6953594274781253e+01
6.4402649398590797e-03	0.0000000000000000e+00	4.2528916691607968e+01
6.4577182323790200e-03	0.0000000000000000e+00	3.6551041462037951e+01
6.4751715248989603e-03	0.0000000000000000e+00	2.9621036909987918e+01
6.4926248174188997e-03	0.0000000000000000e+00	2.2434398863827621e+01
6.5100781099388504e-03	0.0000000000000000e+00	1.5708364834653112e+01
6.5275314024587899e-03	0.0000000000000000e+00	1.0107847549771154e+01
6.5449846949787302e-03	0.0000000000000000e+00	6.1780494600149147e+00
6.5624379874986800e-03	0.0000000000000000e+00	4.2908779249852715e+00
6.5798912800186203e-03	0.0000000000000000e+00	4.6105555215582861e+00
6.5973445725385597e-03	0.0000000000000000e+00	7.0813044851340976e+00
6.6147978650585096e-03	0.0000000000000000e+00	1.1437431983714923e+01
6.6322511575784499e-03	0.0000000000000000e+00	1.7233777194925487e+01
6.6497044500983902e-03	0.0000000000000000e+00	2.3892551640818720e+01
6.6671577426183400e-03	0.0000000000000000e+00	3.0761293753590515e+01
6.6846110351382803e-03	0.0000000000000000e+00	3.7176012215369248e+01
6.7020643276582198e-03	0.0000000000000000e+00	4.2523616917239174e+01
6.7195176201781696e-03	0.0000000000000000e+00	4.6298025457338376e+01
6.7369709126981099e-03	0.0000000000000000e+00	4.8145587598353977e+01
6.7544242052180502e-03	0.0000000000000000e+00	4.7896097517246410e+01
6.7718774977380001e-03	0.0000000000000000e+00	4.5577192913792921e+01
6.7893307902579404e-03	0.0000000000000000e+00	4.1411208782756013e+01
6.8067840827778798e-03	0.0000000000000000e+00	3.5794841859551475e+01
6.8242373752978296e-03	0.0000000000000000e+00	2.9263264056151510e+01
6.8416906678177699e-03	0.0000000000000000e+00	2.2441562454569969e+01
6.8591439603377102e-03	0.0000000000000000e+00	1.5987460436910460e+01
6.8765972528576601e-03	0.0000000000000000e+00	1.0530060234790646e+01
6.8940505453776004e-03	0.0000000000000000e+00	6.6099872350506184e+00
6.9115038378975398e-03	0.0000000000000000e+00	4.6263811890922977e+00
6.9289571304174897e-03	0.0000000000000000e+00	4.7959298074609382e+00
6.9464104229374300e-03	0.0000000000000000e+00	7.1282987716400070e+00
6.9638637154573703e-03	0.0000000000000000e+00	1.1421006304712137e+01
6.9813170079773201e-03	0.0000000000000000e+00	1.7275076994169758e+01
6.9987703004972604e-03	0.0000000000000000e+00	2.4130772507114852e+01
7.0162235930171998e-03	0.0000000000000000e+00	3.1320563046855280e+01
7.0336768855371497e-03	0.0000000000000000e+00	3.8134577880197121e+01
7.0511301780570900e-03	0.0000000000000000e+00	4.3892122895316334e+01
7.0685834705770303e-03	0.0000000000000000e+00	4.8011809651362491e+01
7.0860367630969801e-03	0.0000000000000000e+00	5.0072844160936953e+01
7.1034900556169204e-03	0.0000000000000000e+00	4.9860358284663036e+01
7.1209433481368599e-03	0.0000000000000000e+00	4.7389451338396945e+01
7.1383966406568097e-03	0.0000000000000000e+00	4.2905069151124621e+01
7.1558499331767500e-03	0.0000000000000000e+00	3.6857125992324498e+01
7.1733032256966903e-03	0.0000000000000000e+00	2.9853627181922160e+01
7.1907565182166401e-03	0.0000000000000000e+00	2.2596988273149247e+01
7.2082098107365796e-03	0.0000000000000000e+00	1.5810661732846452e+01
7.2256631032565199e-03	0.0000000000000000e+00	1.0164400480849816e+01
7.2431163957764697e-03	0.0000000000000000e+00	6.2064685341436636e+00
7.2605696882964100e-03	0.0000000000000000e+00	4.3098733371841318e+00
7.2780229808163503e-03	0.0000000000000000e+00	4.6379872745356678e+00
7.2954762733363002e-03	0.0000000000000000e+00	7.1324655873055836e+00
7.3129295658562396e-03	0.0000000000000000e+00	1.1523732869676479e+01
7.3303828583761799e-03	0.0000000000000000e+00	1.7361931090537315e+01
7.3478361508961297e-03	0.0000000000000000e+00	2.4064277593650520e+01
7.3652894434160700e-03	0.0000000000000000e+00	3.0973526931090348e+01
7.3827427359360103e-03	0.0000000000000000e+00	3.7421582521799266e+01
7.4001960284559602e-03	0.0000000000000000e+00	4.2792192522774535e+01
7.4176493209758996e-03	0.0000000000000000e+00	4.6577331223580053e+01
7.4351026134958399e-03	0.0000000000000000e+00	4.8422683168249016e+01
7.4525559060157898e-03	0.0000000000000000e+00	4.8158615280563140e+01
7.4700091985357301e-03	0.0000000000000000e+00	4.5814434509578376e+01
7.4874624910556704e-03	0.0000000000000000e+00	4.1615037930854307e+01
7.5049157835756202e-03	0.0000000000000000e+00	3.5960286697450520e+01
7.5223690760955596e-03	0.0000000000000000e+00	2.9388805593449341e+01
7.5398223686154999e-03	0.0000000000000000e+00	2.2529125017573715e+01
7.5572756611354498e-03	0.0000000000000000e+00	1.6042072830644809e+01
7.5747289536553901e-03	0.0000000000000000e+00	1.0559281204282525e+01
7.5921822461753304e-03	0.0000000000000000e+00	6.6231116217972863e+00
7.6096355386952802e-03	0.0000000000000000e+00	4.6335245059039538e+00
7.6270888312152197e-03	0.0000000000000000e+00	4.8070681598767564e+00
7.6445421237351600e-03	0.0000000000000000e+00	7.1523466377548193e+00
7.6619954162551098e-03	0.0000000000000000e+00	1.1465025045791934e+01
7.6794487087750501e-03	0.0000000000000000e+00	1.7343674784137267e+01
7.6969020012949904e-03	0.0000000000000000e+00	2.4225759156668310e+01
7.7143552938149403e-03	0.0000000000000000e+00	3.1440877216150490e+01
7.7318085863348797e-03	0.0000000000000000e+00	3.8276510045169488e+01
7.7492618788548200e-03	0.0000000000000000e+00	4.4049771812508972e+01
7.7667151713747698e-03	0.0000000000000000e+00	4.8177792466913878e+01
7.7841684638947101e-03	0.0000000000000000e+00	5.0239069057636691e+01
7.8016217564146496e-03	0.0000000000000000e+00	5.0018881399105190e+01
7.8190750489345994e-03	0.0000000000000000e+00	4.7533293341787349e+01
7.8365283414545406e-03	0.0000000000000000e+00	4.3028840019463217e+01
7.8539816339744800e-03	0.0000000000000000e+00	3.6957534330775644e+01
7.8714349264944194e-03	0.0000000000000000e+00	2.9929684384908924e+01
7.8888882190143693e-03	0.0000000000000000e+00	2.2649973838282754e+01
7.9063415115343105e-03	0.0000000000000000e+00	1.5843843650882439e+01
7.9237948040542603e-03	0.0000000000000000e+00	1.0182582560778267e+01
7.9412480965741997e-03	0.0000000000000000e+00	6.2154027245219750e+00
7.9587013890941392e-03	0.0000000000000000e+00	4.3155999263872511e+00
7.9761546816140907e-03	0.0000000000000000e+00	4.6462122264254990e+00
7.9936079741340302e-03	0.0000000000000000e+00	7.1480267662271810e+00
8.0110612666539696e-03	0.0000000000000000e+00	1.1550199321706934e+01
8.0285145591739195e-03	0.0000000000000000e+00	1.7401355295324048e+01
8.0459678516938606e-03	0.0000000000000000e+00	2.4117135812865389e+01
8.0634211442138001e-03	0.0000000000000000e+00	3.1038816194613808e+01
8.0808744367337395e-03	0.0000000000000000e+00	3.7497039483622345e+01
8.0983277292536893e-03	0.0000000000000000e+00	4.2874603477955212e+01
8.1157810217736305e-03	0.0000000000000000e+00	4.6662927841891403e+01
8.1332343142935803e-03	0.0000000000000000e+00	4.8507544744193360e+01
8.1506876068135198e-03	0.0000000000000000e+00	4.8239029147820617e+01
8.1681408993334592e-03	0.0000000000000000e+00	4.5887242513463214e+01
8.1855941918534108e-03	0.0000000000000000e+00	4.1677879697335051e+01
8.2030474843733502e-03	0.0000000000000000e+00	3.6011772726804580e+01
8.2205007768932897e-03	0.0000000000000000e+00	2.9428584874639444e+01
8.2379540694132308e-03	0.0000000000000000e+00	2.2557859760521129e+01
8.2554073619331807e-03	0.0000000000000000e+00	1.6061323337354004e+01
8.2728606544531201e-03	0.0000000000000000e+00	1.0571320257383524e+01
8.2903139469730595e-03	0.0000000000000000e+00	6.6306740274941376e+00
8.3077672394930094e-03	0.0000000000000000e+00	4.6395442264186837e+00
8.3252205320129506e-03	0.0000000000000000e+00	4.8143845027639189e+00
8.3426738245328900e-03	0.0000000000000000e+00	7.1634464766273602e+00
8.3601271170528398e-03	0.0000000000000000e+00	1.1481818967797560e+01
8.3775804095727793e-03	0.0000000000000000e+00	1.7367340301709682e+01
8.3950337020927204e-03	0.0000000000000000e+00	2.4256655010396024e+01
8.4124869946126703e-03	0.0000000000000000e+00	3.1478544174516973e+01
8.4299402871326097e-03	0.0000000000000000e+00	3.8319747055521226e+01
8.4473935796525491e-03	0.0000000000000000e+00	4.4096786225082965e+01
8.4648468721725007e-03	0.0000000000000000e+00	4.8226406494524404e+01
8.4823001646924402e-03	0.0000000000000000e+00	5.0286953629000465e+01
8.4997534572123796e-03	0.0000000000000000e+00	5.0063803566803720e+01
8.5172067497323294e-03	0.0000000000000000e+00	4.7573348997655010e+01
8.5346600422522706e-03	0.0000000000000000e+00	4.3062614393325781e+01
8.5521133347722100e-03	0.0000000000000000e+00	3.6984234992423694e+01
8.5695666272921599e-03	0.0000000000000000e+00	2.9949201132091865e+01
8.5870199198120993e-03	0.0000000000000000e+00	2.2662823523235421e+01
8.6044732123320405e-03	0.0000000000000000e+00	1.5851111190956901e+01
8.6219265048519903e-03	0.0000000000000000e+00	1.0185755432181244e+01
8.6393797973719298e-03	0.0000000000000000e+00	6.2162040615320464e+00
8.6568330898918692e-03	0.0000000000000000e+00	4.3158012989354564e+00
8.6742863824118208e-03	0.0000000000000000e+00	4.6474563252527208e+00
8.6917396749317602e-03	0.0000000000000000e+00	7.1516768730885136e+00
8.7091929674516996e-03	0.0000000000000000e+00	1.1557232152210306e+01
8.7266462599716495e-03	0.0000000000000000e+00	1.7412300652705444e+01
8.7440995524915906e-03	0.0000000000000000e+00	2.4132063378875952e+01
8.7615528450115301e-03	0.0000000000000000e+00	3.1057369213254749e+01
8.7790061375314799e-03	0.0000000000000000e+00	3.7518492034978351e+01
8.7964594300514194e-03	0.0000000000000000e+00	4.2897997985797794e+01
8.8139127225713605e-03	0.0000000000000000e+00	4.6687160534715005e+01
8.8313660150913104e-03	0.0000000000000000e+00	4.8531457164062452e+01
8.8488193076112498e-03	0.0000000000000000e+00	4.8261546846740956e+01
8.8662726001311892e-03	0.0000000000000000e+00	4.5907453063876069e+01
8.8837258926511408e-03	0.0000000000000000e+00	4.1695102974654574e+01
8.9011791851710802e-03	0.0000000000000000e+00	3.6025608784706691e+01
8.9186324776910197e-03	0.0000000000000000e+00	2.9438932223748132e+01
8.9360857702109695e-03	0.0000000000000000e+00	2.2564901341072535e+01
8.9535390627309107e-03	0.0000000000000000e+00	1.6065502274991193e+01
8.9709923552508501e-03	0.0000000000000000e+00	1.0573274952953584e+01
8.9884456477708000e-03	0.0000000000000000e+00	6.6311868422782867e+00
9.0058989402907394e-03	0.0000000000000000e+00	4.6394459295463646e+00
9.0233522328106806e-03	0.0000000000000000e+00	4.8144916427504132e+00
9.0408055253306304e-03	0.0000000000000000e+00	7.1644826575550917e+00
9.0582588178505698e-03	0.0000000000000000e+00	1.1484356577573147e+01
9.0757121103705093e-03	0.0000000000000000e+00	1.7371755243688035e+01
9.0931654028904609e-03	0.0000000000000000e+00	2.4263103585575394e+01
9.1106186954104003e-03	0.0000000000000000e+00	3.1486959477063543e+01
9.1280719879303397e-03	0.0000000000000000e+00	3.8329862519101461e+01
9.1455252804502896e-03	0.0000000000000000e+00	4.4108173843714155e+01
9.1629785729702307e-03	0.0000000000000000e+00	4.8238530503506311e+01
9.1804318654901702e-03	0.0000000000000000e+00	5.0299230762986817e+01
9.1978851580101200e-03	0.0000000000000000e+00	5.0075663510515817e+01
9.2153384505300594e-03	0.0000000000000000e+00	4.7584288634586741e+01
9.2327917430500006e-03	0.0000000000000000e+00	4.3072255687547141e+01
9.2502450355699505e-03	0.0000000000000000e+00	3.6992348234349272e+01
9.2676983280898899e-03	0.0000000000000000e+00	2.9955708890992046e+01
9.2851516206098293e-03	0.0000000000000000e+00	2.2667815196097951e+01
9.3026049131297792e-03	0.0000000000000000e+00	1.5854799176243956e+01
9.3200582056497203e-03	0.0000000000000000e+00	1.0188455719279977e+01
9.3375114981696598e-03	0.0000000000000000e+00	6.2182863131312889e+00
9.3549647906896096e-03	0.0000000000000000e+00	4.3176437035904423e+00
9.3724180832095508e-03	0.0000000000000000e+00	4.6494037581959455e+00
9.3898713757294902e-03	0.0000000000000000e+00	7.1540082394264406e+00
9.4073246682494296e-03	0.0000000000000000e+00	1.1560135401499336e+01
9.4247779607693795e-03	0.0000000000000000e+00	1.7415862097498234e+01
9.4422312532893207e-03	0.0000000000000000e+00	2.4136269727345596e+01
9.4596845458092705e-03	0.0000000000000000e+00	3.1062118373472309e+01
9.4771378383292099e-03	0.0000000000000000e+00	3.7523607129434730e+01
9.4945911308491494e-03	0.0000000000000000e+00	4.2903260280515447e+01
9.5120444233690905e-03	0.0000000000000000e+00	4.6692324814885509e+01
9.5294977158890404e-03	0.0000000000000000e+00	4.8536289702393859e+01
9.5469510084089798e-03	0.0000000000000000e+00	4.8265840530054106e+01
9.5644043009289192e-03	0.0000000000000000e+00	4.5911050113988175e+01
9.5818575934488708e-03	0.0000000000000000e+00	4.1697907422705391e+01
9.5993108859688103e-03	0.0000000000000000e+00	3.6027590246858928e+01
9.6167641784887497e-03	0.0000000000000000e+00	2.9440129737335422e+01
9.6342174710086995e-03	0.0000000000000000e+00	2.2565410648600267e+01
9.6516707635286407e-03	0.0000000000000000e+00	1.6065471102774456e+01
9.6691240560485905e-03	0.0000000000000000e+00	1.0572883718353296e+01
9.6865773485685300e-03	0.0000000000000000e+00	6.6306307709680237e+00
9.7040306410884694e-03	0.0000000000000000e+00	4.6389178954760633e+00
9.7214839336084106e-03	0.0000000000000000e+00	4.8141630049979822e+00
9.7389372261283604e-03	0.0000000000000000e+00	7.1644906757500406e+00
9.7563905186482999e-03	0.0000000000000000e+00	1.1484789689090260e+01
9.7738438111682393e-03	0.0000000000000000e+00	1.7372647615569740e+01
9.7912971036881909e-03	0.0000000000000000e+00	2.4264434202107623e+01
9.8087503962081303e-03	0.0000000000000000e+00	3.1488660906420684e+01
9.8262036887280697e-03	0.0000000000000000e+00	3.8331820591530914e+01
9.8436569812480196e-03	0.0000000000000000e+00	4.4110255700005375e+01
9.8611102737679607e-03	0.0000000000000000e+00	4.8240566335363305e+01
9.8785635662879106e-03	0.0000000000000000e+00	5.0301056652482409e+01
9.8960168588078500e-03	0.0000000000000000e+00	5.0077137544266222e+01
9.9134701513277895e-03	0.0000000000000000e+00	4.7585274871050991e+01
9.9309234438477306e-03	0.0000000000000000e+00	4.3072685706473543e+01
9.9483767363676805e-03	0.0000000000000000e+00	3.6992180370004938e+01
9.9658300288876199e-03	0.0000000000000000e+00	2.9954940853756334e+01
9.9832833214075593e-03	0.0000000000000000e+00	2.2666494259362707e+01
1.0000736613927501e-02	0.0000000000000000e+00	1.5853012015039926e+01
1.0018189906447501e-02	0.0000000000000000e+00	1.0186314351241251e+01
1.0035643198967400e-02	0.0000000000000000e+00	6.2159082636071856e+00
1.0053096491487300e-02	0.0000000000000000e+00	4.3151542799473228e+00
1.0070549784007300e-02	0.0000000000000000e+00	4.6469240547209765e+00
1.0088003076527199e-02	0.0000000000000000e+00	7.1516422911198640e+00
1.0105456369047200e-02	0.0000000000000000e+00	1.1557962387106418e+01
1.0122909661567101e-02	0.0000000000000000e+00	1.7413941320094455e+01
1.0140362954087099e-02	0.0000000000000000e+00	2.4134632275291882e+01
1.0157816246607001e-02	0.0000000000000000e+00	3.1060762081475637e+01
1.0175269539126900e-02	0.0000000000000000e+00	3.7522524136768467e+01
1.0192722831646900e-02	0.0000000000000000e+00	4.2902405382040882e+01
1.0210176124166800e-02	0.0000000000000000e+00	4.6691640257951491e+01
1.0227629416686800e-02	0.0000000000000000e+00	4.8535717277443482e+01
1.0245082709206699e-02	0.0000000000000000e+00	4.8265321770070095e+01
1.0262536001726700e-02	0.0000000000000000e+00	4.5910522409228122e+01
1.0279989294246601e-02	0.0000000000000000e+00	4.1697320321068823e+01
1.0297442586766500e-02	0.0000000000000000e+00	3.6026900573695549e+01
1.0314895879286501e-02	0.0000000000000000e+00	2.9439301307609036e+01
1.0332349171806400e-02	0.0000000000000000e+00	2.2564425819695359e+01
1.0349802464326400e-02	0.0000000000000000e+00	1.6064315915667088e+01
1.0367255756846300e-02	0.0000000000000000e+00	1.0571559676505215e+01
1.0384709049366300e-02	0.0000000000000000e+00	6.6291438483796190e+00
1.0402162341886199e-02	0.0000000000000000e+00	4.6372820663073915e+00
1.0419615634406101e-02	0.0000000000000000e+00	4.8123960598581181e+00
1.0437068926926101e-02	0.0000000000000000e+00	7.1626103411205726e+00
1.0454522219446000e-02	0.0000000000000000e+00	1.1482815229156090e+01
1.0471975511966001e-02	0.0000000000000000e+00	1.7363128391132435e+01
1.0489428804485900e-02	0.0000000000000000e+00	2.4255194806040294e+01
1.0506882097005900e-02	0.0000000000000000e+00	3.1479704109506645e+01
1.0524335389525800e-02	0.0000000000000000e+00	3.8323148118707834e+01
1.0541788682045699e-02	0.0000000000000000e+00	4.4101853897523625e+01
1.0559241974565699e-02	0.0000000000000000e+00	4.8232438324703828e+01
1.0576695267085601e-02	0.0000000000000000e+00	5.0293198305588923e+01
1.0594148559605601e-02	0.0000000000000000e+00	5.0069538561420522e+01
1.0611601852125500e-02	0.0000000000000000e+00	4.7577948463823098e+01
1.0629055144645501e-02	0.0000000000000000e+00	4.3065617758868470e+01
1.0646508437165400e-02	0.0000000000000000e+00	3.6985376577018300e+01
1.0663961729685400e-02	0.0000000000000000e+00	2.9948416100406636e+01
1.0681415022205300e-02	0.0000000000000000e+00	2.2660258498483110e+01
1.0698868314725199e-02	0.0000000000000000e+00	1.5847071559240574e+01
1.0716321607245199e-02	0.0000000000000000e+00	1.0180675413333093e+01
1.0733774899765101e-02	0.0000000000000000e+00	6.2105837863386455e+00
1.0751228192285101e-02	0.0000000000000000e+00	4.3101487033549519e+00
1.0768681484805000e-02	0.0000000000000000e+00	4.6422335002437851e+00
1.0786134777325001e-02	0.0000000000000000e+00	7.1472577988013413e+00
1.0803588069844900e-02	0.0000000000000000e+00	1.1553871288550667e+01
1.0821041362364800e-02	0.0000000000000000e+00	1.7410118807572790e+01
1.0838494654884800e-02	0.0000000000000000e+00	2.4131049817293256e+01
1.0855947947404699e-02	0.0000000000000000e+00	3.1057395223825051e+01
1.0873401239924699e-02	0.0000000000000000e+00	3.7519330408911358e+01
1.0890854532444601e-02	0.0000000000000000e+00	4.2899361431306026e+01
1.0908307824964599e-02	0.0000000000000000e+00	4.6688725855358364e+01
1.0925761117484500e-02	0.0000000000000000e+00	4.8532909402839792e+01
1.0943214410004400e-02	0.0000000000000000e+00	4.8262601509305682e+01
1.0960667702524400e-02	0.0000000000000000e+00	4.5907885064801754e+01
1.0978120995044300e-02	0.0000000000000000e+00	4.1694762693117177e+01
1.0995574287564300e-02	0.0000000000000000e+00	3.6024429814984636e+01
1.1013027580084199e-02	0.0000000000000000e+00	2.9436934912728333e+01
1.1030480872604199e-02	0.0000000000000000e+00	2.2562182251392084e+01
1.1047934165124101e-02	0.0000000000000000e+00	1.6062225142978832e+01
1.1065387457644000e-02	0.0000000000000000e+00	1.0569650081937292e+01
1.1082840750164000e-02	0.0000000000000000e+00	6.6274492511862508e+00
1.1100294042683900e-02	0.0000000000000000e+00	4.6358336882599351e+00
1.1117747335203900e-02	0.0000000000000000e+00	4.8112229553243164e+00
1.1135200627723800e-02	0.0000000000000000e+00	7.1617384017696732e+00
1.1152653920243800e-02	0.0000000000000000e+00	1.1482263553637397e+01
1.1170107212763699e-02	0.0000000000000000e+00	1.7370376036601790e+01
1.1187560505283699e-02	0.0000000000000000e+00	2.4262435288370249e+01
1.1205013797803601e-02	0.0000000000000000e+00	3.1486939703924694e+01
1.1222467090323500e-02	0.0000000000000000e+00	3.8330373918896399e+01
1.1239920382843500e-02	0.0000000000000000e+00	4.4109069090820199e+01
1.1257373675363400e-02	0.0000000000000000e+00	4.8239622755419461e+01
1.1274826967883400e-02	0.0000000000000000e+00	5.0300322328952696e+01
1.1292280260403300e-02	0.0000000000000000e+00	5.0076583168145348e+01
1.1309733552923300e-02	0.0000000000000000e+00	4.7584897395497556e+01
1.1327186845443199e-02	0.0000000000000000e+00	4.3072455261853285e+01
1.1344640137963101e-02	0.0000000000000000e+00	3.6992086166243283e+01
1.1362093430483101e-02	0.0000000000000000e+00	2.9954991534093285e+01
1.1379546723003000e-02	0.0000000000000000e+00	2.2666697709198264e+01
1.1397000015523000e-02	0.0000000000000000e+00	1.5853345964314776e+01
1.1414453308042900e-02	0.0000000000000000e+00	1.0186781944108491e+01
1.1431906600562900e-02	0.0000000000000000e+00	6.2165221400938586e+00
1.1449359893082800e-02	0.0000000000000000e+00	4.3159163809862919e+00
1.1466813185602699e-02	0.0000000000000000e+00	4.6478317310667911e+00
1.1484266478122699e-02	0.0000000000000000e+00	7.1526901076018943e+00
1.1501719770642601e-02	0.0000000000000000e+00	1.1559144492091365e+01
1.1519173063162601e-02	0.0000000000000000e+00	1.7415246498778188e+01
1.1536626355682500e-02	0.0000000000000000e+00	2.4136043913691950e+01
1.1554079648202500e-02	0.0000000000000000e+00	3.1062269402122375e+01
1.1571532940722400e-02	0.0000000000000000e+00	3.7524114415408974e+01
1.1588986233242300e-02	0.0000000000000000e+00	4.2904073612946895e+01
1.1606439525762300e-02	0.0000000000000000e+00	4.6693378675729662e+01
1.1623892818282199e-02	0.0000000000000000e+00	4.8537529417932177e+01
1.1641346110802199e-02	0.0000000000000000e+00	4.8267204320497790e+01
1.1658799403322101e-02	0.0000000000000000e+00	4.5912474721956521e+01
1.1676252695842101e-02	0.0000000000000000e+00	4.1699348088880953e+01
1.1693705988362000e-02	0.0000000000000000e+00	3.6029009374090954e+01
1.1711159280882000e-02	0.0000000000000000e+00	2.9441503793081402e+01
1.1728612573401900e-02	0.0000000000000000e+00	2.2566735106842426e+01
1.1746065865921800e-02	0.0000000000000000e+00	1.6066748990551350e+01
1.1763519158441800e-02	0.0000000000000000e+00	1.0574130991092606e+01
1.1780972450961699e-02	0.0000000000000000e+00	6.6318703087313668e+00
1.1798425743481699e-02	0.0000000000000000e+00	4.6401794089066568e+00
1.1815879036001601e-02	0.0000000000000000e+00	4.8154742593880053e+00
1.1833332328521601e-02	0.0000000000000000e+00	7.1658772682893774e+00
1.1850785621041500e-02	0.0000000000000000e+00	1.1486271971566619e+01
1.1868238913561400e-02	0.0000000000000000e+00	1.7374240500241804e+01
1.1885692206081400e-02	0.0000000000000000e+00	2.4266142444352727e+01
1.1903145498601300e-02	0.0000000000000000e+00	3.1490479266713876e+01
1.1920598791121300e-02	0.0000000000000000e+00	3.8333739110975742e+01
1.1938052083641199e-02	0.0000000000000000e+00	4.4112257980727072e+01
1.1955505376161199e-02	0.0000000000000000e+00	4.8242631347284323e+01
1.1972958668681101e-02	0.0000000000000000e+00	5.0303178105179107e+01
1.1990411961201000e-02	0.0000000000000000e+00	5.0079287991268536e+01
1.2007865253721000e-02	0.0000000000000000e+00	4.7587447874636190e+01
1.2025318546240900e-02	0.0000000000000000e+00	4.3074881468397095e+01
1.2042771838760900e-02	0.0000000000000000e+00	3.6994381764431033e+01
1.2060225131280800e-02	0.0000000000000000e+00	2.9957166024662452e+01
1.2077678423800800e-02	0.0000000000000000e+00	2.2668757036856899e+01
1.2095131716320699e-02	0.0000000000000000e+00	1.5855326127436204e+01
1.2112585008840600e-02	0.0000000000000000e+00	1.0188698365349833e+01
1.2130038301360601e-02	0.0000000000000000e+00	6.2183838696144003e+00
1.2147491593880500e-02	0.0000000000000000e+00	4.3177380203880400e+00
1.2164944886400500e-02	0.0000000000000000e+00	4.6496270097177330e+00
1.2182398178920400e-02	0.0000000000000000e+00	7.1544688030414303e+00
1.2199851471440400e-02	0.0000000000000000e+00	1.1560911441779128e+01
1.2217304763960300e-02	0.0000000000000000e+00	1.7417005462027635e+01
1.2234758056480201e-02	0.0000000000000000e+00	2.4137791765546680e+01
1.2252211349000199e-02	0.0000000000000000e+00	3.1063999562895940e+01
1.2269664641520101e-02	0.0000000000000000e+00	3.7525807659624689e+01
1.2287117934040101e-02	0.0000000000000000e+00	4.2905712293868540e+01
1.2304571226560000e-02	0.0000000000000000e+00	4.6694959289183608e+01
1.2322024519080000e-02	0.0000000000000000e+00	4.8539024996925257e+01
1.2339477811599900e-02	0.0000000000000000e+00	4.8268600987480944e+01
1.2356931104119900e-02	0.0000000000000000e+00	4.5913764721939074e+01
1.2374384396639800e-02	0.0000000000000000e+00	4.1700520940910579e+01
1.2391837689159701e-02	0.0000000000000000e+00	3.6030060991121672e+01
1.2409290981679699e-02	0.0000000000000000e+00	2.9442430520726223e+01
1.2426744274199601e-02	0.0000000000000000e+00	2.2567538095930111e+01
1.2444197566719601e-02	0.0000000000000000e+00	1.6067430158360832e+01
1.2461650859239500e-02	0.0000000000000000e+00	1.0574699417700732e+01
1.2479104151759500e-02	0.0000000000000000e+00	6.6323334224825645e+00
1.2496557444279400e-02	0.0000000000000000e+00	4.6405457437680724e+00
1.2514010736799299e-02	0.0000000000000000e+00	4.8157573871641501e+00
1.2531464029319300e-02	0.0000000000000000e+00	7.1660897709103439e+00
1.2548917321839201e-02	0.0000000000000000e+00	1.1486428373222250e+01
1.2566370614359199e-02	0.0000000000000000e+00	1.7374354356364194e+01
1.2583823906879101e-02	0.0000000000000000e+00	2.4266229842928556e+01
1.2601277199399101e-02	0.0000000000000000e+00	3.1490551561279126e+01
1.2618730491919000e-02	0.0000000000000000e+00	3.8333805138398262e+01
1.2636183784438900e-02	0.0000000000000000e+00	4.4112320360925992e+01
1.2653637076958900e-02	0.0000000000000000e+00	4.8242698657870676e+01
1.2671090369478799e-02	0.0000000000000000e+00	5.0303255484841408e+01
1.2688543661998800e-02	0.0000000000000000e+00	5.0079367834752055e+01
1.2705996954518701e-02	0.0000000000000000e+00	4.7587541310880383e+01
1.2723450247038699e-02	0.0000000000000000e+00	4.3074970616257922e+01
1.2740903539558601e-02	0.0000000000000000e+00	3.6994469884663502e+01
1.2758356832078500e-02	0.0000000000000000e+00	2.9957250579672905e+01
1.2775810124598500e-02	0.0000000000000000e+00	2.2668820281259528e+01
1.2793263417118400e-02	0.0000000000000000e+00	1.5855361698418934e+01
1.2810716709638400e-02	0.0000000000000000e+00	1.0188692218652633e+01
1.2828170002158299e-02	0.0000000000000000e+00	6.2183266517621671e+00
1.2845623294678300e-02	0.0000000000000000e+00	4.3176195516291678e+00
1.2863076587198201e-02	0.0000000000000000e+00	4.6494370235438982e+00
1.2880529879718199e-02	0.0000000000000000e+00	7.1541993514532489e+00
1.2897983172238101e-02	0.0000000000000000e+00	1.1560558169709720e+01
1.2915436464758000e-02	0.0000000000000000e+00	1.7416560525124808e+01
1.2932889757278000e-02	0.0000000000000000e+00	2.4137254589974635e+01
1.2950343049797900e-02	0.0000000000000000e+00	3.1063370806135879e+01
1.2967796342317900e-02	0.0000000000000000e+00	3.7525088760231007e+01
1.2985249634837799e-02	0.0000000000000000e+00	4.2904910635785299e+01
1.3002702927357800e-02	0.0000000000000000e+00	4.6694079705049049e+01
1.3020156219877701e-02	0.0000000000000000e+00	4.8538075965420248e+01
1.3037609512397600e-02	0.0000000000000000e+00	4.8267591193467453e+01
1.3055062804917601e-02	0.0000000000000000e+00	4.5912705608304485e+01
1.3072516097437500e-02	0.0000000000000000e+00	4.1699420223541068e+01
1.3089969389957500e-02	0.0000000000000000e+00	3.6028929369394682e+01
1.3107422682477400e-02	0.0000000000000000e+00	2.9441278594790411e+01
1.3124875974997400e-02	0.0000000000000000e+00	2.2566371023890234e+01
1.3142329267517299e-02	0.0000000000000000e+00	1.6066256369020682e+01
1.3159782560037201e-02	0.0000000000000000e+00	1.0573520606273235e+01
1.3177235852557199e-02	0.0000000000000000e+00	6.6311528599782266e+00
1.3194689145077100e-02	0.0000000000000000e+00	4.6393630937999424e+00
1.3212142437597101e-02	0.0000000000000000e+00	4.8145696552435178e+00
1.3229595730117000e-02	0.0000000000000000e+00	7.1648925000129076e+00
1.3247049022637000e-02	0.0000000000000000e+00	1.1485214892883294e+01
1.3264502315156900e-02	0.0000000000000000e+00	1.7373119018779434e+01
1.3281955607676799e-02	0.0000000000000000e+00	2.4264964360031971e+01
1.3299408900196799e-02	0.0000000000000000e+00	3.1489247178979586e+01
1.3316862192716701e-02	0.0000000000000000e+00	3.8332456085836910e+01
1.3334315485236699e-02	0.0000000000000000e+00	4.4110917623215876e+01
1.3351768777756600e-02	0.0000000000000000e+00	4.8241250346981680e+01
1.3369222070276601e-02	0.0000000000000000e+00	5.0301750489523528e+01
1.3386675362796500e-02	0.0000000000000000e+00	5.0077818110462708e+01
1.3404128655316400e-02	0.0000000000000000e+00	4.7585926793448955e+01
1.3421581947836400e-02	0.0000000000000000e+00	4.3073290838349159e+01
1.3439035240356299e-02	0.0000000000000000e+00	3.6992728274442499e+01
1.3456488532876299e-02	0.0000000000000000e+00	2.9955436372528219e+01
1.3473941825396201e-02	0.0000000000000000e+00	2.2666948962541429e+01
1.3491395117916199e-02	0.0000000000000000e+00	1.5853439030135400e+01
1.3508848410436100e-02	0.0000000000000000e+00	1.0186730937102229e+01
1.3526301702956101e-02	0.0000000000000000e+00	6.2163325741692388e+00
1.3543754995476000e-02	0.0000000000000000e+00	4.3156018230378681e+00
1.3561208287995900e-02	0.0000000000000000e+00	4.6474064643429926e+00
1.3578661580515900e-02	0.0000000000000000e+00	7.1521654026687953e+00
1.3596114873035799e-02	0.0000000000000000e+00	1.1558526457716120e+01
1.3613568165555799e-02	0.0000000000000000e+00	1.7414540667439031e+01
1.3631021458075701e-02	0.0000000000000000e+00	2.4135254760017641e+01
1.3648474750595699e-02	0.0000000000000000e+00	3.1061392556627734e+01
1.3665928043115600e-02	0.0000000000000000e+00	3.7523145397886609e+01
1.3683381335635500e-02	0.0000000000000000e+00	4.2902997764257044e+01
1.3700834628155500e-02	0.0000000000000000e+00	4.6692186289627962e+01
1.3718287920675400e-02	0.0000000000000000e+00	4.8536202327564148e+01
1.3735741213195400e-02	0.0000000000000000e+00	4.8265735308965525e+01
1.3753194505715299e-02	0.0000000000000000e+00	4.5910859047448454e+01
1.3770647798235299e-02	0.0000000000000000e+00	4.1697580547336969e+01
1.3788101090755201e-02	0.0000000000000000e+00	3.6027090457751768e+01
1.3805554383275100e-02	0.0000000000000000e+00	2.9439432547687346e+01
1.3823007675795100e-02	0.0000000000000000e+00	2.2564514732964071e+01
1.3840460968315000e-02	0.0000000000000000e+00	1.6064381666107757e+01
1.3857914260835000e-02	0.0000000000000000e+00	1.0571625353341160e+01
1.3875367553354900e-02	0.0000000000000000e+00	6.6292314374083157e+00
1.3892820845874900e-02	0.0000000000000000e+00	4.6374136011762079e+00
1.3910274138394799e-02	0.0000000000000000e+00	4.8125907442348099e+00
1.3927727430914701e-02	0.0000000000000000e+00	7.1628843207259498e+00
1.3945180723434701e-02	0.0000000000000000e+00	1.1483179374498427e+01
1.3962634015954600e-02	0.0000000000000000e+00	1.7371057517925582e+01
1.3980087308474600e-02	0.0000000000000000e+00	2.4262880610867139e+01
1.3997540600994500e-02	0.0000000000000000e+00	3.1487146974756513e+01
1.4014993893514500e-02	0.0000000000000000e+00	3.8330343540490482e+01
1.4032447186034400e-02	0.0000000000000000e+00	4.4108802619898064e+01
1.4049900478554400e-02	0.0000000000000000e+00	4.8239120444686577e+01
1.4067353771074299e-02	0.0000000000000000e+00	5.0299621375916189e+01
1.4084807063594201e-02	0.0000000000000000e+00	5.0075676300935982e+01
1.4102260356114201e-02	0.0000000000000000e+00	4.7583792282745243e+01
1.4119713648634100e-02	0.0000000000000000e+00	4.3071179468384159e+01
1.4137166941154100e-02	0.0000000000000000e+00	3.6990634961730699e+01
1.4154620233674000e-02	0.0000000000000000e+00	2.9953374476147317e+01
1.4172073526194000e-02	0.0000000000000000e+00	2.2664916555661989e+01
1.4189526818713900e-02	0.0000000000000000e+00	1.5851434210276704e+01
1.4206980111233799e-02	0.0000000000000000e+00	1.0184747062393415e+01
1.4224433403753799e-02	0.0000000000000000e+00	6.2143670709980467e+00
1.4241886696273701e-02	0.0000000000000000e+00	4.3136500213225357e+00
1.4259339988793701e-02	0.0000000000000000e+00	4.6454622483683634e+00
1.4276793281313600e-02	0.0000000000000000e+00	7.1502231046808200e+00
1.4294246573833600e-02	0.0000000000000000e+00	1.1556582645977871e+01
1.4311699866353500e-02	0.0000000000000000e+00	1.7412590607554545e+01
1.4329153158873400e-02	0.0000000000000000e+00	2.4133290910673210e+01
1.4346606451393400e-02	0.0000000000000000e+00	3.1059414267894311e+01
1.4364059743913299e-02	0.0000000000000000e+00	3.7521141176936673e+01
1.4381513036433299e-02	0.0000000000000000e+00	4.2900967943267844e+01
1.4398966328953201e-02	0.0000000000000000e+00	4.6690139972202196e+01
1.4416419621473201e-02	0.0000000000000000e+00	4.8534137083239230e+01
1.4433872913993100e-02	0.0000000000000000e+00	4.8263649880084088e+01
1.4451326206513000e-02	0.0000000000000000e+00	4.5908758318456201e+01
1.4468779499033000e-02	0.0000000000000000e+00	4.1695464565047232e+01
1.4486232791552900e-02	0.0000000000000000e+00	3.6024962103485564e+01
1.4503686084072900e-02	0.0000000000000000e+00	2.9437298676061250e+01
1.4521139376592799e-02	0.0000000000000000e+00	2.2562375710777498e+01
1.4538592669112799e-02	0.0000000000000000e+00	1.6062246214124745e+01
1.4556045961632701e-02	0.0000000000000000e+00	1.0569496942883708e+01
1.4573499254152701e-02	0.0000000000000000e+00	6.6271158667883645e+00
1.4590952546672600e-02	0.0000000000000000e+00	4.6353162797686895e+00
1.4608405839192500e-02	0.0000000000000000e+00	4.8105141724319544e+00
1.4625859131712500e-02	0.0000000000000000e+00	7.1608316869915072e+00
1.4643312424232400e-02	0.0000000000000000e+00	1.1481153794603959e+01
1.4660765716752400e-02	0.0000000000000000e+00	1.7369062991221512e+01
1.4678219009272299e-02	0.0000000000000000e+00	2.4260917284698788e+01
1.4695672301792299e-02	0.0000000000000000e+00	3.1485213516096671e+01
1.4713125594312201e-02	0.0000000000000000e+00	3.8328440209782869e+01
1.4730578886832100e-02	0.0000000000000000e+00	4.4106923641834491e+01
1.4748032179352100e-02	0.0000000000000000e+00	4.8237281099636441e+01
1.4765485471872000e-02	0.0000000000000000e+00	5.0297812471247425e+01
1.4782938764392000e-02	0.0000000000000000e+00	5.0073911959557712e+01
1.4800392056911900e-02	0.0000000000000000e+00	4.7582051463311196e+01
1.4817845349431900e-02	0.0000000000000000e+00	4.3069450131880195e+01
1.4835298641951799e-02	0.0000000000000000e+00	3.6988909667438556e+01
1.4852751934471701e-02	0.0000000000000000e+00	2.9951647558928844e+01
1.4870205226991701e-02	0.0000000000000000e+00	2.2663189972971733e+01
1.4887658519511600e-02	0.0000000000000000e+00	1.5849704711151988e+01
1.4905111812031600e-02	0.0000000000000000e+00	1.0183019217361521e+01
1.4922565104551500e-02	0.0000000000000000e+00	6.2126421644050787e+00
1.4940018397071500e-02	0.0000000000000000e+00	4.3119301027417478e+00
1.4957471689591400e-02	0.0000000000000000e+00	4.6437506370612294e+00
1.4974924982111301e-02	0.0000000000000000e+00	7.1485226343849666e+00
1.4992378274631299e-02	0.0000000000000000e+00	1.1554894701857449e+01
1.5009831567151201e-02	0.0000000000000000e+00	1.7410918523121506e+01
1.5027284859671201e-02	0.0000000000000000e+00	2.4131640015958329e+01
1.5044738152191100e-02	0.0000000000000000e+00	3.1057785261280618e+01
1.5062191444711100e-02	0.0000000000000000e+00	3.7519546685079128e+01
1.5079644737231000e-02	0.0000000000000000e+00	4.2899407993340901e+01
1.5097098029750899e-02	0.0000000000000000e+00	4.6688607418763816e+01
1.5114551322270900e-02	0.0000000000000000e+00	4.8532636609049653e+01
1.5132004614790801e-02	0.0000000000000000e+00	4.8262185831979323e+01
1.5149457907310799e-02	0.0000000000000000e+00	4.5907328791010073e+01
1.5166911199830701e-02	0.0000000000000000e+00	4.1694073500573374e+01
1.5184364492350701e-02	0.0000000000000000e+00	3.6023609098131352e+01
1.5201817784870600e-02	0.0000000000000000e+00	2.9435981897722854e+01
1.5219271077390600e-02	0.0000000000000000e+00	2.2561097446829983e+01
1.5236724369910500e-02	0.0000000000000000e+00	1.6061000360914850e+01
1.5254177662430399e-02	0.0000000000000000e+00	1.0568283009192877e+01
1.5271630954950400e-02	0.0000000000000000e+00	6.6259291652776771e+00
1.5289084247470301e-02	0.0000000000000000e+00	4.6341531605792099e+00
1.5306537539990299e-02	0.0000000000000000e+00	4.8093725618747030e+00
1.5323990832510201e-02	0.0000000000000000e+00	7.1597083367253500e+00
1.5341444125030201e-02	0.0000000000000000e+00	1.1480044845780172e+01
1.5358897417550100e-02	0.0000000000000000e+00	1.7367963309455515e+01
1.5376350710070000e-02	0.0000000000000000e+00	2.4259825124271693e+01
1.5393804002590000e-02	0.0000000000000000e+00	3.1484129492746696e+01
1.5411257295109899e-02	0.0000000000000000e+00	3.8327363210659691e+01
1.5428710587629900e-02	0.0000000000000000e+00	4.4105859428739137e+01
1.5446163880149801e-02	0.0000000000000000e+00	4.8236213065042755e+01
1.5463617172669799e-02	0.0000000000000000e+00	5.0296748973241556e+01
1.5481070465189701e-02	0.0000000000000000e+00	5.0072837308431929e+01
1.5498523757709600e-02	0.0000000000000000e+00	4.7580984910479479e+01
1.5515977050229600e-02	0.0000000000000000e+00	4.3068403878404432e+01
1.5533430342749500e-02	0.0000000000000000e+00	3.6987890316860287e+01
1.5550883635269500e-02	0.0000000000000000e+00	2.9950660427785923e+01
1.5568336927789399e-02	0.0000000000000000e+00	2.2662233294207869e+01
1.5585790220309400e-02	0.0000000000000000e+00	1.5848782207276459e+01
1.5603243512829299e-02	0.0000000000000000e+00	1.0182128909592066e+01
1.5620696805349200e-02	0.0000000000000000e+00	6.2117855370255866e+00
1.5638150097869199e-02	0.0000000000000000e+00	4.3111077337097212e+00
1.5655603390389100e-02	0.0000000000000000e+00	4.6429619599601120e+00
1.5673056682909099e-02	0.0000000000000000e+00	7.1477674504383444e+00
1.5690509975429000e-02	0.0000000000000000e+00	1.1554174075582797e+01
1.5707963267949002e-02	0.0000000000000000e+00	1.7410231551949966e+01
1.5725416560468899e-02	0.0000000000000000e+00	2.4130983434390828e+01
1.5742869852988801e-02	0.0000000000000000e+00	3.1057160303062428e+01
1.5760323145508799e-02	0.0000000000000000e+00	3.7518942665038253e+01
1.5777776438028700e-02	0.0000000000000000e+00	4.2898825776390304e+01
1.5795229730548699e-02	0.0000000000000000e+00	4.6688055278803461e+01
1.5812683023068600e-02	0.0000000000000000e+00	4.8532110178836454e+01
1.5830136315588599e-02	0.0000000000000000e+00	4.8261680936946100e+01
1.5847589608108500e-02	0.0000000000000000e+00	4.5906846884925635e+01
1.5865042900628502e-02	0.0000000000000000e+00	4.1693609570515775e+01
1.5882496193148399e-02	0.0000000000000000e+00	3.6023162594012064e+01
1.5899949485668301e-02	0.0000000000000000e+00	2.9435552747546655e+01
1.5917402778188299e-02	0.0000000000000000e+00	2.2560682038535248e+01
1.5934856070708200e-02	0.0000000000000000e+00	1.6060602241086187e+01
1.5952309363228199e-02	0.0000000000000000e+00	1.0567900605304633e+01
1.5969762655748100e-02	0.0000000000000000e+00	6.6255662420741217e+00
1.5987215948268099e-02	0.0000000000000000e+00	4.6338115266156761e+00
1.6004669240788000e-02	0.0000000000000000e+00	4.8090545475402688e+00
1.6022122533307901e-02	0.0000000000000000e+00	7.1594171722156208e+00
1.6039575825827899e-02	0.0000000000000000e+00	1.1479783024218705e+01
1.6057029118347801e-02	0.0000000000000000e+00	1.7367736238668225e+01
1.6074482410867799e-02	0.0000000000000000e+00	2.4259634328002978e+01
1.6091935703387700e-02	0.0000000000000000e+00	3.1483974418667636e+01
1.6109388995907699e-02	0.0000000000000000e+00	3.8327245605275536e+01
1.6126842288427600e-02	0.0000000000000000e+00	4.4105775664022410e+01
1.6144295580947501e-02	0.0000000000000000e+00	4.8236185231925226e+01
1.6161748873467500e-02	0.0000000000000000e+00	5.0296769707906421e+01
1.6179202165987401e-02	0.0000000000000000e+00	5.0072922316873758e+01
1.6196655458507399e-02	0.0000000000000000e+00	4.7581116975545164e+01
1.6214108751027301e-02	0.0000000000000000e+00	4.3068567152725684e+01
1.6231562043547299e-02	0.0000000000000000e+00	3.6988072547319049e+01
1.6249015336067200e-02	0.0000000000000000e+00	2.9950862854215821e+01
1.6266468628587199e-02	0.0000000000000000e+00	2.2662458660277188e+01
1.6283921921107100e-02	0.0000000000000000e+00	1.5849027865018725e+01
1.6301375213627001e-02	0.0000000000000000e+00	1.0182396757625758e+01
1.6318828506147000e-02	0.0000000000000000e+00	6.2120751508339378e+00
1.6336281798666901e-02	0.0000000000000000e+00	4.3114187500778813e+00
1.6353735091186899e-02	0.0000000000000000e+00	4.6432945540943660e+00
1.6371188383706801e-02	0.0000000000000000e+00	7.1481211519137000e+00
1.6388641676226799e-02	0.0000000000000000e+00	1.1554547186996414e+01
1.6406094968746700e-02	0.0000000000000000e+00	1.7410624369608485e+01
1.6423548261266602e-02	0.0000000000000000e+00	2.4131396053097614e+01
1.6441001553786600e-02	0.0000000000000000e+00	3.1057590959902463e+01
1.6458454846306501e-02	0.0000000000000000e+00	3.7519389429855295e+01
1.6475908138826500e-02	0.0000000000000000e+00	4.2899290947089433e+01
1.6493361431346401e-02	0.0000000000000000e+00	4.6688541692308341e+01
1.6510814723866400e-02	0.0000000000000000e+00	4.8532618007471292e+01
1.6528268016386301e-02	0.0000000000000000e+00	4.8262212181264246e+01
1.6545721308906199e-02	0.0000000000000000e+00	4.5907402362470606e+01
1.6563174601426200e-02	0.0000000000000000e+00	4.1694192140666139e+01
1.6580627893946102e-02	0.0000000000000000e+00	3.6023773502112618e+01
1.6598081186466100e-02	0.0000000000000000e+00	2.9436191517073755e+01
1.6615534478986001e-02	0.0000000000000000e+00	2.2561352348469544e+01
1.6632987771506000e-02	0.0000000000000000e+00	1.6061303282915400e+01
1.6650441064025901e-02	0.0000000000000000e+00	1.0568632899893217e+01
1.6667894356545799e-02	0.0000000000000000e+00	6.6263297163176578e+00
1.6685347649065801e-02	0.0000000000000000e+00	4.6346045868952119e+00
1.6702800941585699e-02	0.0000000000000000e+00	4.8098761336812341e+00
1.6720254234105700e-02	0.0000000000000000e+00	7.1602641547334818e+00
1.6737707526625598e-02	0.0000000000000000e+00	1.1480655135217425e+01
1.6755160819145600e-02	0.0000000000000000e+00	1.7368631007801167e+01
1.6772614111665501e-02	0.0000000000000000e+00	2.4260555966366390e+01
1.6790067404185399e-02	0.0000000000000000e+00	3.1484925470513755e+01
1.6807520696705401e-02	0.0000000000000000e+00	3.8328227877793125e+01
1.6824973989225299e-02	0.0000000000000000e+00	4.4106796851055158e+01
1.6842427281745301e-02	0.0000000000000000e+00	4.8237237779578741e+01
1.6859880574265199e-02	0.0000000000000000e+00	5.0297850935084021e+01
1.6877333866785200e-02	0.0000000000000000e+00	5.0074022836665407e+01
1.6894787159305098e-02	0.0000000000000000e+00	4.7582236919997342e+01
1.6912240451825100e-02	0.0000000000000000e+00	4.3069694553405988e+01
1.6929693744345001e-02	0.0000000000000000e+00	3.6989200614210780e+01
1.6947147036864899e-02	0.0000000000000000e+00	2.9951992778547282e+01
1.6964600329384901e-02	0.0000000000000000e+00	2.2663590199989873e+01
1.6982053621904799e-02	0.0000000000000000e+00	1.5850157582730821e+01
1.6999506914424801e-02	0.0000000000000000e+00	1.0183540960746717e+01
1.7016960206944699e-02	0.0000000000000000e+00	6.2132350186777092e+00
1.7034413499464700e-02	0.0000000000000000e+00	4.3125968811735431e+00
1.7051866791984598e-02	0.0000000000000000e+00	4.6444971503477266e+00
1.7069320084504500e-02	0.0000000000000000e+00	7.1493542657775793e+00
1.7086773377024501e-02	0.0000000000000000e+00	1.1555815169816574e+01
1.7104226669544399e-02	0.0000000000000000e+00	1.7411923588580983e+01
1.7121679962064401e-02	0.0000000000000000e+00	2.4132730321773771e+01
1.7139133254584299e-02	0.0000000000000000e+00	3.1058963580692797e+01
1.7156586547104301e-02	0.0000000000000000e+00	3.7520796447004855e+01
1.7174039839624199e-02	0.0000000000000000e+00	4.2900732502688278e+01
1.7191493132144100e-02	0.0000000000000000e+00	4.6690005542960066e+01
1.7208946424664098e-02	0.0000000000000000e+00	4.8534104419536234e+01
1.7226399717184000e-02	0.0000000000000000e+00	4.8263716990344641e+01
1.7243853009704001e-02	0.0000000000000000e+00	4.5908921773290601e+01
1.7261306302223899e-02	0.0000000000000000e+00	4.1695725293889467e+01
1.7278759594743901e-02	0.0000000000000000e+00	3.6025316711258945e+01
1.7296212887263799e-02	0.0000000000000000e+00	2.9437746021735670e+01
1.7313666179783700e-02	0.0000000000000000e+00	2.2562916780781848e+01
1.7331119472303699e-02	0.0000000000000000e+00	1.6062876826407233e+01
1.7348572764823600e-02	0.0000000000000000e+00	1.0570217624900728e+01
1.7366026057343598e-02	0.0000000000000000e+00	6.6279249453440574e+00
1.7383479349863500e-02	0.0000000000000000e+00	4.6362112356237839e+00
1.7400932642383501e-02	0.0000000000000000e+00	4.8114942010879229e+00
1.7418385934903399e-02	0.0000000000000000e+00	7.1618950190170105e+00
1.7435839227423401e-02	0.0000000000000000e+00	1.1482299262545013e+01
1.7453292519943299e-02	0.0000000000000000e+00	1.7370290549283450e+01
1.7470745812463200e-02	0.0000000000000000e+00	2.4262224401135754e+01
1.7488199104983199e-02	0.0000000000000000e+00	3.1486597621691629e+01
1.7505652397503100e-02	0.0000000000000000e+00	3.8329901375481953e+01
1.7523105690023098e-02	0.0000000000000000e+00	4.4108466302586855e+01
1.7540558982543000e-02	0.0000000000000000e+00	4.8238910491286958e+01
1.7558012275063001e-02	0.0000000000000000e+00	5.0299540797452103e+01
1.7575465567582899e-02	0.0000000000000000e+00	5.0075725258795224e+01
1.7592918860102801e-02	0.0000000000000000e+00	4.7583962580976078e+01
1.7610372152622799e-02	0.0000000000000000e+00	4.3071429860616796e+01
1.7627825445142700e-02	0.0000000000000000e+00	3.6990970798394031e+01
1.7645278737662699e-02	0.0000000000000000e+00	2.9953798585838772e+01
1.7662732030182600e-02	0.0000000000000000e+00	2.2665421004186037e+01
1.7680185322702598e-02	0.0000000000000000e+00	1.5852021740407956e+01
1.7697638615222500e-02	0.0000000000000000e+00	1.0185428269759567e+01
1.7715091907742401e-02	0.0000000000000000e+00	6.2151412299155533e+00
1.7732545200262399e-02	0.0000000000000000e+00	4.3145191329590817e+00
1.7749998492782301e-02	0.0000000000000000e+00	4.6464305426882664e+00
1.7767451785302299e-02	0.0000000000000000e+00	7.1512953355641642e+00
1.7784905077822200e-02	0.0000000000000000e+00	1.1557758420794494e+01
1.7802358370342199e-02	0.0000000000000000e+00	1.7413869804549364e+01
1.7819811662862100e-02	0.0000000000000000e+00	2.4134680074938757e+01
1.7837264955382001e-02	0.0000000000000000e+00	3.1060912074774180e+01
1.7854718247902000e-02	0.0000000000000000e+00	3.7522749376138556e+01
1.7872171540421901e-02	0.0000000000000000e+00	4.2902688471577747e+01
1.7889624832941899e-02	0.0000000000000000e+00	4.6691962308441774e+01
1.7907078125461801e-02	0.0000000000000000e+00	4.8536063680287512e+01
1.7924531417981799e-02	0.0000000000000000e+00	4.8265681531856274e+01
1.7941984710501700e-02	0.0000000000000000e+00	4.5910890951039832e+01
1.7959438003021699e-02	0.0000000000000000e+00	4.1697701231398213e+01
1.7976891295541600e-02	0.0000000000000000e+00	3.6027300714991057e+01
1.7994344588061501e-02	0.0000000000000000e+00	2.9439738463844275e+01
1.8011797880581500e-02	0.0000000000000000e+00	2.2564918916534072e+01
1.8029251173101401e-02	0.0000000000000000e+00	1.6064887925383765e+01
1.8046704465621399e-02	0.0000000000000000e+00	1.0572237945344471e+01
1.8064157758141301e-02	0.0000000000000000e+00	6.6299537393709738e+00
1.8081611050661299e-02	0.0000000000000000e+00	4.6382495105209802e+00
1.8099064343181200e-02	0.0000000000000000e+00	4.8135427338532812e+00
1.8116517635701102e-02	0.0000000000000000e+00	7.1639540226199978e+00
1.8133970928221100e-02	0.0000000000000000e+00	1.1484367450330915e+01
1.8151424220741001e-02	0.0000000000000000e+00	1.7372363808786442e+01
1.8168877513261000e-02	0.0000000000000000e+00	2.4264304183701228e+01
1.8186330805780901e-02	0.0000000000000000e+00	3.1488686947129860e+01
1.8203784098300899e-02	0.0000000000000000e+00	3.8331998412401205e+01
1.8221237390820801e-02	0.0000000000000000e+00	4.4110570792162520e+01
1.8238690683340698e-02	0.0000000000000000e+00	4.8240999764328201e+01
1.8256143975860700e-02	0.0000000000000000e+00	5.0301608857367661e+01
1.8273597268380602e-02	0.0000000000000000e+00	5.0077769043307583e+01
1.8291050560900600e-02	0.0000000000000000e+00	4.7585987273955112e+01
1.8308503853420501e-02	0.0000000000000000e+00	4.3073472367164868e+01
1.8325957145940500e-02	0.0000000000000000e+00	3.6993023919812863e+01
1.8343410438460401e-02	0.0000000000000000e+00	2.9955857721420980e+01
1.8360863730980299e-02	0.0000000000000000e+00	2.2667490476710096e+01
1.8378317023500301e-02	0.0000000000000000e+00	1.5854097332036185e+01
1.8395770316020198e-02	0.0000000000000000e+00	1.0187500237555076e+01
1.8413223608540200e-02	0.0000000000000000e+00	6.2172117936109554e+00
1.8430676901060102e-02	0.0000000000000000e+00	4.3165873020413494e+00
1.8448130193580100e-02	0.0000000000000000e+00	4.6484933747123005e+00
1.8465583486100001e-02	0.0000000000000000e+00	7.1533493351890360e+00
1.8483036778619899e-02	0.0000000000000000e+00	1.1559805078864697e+01
1.8500490071139901e-02	0.0000000000000000e+00	1.7415911213852574e+01
1.8517943363659799e-02	0.0000000000000000e+00	2.4136711042721775e+01
1.8535396656179801e-02	0.0000000000000000e+00	3.1062935436122693e+01
1.8552849948699698e-02	0.0000000000000000e+00	3.7524778081034974e+01
1.8570303241219700e-02	0.0000000000000000e+00	4.2904715253055109e+01
1.8587756533739602e-02	0.0000000000000000e+00	4.6693987687369805e+01
1.8605209826259600e-02	0.0000000000000000e+00	4.8538090890006359e+01
1.8622663118779501e-02	0.0000000000000000e+00	4.8267710033101181e+01
1.8640116411299399e-02	0.0000000000000000e+00	4.5912922315919921e+01
1.8657569703819401e-02	0.0000000000000000e+00	4.1699732946373864e+01
1.8675022996339299e-02	0.0000000000000000e+00	3.6029335108186686e+01
1.8692476288859301e-02	0.0000000000000000e+00	2.9441771687521378e+01
1.8709929581379198e-02	0.0000000000000000e+00	2.2566950610945771e+01
1.8727382873899200e-02	0.0000000000000000e+00	1.6066917180301658e+01
1.8744836166419102e-02	0.0000000000000000e+00	1.0574261747934424e+01
1.8762289458938999e-02	0.0000000000000000e+00	6.6319709775414015e+00
1.8779742751459001e-02	0.0000000000000000e+00	4.6402571723494681e+00
1.8797196043978899e-02	0.0000000000000000e+00	4.8155396638161188e+00
1.8814649336498901e-02	0.0000000000000000e+00	7.1659392611203918e+00
1.8832102629018799e-02	0.0000000000000000e+00	1.1486341703716825e+01
1.8849555921538801e-02	0.0000000000000000e+00	1.7374326663411932e+01
1.8867009214058698e-02	0.0000000000000000e+00	2.4266255711945330e+01
1.8884462506578600e-02	0.0000000000000000e+00	3.1490626681467052e+01
1.8901915799098602e-02	0.0000000000000000e+00	3.8333927023983193e+01
1.8919369091618499e-02	0.0000000000000000e+00	4.4112480681849007e+01
1.8936822384138501e-02	0.0000000000000000e+00	4.8242902517953354e+01
1.8954275676658399e-02	0.0000000000000000e+00	5.0303487037279154e+01
1.8971728969178401e-02	0.0000000000000000e+00	5.0079638887347720e+01
1.8989182261698299e-02	0.0000000000000000e+00	4.7587851277141546e+01
1.9006635554218200e-02	0.0000000000000000e+00	4.3075312731069410e+01
1.9024088846738198e-02	0.0000000000000000e+00	3.6994855983886069e+01
1.9041542139258100e-02	0.0000000000000000e+00	2.9957677386249877e+01
1.9058995431778102e-02	0.0000000000000000e+00	2.2669297974741269e+01
1.9076448724297999e-02	0.0000000000000000e+00	1.5855891023926532e+01
1.9093902016818001e-02	0.0000000000000000e+00	1.0189278300302913e+01
1.9111355309337899e-02	0.0000000000000000e+00	6.2189755308455474e+00
1.9128808601857800e-02	0.0000000000000000e+00	4.3183368960040083e+00
1.9146261894377799e-02	0.0000000000000000e+00	4.6502273261219038e+00
1.9163715186897700e-02	0.0000000000000000e+00	7.1550674448737883e+00
1.9181168479417698e-02	0.0000000000000000e+00	1.1561508041655859e+01
1.9198621771937600e-02	0.0000000000000000e+00	1.7417594162151143e+01
1.9216075064457602e-02	0.0000000000000000e+00	2.4138375408366155e+01
1.9233528356977499e-02	0.0000000000000000e+00	3.1064582241790571e+01
1.9250981649497501e-02	0.0000000000000000e+00	3.7526390348851720e+01
1.9268434942017399e-02	0.0000000000000000e+00	4.2906303589267779e+01
1.9285888234537300e-02	0.0000000000000000e+00	4.6695560373836280e+01
1.9303341527057299e-02	0.0000000000000000e+00	4.8539643865014028e+01
1.9320794819577200e-02	0.0000000000000000e+00	4.8269242648702360e+01
1.9338248112097198e-02	0.0000000000000000e+00	4.5914437657387602e+01
1.9355701404617100e-02	0.0000000000000000e+00	4.1701228873230150e+01
1.9373154697137102e-02	0.0000000000000000e+00	3.6030810641225749e+01
1.9390607989656999e-02	0.0000000000000000e+00	2.9443227553554980e+01
1.9408061282176901e-02	0.0000000000000000e+00	2.2568384508328396e+01
1.9425514574696899e-02	0.0000000000000000e+00	1.6068330470316770e+01
1.9442967867216800e-02	0.0000000000000000e+00	1.0575651321958050e+01
1.9460421159736799e-02	0.0000000000000000e+00	6.6333383274004909e+00
1.9477874452256700e-02	0.0000000000000000e+00	4.6416014093529405e+00
1.9495327744776698e-02	0.0000000000000000e+00	4.8168610473507822e+00
1.9512781037296600e-02	0.0000000000000000e+00	7.1672377970503236e+00
1.9530234329816501e-02	0.0000000000000000e+00	1.1487617092655764e+01
1.9547687622336499e-02	0.0000000000000000e+00	1.7375579664464990e+01
1.9565140914856401e-02	0.0000000000000000e+00	2.4267485979183935e+01
1.9582594207376399e-02	0.0000000000000000e+00	3.1491833524554519e+01
1.9600047499896300e-02	0.0000000000000000e+00	3.8335110459601573e+01
1.9617500792416299e-02	0.0000000000000000e+00	4.4113641462505122e+01
1.9634954084936200e-02	0.0000000000000000e+00	4.8244043051575588e+01
1.9652407377456101e-02	0.0000000000000000e+00	5.0304612279088175e+01
1.9669860669976100e-02	0.0000000000000000e+00	5.0080751215874216e+01
1.9687313962496001e-02	0.0000000000000000e+00	4.7588936894352010e+01
1.9704767255015999e-02	0.0000000000000000e+00	4.3076374709288309e+01
1.9722220547535901e-02	0.0000000000000000e+00	3.6995891341196256e+01
1.9739673840055899e-02	0.0000000000000000e+00	2.9958675420273579e+01
1.9757127132575800e-02	0.0000000000000000e+00	2.2670260933618813e+01
1.9774580425095799e-02	0.0000000000000000e+00	1.5856824245268703e+01
1.9792033717615700e-02	0.0000000000000000e+00	1.0190186850031251e+01
1.9809487010135601e-02	0.0000000000000000e+00	6.2198540720265001e+00
1.9826940302655600e-02	0.0000000000000000e+00	4.3191847350539101e+00
1.9844393595175501e-02	0.0000000000000000e+00	4.6510466162271848e+00
1.9861846887695499e-02	0.0000000000000000e+00	7.1558595040201567e+00
1.9879300180215401e-02	0.0000000000000000e+00	1.1562270095984713e+01
1.9896753472735399e-02	0.0000000000000000e+00	1.7418329359261154e+01
1.9914206765255300e-02	0.0000000000000000e+00	2.4139086783203769e+01
1.9931660057775202e-02	0.0000000000000000e+00	3.1065264043029181e+01
1.9949113350295200e-02	0.0000000000000000e+00	3.7527050858425078e+01
1.9966566642815101e-02	0.0000000000000000e+00	4.2906936424405799e+01
1.9984019935335100e-02	0.0000000000000000e+00	4.6696156842155347e+01
2.0001473227855001e-02	0.0000000000000000e+00	4.8540203835389484e+01
2.0018926520374999e-02	0.0000000000000000e+00	4.8269767664560469e+01
2.0036379812894901e-02	0.0000000000000000e+00	4.5914922348264191e+01
2.0053833105414798e-02	0.0000000000000000e+00	4.1701677143810223e+01
2.0071286397934800e-02	0.0000000000000000e+00	3.6031219869084772e+01
2.0088739690454702e-02	0.0000000000000000e+00	2.9443599806090401e+01
2.0106192982974700e-02	0.0000000000000000e+00	2.2568720329758122e+01
2.0123646275494601e-02	0.0000000000000000e+00	1.6068628636840696e+01
2.0141099568014600e-02	0.0000000000000000e+00	1.0575915975272180e+01
2.0158552860534501e-02	0.0000000000000000e+00	6.6335667586474765e+00
2.0176006153054399e-02	0.0000000000000000e+00	4.6417959465374272e+00
2.0193459445574401e-02	0.0000000000000000e+00	4.8170204599526762e+00
2.0210912738094299e-02	0.0000000000000000e+00	7.1673620123820037e+00
2.0228366030614300e-02	0.0000000000000000e+00	1.1487704461908704e+01
2.0245819323134202e-02	0.0000000000000000e+00	1.7375629356232800e+01
2.0263272615654200e-02	0.0000000000000000e+00	2.4267496495955164e+01
2.0280725908174101e-02	0.0000000000000000e+00	3.1491805142704727e+01
2.0298179200694100e-02	0.0000000000000000e+00	3.8335041958660767e+01
2.0315632493214001e-02	0.0000000000000000e+00	4.4113539483248935e+01
2.0333085785733899e-02	0.0000000000000000e+00	4.8243891391009946e+01
2.0350539078253901e-02	0.0000000000000000e+00	5.0304422048073199e+01
2.0367992370773799e-02	0.0000000000000000e+00	5.0080504118427143e+01
2.0385445663293800e-02	0.0000000000000000e+00	4.7588641031839195e+01
2.0402898955813702e-02	0.0000000000000000e+00	4.3076047979974803e+01
2.0420352248333700e-02	0.0000000000000000e+00	3.6995518682319045e+01
2.0437805540853601e-02	0.0000000000000000e+00	2.9958269581162483e+01
2.0455258833373499e-02	0.0000000000000000e+00	2.2669821564509981e+01
2.0472712125893501e-02	0.0000000000000000e+00	1.5856346506841920e+01
2.0490165418413399e-02	0.0000000000000000e+00	1.0189667075366904e+01
2.0507618710933401e-02	0.0000000000000000e+00	6.2192940732599586e+00
2.0525072003453299e-02	0.0000000000000000e+00	4.3185838419441467e+00
2.0542525295973300e-02	0.0000000000000000e+00	4.6504033402689089e+00
2.0559978588493202e-02	0.0000000000000000e+00	7.1551718057261304e+00
2.0577431881013099e-02	0.0000000000000000e+00	1.1561538756862488e+01
2.0594885173533101e-02	0.0000000000000000e+00	1.7417555767994980e+01
2.0612338466052999e-02	0.0000000000000000e+00	2.4138265360488308e+01
2.0629791758573001e-02	0.0000000000000000e+00	3.1064398137526268e+01
2.0647245051092899e-02	0.0000000000000000e+00	3.7526134259162276e+01
2.0664698343612901e-02	0.0000000000000000e+00	4.2905969830111374e+01
2.0682151636132799e-02	0.0000000000000000e+00	4.6695152060343439e+01
2.0699604928652700e-02	0.0000000000000000e+00	4.8539158441721746e+01
2.0717058221172702e-02	0.0000000000000000e+00	4.8268680790537033e+01
2.0734511513692599e-02	0.0000000000000000e+00	4.5913796590707300e+01
2.0751964806212601e-02	0.0000000000000000e+00	4.1700510425349094e+01
2.0769418098732499e-02	0.0000000000000000e+00	3.6030012993501423e+01
2.0786871391252501e-02	0.0000000000000000e+00	2.9442349196876282e+01
2.0804324683772399e-02	0.0000000000000000e+00	2.2567426483949767e+01
2.0821777976292300e-02	0.0000000000000000e+00	1.6067289666668131e+01
2.0839231268812299e-02	0.0000000000000000e+00	1.0574530552699407e+01
2.0856684561332200e-02	0.0000000000000000e+00	6.6321347445158594e+00
2.0874137853852202e-02	0.0000000000000000e+00	4.6403152481979228e+00
2.0891591146372099e-02	0.0000000000000000e+00	4.8154910812937626e+00
2.0909044438892101e-02	0.0000000000000000e+00	7.1657829609904331e+00
2.0926497731411999e-02	0.0000000000000000e+00	1.1486075586876288e+01
2.0943951023932001e-02	0.0000000000000000e+00	1.7373951475139641e+01
