0.0000000000000000e+00	0.0000000000000000e+00	1.2165119756683430e-07
1.7453292519943300e-05	0.0000000000000000e+00	1.1984393143204619e-07
3.4906585039886600e-05	0.0000000000000000e+00	1.1813576500694488e-07
5.2359877559829903e-05	0.0000000000000000e+00	1.1652273607082570e-07
6.9813170079773199e-05	0.0000000000000000e+00	1.1499022376601246e-07
8.7266462599716496e-05	0.0000000000000000e+00	1.1349161954219246e-07
1.0471975511966000e-04	0.0000000000000000e+00	1.1191394910903071e-07
1.2217304763960301e-04	0.0000000000000000e+00	1.1003858466760153e-07
1.3962634015954599e-04	0.0000000000000000e+00	1.0751338363801483e-07
1.5707963267949001e-04	0.0000000000000000e+00	1.0385682899509948e-07
1.7453292519943299e-04	0.0000000000000000e+00	9.8512195531563237e-08
1.9198621771937600e-04	0.0000000000000000e+00	9.0959585287721599e-08
2.0943951023931999e-04	0.0000000000000000e+00	8.0876986779792420e-08
2.2689280275926300e-04	0.0000000000000000e+00	6.8321844228021042e-08
2.4434609527920601e-04	0.0000000000000000e+00	5.3886811604994713e-08
2.6179938779914903e-04	0.0000000000000000e+00	3.8772681600366411e-08
2.7925268031909301e-04	0.0000000000000000e+00	2.4722034062183857e-08
2.9670597283903603e-04	0.0000000000000000e+00	1.3772213930712025e-08
3.1415926535897898e-04	0.0000000000000000e+00	7.8145539342714916e-09
3.3161255787892303e-04	0.0000000000000000e+00	7.9853547892906736e-09
3.4906585039886598e-04	0.0000000000000000e+00	1.3957535903622218e-08
3.6651914291880900e-04	0.0000000000000000e+00	2.3241945070270716e-08
3.8397243543875201e-04	0.0000000000000000e+00	3.0634980012412450e-08
4.0142572795869599e-04	0.0000000000000000e+00	2.7958342822200748e-08
4.1887902047863901e-04	0.0000000000000000e+00	4.2217486904174375e-09
4.3633231299858202e-04	0.0000000000000000e+00	5.3702845692582255e-08
4.5378560551852601e-04	0.0000000000000000e+00	1.5987077078484527e-07
4.7123889803846902e-04	0.0000000000000000e+00	3.2757569233903390e-07
4.8869219055841203e-04	0.0000000000000000e+00	5.6732785423544391e-07
5.0614548307835602e-04	0.0000000000000000e+00	8.8472759945237556e-07
5.2359877559829903e-04	0.0000000000000000e+00	1.2785254660695928e-06
5.4105206811824204e-04	0.0000000000000000e+00	1.7391906482708182e-06
5.5850536063818505e-04	0.0000000000000000e+00	2.2483003281223527e-06
5.7595865315812904e-04	0.0000000000000000e+00	2.7790055711536551e-06
5.9341194567807205e-04	0.0000000000000000e+00	3.2977312526310117e-06
6.1086523819801496e-04	0.0000000000000000e+00	3.7671268264887279e-06
6.2831853071795905e-04	0.0000000000000000e+00	4.1501233010436146e-06
6.4577182323790196e-04	0.0000000000000000e+00	4.4147841281262042e-06
6.6322511575784497e-04	0.0000000000000000e+00	4.5394881353612208e-06
6.8067840827778798e-04	0.0000000000000000e+00	4.5178545399626444e-06
6.9813170079773197e-04	0.0000000000000000e+00	4.3627709546948663e-06
7.1558499331767498e-04	0.0000000000000000e+00	4.1088863060920698e-06
7.3303828583761799e-04	0.0000000000000000e+00	3.8130448401091988e-06
7.5049157835756198e-04	0.0000000000000000e+00	3.5522240083839790e-06
7.6794487087750499e-04	0.0000000000000000e+00	3.4188978587710029e-06
7.8539816339744800e-04	0.0000000000000000e+00	3.5139141556161145e-06
8.0285145591739199e-04	0.0000000000000000e+00	3.9373248487819756e-06
8.2030474843733500e-04	0.0000000000000000e+00	4.7778662241700977e-06
8.3775804095727801e-04	0.0000000000000000e+00	6.1020690046893444e-06
8.5521133347722102e-04	0.0000000000000000e+00	7.9440979650562845e-06
8.7266462599716501e-04	0.0000000000000000e+00	1.0297515155267016e-05
8.9011791851710802e-04	0.0000000000000000e+00	1.3110066424084784e-05
9.0757121103705104e-04	0.0000000000000000e+00	1.6282446812466757e-05
9.2502450355699502e-04	0.0000000000000000e+00	1.9671761493505028e-05
9.4247779607693804e-04	0.0000000000000000e+00	2.3099726402589433e-05
9.5993108859688105e-04	0.0000000000000000e+00	2.6365669228365140e-05
9.7738438111682406e-04	0.0000000000000000e+00	2.9263393344913143e-05
9.9483767363676805e-04	0.0000000000000000e+00	3.1600765087782044e-05
1.0122909661567101e-03	0.0000000000000000e+00	3.3220525670444575e-05
1.0297442586766500e-03	0.0000000000000000e+00	3.4020056863009780e-05
1.0471975511966000e-03	0.0000000000000000e+00	3.3968347873910881e-05
1.0646508437165401e-03	0.0000000000000000e+00	3.3117991660872187e-05
1.0821041362364800e-03	0.0000000000000000e+00	3.1610330141551538e-05
1.0995574287564300e-03	0.0000000000000000e+00	2.9672470944527675e-05
1.1170107212763701e-03	0.0000000000000000e+00	2.7605528611190215e-05
1.1344640137963100e-03	0.0000000000000000e+00	2.5764167694783084e-05
1.1519173063162600e-03	0.0000000000000000e+00	2.4528529935204578e-05
1.1693705988361999e-03	0.0000000000000000e+00	2.4270493473154724e-05
1.1868238913561400e-03	0.0000000000000000e+00	2.5317024484883168e-05
1.2042771838760900e-03	0.0000000000000000e+00	2.7913994384554538e-05
1.2217304763960299e-03	0.0000000000000000e+00	3.2194159234974345e-05
1.2391837689159700e-03	0.0000000000000000e+00	3.8152955681796500e-05
1.2566370614359201e-03	0.0000000000000000e+00	4.5635341424262309e-05
1.2740903539558599e-03	0.0000000000000000e+00	5.4336090281560015e-05
1.2915436464758000e-03	0.0000000000000000e+00	6.3814804669265704e-05
1.3089969389957501e-03	0.0000000000000000e+00	7.3525525650795188e-05
1.3264502315156899e-03	0.0000000000000000e+00	8.2859332041775193e-05
1.3439035240356300e-03	0.0000000000000000e+00	9.1196863569705273e-05
1.3613568165555801e-03	0.0000000000000000e+00	9.7966550757616221e-05
1.3788101090755199e-03	0.0000000000000000e+00	1.0270325323278279e-04
1.3962634015954600e-03	0.0000000000000000e+00	1.0510173697222314e-04
1.4137166941154101e-03	0.0000000000000000e+00	1.0505946321351092e-04
1.4311699866353500e-03	0.0000000000000000e+00	1.0270356841659021e-04
1.4486232791552900e-03	0.0000000000000000e+00	9.8398467175336775e-05
1.4660765716752401e-03	0.0000000000000000e+00	9.2731477838665327e-05
1.4835298641951800e-03	0.0000000000000000e+00	8.6476211748614252e-05
1.5009831567151201e-03	0.0000000000000000e+00	8.0535170589200332e-05
1.5184364492350699e-03	0.0000000000000000e+00	7.5865233745774736e-05
1.5358897417550100e-03	0.0000000000000000e+00	7.3391522346855605e-05
1.5533430342749501e-03	0.0000000000000000e+00	7.3916739112738462e-05
1.5707963267948999e-03	0.0000000000000000e+00	7.8034184271811113e-05
1.5882496193148400e-03	0.0000000000000000e+00	8.6053120144261670e-05
1.6057029118347801e-03	0.0000000000000000e+00	9.7944874984943044e-05
1.6231562043547299e-03	0.0000000000000000e+00	1.1331695752398081e-04
1.6406094968746700e-03	0.0000000000000000e+00	1.3142047946853403e-04
1.6580627893946101e-03	0.0000000000000000e+00	1.5119344084091126e-04
1.6755160819145599e-03	0.0000000000000000e+00	1.7133903507985344e-04
1.6929693744345000e-03	0.0000000000000000e+00	1.9043442703871243e-04
1.7104226669544401e-03	0.0000000000000000e+00	2.0706178076704696e-04
1.7278759594743899e-03	0.0000000000000000e+00	2.1995015573210934e-04
1.7453292519943300e-03	0.0000000000000000e+00	2.2811455848937586e-04
1.7627825445142699e-03	0.0000000000000000e+00	2.3097717659095312e-04
1.7802358370342200e-03	0.0000000000000000e+00	2.2845637958737904e-04
1.7976891295541600e-03	0.0000000000000000e+00	2.2101219911953887e-04
1.8151424220740999e-03	0.0000000000000000e+00	2.0963950131773777e-04
1.8325957145940500e-03	0.0000000000000000e+00	1.9580556981666349e-04
1.8500490071139900e-03	0.0000000000000000e+00	1.8133502700530335e-04
1.8675022996339299e-03	0.0000000000000000e+00	1.6825049880156580e-04
1.8849555921538800e-03	0.0000000000000000e+00	1.5858281481255279e-04
1.9024088846738201e-03	0.0000000000000000e+00	1.5416868131117587e-04
1.9198621771937599e-03	0.0000000000000000e+00	1.5645596614858735e-04
1.9373154697137100e-03	0.0000000000000000e+00	1.6633697203277079e-04
1.9547687622336499e-03	0.0000000000000000e+00	1.8402802531946073e-04
1.9722220547535902e-03	0.0000000000000000e+00	2.0900969303202163e-04
1.9896753472735400e-03	0.0000000000000000e+00	2.4003633945300537e-04
2.0071286397934799e-03	0.0000000000000000e+00	2.7521708611004451e-04
2.0245819323134202e-03	0.0000000000000000e+00	3.1216336900032933e-04
2.0420352248333700e-03	0.0000000000000000e+00	3.4819168201230045e-04
2.0594885173533099e-03	0.0000000000000000e+00	3.8056445782548375e-04
2.0769418098732502e-03	0.0000000000000000e+00	4.0674831025569187e-04
2.0943951023932000e-03	0.0000000000000000e+00	4.2466628834195787e-04
2.1118483949131399e-03	0.0000000000000000e+00	4.3292075679726943e-04
2.1293016874330802e-03	0.0000000000000000e+00	4.3096419216466714e-04
2.1467549799530201e-03	0.0000000000000000e+00	4.1920106033094376e-04
2.1642082724729699e-03	0.0000000000000000e+00	3.9900628497266957e-04
2.1816615649929102e-03	0.0000000000000000e+00	3.7265351424621817e-04
2.1991148575128501e-03	0.0000000000000000e+00	3.4315407012811786e-04
2.2165681500327999e-03	0.0000000000000000e+00	3.1401490268400366e-04
2.2340214425527402e-03	0.0000000000000000e+00	2.8893217670068543e-04
2.2514747350726801e-03	0.0000000000000000e+00	2.7144477084392084e-04
2.2689280275926299e-03	0.0000000000000000e+00	2.6457803285337856e-04
2.2863813201125698e-03	0.0000000000000000e+00	2.7051218322638240e-04
2.3038346126325101e-03	0.0000000000000000e+00	2.9031077387049308e-04
2.3212879051524599e-03	0.0000000000000000e+00	3.2374194759733312e-04
2.3387411976723998e-03	0.0000000000000000e+00	3.6921861672860768e-04
2.3561944901923401e-03	0.0000000000000000e+00	4.2387336315988380e-04
2.3736477827122899e-03	0.0000000000000000e+00	4.8377051219028385e-04
2.3911010752322298e-03	0.0000000000000000e+00	5.4424267286451217e-04
2.4085543677521701e-03	0.0000000000000000e+00	6.0032426237785236e-04
2.4260076602721200e-03	0.0000000000000000e+00	6.4724117884958879e-04
2.4434609527920598e-03	0.0000000000000000e+00	6.8090820505969268e-04
2.4609142453120001e-03	0.0000000000000000e+00	6.9837932518820151e-04
2.4783675378319500e-03	0.0000000000000000e+00	6.9819873817920941e-04
2.4958208303518898e-03	0.0000000000000000e+00	6.8061448775347364e-04
2.5132741228718301e-03	0.0000000000000000e+00	6.4762300370701479e-04
2.5307274153917800e-03	0.0000000000000000e+00	6.0283368443711754e-04
2.5481807079117198e-03	0.0000000000000000e+00	5.5116369067871119e-04
2.5656340004316601e-03	0.0000000000000000e+00	4.9838960591573709e-04
2.5830872929516100e-03	0.0000000000000000e+00	4.5059924482243911e-04
2.6005405854715499e-03	0.0000000000000000e+00	4.1359824550387558e-04
2.6179938779914902e-03	0.0000000000000000e+00	3.9233076069890809e-04
2.6354471705114400e-03	0.0000000000000000e+00	3.9037279373478612e-04
2.6529004630313799e-03	0.0000000000000000e+00	4.0954904628275095e-04
2.6703537555513202e-03	0.0000000000000000e+00	4.4971194124706444e-04
2.6878070480712700e-03	0.0000000000000000e+00	5.0870531587486319e-04
2.7052603405912099e-03	0.0000000000000000e+00	5.8251782467077465e-04
2.7227136331111502e-03	0.0000000000000000e+00	6.6561380119654033e-04
2.7401669256311000e-03	0.0000000000000000e+00	7.5141212328656034e-04
2.7576202181510399e-03	0.0000000000000000e+00	8.3287295555687551e-04
2.7750735106709802e-03	0.0000000000000000e+00	9.0314086606192560e-04
2.7925268031909300e-03	0.0000000000000000e+00	9.5618995123575540e-04
2.8099800957108699e-03	0.0000000000000000e+00	9.8741358644997921e-04
2.8274333882308102e-03	0.0000000000000000e+00	9.9410572346637438e-04
2.8448866807507600e-03	0.0000000000000000e+00	9.7578893699710513e-04
2.8623399732706999e-03	0.0000000000000000e+00	9.3435129771679191e-04
2.8797932657906402e-03	0.0000000000000000e+00	8.7397037669005410e-04
2.8972465583105901e-03	0.0000000000000000e+00	8.0081881512158862e-04
2.9146998508305299e-03	0.0000000000000000e+00	7.2256399107552684e-04
2.9321531433504698e-03	0.0000000000000000e+00	6.4769506792586556e-04
2.9496064358704201e-03	0.0000000000000000e+00	5.8473022140669787e-04
2.9670597283903599e-03	0.0000000000000000e+00	5.4137432382183367e-04
2.9845130209102998e-03	0.0000000000000000e+00	5.2370901641797865e-04
3.0019663134302501e-03	0.0000000000000000e+00	5.3550172231192432e-04
3.0194196059501899e-03	0.0000000000000000e+00	5.7771524555873905e-04
3.0368728984701298e-03	0.0000000000000000e+00	6.4828387975641641e-04
3.0543261909900801e-03	0.0000000000000000e+00	7.4219685065328401e-04
3.0717794835100200e-03	0.0000000000000000e+00	8.5189758026627427e-04
3.0892327760299598e-03	0.0000000000000000e+00	9.6797098563426525e-04
3.1066860685499101e-03	0.0000000000000000e+00	1.0800550740403742e-03
3.1241393610698500e-03	0.0000000000000000e+00	1.1778865021195449e-03
3.1415926535897898e-03	0.0000000000000000e+00	1.2523662064468665e-03
3.1590459461097401e-03	0.0000000000000000e+00	1.2965334205550007e-03
3.1764992386296800e-03	0.0000000000000000e+00	1.3063313539090969e-03
3.1939525311496198e-03	0.0000000000000000e+00	1.2810821504502974e-03
3.2114058236695701e-03	0.0000000000000000e+00	1.2236198946878058e-03
3.2288591161895100e-03	0.0000000000000000e+00	1.1400574014870815e-03
3.2463124087094499e-03	0.0000000000000000e+00	1.0392131434686887e-03
3.2637657012294001e-03	0.0000000000000000e+00	9.3176009366464062e-04
3.2812189937493400e-03	0.0000000000000000e+00	8.2918292197842365e-04
3.2986722862692799e-03	0.0000000000000000e+00	7.4265158999112073e-04
3.3161255787892301e-03	0.0000000000000000e+00	6.8192568231007487e-04
3.3335788713091700e-03	0.0000000000000000e+00	6.5439622086764699e-04
3.3510321638291099e-03	0.0000000000000000e+00	6.6435670314474204e-04
3.3684854563490602e-03	0.0000000000000000e+00	7.1256959972834915e-04
3.3859387488690000e-03	0.0000000000000000e+00	7.9616430432389500e-04
3.4033920413889399e-03	0.0000000000000000e+00	9.0887210604438521e-04
3.4208453339088902e-03	0.0000000000000000e+00	1.0415736511452157e-03
3.4382986264288300e-03	0.0000000000000000e+00	1.1831074751559149e-03
3.4557519189487699e-03	0.0000000000000000e+00	1.3212680053950787e-03
3.4732052114687202e-03	0.0000000000000000e+00	1.4439110798801754e-03
3.4906585039886600e-03	0.0000000000000000e+00	1.5400709029928131e-03
3.5081117965085999e-03	0.0000000000000000e+00	1.6009979676708539e-03
3.5255650890285502e-03	0.0000000000000000e+00	1.6210243146706782e-03
3.5430183815484901e-03	0.0000000000000000e+00	1.5981836630009304e-03
3.5604716740684299e-03	0.0000000000000000e+00	1.5345155626922610e-03
3.5779249665883698e-03	0.0000000000000000e+00	1.4360131646257322e-03
3.5953782591083201e-03	0.0000000000000000e+00	1.3121993610601581e-03
3.6128315516282599e-03	0.0000000000000000e+00	1.1753450022709785e-03
3.6302848441482102e-03	0.0000000000000000e+00	1.0393795426824096e-03
3.6477381366681501e-03	0.0000000000000000e+00	9.1858336977901117e-04
3.6651914291880900e-03	0.0000000000000000e+00	8.2617572074321658e-04
3.6826447217080398e-03	0.0000000000000000e+00	7.7294071654068167e-04
3.7000980142279801e-03	0.0000000000000000e+00	7.6603909390399790e-04
3.7175513067479200e-03	0.0000000000000000e+00	8.0814626751492431e-04
3.7350045992678598e-03	0.0000000000000000e+00	8.9702985678918683e-04
3.7524578917878101e-03	0.0000000000000000e+00	1.0256344189359130e-03
3.7699111843077500e-03	0.0000000000000000e+00	1.1826871876403236e-03
3.7873644768276998e-03	0.0000000000000000e+00	1.3537739129051716e-03
3.8048177693476401e-03	0.0000000000000000e+00	1.5227798658129668e-03
3.8222710618675800e-03	0.0000000000000000e+00	1.6735399898584493e-03
3.8397243543875199e-03	0.0000000000000000e+00	1.7915207996127504e-03
3.8571776469074701e-03	0.0000000000000000e+00	1.8653461083186931e-03
3.8746309394274100e-03	0.0000000000000000e+00	1.8879955633024105e-03
3.8920842319473499e-03	0.0000000000000000e+00	1.8575500548840718e-03
3.9095375244672997e-03	0.0000000000000000e+00	1.7773980919869911e-03
3.9269908169872400e-03	0.0000000000000000e+00	1.6559025363589806e-03
3.9444441095071803e-03	0.0000000000000000e+00	1.5055538011729641e-03
3.9618974020271302e-03	0.0000000000000000e+00	1.3417145378021912e-03
3.9793506945470696e-03	0.0000000000000000e+00	1.1810914603428257e-03
3.9968039870670099e-03	0.0000000000000000e+00	1.0400949964906772e-03
4.0142572795869597e-03	0.0000000000000000e+00	9.3324911686160094e-04
4.0317105721069000e-03	0.0000000000000000e+00	8.7180798825397914e-04
4.0491638646268403e-03	0.0000000000000000e+00	8.6270170150869055e-04
4.0666171571467902e-03	0.0000000000000000e+00	9.0790223003865851e-04
4.0840704496667296e-03	0.0000000000000000e+00	1.0042554089983976e-03
4.1015237421866699e-03	0.0000000000000000e+00	1.1437814993913963e-03
4.1189770347066198e-03	0.0000000000000000e+00	1.3144077108225361e-03
4.1364303272265601e-03	0.0000000000000000e+00	1.5010619904661689e-03
4.1538836197465004e-03	0.0000000000000000e+00	1.6870305986456289e-03
4.1713369122664502e-03	0.0000000000000000e+00	1.8554656542899052e-03
4.1887902047863896e-03	0.0000000000000000e+00	1.9909183209741439e-03
4.2062434973063299e-03	0.0000000000000000e+00	2.0807742266540285e-03
4.2236967898262798e-03	0.0000000000000000e+00	2.1164661665737973e-03
4.2411500823462201e-03	0.0000000000000000e+00	2.0943638377846109e-03
4.2586033748661604e-03	0.0000000000000000e+00	2.0162427161443354e-03
4.2760566673861102e-03	0.0000000000000000e+00	1.8892730614027747e-03
4.2935099599060497e-03	0.0000000000000000e+00	1.7255042092661124e-03
4.3109632524259900e-03	0.0000000000000000e+00	1.5408565931569085e-03
4.3284165449459398e-03	0.0000000000000000e+00	1.3536876838359778e-03
4.3458698374658801e-03	0.0000000000000000e+00	1.1830504538992627e-03
4.3633231299858204e-03	0.0000000000000000e+00	1.0467996241952564e-03
4.3807764225057702e-03	0.0000000000000000e+00	9.5973820110767610e-04
4.3982297150257097e-03	0.0000000000000000e+00	9.3200755079452186e-04
4.4156830075456500e-03	0.0000000000000000e+00	9.6791047220396559e-04
4.4331363000655998e-03	0.0000000000000000e+00	1.0653198492087000e-03
4.4505895925855401e-03	0.0000000000000000e+00	1.2157648009275654e-03
4.4680428851054804e-03	0.0000000000000000e+00	1.4052035754612262e-03
4.4854961776254303e-03	0.0000000000000000e+00	1.6154148741004356e-03
4.5029494701453697e-03	0.0000000000000000e+00	1.8258647037017498e-03
4.5204027626653100e-03	0.0000000000000000e+00	2.0158392952633283e-03
4.5378560551852598e-03	0.0000000000000000e+00	2.1666056472936651e-03
4.5553093477052001e-03	0.0000000000000000e+00	2.2633617633754980e-03
4.5727626402251396e-03	0.0000000000000000e+00	2.2967650977361704e-03
4.5902159327450903e-03	0.0000000000000000e+00	2.2638691429461184e-03
4.6076692252650297e-03	0.0000000000000000e+00	2.1683829950541501e-03
4.6251225177849700e-03	0.0000000000000000e+00	2.0202488267905120e-03
4.6425758103049199e-03	0.0000000000000000e+00	1.8345829996557473e-03
4.6600291028248602e-03	0.0000000000000000e+00	1.6301178920735296e-03
4.6774823953447996e-03	0.0000000000000000e+00	1.4273161946253008e-03
4.6949356878647503e-03	0.0000000000000000e+00	1.2463564107426830e-03
4.7123889803846897e-03	0.0000000000000000e+00	1.1051900387952520e-03
4.7298422729046300e-03	0.0000000000000000e+00	1.0178560106496716e-03
4.7472955654245799e-03	0.0000000000000000e+00	9.9320029644081945e-04
4.7647488579445202e-03	0.0000000000000000e+00	1.0341043899685007e-03
4.7822021504644596e-03	0.0000000000000000e+00	1.1372741371530927e-03
4.7996554429844103e-03	0.0000000000000000e+00	1.2935885300277580e-03
4.8171087355043498e-03	0.0000000000000000e+00	1.4889636143863925e-03
4.8345620280242901e-03	0.0000000000000000e+00	1.7056441168573845e-03
4.8520153205442399e-03	0.0000000000000000e+00	1.9238073196729025e-03
4.8694686130641802e-03	0.0000000000000000e+00	2.1233490063619380e-03
4.8869219055841196e-03	0.0000000000000000e+00	2.2857042189165133e-03
4.9043751981040704e-03	0.0000000000000000e+00	2.3955521729037920e-03
4.9218284906240098e-03	0.0000000000000000e+00	2.4422721050220506e-03
4.9392817831439501e-03	0.0000000000000000e+00	2.4210177268406837e-03
4.9567350756638999e-03	0.0000000000000000e+00	2.3332998177431896e-03
4.9741883681838402e-03	0.0000000000000000e+00	2.1870070044025408e-03
4.9916416607037797e-03	0.0000000000000000e+00	1.9958281962062963e-03
5.0090949532237304e-03	0.0000000000000000e+00	1.7780922302148125e-03
5.0265482457436698e-03	0.0000000000000000e+00	1.5551042384579119e-03
5.0440015382636101e-03	0.0000000000000000e+00	1.3491097022475806e-03
5.0614548307835600e-03	0.0000000000000000e+00	1.1810811891125393e-03
5.0789081233035003e-03	0.0000000000000000e+00	1.0685438367871161e-03
5.0963614158234397e-03	0.0000000000000000e+00	1.0236847808407028e-03
5.1138147083433904e-03	0.0000000000000000e+00	1.0519724732253306e-03
5.1312680008633298e-03	0.0000000000000000e+00	1.1514551964655324e-03
5.1487212933832701e-03	0.0000000000000000e+00	1.3128504109673326e-03
5.1661745859032200e-03	0.0000000000000000e+00	1.5204278825009748e-03
5.1836278784231603e-03	0.0000000000000000e+00	1.7536057239268149e-03
5.2010811709430997e-03	0.0000000000000000e+00	1.9890892097832440e-03
5.2185344634630504e-03	0.0000000000000000e+00	2.2033076152957369e-03
5.2359877559829899e-03	0.0000000000000000e+00	2.3748746030668381e-03
5.2534410485029302e-03	0.0000000000000000e+00	2.4868044379246761e-03
5.2708943410228696e-03	0.0000000000000000e+00	2.5282357735608939e-03
5.2883476335428203e-03	0.0000000000000000e+00	2.4954900013679079e-03
5.3058009260627597e-03	0.0000000000000000e+00	2.3923579722191931e-03
5.3232542185827000e-03	0.0000000000000000e+00	2.2296203244598551e-03
5.3407075111026499e-03	0.0000000000000000e+00	2.0238663326554323e-03
5.3581608036225902e-03	0.0000000000000000e+00	1.7957531600816640e-03
5.3756140961425296e-03	0.0000000000000000e+00	1.5679122117763431e-03
5.3930673886624803e-03	0.0000000000000000e+00	1.3627160882664598e-03
5.4105206811824198e-03	0.0000000000000000e+00	1.2001310555137634e-03
5.4279739737023601e-03	0.0000000000000000e+00	1.0958575706269565e-03
5.4454272662223099e-03	0.0000000000000000e+00	1.0599191695431218e-03
5.4628805587422502e-03	0.0000000000000000e+00	1.0958109697940949e-03
5.4803338512621896e-03	0.0000000000000000e+00	1.2002620395229814e-03
5.4977871437821403e-03	0.0000000000000000e+00	1.3636094153961571e-03
5.5152404363020798e-03	0.0000000000000000e+00	1.5707315706714909e-03
5.5326937288220201e-03	0.0000000000000000e+00	1.8024484303207976e-03
5.5501470213419699e-03	0.0000000000000000e+00	2.0372618509530076e-03
5.5676003138619102e-03	0.0000000000000000e+00	2.2532949645826940e-03
5.5850536063818497e-03	0.0000000000000000e+00	2.4302680703753390e-03
5.6025068989018004e-03	0.0000000000000000e+00	2.5513589784503525e-03
5.6199601914217398e-03	0.0000000000000000e+00	2.6047870927722269e-03
5.6374134839416801e-03	0.0000000000000000e+00	2.5849925793588915e-03
5.6548667764616299e-03	0.0000000000000000e+00	2.4932836029231014e-03
5.6723200689815702e-03	0.0000000000000000e+00	2.3378736664648038e-03
5.6897733615015097e-03	0.0000000000000000e+00	2.1332733079625576e-03
5.7072266540214604e-03	0.0000000000000000e+00	1.8990482587227246e-03
5.7246799465413998e-03	0.0000000000000000e+00	1.6580298671474798e-03
5.7421332390613401e-03	0.0000000000000000e+00	1.4341234719937540e-03
5.7595865315812900e-03	0.0000000000000000e+00	1.2499227716830058e-03
5.7770398241012303e-03	0.0000000000000000e+00	1.1243660047417208e-03
5.7944931166211697e-03	0.0000000000000000e+00	1.0707015472484897e-03
5.8119464091411204e-03	0.0000000000000000e+00	1.0949986289614435e-03
5.8293997016610598e-03	0.0000000000000000e+00	1.1953932959995865e-03
5.8468529941810002e-03	0.0000000000000000e+00	1.3621818067385781e-03
5.8643062867009500e-03	0.0000000000000000e+00	1.5787647779145308e-03
5.8817595792208903e-03	0.0000000000000000e+00	1.8233522098348291e-03
5.8992128717408297e-03	0.0000000000000000e+00	2.0712440296333529e-03
5.9166661642607796e-03	0.0000000000000000e+00	2.2974223691828812e-03
5.9341194567807199e-03	0.0000000000000000e+00	2.4791665018523553e-03
5.9515727493006602e-03	0.0000000000000000e+00	2.5983994004186157e-03
5.9690260418206100e-03	0.0000000000000000e+00	2.6435096446424501e-03
5.9864793343405503e-03	0.0000000000000000e+00	2.6104629251994310e-03
6.0039326268604898e-03	0.0000000000000000e+00	2.5031089046476176e-03
6.0213859193804396e-03	0.0000000000000000e+00	2.3326590521436400e-03
6.0388392119003799e-03	0.0000000000000000e+00	2.1164461761948973e-03
6.0562925044203202e-03	0.0000000000000000e+00	1.8760946163915888e-03
6.0737457969402700e-03	0.0000000000000000e+00	1.6353185790583100e-03
6.0911990894602103e-03	0.0000000000000000e+00	1.4175822187935583e-03
6.1086523819801498e-03	0.0000000000000000e+00	1.2438528346503770e-03
6.1261056745000996e-03	0.0000000000000000e+00	1.1306560836140084e-03
6.1435589670200399e-03	0.0000000000000000e+00	1.0886018968225540e-03
6.1610122595399802e-03	0.0000000000000000e+00	1.1214952047226539e-03
6.1784655520599301e-03	0.0000000000000000e+00	1.2260854031815461e-03
6.1959188445798704e-03	0.0000000000000000e+00	1.3924532670162920e-03
6.2133721370998098e-03	0.0000000000000000e+00	1.6049789155531118e-03
6.2308254296197596e-03	0.0000000000000000e+00	1.8437940245149595e-03
6.2482787221396999e-03	0.0000000000000000e+00	2.0865892251174844e-03
6.2657320146596402e-03	0.0000000000000000e+00	2.3106244934428637e-03
6.2831853071795901e-03	0.0000000000000000e+00	2.4947843052251315e-03
6.3006385996995304e-03	0.0000000000000000e+00	2.6215079766989495e-03
6.3180918922194698e-03	0.0000000000000000e+00	2.6784386361412339e-03
6.3355451847394197e-03	0.0000000000000000e+00	2.6596502172086338e-03
6.3529984772593600e-03	0.0000000000000000e+00	2.5663267466057636e-03
6.3704517697793003e-03	0.0000000000000000e+00	2.4068067195738632e-03
6.3879050622992501e-03	0.0000000000000000e+00	2.1959608492388275e-03
6.4053583548191904e-03	0.0000000000000000e+00	1.9539141407826613e-03
6.4228116473391298e-03	0.0000000000000000e+00	1.7041944428323713e-03
6.4402649398590797e-03	0.0000000000000000e+00	1.4714737851322171e-03
6.4577182323790200e-03	0.0000000000000000e+00	1.2790996551645527e-03
6.4751715248989603e-03	0.0000000000000000e+00	1.1466756956932851e-03
6.4926248174188997e-03	0.0000000000000000e+00	1.0879623578073832e-03
6.5100781099388504e-03	0.0000000000000000e+00	1.1093366833107778e-03
6.5275314024587899e-03	0.0000000000000000e+00	1.2090158775468483e-03
6.5449846949787302e-03	0.0000000000000000e+00	1.3771513912058688e-03
6.5624379874986800e-03	0.0000000000000000e+00	1.5967993991626672e-03
6.5798912800186203e-03	0.0000000000000000e+00	1.8456729972363597e-03
6.5973445725385597e-03	0.0000000000000000e+00	2.0984838619203961e-03
6.6147978650585096e-03	0.0000000000000000e+00	2.3296016733868460e-03
6.6322511575784499e-03	0.0000000000000000e+00	2.5157345062395147e-03
6.6497044500983902e-03	0.0000000000000000e+00	2.6383313233644943e-03
6.6671577426183400e-03	0.0000000000000000e+00	2.6854453356547712e-03
6.6846110351382803e-03	0.0000000000000000e+00	2.6528690350675287e-03
6.7020643276582198e-03	0.0000000000000000e+00	2.5444461473163320e-03
6.7195176201781696e-03	0.0000000000000000e+00	2.3715368733082196e-03
6.7369709126981099e-03	0.0000000000000000e+00	2.1517510287152580e-03
6.7544242052180502e-03	0.0000000000000000e+00	1.9070812172903957e-03
6.7718774977380001e-03	0.0000000000000000e+00	1.6616588822360066e-03
6.7893307902579404e-03	0.0000000000000000e+00	1.4393711889744414e-03
6.8067840827778798e-03	0.0000000000000000e+00	1.2615740903073034e-03
6.8242373752978296e-03	0.0000000000000000e+00	1.1451140156645003e-03
6.8416906678177699e-03	0.0000000000000000e+00	1.1008288996378788e-03
6.8591439603377102e-03	0.0000000000000000e+00	1.1326440925902178e-03
6.8765972528576601e-03	0.0000000000000000e+00	1.2373173620268726e-03
6.8940505453776004e-03	0.0000000000000000e+00	1.4048310219819395e-03
6.9115038378975398e-03	0.0000000000000000e+00	1.6193739618448090e-03
6.9289571304174897e-03	0.0000000000000000e+00	1.8608146111337423e-03
6.9464104229374300e-03	0.0000000000000000e+00	2.1065344315450256e-03
6.9638637154573703e-03	0.0000000000000000e+00	2.3334671044509055e-03
6.9813170079773201e-03	0.0000000000000000e+00	2.5201831916329153e-03
6.9987703004972604e-03	0.0000000000000000e+00	2.6488482601182920e-03
7.0162235930171998e-03	0.0000000000000000e+00	2.7068960239697722e-03
7.0336768855371497e-03	0.0000000000000000e+00	2.6882737071631017e-03
7.0511301780570900e-03	0.0000000000000000e+00	2.5941320908701212e-03
7.0685834705770303e-03	0.0000000000000000e+00	2.4328718089024668e-03
7.0860367630969801e-03	0.0000000000000000e+00	2.2195150591778302e-03
7.1034900556169204e-03	0.0000000000000000e+00	1.9744104977727456e-03
7.1209433481368599e-03	0.0000000000000000e+00	1.7213598824688853e-03
7.1383966406568097e-03	0.0000000000000000e+00	1.4853305177254582e-03
7.1558499331767500e-03	0.0000000000000000e+00	1.2899557517263229e-03
7.1733032256966903e-03	0.0000000000000000e+00	1.1550872315466427e-03
7.1907565182166401e-03	0.0000000000000000e+00	1.0946693684449082e-03
7.2082098107365796e-03	0.0000000000000000e+00	1.1151838506426538e-03
7.2256631032565199e-03	0.0000000000000000e+00	1.2148626743227733e-03
7.2431163957764697e-03	0.0000000000000000e+00	1.3837848190096978e-03
7.2605696882964100e-03	0.0000000000000000e+00	1.6048591815546731e-03
7.2780229808163503e-03	0.0000000000000000e+00	1.8555950186634801e-03
7.2954762733363002e-03	0.0000000000000000e+00	2.1104658398119645e-03
7.3129295658562396e-03	0.0000000000000000e+00	2.3435980185395988e-03
7.3303828583761799e-03	0.0000000000000000e+00	2.5314752999734550e-03
7.3478361508961297e-03	0.0000000000000000e+00	2.6553604961364499e-03
7.3652894434160700e-03	0.0000000000000000e+00	2.7031753005992074e-03
7.3827427359360103e-03	0.0000000000000000e+00	2.6706480511638070e-03
7.4001960284559602e-03	0.0000000000000000e+00	2.5616184867373131e-03
7.4176493209758996e-03	0.0000000000000000e+00	2.3875072623043203e-03
7.4351026134958399e-03	0.0000000000000000e+00	2.1660344555805866e-03
7.4525559060157898e-03	0.0000000000000000e+00	1.9193392573219259e-03
7.4700091985357301e-03	0.0000000000000000e+00	1.6717197787578483e-03
7.4874624910556704e-03	0.0000000000000000e+00	1.4472344926414877e-03
7.5049157835756202e-03	0.0000000000000000e+00	1.2673992829432767e-03
7.5223690760955596e-03	0.0000000000000000e+00	1.1491963366170243e-03
7.5398223686154999e-03	0.0000000000000000e+00	1.1035658847669857e-03
7.5572756611354498e-03	0.0000000000000000e+00	1.1344952144414829e-03
7.5747289536553901e-03	0.0000000000000000e+00	1.2387620836193164e-03
7.5921822461753304e-03	0.0000000000000000e+00	1.4063275470587602e-03
7.6096355386952802e-03	0.0000000000000000e+00	1.6213226153006667e-03
7.6270888312152197e-03	0.0000000000000000e+00	1.8635287909353542e-03
7.6445421237351600e-03	0.0000000000000000e+00	2.1102194740043163e-03
7.6619954162551098e-03	0.0000000000000000e+00	2.3382111512851010e-03
7.6794487087750501e-03	0.0000000000000000e+00	2.5259562724395056e-03
7.6969020012949904e-03	0.0000000000000000e+00	2.6555138640588375e-03
7.7143552938149403e-03	0.0000000000000000e+00	2.7142300464385229e-03
7.7318085863348797e-03	0.0000000000000000e+00	2.6959919194535441e-03
7.7492618788548200e-03	0.0000000000000000e+00	2.6019199984662969e-03
7.7667151713747698e-03	0.0000000000000000e+00	2.4404190379675242e-03
7.7841684638947101e-03	0.0000000000000000e+00	2.2265450039396376e-03
7.8016217564146496e-03	0.0000000000000000e+00	1.9807065369844032e-03
7.8190750489345994e-03	0.0000000000000000e+00	1.7267849109616675e-03
7.8365283414545406e-03	0.0000000000000000e+00	1.4898353202222082e-03
7.8539816339744800e-03	0.0000000000000000e+00	1.2935807146945829e-03
7.8714349264944194e-03	0.0000000000000000e+00	1.1579520549099924e-03
7.8888882190143693e-03	0.0000000000000000e+00	1.0969553969170348e-03
7.9063415115343105e-03	0.0000000000000000e+00	1.1171102071488731e-03
7.9237948040542603e-03	0.0000000000000000e+00	1.2166604671905727e-03
7.9412480965741997e-03	0.0000000000000000e+00	1.3856716213363524e-03
7.9587013890941392e-03	0.0000000000000000e+00	1.6070157835437464e-03
7.9761546816140907e-03	0.0000000000000000e+00	1.8581481951388896e-03
7.9936079741340302e-03	0.0000000000000000e+00	2.1134803043215129e-03
8.0110612666539696e-03	0.0000000000000000e+00	2.3470736674879537e-03
8.0285145591739195e-03	0.0000000000000000e+00	2.5353512213270733e-03
8.0459678516938606e-03	0.0000000000000000e+00	2.6595284856887843e-03
8.0634211442138001e-03	0.0000000000000000e+00	2.7074961153544207e-03
8.0808744367337395e-03	0.0000000000000000e+00	2.6749682042767663e-03
8.0983277292536893e-03	0.0000000000000000e+00	2.5657877407024060e-03
8.1157810217736305e-03	0.0000000000000000e+00	2.3913963916648924e-03
8.1332343142935803e-03	0.0000000000000000e+00	2.1695485230772134e-03
8.1506876068135198e-03	0.0000000000000000e+00	1.9224246560056537e-03
8.1681408993334592e-03	0.0000000000000000e+00	1.6743690418454546e-03
8.1855941918534108e-03	0.0000000000000000e+00	1.4494844516617317e-03
8.2030474843733502e-03	0.0000000000000000e+00	1.2693259205094681e-03
8.2205007768932897e-03	0.0000000000000000e+00	1.1509056155069768e-03
8.2379540694132308e-03	0.0000000000000000e+00	1.1051824240440771e-03
8.2554073619331807e-03	0.0000000000000000e+00	1.1361495917078027e-03
8.2728606544531201e-03	0.0000000000000000e+00	1.2405782635262110e-03
8.2903139469730595e-03	0.0000000000000000e+00	1.4084107144365868e-03
8.3077672394930094e-03	0.0000000000000000e+00	1.6237504676534645e-03
8.3252205320129506e-03	0.0000000000000000e+00	1.8663435390249769e-03
8.3426738245328900e-03	0.0000000000000000e+00	2.1134251084171827e-03
8.3601271170528398e-03	0.0000000000000000e+00	2.3417723069735267e-03
8.3775804095727793e-03	0.0000000000000000e+00	2.5298014908743745e-03
8.3950337020927204e-03	0.0000000000000000e+00	2.6595413683243359e-03
8.4124869946126703e-03	0.0000000000000000e+00	2.7183162350261228e-03
8.4299402871326097e-03	0.0000000000000000e+00	2.7000020127472485e-03
8.4473935796525491e-03	0.0000000000000000e+00	2.6057191687207299e-03
8.4648468721725007e-03	0.0000000000000000e+00	2.4438837236869988e-03
8.4823001646924402e-03	0.0000000000000000e+00	2.2295730126501915e-03
8.4997534572123796e-03	0.0000000000000000e+00	1.9832253922109624e-03
8.5172067497323294e-03	0.0000000000000000e+00	1.7287575638033474e-03
8.5346600422522706e-03	0.0000000000000000e+00	1.4912615051881030e-03
8.5521133347722100e-03	0.0000000000000000e+00	1.2944962640148233e-03
8.5695666272921599e-03	0.0000000000000000e+00	1.1584249193223844e-03
8.5870199198120993e-03	0.0000000000000000e+00	1.0970773104060940e-03
8.6044732123320405e-03	0.0000000000000000e+00	1.1169891098357400e-03
8.6219265048519903e-03	0.0000000000000000e+00	1.2164096323382155e-03
8.6393797973719298e-03	0.0000000000000000e+00	1.3854003836491712e-03
8.6568330898918692e-03	0.0000000000000000e+00	1.6068208465151038e-03
8.6742863824118208e-03	0.0000000000000000e+00	1.8581067594323831e-03
8.6917396749317602e-03	0.0000000000000000e+00	2.1136452980254536e-03
8.7091929674516996e-03	0.0000000000000000e+00	2.3474722773136475e-03
8.7266462599716495e-03	0.0000000000000000e+00	2.5359851602618087e-03
8.7440995524915906e-03	0.0000000000000000e+00	2.6603764320432804e-03
8.7615528450115301e-03	0.0000000000000000e+00	2.7085182218063823e-03
8.7790061375314799e-03	0.0000000000000000e+00	2.6761102723854044e-03
8.7964594300514194e-03	0.0000000000000000e+00	2.5669914454385760e-03
8.8139127225713605e-03	0.0000000000000000e+00	2.3926015689870227e-03
8.8313660150913104e-03	0.0000000000000000e+00	2.1706969250975734e-03
8.8488193076112498e-03	0.0000000000000000e+00	1.9234668205149064e-03
8.8662726001311892e-03	0.0000000000000000e+00	1.6752661482297624e-03
8.8837258926511408e-03	0.0000000000000000e+00	1.4502101507781857e-03
8.9011791851710802e-03	0.0000000000000000e+00	1.2698669546019985e-03
8.9186324776910197e-03	0.0000000000000000e+00	1.1512612956902665e-03
8.9360857702109695e-03	0.0000000000000000e+00	1.1053629945530987e-03
8.9535390627309107e-03	0.0000000000000000e+00	1.1361744473107349e-03
8.9709923552508501e-03	0.0000000000000000e+00	1.2404730039211086e-03
8.9884456477708000e-03	0.0000000000000000e+00	1.4082055089523606e-03
9.0058989402907394e-03	0.0000000000000000e+00	1.6234761630717239e-03
9.0233522328106806e-03	0.0000000000000000e+00	1.8660306607769601e-03
9.0408055253306304e-03	0.0000000000000000e+00	2.1131009191359094e-03
9.0582588178505698e-03	0.0000000000000000e+00	2.3414601029305500e-03
9.0757121103705093e-03	0.0000000000000000e+00	2.5295201597017409e-03
9.0931654028904609e-03	0.0000000000000000e+00	2.6593047918322759e-03
9.1106186954104003e-03	0.0000000000000000e+00	2.7181342068451882e-03
9.1280719879303397e-03	0.0000000000000000e+00	2.6998807885599890e-03
9.1455252804502896e-03	0.0000000000000000e+00	2.6056626912457862e-03
9.1629785729702307e-03	0.0000000000000000e+00	2.4438948989224840e-03
9.1804318654901702e-03	0.0000000000000000e+00	2.2296547236802357e-03
9.1978851580101200e-03	0.0000000000000000e+00	1.9833812873833478e-03
9.2153384505300594e-03	0.0000000000000000e+00	1.7289924788728335e-03
9.2327917430500006e-03	0.0000000000000000e+00	1.4915819595085829e-03
9.2502450355699505e-03	0.0000000000000000e+00	1.2949096765199877e-03
9.2676983280898899e-03	0.0000000000000000e+00	1.1589383465148934e-03
9.2851516206098293e-03	0.0000000000000000e+00	1.0976970409512900e-03
9.3026049131297792e-03	0.0000000000000000e+00	1.1177183385609843e-03
9.3200582056497203e-03	0.0000000000000000e+00	1.2172478397242861e-03
9.3375114981696598e-03	0.0000000000000000e+00	1.3863418709404000e-03
9.3549647906896096e-03	0.0000000000000000e+00	1.6078540668694773e-03
9.3724180832095508e-03	0.0000000000000000e+00	1.8592142518641006e-03
9.3898713757294902e-03	0.0000000000000000e+00	2.1148044566418559e-03
9.4073246682494296e-03	0.0000000000000000e+00	2.3486558036512921e-03
9.4247779607693795e-03	0.0000000000000000e+00	2.5371630962656559e-03
9.4422312532893207e-03	0.0000000000000000e+00	2.6615181814230414e-03
9.4596845458092705e-03	0.0000000000000000e+00	2.7095944555311810e-03
9.4771378383292099e-03	0.0000000000000000e+00	2.6770942925653648e-03
9.4945911308491494e-03	0.0000000000000000e+00	2.5678621886709545e-03
9.5120444233690905e-03	0.0000000000000000e+00	2.3933437396240274e-03
9.5294977158890404e-03	0.0000000000000000e+00	2.1713031302679989e-03
9.5469510084089798e-03	0.0000000000000000e+00	1.9239371594029927e-03
9.5644043009289192e-03	0.0000000000000000e+00	1.6756084359775025e-03
9.5818575934488708e-03	0.0000000000000000e+00	1.4504391304051057e-03
9.5993108859688103e-03	0.0000000000000000e+00	1.2700030629268185e-03
9.6167641784887497e-03	0.0000000000000000e+00	1.1513292625200994e-03
9.6342174710086995e-03	0.0000000000000000e+00	1.1053899003918178e-03
9.6516707635286407e-03	0.0000000000000000e+00	1.1361880259972295e-03
9.6691240560485905e-03	0.0000000000000000e+00	1.2404996916649865e-03
9.6865773485685300e-03	0.0000000000000000e+00	1.4082686820727163e-03
9.7040306410884694e-03	0.0000000000000000e+00	1.6235947852689515e-03
9.7214839336084106e-03	0.0000000000000000e+00	1.8662179542817316e-03
9.7389372261283604e-03	0.0000000000000000e+00	2.1133639206009957e-03
9.7563905186482999e-03	0.0000000000000000e+00	2.3417989940477339e-03
9.7738438111682393e-03	0.0000000000000000e+00	2.5299283900626435e-03
9.7912971036881909e-03	0.0000000000000000e+00	2.6597702305294520e-03
9.8087503962081303e-03	0.0000000000000000e+00	2.7186400277280230e-03
9.8262036887280697e-03	0.0000000000000000e+00	2.7004057542431440e-03
9.8436569812480196e-03	0.0000000000000000e+00	2.6061839475102701e-03
9.8611102737679607e-03	0.0000000000000000e+00	2.4443877272883967e-03
9.8785635662879106e-03	0.0000000000000000e+00	2.2300949536799837e-03
9.8960168588078500e-03	0.0000000000000000e+00	1.9837471625630265e-03
9.9134701513277895e-03	0.0000000000000000e+00	1.7292647978841369e-03
9.9309234438477306e-03	0.0000000000000000e+00	1.4917469137506918e-03
9.9483767363676805e-03	0.0000000000000000e+00	1.2949576691191759e-03
9.9658300288876199e-03	0.0000000000000000e+00	1.1588648057656824e-03
9.9832833214075593e-03	0.0000000000000000e+00	1.0975029228535162e-03
1.0000736613927501e-02	0.0000000000000000e+00	1.1174097957077868e-03
1.0018189906447501e-02	0.0000000000000000e+00	1.2168355899415007e-03
1.0035643198967400e-02	0.0000000000000000e+00	1.3858399802746070e-03
1.0053096491487300e-02	0.0000000000000000e+00	1.6072798354378108e-03
1.0070549784007300e-02	0.0000000000000000e+00	1.8585876654042181e-03
1.0088003076527199e-02	0.0000000000000000e+00	2.1141457243391126e-03
1.0105456369047200e-02	0.0000000000000000e+00	2.3479853842154289e-03
1.0122909661567101e-02	0.0000000000000000e+00	2.5365022323238619e-03
1.0140362954087099e-02	0.0000000000000000e+00	2.6608864297339111e-03
1.0157816246607001e-02	0.0000000000000000e+00	2.7090085433837284e-03
1.0175269539126900e-02	0.0000000000000000e+00	2.6765708773791052e-03
1.0192722831646900e-02	0.0000000000000000e+00	2.5674126497756706e-03
1.0210176124166800e-02	0.0000000000000000e+00	2.3929769683712484e-03
1.0227629416686800e-02	0.0000000000000000e+00	2.1710252116061762e-03
1.0245082709206699e-02	0.0000000000000000e+00	1.9237508690307041e-03
1.0262536001726700e-02	0.0000000000000000e+00	1.6755128089121615e-03
1.0279989294246601e-02	0.0000000000000000e+00	1.4504302623155488e-03
1.0297442586766500e-02	0.0000000000000000e+00	1.2700739564714542e-03
1.0314895879286501e-02	0.0000000000000000e+00	1.1514702094267940e-03
1.0332349171806400e-02	0.0000000000000000e+00	1.1055892269699523e-03
1.0349802464326400e-02	0.0000000000000000e+00	1.1364322167437305e-03
1.0367255756846300e-02	0.0000000000000000e+00	1.2407744479323466e-03
1.0384709049366300e-02	0.0000000000000000e+00	1.4085591654653049e-03
1.0402162341886199e-02	0.0000000000000000e+00	1.6238865825369971e-03
1.0419615634406101e-02	0.0000000000000000e+00	1.8664976758554306e-03
1.0437068926926101e-02	0.0000000000000000e+00	2.1136195763299900e-03
1.0454522219446000e-02	0.0000000000000000e+00	2.3420210383574662e-03
1.0471975511966001e-02	0.0000000000000000e+00	2.5298932216807441e-03
1.0489428804485900e-02	0.0000000000000000e+00	2.6596994287002565e-03
1.0506882097005900e-02	0.0000000000000000e+00	2.7185316105624263e-03
1.0524335389525800e-02	0.0000000000000000e+00	2.7002611998865806e-03
1.0541788682045699e-02	0.0000000000000000e+00	2.6060067904323365e-03
1.0559241974565699e-02	0.0000000000000000e+00	2.4441849140674123e-03
1.0576695267085601e-02	0.0000000000000000e+00	2.2298756279627106e-03
1.0594148559605601e-02	0.0000000000000000e+00	1.9835217586164507e-03
1.0611601852125500e-02	0.0000000000000000e+00	1.7290454810157279e-03
1.0629055144645501e-02	0.0000000000000000e+00	1.4915450323384179e-03
1.0646508437165400e-02	0.0000000000000000e+00	1.2947849245186350e-03
1.0663961729685400e-02	0.0000000000000000e+00	1.1587321422370997e-03
1.0681415022205300e-02	0.0000000000000000e+00	1.0974194088658126e-03
1.0698868314725199e-02	0.0000000000000000e+00	1.1173821007829231e-03
1.0716321607245199e-02	0.0000000000000000e+00	1.2168676942156552e-03
1.0733774899765101e-02	0.0000000000000000e+00	1.3859333920852044e-03
1.0751228192285101e-02	0.0000000000000000e+00	1.6074327575521137e-03
1.0768681484805000e-02	0.0000000000000000e+00	1.8587946778077207e-03
1.0786134777325001e-02	0.0000000000000000e+00	2.1143995340552938e-03
1.0803588069844900e-02	0.0000000000000000e+00	2.3482763171386095e-03
1.0821041362364800e-02	0.0000000000000000e+00	2.5368173041298374e-03
1.0838494654884800e-02	0.0000000000000000e+00	2.6612117017894093e-03
1.0855947947404699e-02	0.0000000000000000e+00	2.7093302748631932e-03
1.0873401239924699e-02	0.0000000000000000e+00	2.6768729711146122e-03
1.0890854532444601e-02	0.0000000000000000e+00	2.5676819908207701e-03
1.0908307824964599e-02	0.0000000000000000e+00	2.3932011379837791e-03
1.0925761117484500e-02	0.0000000000000000e+00	2.1711930510700255e-03
1.0943214410004400e-02	0.0000000000000000e+00	1.9238534348930175e-03
1.0960667702524400e-02	0.0000000000000000e+00	1.6755442176981320e-03
1.0978120995044300e-02	0.0000000000000000e+00	1.4503872364981219e-03
1.0995574287564300e-02	0.0000000000000000e+00	1.2699563790040736e-03
1.1013027580084199e-02	0.0000000000000000e+00	1.1512810223788027e-03
1.1030480872604199e-02	0.0000000000000000e+00	1.1053340408210140e-03
1.1047934165124101e-02	0.0000000000000000e+00	1.1361193611913966e-03
1.1065387457644000e-02	0.0000000000000000e+00	1.2404141518527730e-03
1.1082840750164000e-02	0.0000000000000000e+00	1.4081634582140963e-03
1.1100294042683900e-02	0.0000000000000000e+00	1.6234683816632978e-03
1.1117747335203900e-02	0.0000000000000000e+00	1.8660703061289356e-03
1.1135200627723800e-02	0.0000000000000000e+00	2.1131962820891124e-03
1.1152653920243800e-02	0.0000000000000000e+00	2.3416139883636836e-03
1.1170107212763699e-02	0.0000000000000000e+00	2.5297298015003267e-03
1.1187560505283699e-02	0.0000000000000000e+00	2.6595629006932672e-03
1.1205013797803601e-02	0.0000000000000000e+00	2.7184296887170912e-03
1.1222467090323500e-02	0.0000000000000000e+00	2.7001987838277917e-03
1.1239920382843500e-02	0.0000000000000000e+00	2.6059870740122969e-03
1.1257373675363400e-02	0.0000000000000000e+00	2.4442079991185829e-03
1.1274826967883400e-02	0.0000000000000000e+00	2.2299386267638599e-03
1.1292280260403300e-02	0.0000000000000000e+00	1.9836203817442332e-03
1.1309733552923300e-02	0.0000000000000000e+00	1.7291740454325123e-03
1.1327186845443199e-02	0.0000000000000000e+00	1.4916964647540818e-03
1.1344640137963101e-02	0.0000000000000000e+00	1.2949510996851214e-03
1.1362093430483101e-02	0.0000000000000000e+00	1.1589047841716953e-03
1.1379546723003000e-02	0.0000000000000000e+00	1.0975903831612244e-03
1.1397000015523000e-02	0.0000000000000000e+00	1.1175423752201857e-03
1.1414453308042900e-02	0.0000000000000000e+00	1.2170100902366349e-03
1.1431906600562900e-02	0.0000000000000000e+00	1.3860520247499066e-03
1.1449359893082800e-02	0.0000000000000000e+00	1.6075227672937853e-03
1.1466813185602699e-02	0.0000000000000000e+00	1.8588534229254797e-03
1.1484266478122699e-02	0.0000000000000000e+00	2.1144262162419917e-03
1.1501719770642601e-02	0.0000000000000000e+00	2.3482720948141212e-03
1.1519173063162601e-02	0.0000000000000000e+00	2.5367860283489166e-03
1.1536626355682500e-02	0.0000000000000000e+00	2.6611582471018692e-03
1.1554079648202500e-02	0.0000000000000000e+00	2.7092606226847464e-03
1.1571532940722400e-02	0.0000000000000000e+00	2.6767965932929932e-03
1.1588986233242300e-02	0.0000000000000000e+00	2.5676070809409479e-03
1.1606439525762300e-02	0.0000000000000000e+00	2.3931361538428249e-03
1.1623892818282199e-02	0.0000000000000000e+00	2.1711476530134896e-03
1.1641346110802199e-02	0.0000000000000000e+00	1.9238358257606925e-03
1.1658799403322101e-02	0.0000000000000000e+00	1.6755612701591035e-03
1.1676252695842101e-02	0.0000000000000000e+00	1.4504449238944585e-03
1.1693705988362000e-02	0.0000000000000000e+00	1.2700587953608639e-03
1.1711159280882000e-02	0.0000000000000000e+00	1.1514305054535620e-03
1.1728612573401900e-02	0.0000000000000000e+00	1.1055310618736075e-03
1.1746065865921800e-02	0.0000000000000000e+00	1.1363622672754549e-03
1.1763519158441800e-02	0.0000000000000000e+00	1.2406993586854429e-03
1.1780972450961699e-02	0.0000000000000000e+00	1.4084854782190741e-03
1.1798425743481699e-02	0.0000000000000000e+00	1.6238204566269400e-03
1.1815879036001601e-02	0.0000000000000000e+00	1.8664440429958604e-03
1.1833332328521601e-02	0.0000000000000000e+00	2.1135826230348712e-03
1.1850785621041500e-02	0.0000000000000000e+00	2.3420031368671717e-03
1.1868238913561400e-02	0.0000000000000000e+00	2.5301123584541450e-03
1.1885692206081400e-02	0.0000000000000000e+00	2.6599291940658460e-03
1.1903145498601300e-02	0.0000000000000000e+00	2.7187708081173405e-03
1.1920598791121300e-02	0.0000000000000000e+00	2.7005071688689978e-03
1.1938052083641199e-02	0.0000000000000000e+00	2.6062564739229572e-03
1.1955505376161199e-02	0.0000000000000000e+00	2.4444334911974310e-03
1.1972958668681101e-02	0.0000000000000000e+00	2.2301184735358148e-03
1.1990411961201000e-02	0.0000000000000000e+00	1.9837533202784882e-03
1.2007865253721000e-02	0.0000000000000000e+00	1.7292602022233091e-03
1.2025318546240900e-02	0.0000000000000000e+00	1.4917389025582519e-03
1.2042771838760900e-02	0.0000000000000000e+00	1.2949529478073632e-03
1.2060225131280800e-02	0.0000000000000000e+00	1.1588710583225038e-03
1.2077678423800800e-02	0.0000000000000000e+00	1.0975268535127313e-03
1.2095131716320699e-02	0.0000000000000000e+00	1.1174568987654147e-03
1.2112585008840600e-02	0.0000000000000000e+00	1.2169100401040879e-03
1.2130038301360601e-02	0.0000000000000000e+00	1.3859444997683453e-03
1.2147491593880500e-02	0.0000000000000000e+00	1.6074150981983250e-03
1.2164944886400500e-02	0.0000000000000000e+00	1.8587522354511663e-03
1.2182398178920400e-02	0.0000000000000000e+00	2.1143363210100333e-03
1.2199851471440400e-02	0.0000000000000000e+00	2.3481973262793332e-03
1.2217304763960300e-02	0.0000000000000000e+00	2.5367291958035706e-03
1.2234758056480201e-02	0.0000000000000000e+00	2.6611199449964266e-03
1.2252211349000199e-02	0.0000000000000000e+00	2.7092405748368668e-03
1.2269664641520101e-02	0.0000000000000000e+00	2.6767915512644646e-03
1.2287117934040101e-02	0.0000000000000000e+00	2.5676137272945473e-03
1.2304571226560000e-02	0.0000000000000000e+00	2.3931512238778065e-03
1.2322024519080000e-02	0.0000000000000000e+00	2.1711650052334839e-03
1.2339477811599900e-02	0.0000000000000000e+00	1.9238501601796171e-03
1.2356931104119900e-02	0.0000000000000000e+00	1.6755672666598016e-03
1.2374384396639800e-02	0.0000000000000000e+00	1.4504371371101105e-03
1.2391837689159701e-02	0.0000000000000000e+00	1.2700323844457165e-03
1.2409290981679699e-02	0.0000000000000000e+00	1.1513812318137910e-03
1.2426744274199601e-02	0.0000000000000000e+00	1.1054556777790599e-03
1.2444197566719601e-02	0.0000000000000000e+00	1.1362585820278417e-03
1.2461650859239500e-02	0.0000000000000000e+00	1.2405666757440942e-03
1.2479104151759500e-02	0.0000000000000000e+00	1.4083243403789341e-03
1.2496557444279400e-02	0.0000000000000000e+00	1.6236325030527144e-03
1.2514010736799299e-02	0.0000000000000000e+00	1.8662326017424759e-03
1.2531464029319300e-02	0.0000000000000000e+00	2.1133514860320027e-03
1.2548917321839201e-02	0.0000000000000000e+00	2.3417580053580285e-03
1.2566370614359199e-02	0.0000000000000000e+00	2.5298589993980099e-03
1.2583823906879101e-02	0.0000000000000000e+00	2.6596744646623744e-03
1.2601277199399101e-02	0.0000000000000000e+00	2.7185212054616670e-03
1.2618730491919000e-02	0.0000000000000000e+00	2.7002691826248449e-03
1.2636183784438900e-02	0.0000000000000000e+00	2.6060359970710282e-03
1.2653637076958900e-02	0.0000000000000000e+00	2.4442360793284763e-03
1.2671090369478799e-02	0.0000000000000000e+00	2.2299488995376152e-03
1.2688543661998800e-02	0.0000000000000000e+00	1.9836148289825587e-03
1.2705996954518701e-02	0.0000000000000000e+00	1.7291556081026967e-03
1.2723450247038699e-02	0.0000000000000000e+00	1.4916686469897244e-03
1.2740903539558601e-02	0.0000000000000000e+00	1.2949170558718141e-03
1.2758356832078500e-02	0.0000000000000000e+00	1.1588680957938056e-03
1.2775810124598500e-02	0.0000000000000000e+00	1.0975536080117757e-03
1.2793263417118400e-02	0.0000000000000000e+00	1.1175096345245334e-03
1.2810716709638400e-02	0.0000000000000000e+00	1.2169837934918196e-03
1.2828170002158299e-02	0.0000000000000000e+00	1.3860339134652208e-03
1.2845623294678300e-02	0.0000000000000000e+00	1.6075144274208515e-03
1.2863076587198201e-02	0.0000000000000000e+00	1.8588552447733001e-03
1.2880529879718199e-02	0.0000000000000000e+00	2.1144375410259201e-03
1.2897983172238101e-02	0.0000000000000000e+00	2.3482917914261778e-03
1.2915436464758000e-02	0.0000000000000000e+00	2.5368114942581448e-03
1.2932889757278000e-02	0.0000000000000000e+00	2.6611865537306857e-03
1.2950343049797900e-02	0.0000000000000000e+00	2.7092886654973831e-03
1.2967796342317900e-02	0.0000000000000000e+00	2.6768191778389055e-03
1.2985249634837799e-02	0.0000000000000000e+00	2.5676203554060523e-03
1.3002702927357800e-02	0.0000000000000000e+00	2.3931369712877340e-03
1.3020156219877701e-02	0.0000000000000000e+00	2.1711312947413279e-03
1.3037609512397600e-02	0.0000000000000000e+00	1.9237991972480281e-03
1.3055062804917601e-02	0.0000000000000000e+00	1.6755021055144751e-03
1.3072516097437500e-02	0.0000000000000000e+00	1.4503612576056331e-03
1.3089969389957500e-02	0.0000000000000000e+00	1.2699497456711321e-03
1.3107422682477400e-02	0.0000000000000000e+00	1.1512959298401778e-03
1.3124875974997400e-02	0.0000000000000000e+00	1.1053715978068125e-03
1.3142329267517299e-02	0.0000000000000000e+00	1.1361794518907958e-03
1.3159782560037201e-02	0.0000000000000000e+00	1.2404954927419981e-03
1.3177235852557199e-02	0.0000000000000000e+00	1.4082636108457424e-03
1.3194689145077100e-02	0.0000000000000000e+00	1.6235838656863662e-03
1.3212142437597101e-02	0.0000000000000000e+00	1.8661966336559160e-03
1.3229595730117000e-02	0.0000000000000000e+00	2.1133280856737015e-03
1.3247049022637000e-02	0.0000000000000000e+00	2.3417459371756380e-03
1.3264502315156900e-02	0.0000000000000000e+00	2.5298565393633435e-03
1.3281955607676799e-02	0.0000000000000000e+00	2.6596786493742826e-03
1.3299408900196799e-02	0.0000000000000000e+00	2.7185285793942318e-03
1.3316862192716701e-02	0.0000000000000000e+00	2.7002760390159681e-03
1.3334315485236699e-02	0.0000000000000000e+00	2.6060380855204429e-03
1.3351768777756600e-02	0.0000000000000000e+00	2.4442299653956098e-03
1.3369222070276601e-02	0.0000000000000000e+00	2.2299303896863736e-03
1.3386675362796500e-02	0.0000000000000000e+00	1.9835808747049981e-03
1.3404128655316400e-02	0.0000000000000000e+00	1.7291021855407014e-03
1.3421581947836400e-02	0.0000000000000000e+00	1.4915931580482501e-03
1.3439035240356299e-02	0.0000000000000000e+00	1.2948178188560641e-03
1.3456488532876299e-02	0.0000000000000000e+00	1.1587438023016997e-03
1.3473941825396201e-02	0.0000000000000000e+00	1.0974048958703384e-03
1.3491395117916199e-02	0.0000000000000000e+00	1.1173376035102174e-03
1.3508848410436100e-02	0.0000000000000000e+00	1.2167907956914521e-03
1.3526301702956101e-02	0.0000000000000000e+00	1.3858226716155966e-03
1.3543754995476000e-02	0.0000000000000000e+00	1.6072884655894170e-03
1.3561208287995900e-02	0.0000000000000000e+00	1.8586191613542125e-03
1.3578661580515900e-02	0.0000000000000000e+00	2.1141954315842199e-03
1.3596114873035799e-02	0.0000000000000000e+00	2.3480476188033361e-03
1.3613568165555799e-02	0.0000000000000000e+00	2.5365703082727421e-03
1.3631021458075701e-02	0.0000000000000000e+00	2.6609528725059987e-03
1.3648474750595699e-02	0.0000000000000000e+00	2.7090658280362972e-03
1.3665928043115600e-02	0.0000000000000000e+00	2.6766116326713508e-03
1.3683381335635500e-02	0.0000000000000000e+00	2.5674298177477449e-03
1.3700834628155500e-02	0.0000000000000000e+00	2.3929644714358656e-03
1.3718287920675400e-02	0.0000000000000000e+00	2.1709781027210353e-03
1.3735741213195400e-02	0.0000000000000000e+00	1.9236655582489102e-03
1.3753194505715299e-02	0.0000000000000000e+00	1.6753872180725767e-03
1.3770647798235299e-02	0.0000000000000000e+00	1.4502639024698907e-03
1.3788101090755201e-02	0.0000000000000000e+00	1.2698679047608336e-03
1.3805554383275100e-02	0.0000000000000000e+00	1.1512270343010424e-03
1.3823007675795100e-02	0.0000000000000000e+00	1.1053128249889274e-03
1.3840460968315000e-02	0.0000000000000000e+00	1.1361275691680931e-03
1.3857914260835000e-02	0.0000000000000000e+00	1.2404474450824960e-03
1.3875367553354900e-02	0.0000000000000000e+00	1.4082161878227067e-03
1.3892820845874900e-02	0.0000000000000000e+00	1.6235343023637383e-03
1.3910274138394799e-02	0.0000000000000000e+00	1.8661426080798986e-03
1.3927727430914701e-02	0.0000000000000000e+00	2.1132676471947716e-03
1.3945180723434701e-02	0.0000000000000000e+00	2.3416776853421076e-03
1.3962634015954600e-02	0.0000000000000000e+00	2.5297796907377368e-03
1.3980087308474600e-02	0.0000000000000000e+00	2.6595932838193014e-03
1.3997540600994500e-02	0.0000000000000000e+00	2.7184354325384980e-03
1.4014993893514500e-02	0.0000000000000000e+00	2.7001762486358297e-03
1.4032447186034400e-02	0.0000000000000000e+00	2.6059336704888111e-03
1.4049900478554400e-02	0.0000000000000000e+00	2.4441221851406133e-03
1.4067353771074299e-02	0.0000000000000000e+00	2.2298220084153641e-03
1.4084807063594201e-02	0.0000000000000000e+00	1.9834737378863969e-03
1.4102260356114201e-02	0.0000000000000000e+00	1.7289997248130119e-03
1.4119713648634100e-02	0.0000000000000000e+00	1.4914984858884447e-03
1.4137166941154100e-02	0.0000000000000000e+00	1.2947329617228193e-03
1.4154620233674000e-02	0.0000000000000000e+00	1.1586710412860859e-03
1.4172073526194000e-02	0.0000000000000000e+00	1.0973454308116854e-03
1.4189526818713900e-02	0.0000000000000000e+00	1.1172921195874777e-03
1.4206980111233799e-02	0.0000000000000000e+00	1.2167591194555071e-03
1.4224433403753799e-02	0.0000000000000000e+00	1.3858042817993909e-03
1.4241886696273701e-02	0.0000000000000000e+00	1.6072821596181057e-03
1.4259339988793701e-02	0.0000000000000000e+00	1.8586228109585370e-03
1.4276793281313600e-02	0.0000000000000000e+00	2.1142069521800848e-03
1.4294246573833600e-02	0.0000000000000000e+00	2.3480647690172752e-03
1.4311699866353500e-02	0.0000000000000000e+00	2.5365901017599165e-03
1.4329153158873400e-02	0.0000000000000000e+00	2.6609717822746598e-03
1.4346606451393400e-02	0.0000000000000000e+00	2.7090813266301386e-03
1.4364059743913299e-02	0.0000000000000000e+00	2.6766198392977367e-03
1.4381513036433299e-02	0.0000000000000000e+00	2.5674286046351203e-03
1.4398966328953201e-02	0.0000000000000000e+00	2.3929523421281477e-03
1.4416419621473201e-02	0.0000000000000000e+00	2.1709529330643080e-03
1.4433872913993100e-02	0.0000000000000000e+00	1.9236258880202253e-03
1.4451326206513000e-02	0.0000000000000000e+00	1.6753324155812969e-03
1.4468779499033000e-02	0.0000000000000000e+00	1.4501936575967958e-03
1.4486232791552900e-02	0.0000000000000000e+00	1.2697826223768323e-03
1.4503686084072900e-02	0.0000000000000000e+00	1.1511277677500058e-03
1.4521139376592799e-02	0.0000000000000000e+00	1.1052009574909168e-03
1.4538592669112799e-02	0.0000000000000000e+00	1.1360051658739899e-03
1.4556045961632701e-02	0.0000000000000000e+00	1.2403167442813356e-03
1.4573499254152701e-02	0.0000000000000000e+00	1.4080797478880835e-03
1.4590952546672600e-02	0.0000000000000000e+00	1.6233948060658256e-03
1.4608405839192500e-02	0.0000000000000000e+00	1.8660019542555693e-03
1.4625859131712500e-02	0.0000000000000000e+00	2.1131286618392220e-03
1.4643312424232400e-02	0.0000000000000000e+00	2.3415426464646230e-03
1.4660765716752400e-02	0.0000000000000000e+00	2.5296508358869795e-03
1.4678219009272299e-02	0.0000000000000000e+00	2.6594719789233795e-03
1.4695672301792299e-02	0.0000000000000000e+00	2.7183225871383974e-03
1.4713125594312201e-02	0.0000000000000000e+00	2.7000725436863268e-03
1.4730578886832100e-02	0.0000000000000000e+00	2.6058389089037184e-03
1.4748032179352100e-02	0.0000000000000000e+00	2.4440368627060413e-03
1.4765485471872000e-02	0.0000000000000000e+00	2.2297451767906325e-03
1.4782938764392000e-02	0.0000000000000000e+00	1.9834048772409685e-03
1.4800392056911900e-02	0.0000000000000000e+00	1.7289364108487131e-03
1.4817845349431900e-02	0.0000000000000000e+00	1.4914385018063726e-03
1.4835298641951799e-02	0.0000000000000000e+00	1.2946742116426925e-03
1.4852751934471701e-02	0.0000000000000000e+00	1.1586116184069328e-03
1.4870205226991701e-02	0.0000000000000000e+00	1.0972838646326449e-03
1.4887658519511600e-02	0.0000000000000000e+00	1.1172268795180175e-03
1.4905111812031600e-02	0.0000000000000000e+00	1.2166893242803046e-03
1.4922565104551500e-02	0.0000000000000000e+00	1.3857291984171512e-03
1.4940018397071500e-02	0.0000000000000000e+00	1.6072014011737109e-03
1.4957471689591400e-02	0.0000000000000000e+00	1.8585367644774924e-03
1.4974924982111301e-02	0.0000000000000000e+00	2.1141158826747876e-03
1.4992378274631299e-02	0.0000000000000000e+00	2.3479692190712695e-03
1.5009831567151201e-02	0.0000000000000000e+00	2.5364914070271265e-03
1.5027284859671201e-02	0.0000000000000000e+00	2.6608717541538162e-03
1.5044738152191100e-02	0.0000000000000000e+00	2.7089812606079971e-03
1.5062191444711100e-02	0.0000000000000000e+00	2.6765226475253109e-03
1.5079644737231000e-02	0.0000000000000000e+00	2.5673355836156675e-03
1.5097098029750899e-02	0.0000000000000000e+00	2.3928645951279059e-03
1.5114551322270900e-02	0.0000000000000000e+00	2.1708724872963911e-03
1.5132004614790801e-02	0.0000000000000000e+00	1.9235544553246921e-03
1.5149457907310799e-02	0.0000000000000000e+00	1.6752711474290621e-03
1.5166911199830701e-02	0.0000000000000000e+00	1.4501436693569862e-03
1.5184364492350701e-02	0.0000000000000000e+00	1.2697444732635494e-03
1.5201817784870600e-02	0.0000000000000000e+00	1.1511015866561471e-03
1.5219271077390600e-02	0.0000000000000000e+00	1.1051865752577936e-03
1.5236724369910500e-02	0.0000000000000000e+00	1.1360017529992695e-03
1.5254177662430399e-02	0.0000000000000000e+00	1.2403233059333732e-03
1.5271630954950400e-02	0.0000000000000000e+00	1.4080947710155992e-03
1.5289084247470301e-02	0.0000000000000000e+00	1.6234166151951768e-03
1.5306537539990299e-02	0.0000000000000000e+00	1.8660292837971695e-03
1.5323990832510201e-02	0.0000000000000000e+00	2.1131593633224362e-03
1.5341444125030201e-02	0.0000000000000000e+00	2.3415744529859876e-03
1.5358897417550100e-02	0.0000000000000000e+00	2.5296815564589889e-03
1.5376350710070000e-02	0.0000000000000000e+00	2.6594999782382877e-03
1.5393804002590000e-02	0.0000000000000000e+00	2.7183464992391036e-03
1.5411257295109899e-02	0.0000000000000000e+00	2.7000909945538391e-03
1.5428710587629900e-02	0.0000000000000000e+00	2.6058512760158076e-03
1.5446163880149801e-02	0.0000000000000000e+00	2.4440416644804352e-03
1.5463617172669799e-02	0.0000000000000000e+00	2.2297422832849977e-03
1.5481070465189701e-02	0.0000000000000000e+00	1.9833936816439756e-03
1.5498523757709600e-02	0.0000000000000000e+00	1.7289182580108281e-03
1.5515977050229600e-02	0.0000000000000000e+00	1.4914147014226265e-03
1.5533430342749500e-02	0.0000000000000000e+00	1.2946460573454535e-03
1.5550883635269500e-02	0.0000000000000000e+00	1.1585804244003634e-03
1.5568336927789399e-02	0.0000000000000000e+00	1.0972507520525209e-03
1.5585790220309400e-02	0.0000000000000000e+00	1.1171932738771435e-03
1.5603243512829299e-02	0.0000000000000000e+00	1.2166563390962088e-03
1.5620696805349200e-02	0.0000000000000000e+00	1.3856980563788973e-03
1.5638150097869199e-02	0.0000000000000000e+00	1.6071731966985198e-03
1.5655603390389100e-02	0.0000000000000000e+00	1.8585120129162296e-03
1.5673056682909099e-02	0.0000000000000000e+00	2.1140953819698519e-03
1.5690509975429000e-02	0.0000000000000000e+00	2.3479536042498228e-03
1.5707963267949002e-02	0.0000000000000000e+00	2.5364806151770415e-03
1.5725416560468899e-02	0.0000000000000000e+00	2.6608652331925184e-03
1.5742869852988801e-02	0.0000000000000000e+00	2.7089789577392160e-03
1.5760323145508799e-02	0.0000000000000000e+00	2.6765228343646197e-03
1.5777776438028700e-02	0.0000000000000000e+00	2.5673379393968366e-03
1.5795229730548699e-02	0.0000000000000000e+00	2.3928688908256951e-03
1.5812683023068600e-02	0.0000000000000000e+00	2.1708773145414574e-03
1.5830136315588599e-02	0.0000000000000000e+00	1.9235585180692274e-03
1.5847589608108500e-02	0.0000000000000000e+00	1.6752734498444298e-03
1.5865042900628502e-02	0.0000000000000000e+00	1.4501430000547627e-03
1.5882496193148399e-02	0.0000000000000000e+00	1.2697399560804253e-03
1.5899949485668301e-02	0.0000000000000000e+00	1.1510925426714994e-03
1.5917402778188299e-02	0.0000000000000000e+00	1.1051724579558776e-03
1.5934856070708200e-02	0.0000000000000000e+00	1.1359825081590240e-03
1.5952309363228199e-02	0.0000000000000000e+00	1.2402989082107236e-03
1.5969762655748100e-02	0.0000000000000000e+00	1.4080657627697129e-03
1.5987215948268099e-02	0.0000000000000000e+00	1.6233836384128477e-03
1.6004669240788000e-02	0.0000000000000000e+00	1.8659930603719848e-03
1.6022122533307901e-02	0.0000000000000000e+00	2.1131210126708799e-03
1.6039575825827899e-02	0.0000000000000000e+00	2.3415353086001082e-03
1.6057029118347801e-02	0.0000000000000000e+00	2.5296432717389029e-03
1.6074482410867799e-02	0.0000000000000000e+00	2.6594635673791059e-03
1.6091935703387700e-02	0.0000000000000000e+00	2.7183131478684753e-03
1.6109388995907699e-02	0.0000000000000000e+00	2.7000620289040155e-03
1.6126842288427600e-02	0.0000000000000000e+00	2.6058275549052886e-03
1.6144295580947501e-02	0.0000000000000000e+00	2.4440252623635483e-03
1.6161748873467500e-02	0.0000000000000000e+00	2.2297338127953859e-03
1.6179202165987401e-02	0.0000000000000000e+00	1.9833942145656125e-03
1.6196655458507399e-02	0.0000000000000000e+00	1.7289271191010425e-03
1.6214108751027301e-02	0.0000000000000000e+00	1.4914310917568505e-03
1.6231562043547299e-02	0.0000000000000000e+00	1.2946690944485412e-03
1.6249015336067200e-02	0.0000000000000000e+00	1.1586096879746069e-03
1.6266468628587199e-02	0.0000000000000000e+00	1.0972857485250472e-03
1.6283921921107100e-02	0.0000000000000000e+00	1.1172331171050366e-03
1.6301375213627001e-02	0.0000000000000000e+00	1.2167002504550142e-03
1.6318828506147000e-02	0.0000000000000000e+00	1.3857450626866912e-03
1.6336281798666901e-02	0.0000000000000000e+00	1.6072222614562492e-03
1.6353735091186899e-02	0.0000000000000000e+00	1.8585623978291388e-03
1.6371188383706801e-02	0.0000000000000000e+00	2.1141460100196183e-03
1.6388641676226799e-02	0.0000000000000000e+00	2.3480034333821899e-03
1.6406094968746700e-02	0.0000000000000000e+00	2.5365291725268908e-03
1.6423548261266602e-02	0.0000000000000000e+00	2.6609120487201478e-03
1.6441001553786600e-02	0.0000000000000000e+00	2.7090234557221871e-03
1.6458454846306501e-02	0.0000000000000000e+00	2.6765646494799006e-03
1.6475908138826500e-02	0.0000000000000000e+00	2.5673774454035665e-03
1.6493361431346401e-02	0.0000000000000000e+00	2.3929064984882630e-03
1.6510814723866400e-02	0.0000000000000000e+00	2.1709133203894285e-03
1.6528268016386301e-02	0.0000000000000000e+00	1.9235935288273779e-03
1.6545721308906199e-02	0.0000000000000000e+00	1.6753081009843694e-03
1.6563174601426200e-02	0.0000000000000000e+00	1.4501780589909335e-03
1.6580627893946102e-02	0.0000000000000000e+00	1.2697761509758378e-03
1.6598081186466100e-02	0.0000000000000000e+00	1.1511305426377457e-03
1.6615534478986001e-02	0.0000000000000000e+00	1.1052129869331823e-03
1.6632987771506000e-02	0.0000000000000000e+00	1.1360260655433117e-03
1.6650441064025901e-02	0.0000000000000000e+00	1.2403459222358442e-03
1.6667894356545799e-02	0.0000000000000000e+00	1.4081165174946316e-03
1.6685347649065801e-02	0.0000000000000000e+00	1.6234380864355942e-03
1.6702800941585699e-02	0.0000000000000000e+00	1.8660510610857080e-03
1.6720254234105700e-02	0.0000000000000000e+00	2.1131820064611904e-03
1.6737707526625598e-02	0.0000000000000000e+00	2.3415993748515168e-03
1.6755160819145600e-02	0.0000000000000000e+00	2.5297095803902352e-03
1.6772614111665501e-02	0.0000000000000000e+00	2.6595321886842042e-03
1.6790067404185399e-02	0.0000000000000000e+00	2.7183835048847390e-03
1.6807520696705401e-02	0.0000000000000000e+00	2.7001333057139441e-03
1.6824973989225299e-02	0.0000000000000000e+00	2.6058992639052731e-03
1.6842427281745301e-02	0.0000000000000000e+00	2.4440962712623431e-03
1.6859880574265199e-02	0.0000000000000000e+00	2.2298030125706275e-03
1.6877333866785200e-02	0.0000000000000000e+00	1.9834603881002649e-03
1.6894787159305098e-02	0.0000000000000000e+00	1.7289897131841027e-03
1.6912240451825100e-02	0.0000000000000000e+00	1.4914891784880637e-03
1.6929693744345001e-02	0.0000000000000000e+00	1.2947221342632892e-03
1.6947147036864899e-02	0.0000000000000000e+00	1.1586577052765952e-03
1.6964600329384901e-02	0.0000000000000000e+00	1.0973289370258179e-03
1.6982053621904799e-02	0.0000000000000000e+00	1.1172716312618980e-03
1.6999506914424801e-02	0.0000000000000000e+00	1.2167354611186247e-03
1.7016960206944699e-02	0.0000000000000000e+00	1.3857777292772217e-03
1.7034413499464700e-02	0.0000000000000000e+00	1.6072532910965604e-03
1.7051866791984598e-02	0.0000000000000000e+00	1.8585932146864661e-03
1.7069320084504500e-02	0.0000000000000000e+00	2.1141778197549203e-03
1.7086773377024501e-02	0.0000000000000000e+00	2.3480371454697273e-03
1.7104226669544399e-02	0.0000000000000000e+00	2.5365647118030460e-03
1.7121679962064401e-02	0.0000000000000000e+00	2.6609506664773660e-03
1.7139133254584299e-02	0.0000000000000000e+00	2.7090661613309503e-03
1.7156586547104301e-02	0.0000000000000000e+00	2.6766114676303691e-03
1.7174039839624199e-02	0.0000000000000000e+00	2.5674285635790056e-03
1.7191493132144100e-02	0.0000000000000000e+00	2.3929611066529572e-03
1.7208946424664098e-02	0.0000000000000000e+00	2.1709716156117008e-03
1.7226399717184000e-02	0.0000000000000000e+00	1.9236550866502861e-03
1.7243853009704001e-02	0.0000000000000000e+00	1.6753724604096384e-03
1.7261306302223899e-02	0.0000000000000000e+00	1.4502447958329324e-03
1.7278759594743901e-02	0.0000000000000000e+00	1.2698446814578060e-03
1.7296212887263799e-02	0.0000000000000000e+00	1.1512003869366128e-03
1.7313666179783700e-02	0.0000000000000000e+00	1.1052836014624951e-03
1.7331119472303699e-02	0.0000000000000000e+00	1.1360968965745486e-03
1.7348572764823600e-02	0.0000000000000000e+00	1.2404166391291529e-03
1.7366026057343598e-02	0.0000000000000000e+00	1.4081866578909764e-03
1.7383479349863500e-02	0.0000000000000000e+00	1.6235072945233184e-03
1.7400932642383501e-02	0.0000000000000000e+00	1.8661189035559112e-03
1.7418385934903399e-02	0.0000000000000000e+00	2.1132488033185344e-03
1.7435839227423401e-02	0.0000000000000000e+00	2.3416647379570265e-03
1.7453292519943299e-02	0.0000000000000000e+00	2.5297742217361067e-03
1.7470745812463200e-02	0.0000000000000000e+00	2.6595953905372977e-03
1.7488199104983199e-02	0.0000000000000000e+00	2.7184452813675711e-03
1.7505652397503100e-02	0.0000000000000000e+00	2.7001941765766348e-03
1.7523105690023098e-02	0.0000000000000000e+00	2.6059595381362080e-03
1.7540558982543000e-02	0.0000000000000000e+00	2.4441569081975435e-03
1.7558012275063001e-02	0.0000000000000000e+00	2.2298654563497299e-03
1.7575465567582899e-02	0.0000000000000000e+00	1.9835250723374918e-03
1.7592918860102801e-02	0.0000000000000000e+00	1.7290575762676245e-03
1.7610372152622799e-02	0.0000000000000000e+00	1.4915600726016132e-03
1.7627825445142700e-02	0.0000000000000000e+00	1.2947974156922368e-03
1.7645278737662699e-02	0.0000000000000000e+00	1.1587376044019501e-03
1.7662732030182600e-02	0.0000000000000000e+00	1.0974130135984735e-03
1.7680185322702598e-02	0.0000000000000000e+00	1.1173601766619561e-03
1.7697638615222500e-02	0.0000000000000000e+00	1.2168277199246179e-03
1.7715091907742401e-02	0.0000000000000000e+00	1.3858731132335000e-03
1.7732545200262399e-02	0.0000000000000000e+00	1.6073512654219673e-03
1.7749998492782301e-02	0.0000000000000000e+00	1.8586927956976689e-03
1.7767451785302299e-02	0.0000000000000000e+00	2.1142785520974912e-03
1.7784905077822200e-02	0.0000000000000000e+00	2.3481377455101776e-03
1.7802358370342199e-02	0.0000000000000000e+00	2.5366650486781817e-03
1.7819811662862100e-02	0.0000000000000000e+00	2.6610504015736267e-03
1.7837264955382001e-02	0.0000000000000000e+00	2.7091641066410784e-03
1.7854718247902000e-02	0.0000000000000000e+00	2.6767078518280052e-03
1.7872171540421901e-02	0.0000000000000000e+00	2.5675227964972597e-03
1.7889624832941899e-02	0.0000000000000000e+00	2.3930527287034020e-03
1.7907078125461801e-02	0.0000000000000000e+00	2.1710606207916371e-03
1.7924531417981799e-02	0.0000000000000000e+00	1.9237416071094286e-03
1.7941984710501700e-02	0.0000000000000000e+00	1.6754565493813591e-03
1.7959438003021699e-02	0.0000000000000000e+00	1.4503267395837415e-03
1.7976891295541600e-02	0.0000000000000000e+00	1.2699247935077606e-03
1.7994344588061501e-02	0.0000000000000000e+00	1.1512790153997325e-03
1.8011797880581500e-02	0.0000000000000000e+00	1.1053611532608775e-03
1.8029251173101401e-02	0.0000000000000000e+00	1.1361737589936900e-03
1.8046704465621399e-02	0.0000000000000000e+00	1.2404931970041596e-03
1.8064157758141301e-02	0.0000000000000000e+00	1.4082632190187028e-03
1.8081611050661299e-02	0.0000000000000000e+00	1.6235844264480233e-03
1.8099064343181200e-02	0.0000000000000000e+00	1.8661973840752328e-03
1.8116517635701102e-02	0.0000000000000000e+00	2.1133286875384028e-03
1.8133970928221100e-02	0.0000000000000000e+00	2.3417460169153936e-03
1.8151424220741001e-02	0.0000000000000000e+00	2.5298563222998496e-03
1.8168877513261000e-02	0.0000000000000000e+00	2.6596788637227547e-03
1.8186330805780901e-02	0.0000000000000000e+00	2.7185302772058761e-03
1.8203784098300899e-02	0.0000000000000000e+00	2.7002803193332757e-03
1.8221237390820801e-02	0.0000000000000000e+00	2.6060466148578702e-03
1.8238690683340698e-02	0.0000000000000000e+00	2.4442433592261423e-03
1.8256143975860700e-02	0.0000000000000000e+00	2.2299504663660609e-03
1.8273597268380602e-02	0.0000000000000000e+00	1.9836083434200823e-03
1.8291050560900600e-02	0.0000000000000000e+00	1.7291392129588023e-03
1.8308503853420501e-02	0.0000000000000000e+00	1.4916414826955467e-03
1.8325957145940500e-02	0.0000000000000000e+00	1.2948782039543703e-03
1.8343410438460401e-02	0.0000000000000000e+00	1.1588173538416809e-03
1.8360863730980299e-02	0.0000000000000000e+00	1.0974917070322185e-03
1.8378317023500301e-02	0.0000000000000000e+00	1.1174375265967365e-03
1.8395770316020198e-02	0.0000000000000000e+00	1.2169031465697729e-03
1.8413223608540200e-02	0.0000000000000000e+00	1.3859467347169920e-03
1.8430676901060102e-02	0.0000000000000000e+00	1.6074230904689745e-03
1.8448130193580100e-02	0.0000000000000000e+00	1.8587625823562393e-03
1.8465583486100001e-02	0.0000000000000000e+00	2.1143461551268641e-03
1.8483036778619899e-02	0.0000000000000000e+00	2.3482042290279563e-03
1.8500490071139901e-02	0.0000000000000000e+00	2.5367309975377166e-03
1.8517943363659799e-02	0.0000000000000000e+00	2.6611153112643064e-03
1.8535396656179801e-02	0.0000000000000000e+00	2.7092288285482415e-03
1.8552849948699698e-02	0.0000000000000000e+00	2.6767741322908439e-03
1.8570303241219700e-02	0.0000000000000000e+00	2.5675900286625708e-03
1.8587756533739602e-02	0.0000000000000000e+00	2.3931213340020185e-03
1.8605209826259600e-02	0.0000000000000000e+00	2.1711310918023012e-03
1.8622663118779501e-02	0.0000000000000000e+00	1.9238141833405357e-03
1.8640116411299399e-02	0.0000000000000000e+00	1.6755314819714992e-03
1.8657569703819401e-02	0.0000000000000000e+00	1.4504039956814538e-03
1.8675022996339299e-02	0.0000000000000000e+00	1.2700044235197270e-03
1.8692476288859301e-02	0.0000000000000000e+00	1.1513607830764224e-03
1.8709929581379198e-02	0.0000000000000000e+00	1.1054448215077131e-03
1.8727382873899200e-02	0.0000000000000000e+00	1.1362590140501924e-03
1.8744836166419102e-02	0.0000000000000000e+00	1.2405795954512050e-03
1.8762289458938999e-02	0.0000000000000000e+00	1.4083503795447809e-03
1.8779742751459001e-02	0.0000000000000000e+00	1.6236717664875849e-03
1.8797196043978899e-02	0.0000000000000000e+00	1.8662845730791800e-03
1.8814649336498901e-02	0.0000000000000000e+00	2.1134154150766089e-03
1.8832102629018799e-02	0.0000000000000000e+00	2.3418322199875857e-03
1.8849555921538801e-02	0.0000000000000000e+00	2.5299413861741998e-03
1.8867009214058698e-02	0.0000000000000000e+00	2.6597625184462555e-03
1.8884462506578600e-02	0.0000000000000000e+00	2.7186122529145144e-03
1.8901915799098602e-02	0.0000000000000000e+00	2.7003605572926319e-03
1.8919369091618499e-02	0.0000000000000000e+00	2.6061246228985930e-03
1.8936822384138501e-02	0.0000000000000000e+00	2.4443196589826605e-03
1.8954275676658399e-02	0.0000000000000000e+00	2.2300244877688437e-03
1.8971728969178401e-02	0.0000000000000000e+00	1.9836809907743231e-03
1.8989182261698299e-02	0.0000000000000000e+00	1.7292107542548317e-03
1.9006635554218200e-02	0.0000000000000000e+00	1.4917114603402791e-03
1.9024088846738198e-02	0.0000000000000000e+00	1.2949474846941122e-03
1.9041542139258100e-02	0.0000000000000000e+00	1.1588860439640301e-03
1.9058995431778102e-02	0.0000000000000000e+00	1.0975600991285864e-03
1.9076448724297999e-02	0.0000000000000000e+00	1.1175057896642714e-03
1.9093902016818001e-02	0.0000000000000000e+00	1.2169714017733558e-03
1.9111355309337899e-02	0.0000000000000000e+00	1.3860151325214439e-03
1.9128808601857800e-02	0.0000000000000000e+00	1.6074916928189064e-03
1.9146261894377799e-02	0.0000000000000000e+00	1.8588311282632739e-03
1.9163715186897700e-02	0.0000000000000000e+00	2.1144149424376910e-03
1.9181168479417698e-02	0.0000000000000000e+00	2.3482733292193077e-03
1.9198621771937600e-02	0.0000000000000000e+00	2.5367994785613461e-03
1.9216075064457602e-02	0.0000000000000000e+00	2.6611834412406106e-03
1.9233528356977499e-02	0.0000000000000000e+00	2.7092965899979536e-03
1.9250981649497501e-02	0.0000000000000000e+00	2.6768393884606979e-03
1.9268434942017399e-02	0.0000000000000000e+00	2.5676540174956641e-03
1.9285888234537300e-02	0.0000000000000000e+00	2.3931843791577187e-03
1.9303341527057299e-02	0.0000000000000000e+00	2.1711926158509329e-03
1.9320794819577200e-02	0.0000000000000000e+00	1.9238739050868551e-03
1.9338248112097198e-02	0.0000000000000000e+00	1.6755893336882842e-03
1.9355701404617100e-02	0.0000000000000000e+00	1.4504597210059850e-03
1.9373154697137102e-02	0.0000000000000000e+00	1.2700578597599930e-03
1.9390607989656999e-02	0.0000000000000000e+00	1.1514118709569166e-03
1.9408061282176901e-02	0.0000000000000000e+00	1.1054934723305442e-03
1.9425514574696899e-02	0.0000000000000000e+00	1.1363053273401472e-03
1.9442967867216800e-02	0.0000000000000000e+00	1.2406235223750548e-03
1.9460421159736799e-02	0.0000000000000000e+00	1.4083921648333393e-03
1.9477874452256700e-02	0.0000000000000000e+00	1.6237115170360014e-03
1.9495327744776698e-02	0.0000000000000000e+00	1.8663225557327035e-03
1.9512781037296600e-02	0.0000000000000000e+00	2.1134518979641663e-03
1.9530234329816501e-02	0.0000000000000000e+00	2.3418674447141918e-03
1.9547687622336499e-02	0.0000000000000000e+00	2.5299757977217826e-03
1.9565140914856401e-02	0.0000000000000000e+00	2.6597962532180831e-03
1.9582594207376399e-02	0.0000000000000000e+00	2.7186455462248956e-03
1.9600047499896300e-02	0.0000000000000000e+00	2.7003936554355077e-03
1.9617500792416299e-02	0.0000000000000000e+00	2.6061577591491459e-03
1.9634954084936200e-02	0.0000000000000000e+00	2.4443531490196922e-03
1.9652407377456101e-02	0.0000000000000000e+00	2.2300586891692395e-03
1.9669860669976100e-02	0.0000000000000000e+00	1.9837159870347383e-03
1.9687313962496001e-02	0.0000000000000000e+00	1.7292459127577194e-03
1.9704767255015999e-02	0.0000000000000000e+00	1.4917467825387143e-03
1.9722220547535901e-02	0.0000000000000000e+00	1.2949826736596084e-03
1.9739673840055899e-02	0.0000000000000000e+00	1.1589205033432277e-03
1.9757127132575800e-02	0.0000000000000000e+00	1.0975937116269553e-03
1.9774580425095799e-02	0.0000000000000000e+00	1.1175385803027674e-03
1.9792033717615700e-02	0.0000000000000000e+00	1.2170034838054102e-03
1.9809487010135601e-02	0.0000000000000000e+00	1.3860461005941152e-03
1.9826940302655600e-02	0.0000000000000000e+00	1.6075214173889771e-03
1.9844393595175501e-02	0.0000000000000000e+00	1.8588600502060695e-03
1.9861846887695499e-02	0.0000000000000000e+00	2.1144427278753223e-03
1.9879300180215401e-02	0.0000000000000000e+00	2.3482991518742674e-03
1.9896753472735399e-02	0.0000000000000000e+00	2.5368239408699771e-03
1.9914206765255300e-02	0.0000000000000000e+00	2.6612068538972187e-03
1.9931660057775202e-02	0.0000000000000000e+00	2.7093180515104552e-03
1.9949113350295200e-02	0.0000000000000000e+00	2.6768599941927188e-03
1.9966566642815101e-02	0.0000000000000000e+00	2.5676729577886084e-03
1.9984019935335100e-02	0.0000000000000000e+00	2.3932011298774198e-03
2.0001473227855001e-02	0.0000000000000000e+00	2.1712073476358594e-03
2.0018926520374999e-02	0.0000000000000000e+00	1.9238868398355044e-03
2.0036379812894901e-02	0.0000000000000000e+00	1.6756003560159584e-03
2.0053833105414798e-02	0.0000000000000000e+00	1.4504691479635100e-03
2.0071286397934800e-02	0.0000000000000000e+00	1.2700657649151194e-03
2.0088739690454702e-02	0.0000000000000000e+00	1.1514184680462766e-03
2.0106192982974700e-02	0.0000000000000000e+00	1.1054989282025297e-03
2.0123646275494601e-02	0.0000000000000000e+00	1.1363097022517815e-03
2.0141099568014600e-02	0.0000000000000000e+00	1.2406271012889583e-03
2.0158552860534501e-02	0.0000000000000000e+00	1.4083948151646468e-03
2.0176006153054399e-02	0.0000000000000000e+00	1.6237134896242137e-03
2.0193459445574401e-02	0.0000000000000000e+00	1.8663236035872516e-03
2.0210912738094299e-02	0.0000000000000000e+00	2.1134520138293995e-03
2.0228366030614300e-02	0.0000000000000000e+00	2.3418661972073877e-03
2.0245819323134202e-02	0.0000000000000000e+00	2.5299731594167702e-03
2.0263272615654200e-02	0.0000000000000000e+00	2.6597920470815091e-03
2.0280725908174101e-02	0.0000000000000000e+00	2.7186397057972446e-03
2.0298179200694100e-02	0.0000000000000000e+00	2.7003859017096250e-03
2.0315632493214001e-02	0.0000000000000000e+00	2.6061483066554801e-03
2.0333085785733899e-02	0.0000000000000000e+00	2.4443410673572661e-03
2.0350539078253901e-02	0.0000000000000000e+00	2.2300441397530195e-03
2.0367992370773799e-02	0.0000000000000000e+00	1.9836980449153057e-03
2.0385445663293800e-02	0.0000000000000000e+00	1.7292249083250418e-03
2.0402898955813702e-02	0.0000000000000000e+00	1.4917234066681700e-03
2.0420352248333700e-02	0.0000000000000000e+00	1.2949563685558693e-03
2.0437805540853601e-02	0.0000000000000000e+00	1.1588917978554735e-03
2.0455258833373499e-02	0.0000000000000000e+00	1.0975626368327099e-03
2.0472712125893501e-02	0.0000000000000000e+00	1.1175049991430884e-03
2.0490165418413399e-02	0.0000000000000000e+00	1.2169672690697990e-03
2.0507618710933401e-02	0.0000000000000000e+00	1.3860074842443027e-03
2.0525072003453299e-02	0.0000000000000000e+00	1.6074804508767284e-03
2.0542525295973300e-02	0.0000000000000000e+00	1.8588166693625926e-03
2.0559978588493202e-02	0.0000000000000000e+00	2.1143968625298797e-03
2.0577431881013099e-02	0.0000000000000000e+00	2.3482514082533868e-03
2.0594885173533101e-02	0.0000000000000000e+00	2.5367746845020582e-03
2.0612338466052999e-02	0.0000000000000000e+00	2.6611553416512803e-03
2.0629791758573001e-02	0.0000000000000000e+00	2.7092650088711913e-03
2.0647245051092899e-02	0.0000000000000000e+00	2.6768048063738410e-03
2.0664698343612901e-02	0.0000000000000000e+00	2.5676160671927904e-03
2.0682151636132799e-02	0.0000000000000000e+00	2.3931435872692978e-03
2.0699604928652700e-02	0.0000000000000000e+00	2.1711488748381025e-03
2.0717058221172702e-02	0.0000000000000000e+00	1.9238274122277677e-03
2.0734511513692599e-02	0.0000000000000000e+00	1.6755400697055760e-03
2.0751964806212601e-02	0.0000000000000000e+00	1.4504078273458233e-03
2.0769418098732499e-02	0.0000000000000000e+00	1.2700033209660905e-03
2.0786871391252501e-02	0.0000000000000000e+00	1.1513546668279620e-03
2.0804324683772399e-02	0.0000000000000000e+00	1.1054336247259039e-03
2.0821777976292300e-02	0.0000000000000000e+00	1.1362426858973441e-03
2.0839231268812299e-02	0.0000000000000000e+00	1.2405581498986305e-03
2.0856684561332200e-02	0.0000000000000000e+00	1.4083238342516699e-03
2.0874137853852202e-02	0.0000000000000000e+00	1.6236401927030776e-03
2.0891591146372099e-02	0.0000000000000000e+00	1.8662480254573659e-03
2.0909044438892101e-02	0.0000000000000000e+00	2.1133736555871523e-03
2.0926497731411999e-02	0.0000000000000000e+00	2.3417852916151507e-03
2.0943951023932001e-02	0.0000000000000000e+00	2.5298898529812668e-03
