0.0000000000000000e+00	0.0000000000000000e+00	1.0002733418848548e+00
1.7453292519943300e-05	0.0000000000000000e+00	1.0002739025467566e+00
3.4906585039886600e-05	0.0000000000000000e+00	1.0002744572029594e+00
5.2359877559829903e-05	0.0000000000000000e+00	1.0002750058787999e+00
6.9813170079773199e-05	0.0000000000000000e+00	1.0002755485996968e+00
8.7266462599716496e-05	0.0000000000000000e+00	1.0002760853911392e+00
1.0471975511966000e-04	0.0000000000000000e+00	1.0002766162787029e+00
1.2217304763960301e-04	0.0000000000000000e+00	1.0002771412880307e+00
1.3962634015954599e-04	0.0000000000000000e+00	1.0002776604448460e+00
1.5707963267949001e-04	0.0000000000000000e+00	1.0002781737749495e+00
1.7453292519943299e-04	0.0000000000000000e+00	1.0002786813042175e+00
1.9198621771937600e-04	0.0000000000000000e+00	1.0002791830585960e+00
2.0943951023931999e-04	0.0000000000000000e+00	1.0002796790641066e+00
2.2689280275926300e-04	0.0000000000000000e+00	1.0002801693468497e+00
2.4434609527920601e-04	0.0000000000000000e+00	1.0002806539329934e+00
2.6179938779914903e-04	0.0000000000000000e+00	1.0002811328487815e+00
2.7925268031909301e-04	0.0000000000000000e+00	1.0002816061205297e+00
2.9670597283903603e-04	0.0000000000000000e+00	1.0002820737746263e+00
3.1415926535897898e-04	0.0000000000000000e+00	1.0002825358375296e+00
3.3161255787892303e-04	0.0000000000000000e+00	1.0002829923357646e+00
3.4906585039886598e-04	0.0000000000000000e+00	1.0002834432959378e+00
3.6651914291880900e-04	0.0000000000000000e+00	1.0002838887447130e+00
3.8397243543875201e-04	0.0000000000000000e+00	1.0002843287088308e+00
4.0142572795869599e-04	0.0000000000000000e+00	1.0002847632150993e+00
4.1887902047863901e-04	0.0000000000000000e+00	1.0002851922903953e+00
4.3633231299858202e-04	0.0000000000000000e+00	1.0002856159616609e+00
4.5378560551852601e-04	0.0000000000000000e+00	1.0002860342559086e+00
4.7123889803846902e-04	0.0000000000000000e+00	1.0002864472002135e+00
4.8869219055841203e-04	0.0000000000000000e+00	1.0002868548217185e+00
5.0614548307835602e-04	0.0000000000000000e+00	1.0002872571476382e+00
5.2359877559829903e-04	0.0000000000000000e+00	1.0002876542052443e+00
5.4105206811824204e-04	0.0000000000000000e+00	1.0002880460218766e+00
5.5850536063818505e-04	0.0000000000000000e+00	1.0002884326249373e+00
5.7595865315812904e-04	0.0000000000000000e+00	1.0002888140418931e+00
5.9341194567807205e-04	0.0000000000000000e+00	1.0002891903002766e+00
6.1086523819801496e-04	0.0000000000000000e+00	1.0002895614276794e+00
6.2831853071795905e-04	0.0000000000000000e+00	1.0002899274517547e+00
6.4577182323790196e-04	0.0000000000000000e+00	1.0002902884002185e+00
6.6322511575784497e-04	0.0000000000000000e+00	1.0002906443008517e+00
6.8067840827778798e-04	0.0000000000000000e+00	1.0002909951814880e+00
6.9813170079773197e-04	0.0000000000000000e+00	1.0002913410700243e+00
7.1558499331767498e-04	0.0000000000000000e+00	1.0002916819944165e+00
7.3303828583761799e-04	0.0000000000000000e+00	1.0002920179826795e+00
7.5049157835756198e-04	0.0000000000000000e+00	1.0002923490628890e+00
7.6794487087750499e-04	0.0000000000000000e+00	1.0002926752631756e+00
7.8539816339744800e-04	0.0000000000000000e+00	1.0002929966117249e+00
8.0285145591739199e-04	0.0000000000000000e+00	1.0002933131367795e+00
8.2030474843733500e-04	0.0000000000000000e+00	1.0002936248666441e+00
8.3775804095727801e-04	0.0000000000000000e+00	1.0002939318296715e+00
8.5521133347722102e-04	0.0000000000000000e+00	1.0002942340542726e+00
8.7266462599716501e-04	0.0000000000000000e+00	1.0002945315689125e+00
8.9011791851710802e-04	0.0000000000000000e+00	1.0002948244021086e+00
9.0757121103705104e-04	0.0000000000000000e+00	1.0002951125824338e+00
9.2502450355699502e-04	0.0000000000000000e+00	1.0002953961385084e+00
9.4247779607693804e-04	0.0000000000000000e+00	1.0002956750990100e+00
9.5993108859688105e-04	0.0000000000000000e+00	1.0002959494926678e+00
9.7738438111682406e-04	0.0000000000000000e+00	1.0002962193482585e+00
9.9483767363676805e-04	0.0000000000000000e+00	1.0002964846946065e+00
1.0122909661567101e-03	0.0000000000000000e+00	1.0002967455605942e+00
1.0297442586766500e-03	0.0000000000000000e+00	1.0002970019751467e+00
1.0471975511966000e-03	0.0000000000000000e+00	1.0002972539672397e+00
1.0646508437165401e-03	0.0000000000000000e+00	1.0002975015658953e+00
1.0821041362364800e-03	0.0000000000000000e+00	1.0002977448001811e+00
1.0995574287564300e-03	0.0000000000000000e+00	1.0002979836992212e+00
1.1170107212763701e-03	0.0000000000000000e+00	1.0002982182921734e+00
1.1344640137963100e-03	0.0000000000000000e+00	1.0002984486082453e+00
1.1519173063162600e-03	0.0000000000000000e+00	1.0002986746766940e+00
1.1693705988361999e-03	0.0000000000000000e+00	1.0002988965268147e+00
1.1868238913561400e-03	0.0000000000000000e+00	1.0002991141879505e+00
1.2042771838760900e-03	0.0000000000000000e+00	1.0002993276894852e+00
1.2217304763960299e-03	0.0000000000000000e+00	1.0002995370608432e+00
1.2391837689159700e-03	0.0000000000000000e+00	1.0002997423314957e+00
1.2566370614359201e-03	0.0000000000000000e+00	1.0002999435309554e+00
1.2740903539558599e-03	0.0000000000000000e+00	1.0003001406887670e+00
1.2915436464758000e-03	0.0000000000000000e+00	1.0003003338345280e+00
1.3089969389957501e-03	0.0000000000000000e+00	1.0003005229978601e+00
1.3264502315156899e-03	0.0000000000000000e+00	1.0003007082084403e+00
1.3439035240356300e-03	0.0000000000000000e+00	1.0003008894959702e+00
1.3613568165555801e-03	0.0000000000000000e+00	1.0003010668901999e+00
1.3788101090755199e-03	0.0000000000000000e+00	1.0003012404209048e+00
1.3962634015954600e-03	0.0000000000000000e+00	1.0003014101179069e+00
1.4137166941154101e-03	0.0000000000000000e+00	1.0003015760110590e+00
1.4311699866353500e-03	0.0000000000000000e+00	1.0003017381302477e+00
1.4486232791552900e-03	0.0000000000000000e+00	1.0003018965053982e+00
1.4660765716752401e-03	0.0000000000000000e+00	1.0003020511664691e+00
1.4835298641951800e-03	0.0000000000000000e+00	1.0003022021434456e+00
1.5009831567151201e-03	0.0000000000000000e+00	1.0003023494663519e+00
1.5184364492350699e-03	0.0000000000000000e+00	1.0003024931652476e+00
1.5358897417550100e-03	0.0000000000000000e+00	1.0003026332702107e+00
1.5533430342749501e-03	0.0000000000000000e+00	1.0003027698113629e+00
1.5707963267948999e-03	0.0000000000000000e+00	1.0003029028188479e+00
1.5882496193148400e-03	0.0000000000000000e+00	1.0003030323228403e+00
1.6057029118347801e-03	0.0000000000000000e+00	1.0003031583535487e+00
1.6231562043547299e-03	0.0000000000000000e+00	1.0003032809412000e+00
1.6406094968746700e-03	0.0000000000000000e+00	1.0003034001160604e+00
1.6580627893946101e-03	0.0000000000000000e+00	1.0003035159084099e+00
1.6755160819145599e-03	0.0000000000000000e+00	1.0003036283485656e+00
1.6929693744345000e-03	0.0000000000000000e+00	1.0003037374668626e+00
1.7104226669544401e-03	0.0000000000000000e+00	1.0003038432936653e+00
1.7278759594743899e-03	0.0000000000000000e+00	1.0003039458593581e+00
1.7453292519943300e-03	0.0000000000000000e+00	1.0003040451943543e+00
1.7627825445142699e-03	0.0000000000000000e+00	1.0003041413290863e+00
1.7802358370342200e-03	0.0000000000000000e+00	1.0003042342940058e+00
1.7976891295541600e-03	0.0000000000000000e+00	1.0003043241195937e+00
1.8151424220740999e-03	0.0000000000000000e+00	1.0003044108363475e+00
1.8325957145940500e-03	0.0000000000000000e+00	1.0003044944747816e+00
1.8500490071139900e-03	0.0000000000000000e+00	1.0003045750654354e+00
1.8675022996339299e-03	0.0000000000000000e+00	1.0003046526388639e+00
1.8849555921538800e-03	0.0000000000000000e+00	1.0003047272256427e+00
1.9024088846738201e-03	0.0000000000000000e+00	1.0003047988563600e+00
1.9198621771937599e-03	0.0000000000000000e+00	1.0003048675616264e+00
1.9373154697137100e-03	0.0000000000000000e+00	1.0003049333720642e+00
1.9547687622336499e-03	0.0000000000000000e+00	1.0003049963183144e+00
1.9722220547535902e-03	0.0000000000000000e+00	1.0003050564310330e+00
1.9896753472735400e-03	0.0000000000000000e+00	1.0003051137408865e+00
2.0071286397934799e-03	0.0000000000000000e+00	1.0003051682785553e+00
2.0245819323134202e-03	0.0000000000000000e+00	1.0003052200747367e+00
2.0420352248333700e-03	0.0000000000000000e+00	1.0003052691601351e+00
2.0594885173533099e-03	0.0000000000000000e+00	1.0003053155654691e+00
2.0769418098732502e-03	0.0000000000000000e+00	1.0003053593214664e+00
2.0943951023932000e-03	0.0000000000000000e+00	1.0003054004588667e+00
2.1118483949131399e-03	0.0000000000000000e+00	1.0003054390084161e+00
2.1293016874330802e-03	0.0000000000000000e+00	1.0003054750008715e+00
2.1467549799530201e-03	0.0000000000000000e+00	1.0003055084669934e+00
2.1642082724729699e-03	0.0000000000000000e+00	1.0003055394375588e+00
2.1816615649929102e-03	0.0000000000000000e+00	1.0003055679433404e+00
2.1991148575128501e-03	0.0000000000000000e+00	1.0003055940151233e+00
2.2165681500327999e-03	0.0000000000000000e+00	1.0003056176836942e+00
2.2340214425527402e-03	0.0000000000000000e+00	1.0003056389798459e+00
2.2514747350726801e-03	0.0000000000000000e+00	1.0003056579343756e+00
2.2689280275926299e-03	0.0000000000000000e+00	1.0003056745780794e+00
2.2863813201125698e-03	0.0000000000000000e+00	1.0003056889417614e+00
2.3038346126325101e-03	0.0000000000000000e+00	1.0003057010562235e+00
2.3212879051524599e-03	0.0000000000000000e+00	1.0003057109522673e+00
2.3387411976723998e-03	0.0000000000000000e+00	1.0003057186606970e+00
2.3561944901923401e-03	0.0000000000000000e+00	1.0003057242123177e+00
2.3736477827122899e-03	0.0000000000000000e+00	1.0003057276379275e+00
2.3911010752322298e-03	0.0000000000000000e+00	1.0003057289683244e+00
2.4085543677521701e-03	0.0000000000000000e+00	1.0003057282343095e+00
2.4260076602721200e-03	0.0000000000000000e+00	1.0003057254666721e+00
2.4434609527920598e-03	0.0000000000000000e+00	1.0003057206962016e+00
2.4609142453120001e-03	0.0000000000000000e+00	1.0003057139536811e+00
2.4783675378319500e-03	0.0000000000000000e+00	1.0003057052698876e+00
2.4958208303518898e-03	0.0000000000000000e+00	1.0003056946755959e+00
2.5132741228718301e-03	0.0000000000000000e+00	1.0003056822015657e+00
2.5307274153917800e-03	0.0000000000000000e+00	1.0003056678785547e+00
2.5481807079117198e-03	0.0000000000000000e+00	1.0003056517373112e+00
2.5656340004316601e-03	0.0000000000000000e+00	1.0003056338085701e+00
2.5830872929516100e-03	0.0000000000000000e+00	1.0003056141230662e+00
2.6005405854715499e-03	0.0000000000000000e+00	1.0003055927115097e+00
2.6179938779914902e-03	0.0000000000000000e+00	1.0003055696046081e+00
2.6354471705114400e-03	0.0000000000000000e+00	1.0003055448330562e+00
2.6529004630313799e-03	0.0000000000000000e+00	1.0003055184275313e+00
2.6703537555513202e-03	0.0000000000000000e+00	1.0003054904187025e+00
2.6878070480712700e-03	0.0000000000000000e+00	1.0003054608372177e+00
2.7052603405912099e-03	0.0000000000000000e+00	1.0003054297137162e+00
2.7227136331111502e-03	0.0000000000000000e+00	1.0003053970788154e+00
2.7401669256311000e-03	0.0000000000000000e+00	1.0003053629631213e+00
2.7576202181510399e-03	0.0000000000000000e+00	1.0003053273972178e+00
2.7750735106709802e-03	0.0000000000000000e+00	1.0003052904116729e+00
2.7925268031909300e-03	0.0000000000000000e+00	1.0003052520370348e+00
2.8099800957108699e-03	0.0000000000000000e+00	1.0003052123038290e+00
2.8274333882308102e-03	0.0000000000000000e+00	1.0003051712425666e+00
2.8448866807507600e-03	0.0000000000000000e+00	1.0003051288837328e+00
2.8623399732706999e-03	0.0000000000000000e+00	1.0003050852577928e+00
2.8797932657906402e-03	0.0000000000000000e+00	1.0003050403951865e+00
2.8972465583105901e-03	0.0000000000000000e+00	1.0003049943263318e+00
2.9146998508305299e-03	0.0000000000000000e+00	1.0003049470816219e+00
2.9321531433504698e-03	0.0000000000000000e+00	1.0003048986914238e+00
2.9496064358704201e-03	0.0000000000000000e+00	1.0003048491860789e+00
2.9670597283903599e-03	0.0000000000000000e+00	1.0003047985959064e+00
2.9845130209102998e-03	0.0000000000000000e+00	1.0003047469511905e+00
3.0019663134302501e-03	0.0000000000000000e+00	1.0003046942821889e+00
3.0194196059501899e-03	0.0000000000000000e+00	1.0003046406191365e+00
3.0368728984701298e-03	0.0000000000000000e+00	1.0003045859922308e+00
3.0543261909900801e-03	0.0000000000000000e+00	1.0003045304316429e+00
3.0717794835100200e-03	0.0000000000000000e+00	1.0003044739675107e+00
3.0892327760299598e-03	0.0000000000000000e+00	1.0003044166299406e+00
3.1066860685499101e-03	0.0000000000000000e+00	1.0003043584490054e+00
3.1241393610698500e-03	0.0000000000000000e+00	1.0003042994547435e+00
3.1415926535897898e-03	0.0000000000000000e+00	1.0003042396771638e+00
3.1590459461097401e-03	0.0000000000000000e+00	1.0003041791462319e+00
3.1764992386296800e-03	0.0000000000000000e+00	1.0003041178918817e+00
3.1939525311496198e-03	0.0000000000000000e+00	1.0003040559440139e+00
3.2114058236695701e-03	0.0000000000000000e+00	1.0003039933324829e+00
3.2288591161895100e-03	0.0000000000000000e+00	1.0003039300871113e+00
3.2463124087094499e-03	0.0000000000000000e+00	1.0003038662376809e+00
3.2637657012294001e-03	0.0000000000000000e+00	1.0003038018139325e+00
3.2812189937493400e-03	0.0000000000000000e+00	1.0003037368455627e+00
3.2986722862692799e-03	0.0000000000000000e+00	1.0003036713622366e+00
3.3161255787892301e-03	0.0000000000000000e+00	1.0003036053935637e+00
3.3335788713091700e-03	0.0000000000000000e+00	1.0003035389691235e+00
3.3510321638291099e-03	0.0000000000000000e+00	1.0003034721184387e+00
3.3684854563490602e-03	0.0000000000000000e+00	1.0003034048709982e+00
3.3859387488690000e-03	0.0000000000000000e+00	1.0003033372562371e+00
3.4033920413889399e-03	0.0000000000000000e+00	1.0003032693035487e+00
3.4208453339088902e-03	0.0000000000000000e+00	1.0003032010422772e+00
3.4382986264288300e-03	0.0000000000000000e+00	1.0003031325017193e+00
3.4557519189487699e-03	0.0000000000000000e+00	1.0003030637111212e+00
3.4732052114687202e-03	0.0000000000000000e+00	1.0003029946996820e+00
3.4906585039886600e-03	0.0000000000000000e+00	1.0003029254965494e+00
3.5081117965085999e-03	0.0000000000000000e+00	1.0003028561308185e+00
3.5255650890285502e-03	0.0000000000000000e+00	1.0003027866315342e+00
3.5430183815484901e-03	0.0000000000000000e+00	1.0003027170276853e+00
3.5604716740684299e-03	0.0000000000000000e+00	1.0003026473482113e+00
3.5779249665883698e-03	0.0000000000000000e+00	1.0003025776219927e+00
3.5953782591083201e-03	0.0000000000000000e+00	1.0003025078778580e+00
3.6128315516282599e-03	0.0000000000000000e+00	1.0003024381445775e+00
3.6302848441482102e-03	0.0000000000000000e+00	1.0003023684508632e+00
3.6477381366681501e-03	0.0000000000000000e+00	1.0003022988253767e+00
3.6651914291880900e-03	0.0000000000000000e+00	1.0003022292967056e+00
3.6826447217080398e-03	0.0000000000000000e+00	1.0003021598933965e+00
3.7000980142279801e-03	0.0000000000000000e+00	1.0003020906439233e+00
3.7175513067479200e-03	0.0000000000000000e+00	1.0003020215767022e+00
3.7350045992678598e-03	0.0000000000000000e+00	1.0003019527200863e+00
3.7524578917878101e-03	0.0000000000000000e+00	1.0003018841023701e+00
3.7699111843077500e-03	0.0000000000000000e+00	1.0003018157517751e+00
3.7873644768276998e-03	0.0000000000000000e+00	1.0003017476964702e+00
3.8048177693476401e-03	0.0000000000000000e+00	1.0003016799645494e+00
3.8222710618675800e-03	0.0000000000000000e+00	1.0003016125840491e+00
3.8397243543875199e-03	0.0000000000000000e+00	1.0003015455829287e+00
3.8571776469074701e-03	0.0000000000000000e+00	1.0003014789890856e+00
3.8746309394274100e-03	0.0000000000000000e+00	1.0003014128303507e+00
3.8920842319473499e-03	0.0000000000000000e+00	1.0003013471344810e+00
3.9095375244672997e-03	0.0000000000000000e+00	1.0003012819291632e+00
3.9269908169872400e-03	0.0000000000000000e+00	1.0003012172420160e+00
3.9444441095071803e-03	0.0000000000000000e+00	1.0003011531005856e+00
3.9618974020271302e-03	0.0000000000000000e+00	1.0003010895323396e+00
3.9793506945470696e-03	0.0000000000000000e+00	1.0003010265646826e+00
3.9968039870670099e-03	0.0000000000000000e+00	1.0003009642249348e+00
4.0142572795869597e-03	0.0000000000000000e+00	1.0003009025403446e+00
4.0317105721069000e-03	0.0000000000000000e+00	1.0003008415380832e+00
4.0491638646268403e-03	0.0000000000000000e+00	1.0003007812452476e+00
4.0666171571467902e-03	0.0000000000000000e+00	1.0003007216888540e+00
4.0840704496667296e-03	0.0000000000000000e+00	1.0003006628958420e+00
4.1015237421866699e-03	0.0000000000000000e+00	1.0003006048930674e+00
4.1189770347066198e-03	0.0000000000000000e+00	1.0003005477073124e+00
4.1364303272265601e-03	0.0000000000000000e+00	1.0003004913652722e+00
4.1538836197465004e-03	0.0000000000000000e+00	1.0003004358935617e+00
4.1713369122664502e-03	0.0000000000000000e+00	1.0003003813187128e+00
4.1887902047863896e-03	0.0000000000000000e+00	1.0003003276671700e+00
4.2062434973063299e-03	0.0000000000000000e+00	1.0003002749653027e+00
4.2236967898262798e-03	0.0000000000000000e+00	1.0003002232393852e+00
4.2411500823462201e-03	0.0000000000000000e+00	1.0003001725156087e+00
4.2586033748661604e-03	0.0000000000000000e+00	1.0003001228200750e+00
4.2760566673861102e-03	0.0000000000000000e+00	1.0003000741788046e+00
4.2935099599060497e-03	0.0000000000000000e+00	1.0003000266177218e+00
4.3109632524259900e-03	0.0000000000000000e+00	1.0002999801626615e+00
4.3284165449459398e-03	0.0000000000000000e+00	1.0002999348393733e+00
4.3458698374658801e-03	0.0000000000000000e+00	1.0002998906735094e+00
4.3633231299858204e-03	0.0000000000000000e+00	1.0002998476906355e+00
4.3807764225057702e-03	0.0000000000000000e+00	1.0002998059162163e+00
4.3982297150257097e-03	0.0000000000000000e+00	1.0002997653756303e+00
4.4156830075456500e-03	0.0000000000000000e+00	1.0002997260941544e+00
4.4331363000655998e-03	0.0000000000000000e+00	1.0002996880969772e+00
4.4505895925855401e-03	0.0000000000000000e+00	1.0002996514091815e+00
4.4680428851054804e-03	0.0000000000000000e+00	1.0002996160557607e+00
4.4854961776254303e-03	0.0000000000000000e+00	1.0002995820616027e+00
4.5029494701453697e-03	0.0000000000000000e+00	1.0002995494515035e+00
4.5204027626653100e-03	0.0000000000000000e+00	1.0002995182501522e+00
4.5378560551852598e-03	0.0000000000000000e+00	1.0002994884821432e+00
4.5553093477052001e-03	0.0000000000000000e+00	1.0002994601719639e+00
4.5727626402251396e-03	0.0000000000000000e+00	1.0002994333440038e+00
4.5902159327450903e-03	0.0000000000000000e+00	1.0002994080225416e+00
4.6076692252650297e-03	0.0000000000000000e+00	1.0002993842317585e+00
4.6251225177849700e-03	0.0000000000000000e+00	1.0002993619957292e+00
4.6425758103049199e-03	0.0000000000000000e+00	1.0002993413384191e+00
4.6600291028248602e-03	0.0000000000000000e+00	1.0002993222836918e+00
4.6774823953447996e-03	0.0000000000000000e+00	1.0002993048552962e+00
4.6949356878647503e-03	0.0000000000000000e+00	1.0002992890768794e+00
4.7123889803846897e-03	0.0000000000000000e+00	1.0002992749719763e+00
4.7298422729046300e-03	0.0000000000000000e+00	1.0002992625640079e+00
4.7472955654245799e-03	0.0000000000000000e+00	1.0002992518762914e+00
4.7647488579445202e-03	0.0000000000000000e+00	1.0002992429320239e+00
4.7822021504644596e-03	0.0000000000000000e+00	1.0002992357542970e+00
4.7996554429844103e-03	0.0000000000000000e+00	1.0002992303660847e+00
4.8171087355043498e-03	0.0000000000000000e+00	1.0002992267902424e+00
4.8345620280242901e-03	0.0000000000000000e+00	1.0002992250495175e+00
4.8520153205442399e-03	0.0000000000000000e+00	1.0002992251665399e+00
4.8694686130641802e-03	0.0000000000000000e+00	1.0002992271638174e+00
4.8869219055841196e-03	0.0000000000000000e+00	1.0002992310637433e+00
4.9043751981040704e-03	0.0000000000000000e+00	1.0002992368885906e+00
4.9218284906240098e-03	0.0000000000000000e+00	1.0002992446605155e+00
4.9392817831439501e-03	0.0000000000000000e+00	1.0002992544015481e+00
4.9567350756638999e-03	0.0000000000000000e+00	1.0002992661336061e+00
4.9741883681838402e-03	0.0000000000000000e+00	1.0002992798784738e+00
4.9916416607037797e-03	0.0000000000000000e+00	1.0002992956578207e+00
5.0090949532237304e-03	0.0000000000000000e+00	1.0002993134931886e+00
5.0265482457436698e-03	0.0000000000000000e+00	1.0002993334059971e+00
5.0440015382636101e-03	0.0000000000000000e+00	1.0002993554175381e+00
5.0614548307835600e-03	0.0000000000000000e+00	1.0002993795489781e+00
5.0789081233035003e-03	0.0000000000000000e+00	1.0002994058213530e+00
5.0963614158234397e-03	0.0000000000000000e+00	1.0002994342555769e+00
5.1138147083433904e-03	0.0000000000000000e+00	1.0002994648724299e+00
5.1312680008633298e-03	0.0000000000000000e+00	1.0002994976925641e+00
5.1487212933832701e-03	0.0000000000000000e+00	1.0002995327365010e+00
5.1661745859032200e-03	0.0000000000000000e+00	1.0002995700246302e+00
5.1836278784231603e-03	0.0000000000000000e+00	1.0002996095772092e+00
5.2010811709430997e-03	0.0000000000000000e+00	1.0002996514143621e+00
5.2185344634630504e-03	0.0000000000000000e+00	1.0002996955560810e+00
5.2359877559829899e-03	0.0000000000000000e+00	1.0002997420222193e+00
5.2534410485029302e-03	0.0000000000000000e+00	1.0002997908324986e+00
5.2708943410228696e-03	0.0000000000000000e+00	1.0002998420065039e+00
5.2883476335428203e-03	0.0000000000000000e+00	1.0002998955636806e+00
5.3058009260627597e-03	0.0000000000000000e+00	1.0002999515233368e+00
5.3232542185827000e-03	0.0000000000000000e+00	1.0003000099046431e+00
5.3407075111026499e-03	0.0000000000000000e+00	1.0003000707266292e+00
5.3581608036225902e-03	0.0000000000000000e+00	1.0003001340081872e+00
5.3756140961425296e-03	0.0000000000000000e+00	1.0003001997680609e+00
5.3930673886624803e-03	0.0000000000000000e+00	1.0003002680248614e+00
5.4105206811824198e-03	0.0000000000000000e+00	1.0003003387970482e+00
5.4279739737023601e-03	0.0000000000000000e+00	1.0003004121029464e+00
5.4454272662223099e-03	0.0000000000000000e+00	1.0003004879607271e+00
5.4628805587422502e-03	0.0000000000000000e+00	1.0003005663884219e+00
5.4803338512621896e-03	0.0000000000000000e+00	1.0003006474039153e+00
5.4977871437821403e-03	0.0000000000000000e+00	1.0003007310249450e+00
5.5152404363020798e-03	0.0000000000000000e+00	1.0003008172691015e+00
5.5326937288220201e-03	0.0000000000000000e+00	1.0003009061538253e+00
5.5501470213419699e-03	0.0000000000000000e+00	1.0003009976964079e+00
5.5676003138619102e-03	0.0000000000000000e+00	1.0003010919139939e+00
5.5850536063818497e-03	0.0000000000000000e+00	1.0003011888235713e+00
5.6025068989018004e-03	0.0000000000000000e+00	1.0003012884419846e+00
5.6199601914217398e-03	0.0000000000000000e+00	1.0003013907859188e+00
5.6374134839416801e-03	0.0000000000000000e+00	1.0003014958719101e+00
5.6548667764616299e-03	0.0000000000000000e+00	1.0003016037163415e+00
5.6723200689815702e-03	0.0000000000000000e+00	1.0003017143354349e+00
5.6897733615015097e-03	0.0000000000000000e+00	1.0003018277452664e+00
5.7072266540214604e-03	0.0000000000000000e+00	1.0003019439617487e+00
5.7246799465413998e-03	0.0000000000000000e+00	1.0003020630006416e+00
5.7421332390613401e-03	0.0000000000000000e+00	1.0003021848775457e+00
5.7595865315812900e-03	0.0000000000000000e+00	1.0003023096079031e+00
5.7770398241012303e-03	0.0000000000000000e+00	1.0003024372069984e+00
5.7944931166211697e-03	0.0000000000000000e+00	1.0003025676899568e+00
5.8119464091411204e-03	0.0000000000000000e+00	1.0003027010717416e+00
5.8293997016610598e-03	0.0000000000000000e+00	1.0003028373671532e+00
5.8468529941810002e-03	0.0000000000000000e+00	1.0003029765908342e+00
5.8643062867009500e-03	0.0000000000000000e+00	1.0003031187572633e+00
5.8817595792208903e-03	0.0000000000000000e+00	1.0003032638807530e+00
5.8992128717408297e-03	0.0000000000000000e+00	1.0003034119754561e+00
5.9166661642607796e-03	0.0000000000000000e+00	1.0003035630553554e+00
5.9341194567807199e-03	0.0000000000000000e+00	1.0003037171342768e+00
5.9515727493006602e-03	0.0000000000000000e+00	1.0003038742258710e+00
5.9690260418206100e-03	0.0000000000000000e+00	1.0003040343436267e+00
5.9864793343405503e-03	0.0000000000000000e+00	1.0003041975008644e+00
6.0039326268604898e-03	0.0000000000000000e+00	1.0003043637107363e+00
6.0213859193804396e-03	0.0000000000000000e+00	1.0003045329862252e+00
6.0388392119003799e-03	0.0000000000000000e+00	1.0003047053401459e+00
6.0562925044203202e-03	0.0000000000000000e+00	1.0003048807851385e+00
6.0737457969402700e-03	0.0000000000000000e+00	1.0003050593336809e+00
6.0911990894602103e-03	0.0000000000000000e+00	1.0003052409980715e+00
6.1086523819801498e-03	0.0000000000000000e+00	1.0003054257904402e+00
6.1261056745000996e-03	0.0000000000000000e+00	1.0003056137227433e+00
6.1435589670200399e-03	0.0000000000000000e+00	1.0003058048067646e+00
6.1610122595399802e-03	0.0000000000000000e+00	1.0003059990541137e+00
6.1784655520599301e-03	0.0000000000000000e+00	1.0003061964762223e+00
6.1959188445798704e-03	0.0000000000000000e+00	1.0003063970843535e+00
6.2133721370998098e-03	0.0000000000000000e+00	1.0003066008895891e+00
6.2308254296197596e-03	0.0000000000000000e+00	1.0003068079028339e+00
6.2482787221396999e-03	0.0000000000000000e+00	1.0003070181348208e+00
6.2657320146596402e-03	0.0000000000000000e+00	1.0003072315961001e+00
6.2831853071795901e-03	0.0000000000000000e+00	1.0003074482970458e+00
6.3006385996995304e-03	0.0000000000000000e+00	1.0003076682478524e+00
6.3180918922194698e-03	0.0000000000000000e+00	1.0003078914585377e+00
6.3355451847394197e-03	0.0000000000000000e+00	1.0003081179389364e+00
6.3529984772593600e-03	0.0000000000000000e+00	1.0003083476987022e+00
6.3704517697793003e-03	0.0000000000000000e+00	1.0003085807473098e+00
6.3879050622992501e-03	0.0000000000000000e+00	1.0003088170940504e+00
6.4053583548191904e-03	0.0000000000000000e+00	1.0003090567480359e+00
6.4228116473391298e-03	0.0000000000000000e+00	1.0003092997181926e+00
6.4402649398590797e-03	0.0000000000000000e+00	1.0003095460132647e+00
6.4577182323790200e-03	0.0000000000000000e+00	1.0003097956418110e+00
6.4751715248989603e-03	0.0000000000000000e+00	1.0003100486122092e+00
6.4926248174188997e-03	0.0000000000000000e+00	1.0003103049326503e+00
6.5100781099388504e-03	0.0000000000000000e+00	1.0003105646111368e+00
6.5275314024587899e-03	0.0000000000000000e+00	1.0003108276554926e+00
6.5449846949787302e-03	0.0000000000000000e+00	1.0003110940733499e+00
6.5624379874986800e-03	0.0000000000000000e+00	1.0003113638721548e+00
6.5798912800186203e-03	0.0000000000000000e+00	1.0003116370591660e+00
6.5973445725385597e-03	0.0000000000000000e+00	1.0003119136414567e+00
6.6147978650585096e-03	0.0000000000000000e+00	1.0003121936259087e+00
6.6322511575784499e-03	0.0000000000000000e+00	1.0003124770192193e+00
6.6497044500983902e-03	0.0000000000000000e+00	1.0003127638278932e+00
6.6671577426183400e-03	0.0000000000000000e+00	1.0003130540582443e+00
6.6846110351382803e-03	0.0000000000000000e+00	1.0003133477164010e+00
6.7020643276582198e-03	0.0000000000000000e+00	1.0003136448082999e+00
6.7195176201781696e-03	0.0000000000000000e+00	1.0003139453396859e+00
6.7369709126981099e-03	0.0000000000000000e+00	1.0003142493161106e+00
6.7544242052180502e-03	0.0000000000000000e+00	1.0003145567429375e+00
6.7718774977380001e-03	0.0000000000000000e+00	1.0003148676253379e+00
6.7893307902579404e-03	0.0000000000000000e+00	1.0003151819682894e+00
6.8067840827778798e-03	0.0000000000000000e+00	1.0003154997765780e+00
6.8242373752978296e-03	0.0000000000000000e+00	1.0003158210547931e+00
6.8416906678177699e-03	0.0000000000000000e+00	1.0003161458073371e+00
6.8591439603377102e-03	0.0000000000000000e+00	1.0003164740384147e+00
6.8765972528576601e-03	0.0000000000000000e+00	1.0003168057520349e+00
6.8940505453776004e-03	0.0000000000000000e+00	1.0003171409520140e+00
6.9115038378975398e-03	0.0000000000000000e+00	1.0003174796419758e+00
6.9289571304174897e-03	0.0000000000000000e+00	1.0003178218253470e+00
6.9464104229374300e-03	0.0000000000000000e+00	1.0003181675053567e+00
6.9638637154573703e-03	0.0000000000000000e+00	1.0003185166850439e+00
6.9813170079773201e-03	0.0000000000000000e+00	1.0003188693672462e+00
6.9987703004972604e-03	0.0000000000000000e+00	1.0003192255546089e+00
7.0162235930171998e-03	0.0000000000000000e+00	1.0003195852495768e+00
7.0336768855371497e-03	0.0000000000000000e+00	1.0003199484544048e+00
7.0511301780570900e-03	0.0000000000000000e+00	1.0003203151711431e+00
7.0685834705770303e-03	0.0000000000000000e+00	1.0003206854016491e+00
7.0860367630969801e-03	0.0000000000000000e+00	1.0003210591475817e+00
7.1034900556169204e-03	0.0000000000000000e+00	1.0003214364104038e+00
7.1209433481368599e-03	0.0000000000000000e+00	1.0003218171913788e+00
7.1383966406568097e-03	0.0000000000000000e+00	1.0003222014915716e+00
7.1558499331767500e-03	0.0000000000000000e+00	1.0003225893118495e+00
7.1733032256966903e-03	0.0000000000000000e+00	1.0003229806528831e+00
7.1907565182166401e-03	0.0000000000000000e+00	1.0003233755151439e+00
7.2082098107365796e-03	0.0000000000000000e+00	1.0003237738989013e+00
7.2256631032565199e-03	0.0000000000000000e+00	1.0003241758042314e+00
7.2431163957764697e-03	0.0000000000000000e+00	1.0003245812310062e+00
7.2605696882964100e-03	0.0000000000000000e+00	1.0003249901789049e+00
7.2780229808163503e-03	0.0000000000000000e+00	1.0003254026473993e+00
7.2954762733363002e-03	0.0000000000000000e+00	1.0003258186357697e+00
7.3129295658562396e-03	0.0000000000000000e+00	1.0003262381430911e+00
7.3303828583761799e-03	0.0000000000000000e+00	1.0003266611682451e+00
7.3478361508961297e-03	0.0000000000000000e+00	1.0003270877099091e+00
7.3652894434160700e-03	0.0000000000000000e+00	1.0003275177665596e+00
7.3827427359360103e-03	0.0000000000000000e+00	1.0003279513364793e+00
7.4001960284559602e-03	0.0000000000000000e+00	1.0003283884177481e+00
7.4176493209758996e-03	0.0000000000000000e+00	1.0003288290082446e+00
7.4351026134958399e-03	0.0000000000000000e+00	1.0003292731056499e+00
7.4525559060157898e-03	0.0000000000000000e+00	1.0003297207074482e+00
7.4700091985357301e-03	0.0000000000000000e+00	1.0003301718109174e+00
7.4874624910556704e-03	0.0000000000000000e+00	1.0003306264131400e+00
7.5049157835756202e-03	0.0000000000000000e+00	1.0003310845109998e+00
7.5223690760955596e-03	0.0000000000000000e+00	1.0003315461011761e+00
7.5398223686154999e-03	0.0000000000000000e+00	1.0003320111801548e+00
7.5572756611354498e-03	0.0000000000000000e+00	1.0003324797442190e+00
7.5747289536553901e-03	0.0000000000000000e+00	1.0003329517894537e+00
7.5921822461753304e-03	0.0000000000000000e+00	1.0003334273117419e+00
7.6096355386952802e-03	0.0000000000000000e+00	1.0003339063067722e+00
7.6270888312152197e-03	0.0000000000000000e+00	1.0003343887700278e+00
7.6445421237351600e-03	0.0000000000000000e+00	1.0003348746967986e+00
7.6619954162551098e-03	0.0000000000000000e+00	1.0003353640821744e+00
7.6794487087750501e-03	0.0000000000000000e+00	1.0003358569210454e+00
7.6969020012949904e-03	0.0000000000000000e+00	1.0003363532081011e+00
7.7143552938149403e-03	0.0000000000000000e+00	1.0003368529378380e+00
7.7318085863348797e-03	0.0000000000000000e+00	1.0003373561045490e+00
7.7492618788548200e-03	0.0000000000000000e+00	1.0003378627023327e+00
7.7667151713747698e-03	0.0000000000000000e+00	1.0003383727250885e+00
7.7841684638947101e-03	0.0000000000000000e+00	1.0003388861665201e+00
7.8016217564146496e-03	0.0000000000000000e+00	1.0003394030201296e+00
7.8190750489345994e-03	0.0000000000000000e+00	1.0003399232792256e+00
7.8365283414545406e-03	0.0000000000000000e+00	1.0003404469369186e+00
7.8539816339744800e-03	0.0000000000000000e+00	1.0003409739861249e+00
7.8714349264944194e-03	0.0000000000000000e+00	1.0003415044195614e+00
7.8888882190143693e-03	0.0000000000000000e+00	1.0003420382297488e+00
7.9063415115343105e-03	0.0000000000000000e+00	1.0003425754090129e+00
7.9237948040542603e-03	0.0000000000000000e+00	1.0003431159494873e+00
7.9412480965741997e-03	0.0000000000000000e+00	1.0003436598431075e+00
7.9587013890941392e-03	0.0000000000000000e+00	1.0003442070816115e+00
7.9761546816140907e-03	0.0000000000000000e+00	1.0003447576565496e+00
7.9936079741340302e-03	0.0000000000000000e+00	1.0003453115592733e+00
8.0110612666539696e-03	0.0000000000000000e+00	1.0003458687809414e+00
8.0285145591739195e-03	0.0000000000000000e+00	1.0003464293125197e+00
8.0459678516938606e-03	0.0000000000000000e+00	1.0003469931447801e+00
8.0634211442138001e-03	0.0000000000000000e+00	1.0003475602683045e+00
8.0808744367337395e-03	0.0000000000000000e+00	1.0003481306734814e+00
8.0983277292536893e-03	0.0000000000000000e+00	1.0003487043505042e+00
8.1157810217736305e-03	0.0000000000000000e+00	1.0003492812893824e+00
8.1332343142935803e-03	0.0000000000000000e+00	1.0003498614799313e+00
8.1506876068135198e-03	0.0000000000000000e+00	1.0003504449117711e+00
8.1681408993334592e-03	0.0000000000000000e+00	1.0003510315743402e+00
8.1855941918534108e-03	0.0000000000000000e+00	1.0003516214568831e+00
8.2030474843733502e-03	0.0000000000000000e+00	1.0003522145484580e+00
8.2205007768932897e-03	0.0000000000000000e+00	1.0003528108379307e+00
8.2379540694132308e-03	0.0000000000000000e+00	1.0003534103139826e+00
8.2554073619331807e-03	0.0000000000000000e+00	1.0003540129651112e+00
8.2728606544531201e-03	0.0000000000000000e+00	1.0003546187796168e+00
8.2903139469730595e-03	0.0000000000000000e+00	1.0003552277456247e+00
8.3077672394930094e-03	0.0000000000000000e+00	1.0003558398510703e+00
8.3252205320129506e-03	0.0000000000000000e+00	1.0003564550837032e+00
8.3426738245328900e-03	0.0000000000000000e+00	1.0003570734310894e+00
8.3601271170528398e-03	0.0000000000000000e+00	1.0003576948806105e+00
8.3775804095727793e-03	0.0000000000000000e+00	1.0003583194194685e+00
8.3950337020927204e-03	0.0000000000000000e+00	1.0003589470346785e+00
8.4124869946126703e-03	0.0000000000000000e+00	1.0003595777130760e+00
8.4299402871326097e-03	0.0000000000000000e+00	1.0003602114413157e+00
8.4473935796525491e-03	0.0000000000000000e+00	1.0003608482058717e+00
8.4648468721725007e-03	0.0000000000000000e+00	1.0003614879930354e+00
8.4823001646924402e-03	0.0000000000000000e+00	1.0003621307889246e+00
8.4997534572123796e-03	0.0000000000000000e+00	1.0003627765794729e+00
8.5172067497323294e-03	0.0000000000000000e+00	1.0003634253504428e+00
8.5346600422522706e-03	0.0000000000000000e+00	1.0003640770874127e+00
8.5521133347722100e-03	0.0000000000000000e+00	1.0003647317757900e+00
8.5695666272921599e-03	0.0000000000000000e+00	1.0003653894008047e+00
8.5870199198120993e-03	0.0000000000000000e+00	1.0003660499475129e+00
8.6044732123320405e-03	0.0000000000000000e+00	1.0003667134007965e+00
8.6219265048519903e-03	0.0000000000000000e+00	1.0003673797453632e+00
8.6393797973719298e-03	0.0000000000000000e+00	1.0003680489657498e+00
8.6568330898918692e-03	0.0000000000000000e+00	1.0003687210463224e+00
8.6742863824118208e-03	0.0000000000000000e+00	1.0003693959712732e+00
8.6917396749317602e-03	0.0000000000000000e+00	1.0003700737246290e+00
8.7091929674516996e-03	0.0000000000000000e+00	1.0003707542902449e+00
8.7266462599716495e-03	0.0000000000000000e+00	1.0003714376518076e+00
8.7440995524915906e-03	0.0000000000000000e+00	1.0003721237928360e+00
8.7615528450115301e-03	0.0000000000000000e+00	1.0003728126966875e+00
8.7790061375314799e-03	0.0000000000000000e+00	1.0003735043465480e+00
8.7964594300514194e-03	0.0000000000000000e+00	1.0003741987254413e+00
8.8139127225713605e-03	0.0000000000000000e+00	1.0003748958162271e+00
8.8313660150913104e-03	0.0000000000000000e+00	1.0003755956016058e+00
8.8488193076112498e-03	0.0000000000000000e+00	1.0003762980641104e+00
8.8662726001311892e-03	0.0000000000000000e+00	1.0003770031861161e+00
8.8837258926511408e-03	0.0000000000000000e+00	1.0003777109498373e+00
8.9011791851710802e-03	0.0000000000000000e+00	1.0003784213373301e+00
8.9186324776910197e-03	0.0000000000000000e+00	1.0003791343304937e+00
8.9360857702109695e-03	0.0000000000000000e+00	1.0003798499110674e+00
8.9535390627309107e-03	0.0000000000000000e+00	1.0003805680606381e+00
8.9709923552508501e-03	0.0000000000000000e+00	1.0003812887606349e+00
8.9884456477708000e-03	0.0000000000000000e+00	1.0003820119923319e+00
9.0058989402907394e-03	0.0000000000000000e+00	1.0003827377368562e+00
9.0233522328106806e-03	0.0000000000000000e+00	1.0003834659751751e+00
9.0408055253306304e-03	0.0000000000000000e+00	1.0003841966881115e+00
9.0582588178505698e-03	0.0000000000000000e+00	1.0003849298563345e+00
9.0757121103705093e-03	0.0000000000000000e+00	1.0003856654603678e+00
9.0931654028904609e-03	0.0000000000000000e+00	1.0003864034805825e+00
9.1106186954104003e-03	0.0000000000000000e+00	1.0003871438972090e+00
9.1280719879303397e-03	0.0000000000000000e+00	1.0003878866903302e+00
9.1455252804502896e-03	0.0000000000000000e+00	1.0003886318398816e+00
9.1629785729702307e-03	0.0000000000000000e+00	1.0003893793256582e+00
9.1804318654901702e-03	0.0000000000000000e+00	1.0003901291273147e+00
9.1978851580101200e-03	0.0000000000000000e+00	1.0003908812243603e+00
9.2153384505300594e-03	0.0000000000000000e+00	1.0003916355961671e+00
9.2327917430500006e-03	0.0000000000000000e+00	1.0003923922219713e+00
9.2502450355699505e-03	0.0000000000000000e+00	1.0003931510808617e+00
9.2676983280898899e-03	0.0000000000000000e+00	1.0003939121518015e+00
9.2851516206098293e-03	0.0000000000000000e+00	1.0003946754136153e+00
9.3026049131297792e-03	0.0000000000000000e+00	1.0003954408449915e+00
9.3200582056497203e-03	0.0000000000000000e+00	1.0003962084244882e+00
9.3375114981696598e-03	0.0000000000000000e+00	1.0003969781305304e+00
9.3549647906896096e-03	0.0000000000000000e+00	1.0003977499414130e+00
9.3724180832095508e-03	0.0000000000000000e+00	1.0003985238353013e+00
9.3898713757294902e-03	0.0000000000000000e+00	1.0003992997902349e+00
9.4073246682494296e-03	0.0000000000000000e+00	1.0004000777841244e+00
9.4247779607693795e-03	0.0000000000000000e+00	1.0004008577947545e+00
9.4422312532893207e-03	0.0000000000000000e+00	1.0004016397997886e+00
9.4596845458092705e-03	0.0000000000000000e+00	1.0004024237767641e+00
9.4771378383292099e-03	0.0000000000000000e+00	1.0004032097030993e+00
9.4945911308491494e-03	0.0000000000000000e+00	1.0004039975560883e+00
9.5120444233690905e-03	0.0000000000000000e+00	1.0004047873129112e+00
9.5294977158890404e-03	0.0000000000000000e+00	1.0004055789506254e+00
9.5469510084089798e-03	0.0000000000000000e+00	1.0004063724461751e+00
9.5644043009289192e-03	0.0000000000000000e+00	1.0004071677763879e+00
9.5818575934488708e-03	0.0000000000000000e+00	1.0004079649179765e+00
9.5993108859688103e-03	0.0000000000000000e+00	1.0004087638475450e+00
9.6167641784887497e-03	0.0000000000000000e+00	1.0004095645415800e+00
9.6342174710086995e-03	0.0000000000000000e+00	1.0004103669764608e+00
9.6516707635286407e-03	0.0000000000000000e+00	1.0004111711284622e+00
9.6691240560485905e-03	0.0000000000000000e+00	1.0004119769737456e+00
9.6865773485685300e-03	0.0000000000000000e+00	1.0004127844883708e+00
9.7040306410884694e-03	0.0000000000000000e+00	1.0004135936482881e+00
9.7214839336084106e-03	0.0000000000000000e+00	1.0004144044293506e+00
9.7389372261283604e-03	0.0000000000000000e+00	1.0004152168073057e+00
9.7563905186482999e-03	0.0000000000000000e+00	1.0004160307577992e+00
9.7738438111682393e-03	0.0000000000000000e+00	1.0004168462563829e+00
9.7912971036881909e-03	0.0000000000000000e+00	1.0004176632785047e+00
9.8087503962081303e-03	0.0000000000000000e+00	1.0004184817995230e+00
9.8262036887280697e-03	0.0000000000000000e+00	1.0004193017946910e+00
9.8436569812480196e-03	0.0000000000000000e+00	1.0004201232391812e+00
9.8611102737679607e-03	0.0000000000000000e+00	1.0004209461080626e+00
9.8785635662879106e-03	0.0000000000000000e+00	1.0004217703763192e+00
9.8960168588078500e-03	0.0000000000000000e+00	1.0004225960188478e+00
9.9134701513277895e-03	0.0000000000000000e+00	1.0004234230104507e+00
9.9309234438477306e-03	0.0000000000000000e+00	1.0004242513258463e+00
9.9483767363676805e-03	0.0000000000000000e+00	1.0004250809396702e+00
9.9658300288876199e-03	0.0000000000000000e+00	1.0004259118264733e+00
9.9832833214075593e-03	0.0000000000000000e+00	1.0004267439607220e+00
1.0000736613927501e-02	0.0000000000000000e+00	1.0004275773168056e+00
1.0018189906447501e-02	0.0000000000000000e+00	1.0004284118690301e+00
1.0035643198967400e-02	0.0000000000000000e+00	1.0004292475916270e+00
1.0053096491487300e-02	0.0000000000000000e+00	1.0004300844587473e+00
1.0070549784007300e-02	0.0000000000000000e+00	1.0004309224444707e+00
1.0088003076527199e-02	0.0000000000000000e+00	1.0004317615228044e+00
1.0105456369047200e-02	0.0000000000000000e+00	1.0004326016676761e+00
1.0122909661567101e-02	0.0000000000000000e+00	1.0004334428529513e+00
1.0140362954087099e-02	0.0000000000000000e+00	1.0004342850524217e+00
1.0157816246607001e-02	0.0000000000000000e+00	1.0004351282398123e+00
1.0175269539126900e-02	0.0000000000000000e+00	1.0004359723887819e+00
1.0192722831646900e-02	0.0000000000000000e+00	1.0004368174729257e+00
1.0210176124166800e-02	0.0000000000000000e+00	1.0004376634657717e+00
1.0227629416686800e-02	0.0000000000000000e+00	1.0004385103407900e+00
1.0245082709206699e-02	0.0000000000000000e+00	1.0004393580713886e+00
1.0262536001726700e-02	0.0000000000000000e+00	1.0004402066309162e+00
1.0279989294246601e-02	0.0000000000000000e+00	1.0004410559926653e+00
1.0297442586766500e-02	0.0000000000000000e+00	1.0004419061298706e+00
1.0314895879286501e-02	0.0000000000000000e+00	1.0004427570157151e+00
1.0332349171806400e-02	0.0000000000000000e+00	1.0004436086233273e+00
1.0349802464326400e-02	0.0000000000000000e+00	1.0004444609257805e+00
1.0367255756846300e-02	0.0000000000000000e+00	1.0004453138961069e+00
1.0384709049366300e-02	0.0000000000000000e+00	1.0004461675072793e+00
1.0402162341886199e-02	0.0000000000000000e+00	1.0004470217322301e+00
1.0419615634406101e-02	0.0000000000000000e+00	1.0004478765438465e+00
1.0437068926926101e-02	0.0000000000000000e+00	1.0004487319149673e+00
1.0454522219446000e-02	0.0000000000000000e+00	1.0004495878183959e+00
1.0471975511966001e-02	0.0000000000000000e+00	1.0006104248698457e+00
1.0489428804485900e-02	0.0000000000000000e+00	1.0006073873984547e+00
1.0506882097005900e-02	0.0000000000000000e+00	1.0006043578451544e+00
1.0524335389525800e-02	0.0000000000000000e+00	1.0006013362316095e+00
1.0541788682045699e-02	0.0000000000000000e+00	1.0005983225794808e+00
1.0559241974565699e-02	0.0000000000000000e+00	1.0005953169104234e+00
1.0576695267085601e-02	0.0000000000000000e+00	1.0005923192460708e+00
1.0594148559605601e-02	0.0000000000000000e+00	1.0005893296080628e+00
1.0611601852125500e-02	0.0000000000000000e+00	1.0005863480180228e+00
1.0629055144645501e-02	0.0000000000000000e+00	1.0005833744975625e+00
1.0646508437165400e-02	0.0000000000000000e+00	1.0005804090682835e+00
1.0663961729685400e-02	0.0000000000000000e+00	1.0005774517517754e+00
1.0681415022205300e-02	0.0000000000000000e+00	1.0005745025696180e+00
1.0698868314725199e-02	0.0000000000000000e+00	1.0005715615433788e+00
1.0716321607245199e-02	0.0000000000000000e+00	1.0005686286946081e+00
1.0733774899765101e-02	0.0000000000000000e+00	1.0005657040448501e+00
1.0751228192285101e-02	0.0000000000000000e+00	1.0005627876156298e+00
1.0768681484805000e-02	0.0000000000000000e+00	1.0005598794284591e+00
1.0786134777325001e-02	0.0000000000000000e+00	1.0005569795048341e+00
1.0803588069844900e-02	0.0000000000000000e+00	1.0005540878662369e+00
1.0821041362364800e-02	0.0000000000000000e+00	1.0005512045341316e+00
1.0838494654884800e-02	0.0000000000000000e+00	1.0005483295299686e+00
1.0855947947404699e-02	0.0000000000000000e+00	1.0005454628751798e+00
1.0873401239924699e-02	0.0000000000000000e+00	1.0005426045911789e+00
1.0890854532444601e-02	0.0000000000000000e+00	1.0005397546993602e+00
1.0908307824964599e-02	0.0000000000000000e+00	1.0005369132211042e+00
1.0925761117484500e-02	0.0000000000000000e+00	1.0005340801777669e+00
1.0943214410004400e-02	0.0000000000000000e+00	1.0005312555906836e+00
1.0960667702524400e-02	0.0000000000000000e+00	1.0005284394811773e+00
1.0978120995044300e-02	0.0000000000000000e+00	1.0005256318705429e+00
1.0995574287564300e-02	0.0000000000000000e+00	1.0005228327800539e+00
1.1013027580084199e-02	0.0000000000000000e+00	1.0005200422309670e+00
1.1030480872604199e-02	0.0000000000000000e+00	1.0005172602445054e+00
1.1047934165124101e-02	0.0000000000000000e+00	1.0005144868418845e+00
1.1065387457644000e-02	0.0000000000000000e+00	1.0005117220442834e+00
1.1082840750164000e-02	0.0000000000000000e+00	1.0005089658728610e+00
1.1100294042683900e-02	0.0000000000000000e+00	1.0005062183487523e+00
1.1117747335203900e-02	0.0000000000000000e+00	1.0005034794930643e+00
1.1135200627723800e-02	0.0000000000000000e+00	1.0005007493268807e+00
1.1152653920243800e-02	0.0000000000000000e+00	1.0004980278712552e+00
1.1170107212763699e-02	0.0000000000000000e+00	1.0004953151472180e+00
1.1187560505283699e-02	0.0000000000000000e+00	1.0004926111757677e+00
1.1205013797803601e-02	0.0000000000000000e+00	1.0004899159778753e+00
1.1222467090323500e-02	0.0000000000000000e+00	1.0004872295744829e+00
1.1239920382843500e-02	0.0000000000000000e+00	1.0004845519865024e+00
1.1257373675363400e-02	0.0000000000000000e+00	1.0004818832348172e+00
1.1274826967883400e-02	0.0000000000000000e+00	1.0004792233402777e+00
1.1292280260403300e-02	0.0000000000000000e+00	1.0004765723237019e+00
1.1309733552923300e-02	0.0000000000000000e+00	1.0004739302058776e+00
1.1327186845443199e-02	0.0000000000000000e+00	1.0004712970075591e+00
1.1344640137963101e-02	0.0000000000000000e+00	1.0004686727494636e+00
1.1362093430483101e-02	0.0000000000000000e+00	1.0004660574522797e+00
1.1379546723003000e-02	0.0000000000000000e+00	1.0004634511366592e+00
1.1397000015523000e-02	0.0000000000000000e+00	1.0004608538232163e+00
1.1414453308042900e-02	0.0000000000000000e+00	1.0004582655325311e+00
1.1431906600562900e-02	0.0000000000000000e+00	1.0004556862851466e+00
1.1449359893082800e-02	0.0000000000000000e+00	1.0004531161015648e+00
1.1466813185602699e-02	0.0000000000000000e+00	1.0004505550022584e+00
1.1484266478122699e-02	0.0000000000000000e+00	1.0004480030076517e+00
1.1501719770642601e-02	0.0000000000000000e+00	1.0004454601381365e+00
1.1519173063162601e-02	0.0000000000000000e+00	1.0004429264140584e+00
1.1536626355682500e-02	0.0000000000000000e+00	1.0004404018557274e+00
1.1554079648202500e-02	0.0000000000000000e+00	1.0004378864834107e+00
1.1571532940722400e-02	0.0000000000000000e+00	1.0004353803173296e+00
1.1588986233242300e-02	0.0000000000000000e+00	1.0004328833776701e+00
1.1606439525762300e-02	0.0000000000000000e+00	1.0004303956845655e+00
1.1623892818282199e-02	0.0000000000000000e+00	1.0004279172581143e+00
1.1641346110802199e-02	0.0000000000000000e+00	1.0004254481183641e+00
1.1658799403322101e-02	0.0000000000000000e+00	1.0004229882853177e+00
1.1676252695842101e-02	0.0000000000000000e+00	1.0004205377789332e+00
1.1693705988362000e-02	0.0000000000000000e+00	1.0004180966191216e+00
1.1711159280882000e-02	0.0000000000000000e+00	1.0004156648257425e+00
1.1728612573401900e-02	0.0000000000000000e+00	1.0004132424186138e+00
1.1746065865921800e-02	0.0000000000000000e+00	1.0004108294174998e+00
1.1763519158441800e-02	0.0000000000000000e+00	1.0004084258421149e+00
1.1780972450961699e-02	0.0000000000000000e+00	1.0004060317121266e+00
1.1798425743481699e-02	0.0000000000000000e+00	1.0004036470471469e+00
1.1815879036001601e-02	0.0000000000000000e+00	1.0004012718667377e+00
1.1833332328521601e-02	0.0000000000000000e+00	1.0003989061904091e+00
1.1850785621041500e-02	0.0000000000000000e+00	1.0003965500376160e+00
1.1868238913561400e-02	0.0000000000000000e+00	1.0003942034277622e+00
1.1885692206081400e-02	0.0000000000000000e+00	1.0003918663801927e+00
1.1903145498601300e-02	0.0000000000000000e+00	1.0003895389142008e+00
1.1920598791121300e-02	0.0000000000000000e+00	1.0003872210490206e+00
1.1938052083641199e-02	0.0000000000000000e+00	1.0003849128038307e+00
1.1955505376161199e-02	0.0000000000000000e+00	1.0003826141977521e+00
1.1972958668681101e-02	0.0000000000000000e+00	1.0003803252498458e+00
1.1990411961201000e-02	0.0000000000000000e+00	1.0003780459791138e+00
1.2007865253721000e-02	0.0000000000000000e+00	1.0003757764045014e+00
1.2025318546240900e-02	0.0000000000000000e+00	1.0003735165448866e+00
1.2042771838760900e-02	0.0000000000000000e+00	1.0003712664190931e+00
1.2060225131280800e-02	0.0000000000000000e+00	1.0003690260458773e+00
1.2077678423800800e-02	0.0000000000000000e+00	1.0003667954439366e+00
1.2095131716320699e-02	0.0000000000000000e+00	1.0003645746318997e+00
1.2112585008840600e-02	0.0000000000000000e+00	1.0003623636283319e+00
1.2130038301360601e-02	0.0000000000000000e+00	1.0003601624517384e+00
1.2147491593880500e-02	0.0000000000000000e+00	1.0003579711205526e+00
1.2164944886400500e-02	0.0000000000000000e+00	1.0003557896531434e+00
1.2182398178920400e-02	0.0000000000000000e+00	1.0003536180678101e+00
1.2199851471440400e-02	0.0000000000000000e+00	1.0003514563827876e+00
1.2217304763960300e-02	0.0000000000000000e+00	1.0003493046162377e+00
1.2234758056480201e-02	0.0000000000000000e+00	1.0003471627862528e+00
1.2252211349000199e-02	0.0000000000000000e+00	1.0003450309108552e+00
1.2269664641520101e-02	0.0000000000000000e+00	1.0003429090079965e+00
1.2287117934040101e-02	0.0000000000000000e+00	1.0003407970955536e+00
1.2304571226560000e-02	0.0000000000000000e+00	1.0003386951913351e+00
1.2322024519080000e-02	0.0000000000000000e+00	1.0003366033130701e+00
1.2339477811599900e-02	0.0000000000000000e+00	1.0003345214784145e+00
1.2356931104119900e-02	0.0000000000000000e+00	1.0003324497049508e+00
1.2374384396639800e-02	0.0000000000000000e+00	1.0003303880101821e+00
1.2391837689159701e-02	0.0000000000000000e+00	1.0003283364115378e+00
1.2409290981679699e-02	0.0000000000000000e+00	1.0003262949263663e+00
1.2426744274199601e-02	0.0000000000000000e+00	1.0003242635719403e+00
1.2444197566719601e-02	0.0000000000000000e+00	1.0003222423654485e+00
1.2461650859239500e-02	0.0000000000000000e+00	1.0003202313240040e+00
1.2479104151759500e-02	0.0000000000000000e+00	1.0003182304646356e+00
1.2496557444279400e-02	0.0000000000000000e+00	1.0003162398042906e+00
1.2514010736799299e-02	0.0000000000000000e+00	1.0003142593598353e+00
1.2531464029319300e-02	0.0000000000000000e+00	1.0003122891480505e+00
1.2548917321839201e-02	0.0000000000000000e+00	1.0003103291856317e+00
1.2566370614359199e-02	0.0000000000000000e+00	1.0003083794891940e+00
1.2583823906879101e-02	0.0000000000000000e+00	1.0003064400752597e+00
1.2601277199399101e-02	0.0000000000000000e+00	1.0003045109602680e+00
1.2618730491919000e-02	0.0000000000000000e+00	1.0003025921605697e+00
1.2636183784438900e-02	0.0000000000000000e+00	1.0003006836924293e+00
1.2653637076958900e-02	0.0000000000000000e+00	1.0002987855720151e+00
1.2671090369478799e-02	0.0000000000000000e+00	1.0002968978154161e+00
1.2688543661998800e-02	0.0000000000000000e+00	1.0002950204386185e+00
1.2705996954518701e-02	0.0000000000000000e+00	1.0002931534575235e+00
1.2723450247038699e-02	0.0000000000000000e+00	1.0002912968879381e+00
1.2740903539558601e-02	0.0000000000000000e+00	1.0002894507455760e+00
1.2758356832078500e-02	0.0000000000000000e+00	1.0002876150460553e+00
1.2775810124598500e-02	0.0000000000000000e+00	1.0002857898049005e+00
1.2793263417118400e-02	0.0000000000000000e+00	1.0002839750375383e+00
1.2810716709638400e-02	0.0000000000000000e+00	1.0002821707593006e+00
1.2828170002158299e-02	0.0000000000000000e+00	1.0002803769854187e+00
1.2845623294678300e-02	0.0000000000000000e+00	1.0002785937310263e+00
1.2863076587198201e-02	0.0000000000000000e+00	1.0002768210111592e+00
1.2880529879718199e-02	0.0000000000000000e+00	1.0002750588407514e+00
1.2897983172238101e-02	0.0000000000000000e+00	1.0002733072346366e+00
1.2915436464758000e-02	0.0000000000000000e+00	1.0002715662075452e+00
1.2932889757278000e-02	0.0000000000000000e+00	1.0002698357741047e+00
1.2950343049797900e-02	0.0000000000000000e+00	1.0002681159488409e+00
1.2967796342317900e-02	0.0000000000000000e+00	1.0002664067461733e+00
1.2985249634837799e-02	0.0000000000000000e+00	1.0002647081804161e+00
1.3002702927357800e-02	0.0000000000000000e+00	1.0002630202657783e+00
1.3020156219877701e-02	0.0000000000000000e+00	1.0002613430163583e+00
1.3037609512397600e-02	0.0000000000000000e+00	1.0002596764461520e+00
1.3055062804917601e-02	0.0000000000000000e+00	1.0002580205690426e+00
1.3072516097437500e-02	0.0000000000000000e+00	1.0002563753988041e+00
1.3089969389957500e-02	0.0000000000000000e+00	1.0002547409490998e+00
1.3107422682477400e-02	0.0000000000000000e+00	1.0002531172334845e+00
1.3124875974997400e-02	0.0000000000000000e+00	1.0002515042653957e+00
1.3142329267517299e-02	0.0000000000000000e+00	1.0002499020581621e+00
1.3159782560037201e-02	0.0000000000000000e+00	1.0002483106249960e+00
1.3177235852557199e-02	0.0000000000000000e+00	1.0002467299789939e+00
1.3194689145077100e-02	0.0000000000000000e+00	1.0002451601331415e+00
1.3212142437597101e-02	0.0000000000000000e+00	1.0002436011003009e+00
1.3229595730117000e-02	0.0000000000000000e+00	1.0002420528932243e+00
1.3247049022637000e-02	0.0000000000000000e+00	1.0002405155245395e+00
1.3264502315156900e-02	0.0000000000000000e+00	1.0002389890067571e+00
1.3281955607676799e-02	0.0000000000000000e+00	1.0002374733522692e+00
1.3299408900196799e-02	0.0000000000000000e+00	1.0002359685733451e+00
1.3316862192716701e-02	0.0000000000000000e+00	1.0002344746821317e+00
1.3334315485236699e-02	0.0000000000000000e+00	1.0002329916906574e+00
1.3351768777756600e-02	0.0000000000000000e+00	1.0002315196108229e+00
1.3369222070276601e-02	0.0000000000000000e+00	1.0002300584544062e+00
1.3386675362796500e-02	0.0000000000000000e+00	1.0002286082330574e+00
1.3404128655316400e-02	0.0000000000000000e+00	1.0002271689583089e+00
1.3421581947836400e-02	0.0000000000000000e+00	1.0002257406415542e+00
1.3439035240356299e-02	0.0000000000000000e+00	1.0002243232940693e+00
1.3456488532876299e-02	0.0000000000000000e+00	1.0002229169269967e+00
1.3473941825396201e-02	0.0000000000000000e+00	1.0002215215513495e+00
1.3491395117916199e-02	0.0000000000000000e+00	1.0002201371780111e+00
1.3508848410436100e-02	0.0000000000000000e+00	1.0002187638177347e+00
1.3526301702956101e-02	0.0000000000000000e+00	1.0002174014811402e+00
1.3543754995476000e-02	0.0000000000000000e+00	1.0002160501787145e+00
1.3561208287995900e-02	0.0000000000000000e+00	1.0002147099208134e+00
1.3578661580515900e-02	0.0000000000000000e+00	1.0002133807176536e+00
1.3596114873035799e-02	0.0000000000000000e+00	1.0002120625793207e+00
1.3613568165555799e-02	0.0000000000000000e+00	1.0002107555157591e+00
1.3631021458075701e-02	0.0000000000000000e+00	1.0002094595367819e+00
1.3648474750595699e-02	0.0000000000000000e+00	1.0002081746520610e+00
1.3665928043115600e-02	0.0000000000000000e+00	1.0002069008711301e+00
1.3683381335635500e-02	0.0000000000000000e+00	1.0002056382033808e+00
1.3700834628155500e-02	0.0000000000000000e+00	1.0002043866580665e+00
1.3718287920675400e-02	0.0000000000000000e+00	1.0002031462443017e+00
1.3735741213195400e-02	0.0000000000000000e+00	1.0002019169710539e+00
1.3753194505715299e-02	0.0000000000000000e+00	1.0002006988471501e+00
1.3770647798235299e-02	0.0000000000000000e+00	1.0001994918812733e+00
1.3788101090755201e-02	0.0000000000000000e+00	1.0001982960819611e+00
1.3805554383275100e-02	0.0000000000000000e+00	1.0001971114576056e+00
1.3823007675795100e-02	0.0000000000000000e+00	1.0001959380164538e+00
1.3840460968315000e-02	0.0000000000000000e+00	1.0001947757666028e+00
1.3857914260835000e-02	0.0000000000000000e+00	1.0001936247160053e+00
1.3875367553354900e-02	0.0000000000000000e+00	1.0001924848724622e+00
1.3892820845874900e-02	0.0000000000000000e+00	1.0001913562436260e+00
1.3910274138394799e-02	0.0000000000000000e+00	1.0001902388369965e+00
1.3927727430914701e-02	0.0000000000000000e+00	1.0001891326599270e+00
1.3945180723434701e-02	0.0000000000000000e+00	1.0001880377196126e+00
1.3962634015954600e-02	0.0000000000000000e+00	1.0001869540231010e+00
1.3980087308474600e-02	0.0000000000000000e+00	1.0001858815772815e+00
1.3997540600994500e-02	0.0000000000000000e+00	1.0001848203888928e+00
1.4014993893514500e-02	0.0000000000000000e+00	1.0001837704645147e+00
1.4032447186034400e-02	0.0000000000000000e+00	1.0001827318105716e+00
1.4049900478554400e-02	0.0000000000000000e+00	1.0001817044333330e+00
1.4067353771074299e-02	0.0000000000000000e+00	1.0001806883389082e+00
1.4084807063594201e-02	0.0000000000000000e+00	1.0001796835332502e+00
1.4102260356114201e-02	0.0000000000000000e+00	1.0001786900221488e+00
1.4119713648634100e-02	0.0000000000000000e+00	1.0001777078112377e+00
1.4137166941154100e-02	0.0000000000000000e+00	1.0001767369059853e+00
1.4154620233674000e-02	0.0000000000000000e+00	1.0001757773117046e+00
1.4172073526194000e-02	0.0000000000000000e+00	1.0001748290335397e+00
1.4189526818713900e-02	0.0000000000000000e+00	1.0001738920764733e+00
1.4206980111233799e-02	0.0000000000000000e+00	1.0001729664453241e+00
1.4224433403753799e-02	0.0000000000000000e+00	1.0001720521447486e+00
1.4241886696273701e-02	0.0000000000000000e+00	1.0001711491792324e+00
1.4259339988793701e-02	0.0000000000000000e+00	1.0001702575530973e+00
1.4276793281313600e-02	0.0000000000000000e+00	1.0001693772705000e+00
1.4294246573833600e-02	0.0000000000000000e+00	1.0001685083354246e+00
1.4311699866353500e-02	0.0000000000000000e+00	1.0001676507516908e+00
1.4329153158873400e-02	0.0000000000000000e+00	1.0001668045229457e+00
1.4346606451393400e-02	0.0000000000000000e+00	1.0001659696526679e+00
1.4364059743913299e-02	0.0000000000000000e+00	1.0001651461441650e+00
1.4381513036433299e-02	0.0000000000000000e+00	1.0001643340005706e+00
1.4398966328953201e-02	0.0000000000000000e+00	1.0001635332248489e+00
1.4416419621473201e-02	0.0000000000000000e+00	1.0001627438197891e+00
1.4433872913993100e-02	0.0000000000000000e+00	1.0001619657880043e+00
1.4451326206513000e-02	0.0000000000000000e+00	1.0001611991319403e+00
1.4468779499033000e-02	0.0000000000000000e+00	1.0001604438538569e+00
1.4486232791552900e-02	0.0000000000000000e+00	1.0001596999558477e+00
1.4503686084072900e-02	0.0000000000000000e+00	1.0001589674398212e+00
1.4521139376592799e-02	0.0000000000000000e+00	1.0001582463075167e+00
1.4538592669112799e-02	0.0000000000000000e+00	1.0001575365604867e+00
1.4556045961632701e-02	0.0000000000000000e+00	1.0001568382001116e+00
1.4573499254152701e-02	0.0000000000000000e+00	1.0001561512275867e+00
1.4590952546672600e-02	0.0000000000000000e+00	1.0001554756439308e+00
1.4608405839192500e-02	0.0000000000000000e+00	1.0001548114499801e+00
1.4625859131712500e-02	0.0000000000000000e+00	1.0001541586463893e+00
1.4643312424232400e-02	0.0000000000000000e+00	1.0001535172336298e+00
1.4660765716752400e-02	0.0000000000000000e+00	1.0001528872119909e+00
1.4678219009272299e-02	0.0000000000000000e+00	1.0001522685815794e+00
1.4695672301792299e-02	0.0000000000000000e+00	1.0001516613423140e+00
1.4713125594312201e-02	0.0000000000000000e+00	1.0001510654939307e+00
1.4730578886832100e-02	0.0000000000000000e+00	1.0001504810359811e+00
1.4748032179352100e-02	0.0000000000000000e+00	1.0001499079678264e+00
1.4765485471872000e-02	0.0000000000000000e+00	1.0001493462886455e+00
1.4782938764392000e-02	0.0000000000000000e+00	1.0001487959974249e+00
1.4800392056911900e-02	0.0000000000000000e+00	1.0001482570929661e+00
1.4817845349431900e-02	0.0000000000000000e+00	1.0001477295738808e+00
1.4835298641951799e-02	0.0000000000000000e+00	1.0001472134385885e+00
1.4852751934471701e-02	0.0000000000000000e+00	1.0001467086853248e+00
1.4870205226991701e-02	0.0000000000000000e+00	1.0001462153121266e+00
1.4887658519511600e-02	0.0000000000000000e+00	1.0001457333168464e+00
1.4905111812031600e-02	0.0000000000000000e+00	1.0001452626971385e+00
1.4922565104551500e-02	0.0000000000000000e+00	1.0001448034504699e+00
1.4940018397071500e-02	0.0000000000000000e+00	1.0001443555741112e+00
1.4957471689591400e-02	0.0000000000000000e+00	1.0001439190651393e+00
1.4974924982111301e-02	0.0000000000000000e+00	1.0001434939204390e+00
1.4992378274631299e-02	0.0000000000000000e+00	1.0001430801366975e+00
1.5009831567151201e-02	0.0000000000000000e+00	1.0001426777104088e+00
1.5027284859671201e-02	0.0000000000000000e+00	1.0001422866378682e+00
1.5044738152191100e-02	0.0000000000000000e+00	1.0001419069151765e+00
1.5062191444711100e-02	0.0000000000000000e+00	1.0001415385382355e+00
1.5079644737231000e-02	0.0000000000000000e+00	1.0001411815027526e+00
1.5097098029750899e-02	0.0000000000000000e+00	1.0001408358042323e+00
1.5114551322270900e-02	0.0000000000000000e+00	1.0001405014379838e+00
1.5132004614790801e-02	0.0000000000000000e+00	1.0001401783991168e+00
1.5149457907310799e-02	0.0000000000000000e+00	1.0001398666825378e+00
1.5166911199830701e-02	0.0000000000000000e+00	1.0001395662829577e+00
1.5184364492350701e-02	0.0000000000000000e+00	1.0001392771948838e+00
1.5201817784870600e-02	0.0000000000000000e+00	1.0001389994126217e+00
1.5219271077390600e-02	0.0000000000000000e+00	1.0001387329302764e+00
1.5236724369910500e-02	0.0000000000000000e+00	1.0001384777417519e+00
1.5254177662430399e-02	0.0000000000000000e+00	1.0001382338407458e+00
1.5271630954950400e-02	0.0000000000000000e+00	1.0001380012207539e+00
1.5289084247470301e-02	0.0000000000000000e+00	1.0001377798750715e+00
1.5306537539990299e-02	0.0000000000000000e+00	1.0001375697967843e+00
1.5323990832510201e-02	0.0000000000000000e+00	1.0001373709787784e+00
1.5341444125030201e-02	0.0000000000000000e+00	1.0001371834137305e+00
1.5358897417550100e-02	0.0000000000000000e+00	1.0001370070941158e+00
1.5376350710070000e-02	0.0000000000000000e+00	1.0001368420121997e+00
1.5393804002590000e-02	0.0000000000000000e+00	1.0001366881600460e+00
1.5411257295109899e-02	0.0000000000000000e+00	1.0001365455295075e+00
1.5428710587629900e-02	0.0000000000000000e+00	1.0001364141122309e+00
1.5446163880149801e-02	0.0000000000000000e+00	1.0001362938996565e+00
1.5463617172669799e-02	0.0000000000000000e+00	1.0001361848830186e+00
1.5481070465189701e-02	0.0000000000000000e+00	1.0001360870533367e+00
1.5498523757709600e-02	0.0000000000000000e+00	1.0001360004014270e+00
1.5515977050229600e-02	0.0000000000000000e+00	1.0001359249178978e+00
1.5533430342749500e-02	0.0000000000000000e+00	1.0001358605931432e+00
1.5550883635269500e-02	0.0000000000000000e+00	1.0001358074173492e+00
1.5568336927789399e-02	0.0000000000000000e+00	1.0001357653804963e+00
1.5585790220309400e-02	0.0000000000000000e+00	1.0001357344723467e+00
1.5603243512829299e-02	0.0000000000000000e+00	1.0001357146824592e+00
1.5620696805349200e-02	0.0000000000000000e+00	1.0001357060001765e+00
1.5638150097869199e-02	0.0000000000000000e+00	1.0001357084146316e+00
1.5655603390389100e-02	0.0000000000000000e+00	1.0001357219147473e+00
1.5673056682909099e-02	0.0000000000000000e+00	1.0001357464892335e+00
1.5690509975429000e-02	0.0000000000000000e+00	1.0001357821265859e+00
1.5707963267949002e-02	0.0000000000000000e+00	1.0001358288150906e+00
1.5725416560468899e-02	0.0000000000000000e+00	1.0001358865428200e+00
1.5742869852988801e-02	0.0000000000000000e+00	1.0001359552976334e+00
1.5760323145508799e-02	0.0000000000000000e+00	1.0001360350671757e+00
1.5777776438028700e-02	0.0000000000000000e+00	1.0001361258388806e+00
1.5795229730548699e-02	0.0000000000000000e+00	1.0001362275999668e+00
1.5812683023068600e-02	0.0000000000000000e+00	1.0001363403374368e+00
1.5830136315588599e-02	0.0000000000000000e+00	1.0001364640380843e+00
1.5847589608108500e-02	0.0000000000000000e+00	1.0001365986884836e+00
1.5865042900628502e-02	0.0000000000000000e+00	1.0001367442749964e+00
1.5882496193148399e-02	0.0000000000000000e+00	1.0001369007837715e+00
1.5899949485668301e-02	0.0000000000000000e+00	1.0001370682007369e+00
1.5917402778188299e-02	0.0000000000000000e+00	1.0001372465116132e+00
1.5934856070708200e-02	0.0000000000000000e+00	1.0001374357019008e+00
1.5952309363228199e-02	0.0000000000000000e+00	1.0001376357568856e+00
1.5969762655748100e-02	0.0000000000000000e+00	1.0001378466616386e+00
1.5987215948268099e-02	0.0000000000000000e+00	1.0001380684010137e+00
1.6004669240788000e-02	0.0000000000000000e+00	1.0001383009596501e+00
1.6022122533307901e-02	0.0000000000000000e+00	1.0001385443219717e+00
1.6039575825827899e-02	0.0000000000000000e+00	1.0001387984721850e+00
1.6057029118347801e-02	0.0000000000000000e+00	1.0001390633942815e+00
1.6074482410867799e-02	0.0000000000000000e+00	1.0001393390720350e+00
1.6091935703387700e-02	0.0000000000000000e+00	1.0001396254890047e+00
1.6109388995907699e-02	0.0000000000000000e+00	1.0001399226285330e+00
1.6126842288427600e-02	0.0000000000000000e+00	1.0001402304737423e+00
1.6144295580947501e-02	0.0000000000000000e+00	1.0001405490075461e+00
1.6161748873467500e-02	0.0000000000000000e+00	1.0001408782126335e+00
1.6179202165987401e-02	0.0000000000000000e+00	1.0001412180714822e+00
1.6196655458507399e-02	0.0000000000000000e+00	1.0001415685663497e+00
1.6214108751027301e-02	0.0000000000000000e+00	1.0001419296792824e+00
1.6231562043547299e-02	0.0000000000000000e+00	1.0001423013921031e+00
1.6249015336067200e-02	0.0000000000000000e+00	1.0001426836864211e+00
1.6266468628587199e-02	0.0000000000000000e+00	1.0001430765436317e+00
1.6283921921107100e-02	0.0000000000000000e+00	1.0001434799449114e+00
1.6301375213627001e-02	0.0000000000000000e+00	1.0001438938712177e+00
1.6318828506147000e-02	0.0000000000000000e+00	1.0001443183032943e+00
1.6336281798666901e-02	0.0000000000000000e+00	1.0001447532216692e+00
1.6353735091186899e-02	0.0000000000000000e+00	1.0001451986066547e+00
1.6371188383706801e-02	0.0000000000000000e+00	1.0001456544383418e+00
1.6388641676226799e-02	0.0000000000000000e+00	1.0001461206966105e+00
1.6406094968746700e-02	0.0000000000000000e+00	1.0001465973611230e+00
1.6423548261266602e-02	0.0000000000000000e+00	1.0001470844113232e+00
1.6441001553786600e-02	0.0000000000000000e+00	1.0001475818264445e+00
1.6458454846306501e-02	0.0000000000000000e+00	1.0001480895854988e+00
1.6475908138826500e-02	0.0000000000000000e+00	1.0001486076672865e+00
1.6493361431346401e-02	0.0000000000000000e+00	1.0001491360503889e+00
1.6510814723866400e-02	0.0000000000000000e+00	1.0001496747131755e+00
1.6528268016386301e-02	0.0000000000000000e+00	1.0001502236337994e+00
1.6545721308906199e-02	0.0000000000000000e+00	1.0001507827901965e+00
1.6563174601426200e-02	0.0000000000000000e+00	1.0001513521600913e+00
1.6580627893946102e-02	0.0000000000000000e+00	1.0001519317209926e+00
1.6598081186466100e-02	0.0000000000000000e+00	1.0001525214501921e+00
1.6615534478986001e-02	0.0000000000000000e+00	1.0001531213247714e+00
1.6632987771506000e-02	0.0000000000000000e+00	1.0001537313215949e+00
1.6650441064025901e-02	0.0000000000000000e+00	1.0001543514173161e+00
1.6667894356545799e-02	0.0000000000000000e+00	1.0001549815883719e+00
1.6685347649065801e-02	0.0000000000000000e+00	1.0001556218109884e+00
1.6702800941585699e-02	0.0000000000000000e+00	1.0001562720611783e+00
1.6720254234105700e-02	0.0000000000000000e+00	1.0001569323147401e+00
1.6737707526625598e-02	0.0000000000000000e+00	1.0001576025472625e+00
1.6755160819145600e-02	0.0000000000000000e+00	1.0001582827341184e+00
1.6772614111665501e-02	0.0000000000000000e+00	1.0001589728504718e+00
1.6790067404185399e-02	0.0000000000000000e+00	1.0001596728712749e+00
1.6807520696705401e-02	0.0000000000000000e+00	1.0001603827712680e+00
1.6824973989225299e-02	0.0000000000000000e+00	1.0001611025249806e+00
1.6842427281745301e-02	0.0000000000000000e+00	1.0001618321067316e+00
1.6859880574265199e-02	0.0000000000000000e+00	1.0001625714906297e+00
1.6877333866785200e-02	0.0000000000000000e+00	1.0001633206505751e+00
1.6894787159305098e-02	0.0000000000000000e+00	1.0001640795602571e+00
1.6912240451825100e-02	0.0000000000000000e+00	1.0001648481931555e+00
1.6929693744345001e-02	0.0000000000000000e+00	1.0001656265225445e+00
1.6947147036864899e-02	0.0000000000000000e+00	1.0001664145214855e+00
1.6964600329384901e-02	0.0000000000000000e+00	1.0001672121628373e+00
1.6982053621904799e-02	0.0000000000000000e+00	1.0001680194192464e+00
1.6999506914424801e-02	0.0000000000000000e+00	1.0001688362631549e+00
1.7016960206944699e-02	0.0000000000000000e+00	1.0001696626668002e+00
1.7034413499464700e-02	0.0000000000000000e+00	1.0001704986022093e+00
1.7051866791984598e-02	0.0000000000000000e+00	1.0001713440412063e+00
1.7069320084504500e-02	0.0000000000000000e+00	1.0001721989554107e+00
1.7086773377024501e-02	0.0000000000000000e+00	1.0001730633162369e+00
1.7104226669544399e-02	0.0000000000000000e+00	1.0001739370948923e+00
1.7121679962064401e-02	0.0000000000000000e+00	1.0001748202623852e+00
1.7139133254584299e-02	0.0000000000000000e+00	1.0001757127895197e+00
1.7156586547104301e-02	0.0000000000000000e+00	1.0001766146468953e+00
1.7174039839624199e-02	0.0000000000000000e+00	1.0001775258049097e+00
1.7191493132144100e-02	0.0000000000000000e+00	1.0001784462337631e+00
1.7208946424664098e-02	0.0000000000000000e+00	1.0001793759034472e+00
1.7226399717184000e-02	0.0000000000000000e+00	1.0001803147837631e+00
1.7243853009704001e-02	0.0000000000000000e+00	1.0001812628443036e+00
1.7261306302223899e-02	0.0000000000000000e+00	1.0001822200544690e+00
1.7278759594743901e-02	0.0000000000000000e+00	1.0001831863834545e+00
1.7296212887263799e-02	0.0000000000000000e+00	1.0001841618002614e+00
1.7313666179783700e-02	0.0000000000000000e+00	1.0001851462736941e+00
1.7331119472303699e-02	0.0000000000000000e+00	1.0001861397723586e+00
1.7348572764823600e-02	0.0000000000000000e+00	1.0001871422646655e+00
1.7366026057343598e-02	0.0000000000000000e+00	1.0001881537188293e+00
1.7383479349863500e-02	0.0000000000000000e+00	1.0001891741028708e+00
1.7400932642383501e-02	0.0000000000000000e+00	1.0001902033846155e+00
1.7418385934903399e-02	0.0000000000000000e+00	1.0001912415316965e+00
1.7435839227423401e-02	0.0000000000000000e+00	1.0001922885115548e+00
1.7453292519943299e-02	0.0000000000000000e+00	1.0001933442914375e+00
1.7470745812463200e-02	0.0000000000000000e+00	1.0001944088384012e+00
1.7488199104983199e-02	0.0000000000000000e+00	1.0001954821193106e+00
1.7505652397503100e-02	0.0000000000000000e+00	1.0001965641008446e+00
1.7523105690023098e-02	0.0000000000000000e+00	1.0001976547494884e+00
1.7540558982543000e-02	0.0000000000000000e+00	1.0001987540315407e+00
1.7558012275063001e-02	0.0000000000000000e+00	1.0001998619131123e+00
1.7575465567582899e-02	0.0000000000000000e+00	1.0002009783601278e+00
1.7592918860102801e-02	0.0000000000000000e+00	1.0002021033383257e+00
1.7610372152622799e-02	0.0000000000000000e+00	1.0002032368132574e+00
1.7627825445142700e-02	0.0000000000000000e+00	1.0002043787502910e+00
1.7645278737662699e-02	0.0000000000000000e+00	1.0002055291146135e+00
1.7662732030182600e-02	0.0000000000000000e+00	1.0002066878712215e+00
1.7680185322702598e-02	0.0000000000000000e+00	1.0002078549849382e+00
1.7697638615222500e-02	0.0000000000000000e+00	1.0002090304204008e+00
1.7715091907742401e-02	0.0000000000000000e+00	1.0002102141420661e+00
1.7732545200262399e-02	0.0000000000000000e+00	1.0002114061142127e+00
1.7749998492782301e-02	0.0000000000000000e+00	1.0002126063009404e+00
1.7767451785302299e-02	0.0000000000000000e+00	1.0002138146661699e+00
1.7784905077822200e-02	0.0000000000000000e+00	1.0002150311736466e+00
1.7802358370342199e-02	0.0000000000000000e+00	1.0002162557869381e+00
1.7819811662862100e-02	0.0000000000000000e+00	1.0002174884694397e+00
1.7837264955382001e-02	0.0000000000000000e+00	1.0002187291843667e+00
1.7854718247902000e-02	0.0000000000000000e+00	1.0002199778947662e+00
1.7872171540421901e-02	0.0000000000000000e+00	1.0002212345635140e+00
1.7889624832941899e-02	0.0000000000000000e+00	1.0002224991533080e+00
1.7907078125461801e-02	0.0000000000000000e+00	1.0002237716266811e+00
1.7924531417981799e-02	0.0000000000000000e+00	1.0002250519459941e+00
1.7941984710501700e-02	0.0000000000000000e+00	1.0002263400734404e+00
1.7959438003021699e-02	0.0000000000000000e+00	1.0002276359710434e+00
1.7976891295541600e-02	0.0000000000000000e+00	1.0002289396006632e+00
1.7994344588061501e-02	0.0000000000000000e+00	1.0002302509239926e+00
1.8011797880581500e-02	0.0000000000000000e+00	1.0002315699025557e+00
1.8029251173101401e-02	0.0000000000000000e+00	1.0002328964977218e+00
1.8046704465621399e-02	0.0000000000000000e+00	1.0002342306706871e+00
1.8064157758141301e-02	0.0000000000000000e+00	1.0002355723824934e+00
1.8081611050661299e-02	0.0000000000000000e+00	1.0002369215940186e+00
1.8099064343181200e-02	0.0000000000000000e+00	1.0002382782659827e+00
1.8116517635701102e-02	0.0000000000000000e+00	1.0002396423589448e+00
1.8133970928221100e-02	0.0000000000000000e+00	1.0002410138333104e+00
1.8151424220741001e-02	0.0000000000000000e+00	1.0002423926493214e+00
1.8168877513261000e-02	0.0000000000000000e+00	1.0002437787670710e+00
1.8186330805780901e-02	0.0000000000000000e+00	1.0002451721464960e+00
1.8203784098300899e-02	0.0000000000000000e+00	1.0002465727473782e+00
1.8221237390820801e-02	0.0000000000000000e+00	1.0002479805293476e+00
1.8238690683340698e-02	0.0000000000000000e+00	1.0002493954518856e+00
1.8256143975860700e-02	0.0000000000000000e+00	1.0002508174743192e+00
1.8273597268380602e-02	0.0000000000000000e+00	1.0002522465558334e+00
1.8291050560900600e-02	0.0000000000000000e+00	1.0002536826554569e+00
1.8308503853420501e-02	0.0000000000000000e+00	1.0002551257320760e+00
1.8325957145940500e-02	0.0000000000000000e+00	1.0002565757444339e+00
1.8343410438460401e-02	0.0000000000000000e+00	1.0002580326511243e+00
1.8360863730980299e-02	0.0000000000000000e+00	1.0002594964106013e+00
1.8378317023500301e-02	0.0000000000000000e+00	1.0002609669811744e+00
1.8395770316020198e-02	0.0000000000000000e+00	1.0002624443210137e+00
1.8413223608540200e-02	0.0000000000000000e+00	1.0002639283881505e+00
1.8430676901060102e-02	0.0000000000000000e+00	1.0002654191404738e+00
1.8448130193580100e-02	0.0000000000000000e+00	1.0002669165357401e+00
1.8465583486100001e-02	0.0000000000000000e+00	1.0002684205315653e+00
1.8483036778619899e-02	0.0000000000000000e+00	1.0002699310854315e+00
1.8500490071139901e-02	0.0000000000000000e+00	1.0002714481546895e+00
1.8517943363659799e-02	0.0000000000000000e+00	1.0002729716965535e+00
1.8535396656179801e-02	0.0000000000000000e+00	1.0002745016681096e+00
1.8552849948699698e-02	0.0000000000000000e+00	1.0002760380263118e+00
1.8570303241219700e-02	0.0000000000000000e+00	1.0002775807279873e+00
1.8587756533739602e-02	0.0000000000000000e+00	1.0002791297298317e+00
1.8605209826259600e-02	0.0000000000000000e+00	1.0002806849884172e+00
1.8622663118779501e-02	0.0000000000000000e+00	1.0002822464601893e+00
1.8640116411299399e-02	0.0000000000000000e+00	1.0002838141014725e+00
1.8657569703819401e-02	0.0000000000000000e+00	1.0002853878684641e+00
1.8675022996339299e-02	0.0000000000000000e+00	1.0002869677172419e+00
1.8692476288859301e-02	0.0000000000000000e+00	1.0002885536037660e+00
1.8709929581379198e-02	0.0000000000000000e+00	1.0002901454838729e+00
1.8727382873899200e-02	0.0000000000000000e+00	1.0002917433132850e+00
1.8744836166419102e-02	0.0000000000000000e+00	1.0002933470476070e+00
1.8762289458938999e-02	0.0000000000000000e+00	1.0002949566423291e+00
1.8779742751459001e-02	0.0000000000000000e+00	1.0002965720528276e+00
1.8797196043978899e-02	0.0000000000000000e+00	1.0002981932343666e+00
1.8814649336498901e-02	0.0000000000000000e+00	1.0002998201420983e+00
1.8832102629018799e-02	0.0000000000000000e+00	1.0003014527310634e+00
1.8849555921538801e-02	0.0000000000000000e+00	1.0003030909562003e+00
1.8867009214058698e-02	0.0000000000000000e+00	1.0003047347723331e+00
1.8884462506578600e-02	0.0000000000000000e+00	1.0003063841341844e+00
1.8901915799098602e-02	0.0000000000000000e+00	1.0003080389963710e+00
1.8919369091618499e-02	0.0000000000000000e+00	1.0003096993134066e+00
1.8936822384138501e-02	0.0000000000000000e+00	1.0003113650397029e+00
1.8954275676658399e-02	0.0000000000000000e+00	1.0003130361295707e+00
1.8971728969178401e-02	0.0000000000000000e+00	1.0003147125372238e+00
1.8989182261698299e-02	0.0000000000000000e+00	1.0003163942167765e+00
1.9006635554218200e-02	0.0000000000000000e+00	1.0003180811222452e+00
1.9024088846738198e-02	0.0000000000000000e+00	1.0003197732075555e+00
1.9041542139258100e-02	0.0000000000000000e+00	1.0003214704265364e+00
1.9058995431778102e-02	0.0000000000000000e+00	1.0003231727329254e+00
1.9076448724297999e-02	0.0000000000000000e+00	1.0003248800803670e+00
1.9093902016818001e-02	0.0000000000000000e+00	1.0003265924224196e+00
1.9111355309337899e-02	0.0000000000000000e+00	1.0003283097125530e+00
1.9128808601857800e-02	0.0000000000000000e+00	1.0003300319041470e+00
1.9146261894377799e-02	0.0000000000000000e+00	1.0003317589505012e+00
1.9163715186897700e-02	0.0000000000000000e+00	1.0003334908048254e+00
1.9181168479417698e-02	0.0000000000000000e+00	1.0003352274202519e+00
1.9198621771937600e-02	0.0000000000000000e+00	1.0003369687498305e+00
1.9216075064457602e-02	0.0000000000000000e+00	1.0003387147465295e+00
1.9233528356977499e-02	0.0000000000000000e+00	1.0003404653632404e+00
1.9250981649497501e-02	0.0000000000000000e+00	1.0003422205527770e+00
1.9268434942017399e-02	0.0000000000000000e+00	1.0003439802678800e+00
1.9285888234537300e-02	0.0000000000000000e+00	1.0003457444612118e+00
1.9303341527057299e-02	0.0000000000000000e+00	1.0003475130853674e+00
1.9320794819577200e-02	0.0000000000000000e+00	1.0003492860928658e+00
1.9338248112097198e-02	0.0000000000000000e+00	1.0003510634361590e+00
1.9355701404617100e-02	0.0000000000000000e+00	1.0003528450676296e+00
1.9373154697137102e-02	0.0000000000000000e+00	1.0003546309395943e+00
1.9390607989656999e-02	0.0000000000000000e+00	1.0003564210043048e+00
1.9408061282176901e-02	0.0000000000000000e+00	1.0003582152139465e+00
1.9425514574696899e-02	0.0000000000000000e+00	1.0003600135206421e+00
1.9442967867216800e-02	0.0000000000000000e+00	1.0003618158764584e+00
1.9460421159736799e-02	0.0000000000000000e+00	1.0003636222333954e+00
1.9477874452256700e-02	0.0000000000000000e+00	1.0003654325434006e+00
1.9495327744776698e-02	0.0000000000000000e+00	1.0003672467583598e+00
1.9512781037296600e-02	0.0000000000000000e+00	1.0003690648301076e+00
1.9530234329816501e-02	0.0000000000000000e+00	1.0003708867104242e+00
1.9547687622336499e-02	0.0000000000000000e+00	1.0003727123510353e+00
1.9565140914856401e-02	0.0000000000000000e+00	1.0003745417036163e+00
1.9582594207376399e-02	0.0000000000000000e+00	1.0003763747197929e+00
1.9600047499896300e-02	0.0000000000000000e+00	1.0003782113511450e+00
1.9617500792416299e-02	0.0000000000000000e+00	1.0003800515492052e+00
1.9634954084936200e-02	0.0000000000000000e+00	1.0003818952654575e+00
1.9652407377456101e-02	0.0000000000000000e+00	1.0003837424513449e+00
1.9669860669976100e-02	0.0000000000000000e+00	1.0003855930582728e+00
1.9687313962496001e-02	0.0000000000000000e+00	1.0003874470375955e+00
1.9704767255015999e-02	0.0000000000000000e+00	1.0003893043406364e+00
1.9722220547535901e-02	0.0000000000000000e+00	1.0003911649186787e+00
1.9739673840055899e-02	0.0000000000000000e+00	1.0003930287229701e+00
1.9757127132575800e-02	0.0000000000000000e+00	1.0003948957047211e+00
1.9774580425095799e-02	0.0000000000000000e+00	1.0003967658151114e+00
1.9792033717615700e-02	0.0000000000000000e+00	1.0003986390052866e+00
1.9809487010135601e-02	0.0000000000000000e+00	1.0004005152263631e+00
1.9826940302655600e-02	0.0000000000000000e+00	1.0004023944294287e+00
1.9844393595175501e-02	0.0000000000000000e+00	1.0004042765655432e+00
1.9861846887695499e-02	0.0000000000000000e+00	1.0004061615857398e+00
1.9879300180215401e-02	0.0000000000000000e+00	1.0004080494410283e+00
1.9896753472735399e-02	0.0000000000000000e+00	1.0004099400823956e+00
1.9914206765255300e-02	0.0000000000000000e+00	1.0004118334608041e+00
1.9931660057775202e-02	0.0000000000000000e+00	1.0004137295272004e+00
1.9949113350295200e-02	0.0000000000000000e+00	1.0004156282325087e+00
1.9966566642815101e-02	0.0000000000000000e+00	1.0004175295276378e+00
1.9984019935335100e-02	0.0000000000000000e+00	1.0004194333634806e+00
2.0001473227855001e-02	0.0000000000000000e+00	1.0004213396909165e+00
2.0018926520374999e-02	0.0000000000000000e+00	1.0004232484608098e+00
2.0036379812894901e-02	0.0000000000000000e+00	1.0004251596240161e+00
2.0053833105414798e-02	0.0000000000000000e+00	1.0004270731313794e+00
2.0071286397934800e-02	0.0000000000000000e+00	1.0004289889337354e+00
2.0088739690454702e-02	0.0000000000000000e+00	1.0004309069819128e+00
2.0106192982974700e-02	0.0000000000000000e+00	1.0004328272267364e+00
2.0123646275494601e-02	0.0000000000000000e+00	1.0004347496190262e+00
2.0141099568014600e-02	0.0000000000000000e+00	1.0004366741095974e+00
2.0158552860534501e-02	0.0000000000000000e+00	1.0004386006492660e+00
2.0176006153054399e-02	0.0000000000000000e+00	1.0004405291888498e+00
2.0193459445574401e-02	0.0000000000000000e+00	1.0004424596791672e+00
2.0210912738094299e-02	0.0000000000000000e+00	1.0004443920710362e+00
2.0228366030614300e-02	0.0000000000000000e+00	1.0004463263152865e+00
2.0245819323134202e-02	0.0000000000000000e+00	1.0004482623627475e+00
2.0263272615654200e-02	0.0000000000000000e+00	1.0004502001642608e+00
2.0280725908174101e-02	0.0000000000000000e+00	1.0004521396706734e+00
2.0298179200694100e-02	0.0000000000000000e+00	1.0004540808328450e+00
2.0315632493214001e-02	0.0000000000000000e+00	1.0004560236016466e+00
2.0333085785733899e-02	0.0000000000000000e+00	1.0004579679279635e+00
2.0350539078253901e-02	0.0000000000000000e+00	1.0004599137626942e+00
2.0367992370773799e-02	0.0000000000000000e+00	1.0004618610567542e+00
2.0385445663293800e-02	0.0000000000000000e+00	1.0004638097610763e+00
2.0402898955813702e-02	0.0000000000000000e+00	1.0004657598266129e+00
2.0420352248333700e-02	0.0000000000000000e+00	1.0004677112043363e+00
2.0437805540853601e-02	0.0000000000000000e+00	1.0004696638452413e+00
2.0455258833373499e-02	0.0000000000000000e+00	1.0004716177003459e+00
2.0472712125893501e-02	0.0000000000000000e+00	1.0004735727206913e+00
2.0490165418413399e-02	0.0000000000000000e+00	1.0004755288573479e+00
2.0507618710933401e-02	0.0000000000000000e+00	1.0004774860614105e+00
2.0525072003453299e-02	0.0000000000000000e+00	1.0004794442840039e+00
2.0542525295973300e-02	0.0000000000000000e+00	1.0004814034762854e+00
2.0559978588493202e-02	0.0000000000000000e+00	1.0004833635894432e+00
2.0577431881013099e-02	0.0000000000000000e+00	1.0004853245746947e+00
2.0594885173533101e-02	0.0000000000000000e+00	1.0004872863832990e+00
2.0612338466052999e-02	0.0000000000000000e+00	1.0004892489665431e+00
2.0629791758573001e-02	0.0000000000000000e+00	1.0004912122757561e+00
2.0647245051092899e-02	0.0000000000000000e+00	1.0004931762623062e+00
2.0664698343612901e-02	0.0000000000000000e+00	1.0004951408776006e+00
2.0682151636132799e-02	0.0000000000000000e+00	1.0004971060730870e+00
2.0699604928652700e-02	0.0000000000000000e+00	1.0004990718002575e+00
2.0717058221172702e-02	0.0000000000000000e+00	1.0005010380106474e+00
2.0734511513692599e-02	0.0000000000000000e+00	1.0005030046558374e+00
2.0751964806212601e-02	0.0000000000000000e+00	1.0005049716874577e+00
2.0769418098732499e-02	0.0000000000000000e+00	1.0005069390571808e+00
2.0786871391252501e-02	0.0000000000000000e+00	1.0005089067167352e+00
2.0804324683772399e-02	0.0000000000000000e+00	1.0005108746178974e+00
2.0821777976292300e-02	0.0000000000000000e+00	1.0005128427124959e+00
2.0839231268812299e-02	0.0000000000000000e+00	1.0005148109524136e+00
2.0856684561332200e-02	0.0000000000000000e+00	1.0005167792895884e+00
2.0874137853852202e-02	0.0000000000000000e+00	1.0005187476760149e+00
2.0891591146372099e-02	0.0000000000000000e+00	1.0005207160637433e+00
2.0909044438892101e-02	0.0000000000000000e+00	1.0005226844048847e+00
2.0926497731411999e-02	0.0000000000000000e+00	1.0005246526516092e+00
2.0943951023932001e-02	0.0000000000000000e+00	1.0005266207561494e+00
