0.0000000000000000e+00	0.0000000000000000e+00	4.7710462542542784e-03
1.7453292519943300e-05	0.0000000000000000e+00	4.6952337456234814e-03
3.4906585039886600e-05	0.0000000000000000e+00	4.6199618879900076e-03
5.2359877559829903e-05	0.0000000000000000e+00	4.5452307964041986e-03
6.9813170079773199e-05	0.0000000000000000e+00	4.4710405742157027e-03
8.7266462599716496e-05	0.0000000000000000e+00	4.3973913129991956e-03
1.0471975511966000e-04	0.0000000000000000e+00	4.3242830924938381e-03
1.2217304763960301e-04	0.0000000000000000e+00	4.2517159805331162e-03
1.3962634015954599e-04	0.0000000000000000e+00	4.1796900329745196e-03
1.5707963267949001e-04	0.0000000000000000e+00	4.1082052936373568e-03
1.7453292519943299e-04	0.0000000000000000e+00	4.0372617942302487e-03
1.9198621771937600e-04	0.0000000000000000e+00	3.9668595542901273e-03
2.0943951023931999e-04	0.0000000000000000e+00	3.8969985811071598e-03
2.2689280275926300e-04	0.0000000000000000e+00	3.8276788696649925e-03
2.4434609527920601e-04	0.0000000000000000e+00	3.7589004025703771e-03
2.6179938779914903e-04	0.0000000000000000e+00	3.6906631499871233e-03
2.7925268031909301e-04	0.0000000000000000e+00	3.6229670695669797e-03
2.9670597283903603e-04	0.0000000000000000e+00	3.5558121063876099e-03
3.1415926535897898e-04	0.0000000000000000e+00	3.4891981928823154e-03
3.3161255787892303e-04	0.0000000000000000e+00	3.4231252487757066e-03
3.4906585039886598e-04	0.0000000000000000e+00	3.3575931810151199e-03
3.6651914291880900e-04	0.0000000000000000e+00	3.2926018837077823e-03
3.8397243543875201e-04	0.0000000000000000e+00	3.2281512380521590e-03
4.0142572795869599e-04	0.0000000000000000e+00	3.1642411122730033e-03
4.1887902047863901e-04	0.0000000000000000e+00	3.1008713615571270e-03
4.3633231299858202e-04	0.0000000000000000e+00	3.0380418279861545e-03
4.5378560551852601e-04	0.0000000000000000e+00	2.9757523404705315e-03
4.7123889803846902e-04	0.0000000000000000e+00	2.9140027146872913e-03
4.8869219055841203e-04	0.0000000000000000e+00	2.8527927530130172e-03
5.0614548307835602e-04	0.0000000000000000e+00	2.7921222444589836e-03
5.2359877559829903e-04	0.0000000000000000e+00	2.7319909646084674e-03
5.4105206811824204e-04	0.0000000000000000e+00	2.6723986755506353e-03
5.5850536063818505e-04	0.0000000000000000e+00	2.6133451258186354e-03
5.7595865315812904e-04	0.0000000000000000e+00	2.5548300503221433e-03
5.9341194567807205e-04	0.0000000000000000e+00	2.4968531702874871e-03
6.1086523819801496e-04	0.0000000000000000e+00	2.4394141931923644e-03
6.2831853071795905e-04	0.0000000000000000e+00	2.3825128127041794e-03
6.4577182323790196e-04	0.0000000000000000e+00	2.3261487086146341e-03
6.6322511575784497e-04	0.0000000000000000e+00	2.2703215467801013e-03
6.8067840827778798e-04	0.0000000000000000e+00	2.2150309790584686e-03
6.9813170079773197e-04	0.0000000000000000e+00	2.1602766432445982e-03
7.1558499331767498e-04	0.0000000000000000e+00	2.1060581630149345e-03
7.3303828583761799e-04	0.0000000000000000e+00	2.0523751478567446e-03
7.5049157835756198e-04	0.0000000000000000e+00	1.9992271930176948e-03
7.6794487087750499e-04	0.0000000000000000e+00	1.9466138794362951e-03
7.8539816339744800e-04	0.0000000000000000e+00	1.8945347736873887e-03
8.0285145591739199e-04	0.0000000000000000e+00	1.8429894279176167e-03
8.2030474843733500e-04	0.0000000000000000e+00	1.7919773797896530e-03
8.3775804095727801e-04	0.0000000000000000e+00	1.7414981524198855e-03
8.5521133347722102e-04	0.0000000000000000e+00	1.6915512543209047e-03
8.7266462599716501e-04	0.0000000000000000e+00	1.6421361793430541e-03
8.9011791851710802e-04	0.0000000000000000e+00	1.5932524066167571e-03
9.0757121103705104e-04	0.0000000000000000e+00	1.5448994004897537e-03
9.2502450355699502e-04	0.0000000000000000e+00	1.4970766104790752e-03
9.4247779607693804e-04	0.0000000000000000e+00	1.4497834712039247e-03
9.5993108859688105e-04	0.0000000000000000e+00	1.4030194023367274e-03
9.7738438111682406e-04	0.0000000000000000e+00	1.3567838085423226e-03
9.9483767363676805e-04	0.0000000000000000e+00	1.3110760794251899e-03
1.0122909661567101e-03	0.0000000000000000e+00	1.2658955894717014e-03
1.0297442586766500e-03	0.0000000000000000e+00	1.2212416979974173e-03
1.0471975511966000e-03	0.0000000000000000e+00	1.1771137490910759e-03
1.0646508437165401e-03	0.0000000000000000e+00	1.1335110715620087e-03
1.0821041362364800e-03	0.0000000000000000e+00	1.0904329788864156e-03
1.0995574287564300e-03	0.0000000000000000e+00	1.0478787691544777e-03
1.1170107212763701e-03	0.0000000000000000e+00	1.0058477250156556e-03
1.1344640137963100e-03	0.0000000000000000e+00	9.6433911363314395e-04
1.1519173063162600e-03	0.0000000000000000e+00	9.2335218662409346e-04
1.1693705988361999e-03	0.0000000000000000e+00	8.8288618001599445e-04
1.1868238913561400e-03	0.0000000000000000e+00	8.4294031419213425e-04
1.2042771838760900e-03	0.0000000000000000e+00	8.0351379384398409e-04
1.2217304763960299e-03	0.0000000000000000e+00	7.6460580792227218e-04
1.2391837689159700e-03	0.0000000000000000e+00	7.2621552958520967e-04
1.2566370614359201e-03	0.0000000000000000e+00	6.8834211615519364e-04
1.2740903539558599e-03	0.0000000000000000e+00	6.5098470906778600e-04
1.2915436464758000e-03	0.0000000000000000e+00	6.1414243382733281e-04
1.3089969389957501e-03	0.0000000000000000e+00	5.7781439995963709e-04
1.3264502315156899e-03	0.0000000000000000e+00	5.4199970096565915e-04
1.3439035240356300e-03	0.0000000000000000e+00	5.0669741427865757e-04
1.3613568165555801e-03	0.0000000000000000e+00	4.7190660121865902e-04
1.3788101090755199e-03	0.0000000000000000e+00	4.3762630694917879e-04
1.3962634015954600e-03	0.0000000000000000e+00	4.0385556043416371e-04
1.4137166941154101e-03	0.0000000000000000e+00	3.7059337439636179e-04
1.4311699866353500e-03	0.0000000000000000e+00	3.3783874527368199e-04
1.4486232791552900e-03	0.0000000000000000e+00	3.0559065318169011e-04
1.4660765716752401e-03	0.0000000000000000e+00	2.7384806187194077e-04
1.4835298641951800e-03	0.0000000000000000e+00	2.4260991869170577e-04
1.5009831567151201e-03	0.0000000000000000e+00	2.1187515454543904e-04
1.5184364492350699e-03	0.0000000000000000e+00	1.8164268385820483e-04
1.5358897417550100e-03	0.0000000000000000e+00	1.5191140453729365e-04
1.5533430342749501e-03	0.0000000000000000e+00	1.2268019793614332e-04
1.5707963267948999e-03	0.0000000000000000e+00	9.3947928819286837e-05
1.5882496193148400e-03	0.0000000000000000e+00	6.5713445326555958e-05
1.6057029118347801e-03	0.0000000000000000e+00	3.7975578938130130e-05
1.6231562043547299e-03	0.0000000000000000e+00	1.0733144444735643e-05
1.6406094968746700e-03	0.0000000000000000e+00	-1.6015060087988325e-05
1.6580627893946101e-03	0.0000000000000000e+00	-4.2270253351369316e-05
1.6755160819145599e-03	0.0000000000000000e+00	-6.8033670822565157e-05
1.6929693744345000e-03	0.0000000000000000e+00	-9.3306564793891266e-05
1.7104226669544401e-03	0.0000000000000000e+00	-1.1809020440593879e-04
1.7278759594743899e-03	0.0000000000000000e+00	-1.4238587567132430e-04
1.7453292519943300e-03	0.0000000000000000e+00	-1.6619488150467602e-04
1.7627825445142699e-03	0.0000000000000000e+00	-1.8951854174828668e-04
1.7802358370342200e-03	0.0000000000000000e+00	-2.1235819319839107e-04
1.7976891295541600e-03	0.0000000000000000e+00	-2.3471518962748264e-04
1.8151424220740999e-03	0.0000000000000000e+00	-2.5659090181194181e-04
1.8325957145940500e-03	0.0000000000000000e+00	-2.7798671755116674e-04
1.8500490071139900e-03	0.0000000000000000e+00	-2.9890404169189490e-04
1.8675022996339299e-03	0.0000000000000000e+00	-3.1934429614672346e-04
1.8849555921538800e-03	0.0000000000000000e+00	-3.3930891991866042e-04
1.9024088846738201e-03	0.0000000000000000e+00	-3.5879936911356754e-04
1.9198621771937599e-03	0.0000000000000000e+00	-3.7781711696357410e-04
1.9373154697137100e-03	0.0000000000000000e+00	-3.9636365384210996e-04
1.9547687622336499e-03	0.0000000000000000e+00	-4.1444048728064489e-04
1.9722220547535902e-03	0.0000000000000000e+00	-4.3204914198120121e-04
1.9896753472735400e-03	0.0000000000000000e+00	-4.4919115983287051e-04
2.0071286397934799e-03	0.0000000000000000e+00	-4.6586809992591642e-04
2.0245819323134202e-03	0.0000000000000000e+00	-4.8208153855881726e-04
2.0420352248333700e-03	0.0000000000000000e+00	-4.9783306925418923e-04
2.0594885173533099e-03	0.0000000000000000e+00	-5.1312430276722254e-04
2.0769418098732502e-03	0.0000000000000000e+00	-5.2795686709201440e-04
2.0943951023932000e-03	0.0000000000000000e+00	-5.4233240747208751e-04
2.1118483949131399e-03	0.0000000000000000e+00	-5.5625258640520600e-04
2.1293016874330802e-03	0.0000000000000000e+00	-5.6971908365030717e-04
2.1467549799530201e-03	0.0000000000000000e+00	-5.8273359623027261e-04
2.1642082724729699e-03	0.0000000000000000e+00	-5.9529783843571317e-04
2.1816615649929102e-03	0.0000000000000000e+00	-6.0741354182782068e-04
2.1991148575128501e-03	0.0000000000000000e+00	-6.1908245523894384e-04
2.2165681500327999e-03	0.0000000000000000e+00	-6.3030634477154841e-04
2.2340214425527402e-03	0.0000000000000000e+00	-6.4108699379689126e-04
2.2514747350726801e-03	0.0000000000000000e+00	-6.5142620295514475e-04
2.2689280275926299e-03	0.0000000000000000e+00	-6.6132579014662460e-04
2.2863813201125698e-03	0.0000000000000000e+00	-6.7078759053242109e-04
2.3038346126325101e-03	0.0000000000000000e+00	-6.7981345652417386e-04
2.3212879051524599e-03	0.0000000000000000e+00	-6.8840525777947865e-04
2.3387411976723998e-03	0.0000000000000000e+00	-6.9656488119131837e-04
2.3561944901923401e-03	0.0000000000000000e+00	-7.0429423087936581e-04
2.3736477827122899e-03	0.0000000000000000e+00	-7.1159522817940168e-04
2.3911010752322298e-03	0.0000000000000000e+00	-7.1846981162954060e-04
2.4085543677521701e-03	0.0000000000000000e+00	-7.2491993695868715e-04
2.4260076602721200e-03	0.0000000000000000e+00	-7.3094757707004130e-04
2.4434609527920598e-03	0.0000000000000000e+00	-7.3655472202748798e-04
2.4609142453120001e-03	0.0000000000000000e+00	-7.4174337903429733e-04
2.4783675378319500e-03	0.0000000000000000e+00	-7.4651557241933524e-04
2.4958208303518898e-03	0.0000000000000000e+00	-7.5087334361438618e-04
2.5132741228718301e-03	0.0000000000000000e+00	-7.5481875113163777e-04
2.5307274153917800e-03	0.0000000000000000e+00	-7.5835387054539025e-04
2.5481807079117198e-03	0.0000000000000000e+00	-7.6148079446540973e-04
2.5656340004316601e-03	0.0000000000000000e+00	-7.6420163251165302e-04
2.5830872929516100e-03	0.0000000000000000e+00	-7.6651851128894141e-04
2.6005405854715499e-03	0.0000000000000000e+00	-7.6843357435974141e-04
2.6179938779914902e-03	0.0000000000000000e+00	-7.6994898221243834e-04
2.6354471705114400e-03	0.0000000000000000e+00	-7.7106691223347533e-04
2.6529004630313799e-03	0.0000000000000000e+00	-7.7178955867512075e-04
2.6703537555513202e-03	0.0000000000000000e+00	-7.7211913262003869e-04
2.6878070480712700e-03	0.0000000000000000e+00	-7.7205786194937357e-04
2.7052603405912099e-03	0.0000000000000000e+00	-7.7160799130695536e-04
2.7227136331111502e-03	0.0000000000000000e+00	-7.7077178205764289e-04
2.7401669256311000e-03	0.0000000000000000e+00	-7.6955151225488255e-04
2.7576202181510399e-03	0.0000000000000000e+00	-7.6794947659473024e-04
2.7750735106709802e-03	0.0000000000000000e+00	-7.6596798637828742e-04
2.7925268031909300e-03	0.0000000000000000e+00	-7.6360936946739553e-04
2.8099800957108699e-03	0.0000000000000000e+00	-7.6087597023988349e-04
2.8274333882308102e-03	0.0000000000000000e+00	-7.5777014954329642e-04
2.8448866807507600e-03	0.0000000000000000e+00	-7.5429428464864176e-04
2.8623399732706999e-03	0.0000000000000000e+00	-7.5045076920280578e-04
2.8797932657906402e-03	0.0000000000000000e+00	-7.4624201317362358e-04
2.8972465583105901e-03	0.0000000000000000e+00	-7.4167044280526028e-04
2.9146998508305299e-03	0.0000000000000000e+00	-7.3673850055873229e-04
2.9321531433504698e-03	0.0000000000000000e+00	-7.3144864506208133e-04
2.9496064358704201e-03	0.0000000000000000e+00	-7.2580335105112807e-04
2.9670597283903599e-03	0.0000000000000000e+00	-7.1980510931454311e-04
2.9845130209102998e-03	0.0000000000000000e+00	-7.1345642663252717e-04
3.0019663134302501e-03	0.0000000000000000e+00	-7.0675982571801886e-04
3.0194196059501899e-03	0.0000000000000000e+00	-6.9971784515466965e-04
3.0368728984701298e-03	0.0000000000000000e+00	-6.9233303933304827e-04
3.0543261909900801e-03	0.0000000000000000e+00	-6.8460797838723999e-04
3.0717794835100200e-03	0.0000000000000000e+00	-6.7654524812467626e-04
3.0892327760299598e-03	0.0000000000000000e+00	-6.6814744996338449e-04
3.1066860685499101e-03	0.0000000000000000e+00	-6.5941720085805505e-04
3.1241393610698500e-03	0.0000000000000000e+00	-6.5035713323313878e-04
3.1415926535897898e-03	0.0000000000000000e+00	-6.4096989490637483e-04
3.1590459461097401e-03	0.0000000000000000e+00	-6.3125814901973621e-04
3.1764992386296800e-03	0.0000000000000000e+00	-6.2122457396063485e-04
3.1939525311496198e-03	0.0000000000000000e+00	-6.1087186328401852e-04
3.2114058236695701e-03	0.0000000000000000e+00	-6.0020272563882017e-04
3.2288591161895100e-03	0.0000000000000000e+00	-5.8921988468289344e-04
3.2463124087094499e-03	0.0000000000000000e+00	-5.7792607900554352e-04
3.2637657012294001e-03	0.0000000000000000e+00	-5.6632406204086474e-04
3.2812189937493400e-03	0.0000000000000000e+00	-5.5441660198596266e-04
3.2986722862692799e-03	0.0000000000000000e+00	-5.4220648171558587e-04
3.3161255787892301e-03	0.0000000000000000e+00	-5.2969649869170866e-04
3.3335788713091700e-03	0.0000000000000000e+00	-5.1688946487693239e-04
3.3510321638291099e-03	0.0000000000000000e+00	-5.0378820664126868e-04
3.3684854563490602e-03	0.0000000000000000e+00	-4.9039556467436231e-04
3.3859387488690000e-03	0.0000000000000000e+00	-4.7671439388757484e-04
3.4033920413889399e-03	0.0000000000000000e+00	-4.6274756332118864e-04
3.4208453339088902e-03	0.0000000000000000e+00	-4.4849795604678000e-04
3.4382986264288300e-03	0.0000000000000000e+00	-4.3396846906920526e-04
3.4557519189487699e-03	0.0000000000000000e+00	-4.1916201322802354e-04
3.4732052114687202e-03	0.0000000000000000e+00	-4.0408151309521739e-04
3.4906585039886600e-03	0.0000000000000000e+00	-3.8872990687046548e-04
3.5081117965085999e-03	0.0000000000000000e+00	-3.7311014628149479e-04
3.5255650890285502e-03	0.0000000000000000e+00	-3.5722519647497032e-04
3.5430183815484901e-03	0.0000000000000000e+00	-3.4107803590947855e-04
3.5604716740684299e-03	0.0000000000000000e+00	-3.2467165624748909e-04
3.5779249665883698e-03	0.0000000000000000e+00	-3.0800906224485520e-04
3.5953782591083201e-03	0.0000000000000000e+00	-2.9109327163816603e-04
3.6128315516282599e-03	0.0000000000000000e+00	-2.7392731503286029e-04
3.6302848441482102e-03	0.0000000000000000e+00	-2.5651423578716746e-04
3.6477381366681501e-03	0.0000000000000000e+00	-2.3885708989669944e-04
3.6651914291880900e-03	0.0000000000000000e+00	-2.2095894587555919e-04
3.6826447217080398e-03	0.0000000000000000e+00	-2.0282288463712155e-04
3.7000980142279801e-03	0.0000000000000000e+00	-1.8445199937529503e-04
3.7175513067479200e-03	0.0000000000000000e+00	-1.6584939543934216e-04
3.7350045992678598e-03	0.0000000000000000e+00	-1.4701819021066068e-04
3.7524578917878101e-03	0.0000000000000000e+00	-1.2796151297899113e-04
3.7699111843077500e-03	0.0000000000000000e+00	-1.0868250481626256e-04
3.7873644768276998e-03	0.0000000000000000e+00	-8.9184318444434889e-05
3.8048177693476401e-03	0.0000000000000000e+00	-6.9470118109560066e-05
3.8222710618675800e-03	0.0000000000000000e+00	-4.9543079449906103e-05
3.8397243543875199e-03	0.0000000000000000e+00	-2.9406389362733782e-05
3.8571776469074701e-03	0.0000000000000000e+00	-9.0632458703328243e-06
3.8746309394274100e-03	0.0000000000000000e+00	1.1483142015022312e-05
3.8920842319473499e-03	0.0000000000000000e+00	3.2229554427692185e-05
3.9095375244672997e-03	0.0000000000000000e+00	5.3172760787265006e-05
3.9269908169872400e-03	0.0000000000000000e+00	7.4309519940047989e-05
3.9444441095071803e-03	0.0000000000000000e+00	9.5636580295079516e-05
3.9618974020271302e-03	0.0000000000000000e+00	1.1715067997368694e-04
3.9793506945470696e-03	0.0000000000000000e+00	1.3884854694701937e-04
3.9968039870670099e-03	0.0000000000000000e+00	1.6072689918471205e-04
4.0142572795869597e-03	0.0000000000000000e+00	1.8278244480139148e-04
4.0317105721069000e-03	0.0000000000000000e+00	2.0501188220416213e-04
4.0491638646268403e-03	0.0000000000000000e+00	2.2741190024112943e-04
4.0666171571467902e-03	0.0000000000000000e+00	2.4997917835305802e-04
4.0840704496667296e-03	0.0000000000000000e+00	2.7271038672637088e-04
4.1015237421866699e-03	0.0000000000000000e+00	2.9560218644375481e-04
4.1189770347066198e-03	0.0000000000000000e+00	3.1865122964227203e-04
4.1364303272265601e-03	0.0000000000000000e+00	3.4185415966720556e-04
4.1538836197465004e-03	0.0000000000000000e+00	3.6520761122959731e-04
4.1713369122664502e-03	0.0000000000000000e+00	3.8870821056524252e-04
4.1887902047863896e-03	0.0000000000000000e+00	4.1235257559543736e-04
4.2062434973063299e-03	0.0000000000000000e+00	4.3613731608565327e-04
4.2236967898262798e-03	0.0000000000000000e+00	4.6005903381072171e-04
4.2411500823462201e-03	0.0000000000000000e+00	4.8411432271791208e-04
4.2586033748661604e-03	0.0000000000000000e+00	5.0829976908952344e-04
4.2760566673861102e-03	0.0000000000000000e+00	5.3261195171162737e-04
4.2935099599060497e-03	0.0000000000000000e+00	5.5704744204123561e-04
4.3109632524259900e-03	0.0000000000000000e+00	5.8160280437345865e-04
4.3284165449459398e-03	0.0000000000000000e+00	6.0627459601114275e-04
4.3458698374658801e-03	0.0000000000000000e+00	6.3105936743757115e-04
4.3633231299858204e-03	0.0000000000000000e+00	6.5595366248694489e-04
4.3807764225057702e-03	0.0000000000000000e+00	6.8095401851878644e-04
4.3982297150257097e-03	0.0000000000000000e+00	7.0605696659002887e-04
4.4156830075456500e-03	0.0000000000000000e+00	7.3125903163315481e-04
4.4331363000655998e-03	0.0000000000000000e+00	7.5655673263133431e-04
4.4505895925855401e-03	0.0000000000000000e+00	7.8194658279633230e-04
4.4680428851054804e-03	0.0000000000000000e+00	8.0742508974632698e-04
4.4854961776254303e-03	0.0000000000000000e+00	8.3298875568776258e-04
4.5029494701453697e-03	0.0000000000000000e+00	8.5863407759325012e-04
4.5204027626653100e-03	0.0000000000000000e+00	8.8435754738639793e-04
4.5378560551852598e-03	0.0000000000000000e+00	9.1015565212332935e-04
4.5553093477052001e-03	0.0000000000000000e+00	9.3602487417559631e-04
4.5727626402251396e-03	0.0000000000000000e+00	9.6196169141573922e-04
4.5902159327450903e-03	0.0000000000000000e+00	9.8796257740516036e-04
4.6076692252650297e-03	0.0000000000000000e+00	1.0140240015771701e-03
4.6251225177849700e-03	0.0000000000000000e+00	1.0401424294263796e-03
4.6425758103049199e-03	0.0000000000000000e+00	1.0663143226989056e-03
4.6600291028248602e-03	0.0000000000000000e+00	1.0925361395786679e-03
4.6774823953447996e-03	0.0000000000000000e+00	1.1188043348814144e-03
4.6949356878647503e-03	0.0000000000000000e+00	1.1451153602423342e-03
4.7123889803846897e-03	0.0000000000000000e+00	1.1714656643102906e-03
4.7298422729046300e-03	0.0000000000000000e+00	1.1978516929407521e-03
4.7472955654245799e-03	0.0000000000000000e+00	1.2242698893893571e-03
4.7647488579445202e-03	0.0000000000000000e+00	1.2507166945054610e-03
4.7822021504644596e-03	0.0000000000000000e+00	1.2771885469292389e-03
4.7996554429844103e-03	0.0000000000000000e+00	1.3036818832847785e-03
4.8171087355043498e-03	0.0000000000000000e+00	1.3301931383811084e-03
4.8345620280242901e-03	0.0000000000000000e+00	1.3567187454070926e-03
4.8520153205442399e-03	0.0000000000000000e+00	1.3832551361281698e-03
4.8694686130641802e-03	0.0000000000000000e+00	1.4097987410891999e-03
4.8869219055841196e-03	0.0000000000000000e+00	1.4363459898107808e-03
4.9043751981040704e-03	0.0000000000000000e+00	1.4628933109928442e-03
4.9218284906240098e-03	0.0000000000000000e+00	1.4894371327101930e-03
4.9392817831439501e-03	0.0000000000000000e+00	1.5159738826194373e-03
4.9567350756638999e-03	0.0000000000000000e+00	1.5424999881580379e-03
4.9741883681838402e-03	0.0000000000000000e+00	1.5690118767472630e-03
4.9916416607037797e-03	0.0000000000000000e+00	1.5955059759962028e-03
5.0090949532237304e-03	0.0000000000000000e+00	1.6219787139049998e-03
5.0265482457436698e-03	0.0000000000000000e+00	1.6484265190687881e-03
5.0440015382636101e-03	0.0000000000000000e+00	1.6748458208817889e-03
5.0614548307835600e-03	0.0000000000000000e+00	1.7012330497440276e-03
5.0789081233035003e-03	0.0000000000000000e+00	1.7275846372652695e-03
5.0963614158234397e-03	0.0000000000000000e+00	1.7538970164733994e-03
5.1138147083433904e-03	0.0000000000000000e+00	1.7801666220158268e-03
5.1312680008633298e-03	0.0000000000000000e+00	1.8063898903734332e-03
5.1487212933832701e-03	0.0000000000000000e+00	1.8325632600604805e-03
5.1661745859032200e-03	0.0000000000000000e+00	1.8586831718367543e-03
5.1836278784231603e-03	0.0000000000000000e+00	1.8847460689136793e-03
5.2010811709430997e-03	0.0000000000000000e+00	1.9107483971622598e-03
5.2185344634630504e-03	0.0000000000000000e+00	1.9366866053219798e-03
5.2359877559829899e-03	0.0000000000000000e+00	1.9625571452090047e-03
5.2534410485029302e-03	0.0000000000000000e+00	1.9883564719233634e-03
5.2708943410228696e-03	0.0000000000000000e+00	2.0140810440619633e-03
5.2883476335428203e-03	0.0000000000000000e+00	2.0397273239233064e-03
5.3058009260627597e-03	0.0000000000000000e+00	2.0652917777192769e-03
5.3232542185827000e-03	0.0000000000000000e+00	2.0907708757834207e-03
5.3407075111026499e-03	0.0000000000000000e+00	2.1161610927810399e-03
5.3581608036225902e-03	0.0000000000000000e+00	2.1414589079194021e-03
5.3756140961425296e-03	0.0000000000000000e+00	2.1666608051553768e-03
5.3930673886624803e-03	0.0000000000000000e+00	2.1917632734084250e-03
5.4105206811824198e-03	0.0000000000000000e+00	2.2167628067664290e-03
5.4279739737023601e-03	0.0000000000000000e+00	2.2416559046980590e-03
5.4454272662223099e-03	0.0000000000000000e+00	2.2664390722613339e-03
5.4628805587422502e-03	0.0000000000000000e+00	2.2911088203145537e-03
5.4803338512621896e-03	0.0000000000000000e+00	2.3156616657228407e-03
5.4977871437821403e-03	0.0000000000000000e+00	2.3400941315724301e-03
5.5152404363020798e-03	0.0000000000000000e+00	2.3644027473753602e-03
5.5326937288220201e-03	0.0000000000000000e+00	2.3885840492804478e-03
5.5501470213419699e-03	0.0000000000000000e+00	2.4126345802834891e-03
5.5676003138619102e-03	0.0000000000000000e+00	2.4365508904327896e-03
5.5850536063818497e-03	0.0000000000000000e+00	2.4603295370415499e-03
5.6025068989018004e-03	0.0000000000000000e+00	2.4839670848943126e-03
5.6199601914217398e-03	0.0000000000000000e+00	2.5074601064540873e-03
5.6374134839416801e-03	0.0000000000000000e+00	2.5308051820724458e-03
5.6548667764616299e-03	0.0000000000000000e+00	2.5539989001944628e-03
5.6723200689815702e-03	0.0000000000000000e+00	2.5770378575689385e-03
5.6897733615015097e-03	0.0000000000000000e+00	2.5999186594510997e-03
5.7072266540214604e-03	0.0000000000000000e+00	2.6226379198127070e-03
5.7246799465413998e-03	0.0000000000000000e+00	2.6451922615462133e-03
5.7421332390613401e-03	0.0000000000000000e+00	2.6675783166704519e-03
5.7595865315812900e-03	0.0000000000000000e+00	2.6897927265356857e-03
5.7770398241012303e-03	0.0000000000000000e+00	2.7118321420291479e-03
5.7944931166211697e-03	0.0000000000000000e+00	2.7336932237760530e-03
5.8119464091411204e-03	0.0000000000000000e+00	2.7553726423493454e-03
5.8293997016610598e-03	0.0000000000000000e+00	2.7768670784649031e-03
5.8468529941810002e-03	0.0000000000000000e+00	2.7981732231897216e-03
5.8643062867009500e-03	0.0000000000000000e+00	2.8192877781419187e-03
5.8817595792208903e-03	0.0000000000000000e+00	2.8402074556915400e-03
5.8992128717408297e-03	0.0000000000000000e+00	2.8609289791611484e-03
5.9166661642607796e-03	0.0000000000000000e+00	2.8814490830264806e-03
5.9341194567807199e-03	0.0000000000000000e+00	2.9017645131145377e-03
5.9515727493006602e-03	0.0000000000000000e+00	2.9218720268036464e-03
5.9690260418206100e-03	0.0000000000000000e+00	2.9417683932194344e-03
5.9864793343405503e-03	0.0000000000000000e+00	2.9614503934328978e-03
6.0039326268604898e-03	0.0000000000000000e+00	2.9809148206562963e-03
6.0213859193804396e-03	0.0000000000000000e+00	3.0001584804380172e-03
6.0388392119003799e-03	0.0000000000000000e+00	3.0191781908586440e-03
6.0562925044203202e-03	0.0000000000000000e+00	3.0379707827221758e-03
6.0737457969402700e-03	0.0000000000000000e+00	3.0565330997510756e-03
6.0911990894602103e-03	0.0000000000000000e+00	3.0748619987771295e-03
6.1086523819801498e-03	0.0000000000000000e+00	3.0929543499331499e-03
6.1261056745000996e-03	0.0000000000000000e+00	3.1108070368412147e-03
6.1435589670200399e-03	0.0000000000000000e+00	3.1284169568048747e-03
6.1610122595399802e-03	0.0000000000000000e+00	3.1457810209928258e-03
6.1784655520599301e-03	0.0000000000000000e+00	3.1628961546307011e-03
6.1959188445798704e-03	0.0000000000000000e+00	3.1797592971836118e-03
6.2133721370998098e-03	0.0000000000000000e+00	3.1963674025421661e-03
6.2308254296197596e-03	0.0000000000000000e+00	3.2127174392074377e-03
6.2482787221396999e-03	0.0000000000000000e+00	3.2288063904720942e-03
6.2657320146596402e-03	0.0000000000000000e+00	3.2446312546031441e-03
6.2831853071795901e-03	0.0000000000000000e+00	3.2601890450218570e-03
6.3006385996995304e-03	0.0000000000000000e+00	3.2754767904828006e-03
6.3180918922194698e-03	0.0000000000000000e+00	3.2904915352532458e-03
6.3355451847394197e-03	0.0000000000000000e+00	3.3052303392888042e-03
6.3529984772593600e-03	0.0000000000000000e+00	3.3196902784102616e-03
6.3704517697793003e-03	0.0000000000000000e+00	3.3338684444764771e-03
6.3879050622992501e-03	0.0000000000000000e+00	3.3477619455597818e-03
6.4053583548191904e-03	0.0000000000000000e+00	3.3613679061151574e-03
6.4228116473391298e-03	0.0000000000000000e+00	3.3746834671542800e-03
6.4402649398590797e-03	0.0000000000000000e+00	3.3877057864099354e-03
6.4577182323790200e-03	0.0000000000000000e+00	3.4004320385104501e-03
6.4751715248989603e-03	0.0000000000000000e+00	3.4128594151390311e-03
6.4926248174188997e-03	0.0000000000000000e+00	3.4249851252046788e-03
6.5100781099388504e-03	0.0000000000000000e+00	3.4368063950029944e-03
6.5275314024587899e-03	0.0000000000000000e+00	3.4483204683785785e-03
6.5449846949787302e-03	0.0000000000000000e+00	3.4595246068878979e-03
6.5624379874986800e-03	0.0000000000000000e+00	3.4704160899561524e-03
6.5798912800186203e-03	0.0000000000000000e+00	3.4809922150362996e-03
6.5973445725385597e-03	0.0000000000000000e+00	3.4912502977661056e-03
6.6147978650585096e-03	0.0000000000000000e+00	3.5011876721215010e-03
6.6322511575784499e-03	0.0000000000000000e+00	3.5108016905714447e-03
6.6497044500983902e-03	0.0000000000000000e+00	3.5200897242287288e-03
6.6671577426183400e-03	0.0000000000000000e+00	3.5290491630006831e-03
6.6846110351382803e-03	0.0000000000000000e+00	3.5376774157372761e-03
6.7020643276582198e-03	0.0000000000000000e+00	3.5459719103799647e-03
6.7195176201781696e-03	0.0000000000000000e+00	3.5539300941016729e-03
6.7369709126981099e-03	0.0000000000000000e+00	3.5615494334595862e-03
6.7544242052180502e-03	0.0000000000000000e+00	3.5688274145286953e-03
6.7718774977380001e-03	0.0000000000000000e+00	3.5757615430461335e-03
6.7893307902579404e-03	0.0000000000000000e+00	3.5823493445501804e-03
6.8067840827778798e-03	0.0000000000000000e+00	3.5885883645159268e-03
6.8242373752978296e-03	0.0000000000000000e+00	3.5944761684908230e-03
6.8416906678177699e-03	0.0000000000000000e+00	3.6000103422295978e-03
6.8591439603377102e-03	0.0000000000000000e+00	3.6051884918223949e-03
6.8765972528576601e-03	0.0000000000000000e+00	3.6100082438317439e-03
6.8940505453776004e-03	0.0000000000000000e+00	3.6144672454125732e-03
6.9115038378975398e-03	0.0000000000000000e+00	3.6185631644431934e-03
6.9289571304174897e-03	0.0000000000000000e+00	3.6222936896512124e-03
6.9464104229374300e-03	0.0000000000000000e+00	3.6256565307334933e-03
6.9638637154573703e-03	0.0000000000000000e+00	3.6286494184767700e-03
6.9813170079773201e-03	0.0000000000000000e+00	3.6312701048810277e-03
6.9987703004972604e-03	0.0000000000000000e+00	3.6335163632714622e-03
7.0162235930171998e-03	0.0000000000000000e+00	3.6353859884172691e-03
7.0336768855371497e-03	0.0000000000000000e+00	3.6368767966459678e-03
7.0511301780570900e-03	0.0000000000000000e+00	3.6379866259496829e-03
7.0685834705770303e-03	0.0000000000000000e+00	3.6387133361026570e-03
7.0860367630969801e-03	0.0000000000000000e+00	3.6390548087625891e-03
7.1034900556169204e-03	0.0000000000000000e+00	3.6390089475787629e-03
7.1209433481368599e-03	0.0000000000000000e+00	3.6385736782981446e-03
7.1383966406568097e-03	0.0000000000000000e+00	3.6377469488646798e-03
7.1558499331767500e-03	0.0000000000000000e+00	3.6365267295177714e-03
7.1733032256966903e-03	0.0000000000000000e+00	3.6349110128962945e-03
7.1907565182166401e-03	0.0000000000000000e+00	3.6328978141286559e-03
7.2082098107365796e-03	0.0000000000000000e+00	3.6304851709300389e-03
7.2256631032565199e-03	0.0000000000000000e+00	3.6276711436928457e-03
7.2431163957764697e-03	0.0000000000000000e+00	3.6244538155798364e-03
7.2605696882964100e-03	0.0000000000000000e+00	3.6208312926069410e-03
7.2780229808163503e-03	0.0000000000000000e+00	3.6168017037349590e-03
7.2954762733363002e-03	0.0000000000000000e+00	3.6123632009498960e-03
7.3129295658562396e-03	0.0000000000000000e+00	3.6075139593457293e-03
7.3303828583761799e-03	0.0000000000000000e+00	3.6022521772049415e-03
7.3478361508961297e-03	0.0000000000000000e+00	3.5965760760751590e-03
7.3652894434160700e-03	0.0000000000000000e+00	3.5904839008490605e-03
7.3827427359360103e-03	0.0000000000000000e+00	3.5839739198315554e-03
7.4001960284559602e-03	0.0000000000000000e+00	3.5770444248151476e-03
7.4176493209758996e-03	0.0000000000000000e+00	3.5696937311507195e-03
7.4351026134958399e-03	0.0000000000000000e+00	3.5619201778129433e-03
7.4525559060157898e-03	0.0000000000000000e+00	3.5537221274657381e-03
7.4700091985357301e-03	0.0000000000000000e+00	3.5450979665267069e-03
7.4874624910556704e-03	0.0000000000000000e+00	3.5360461052280790e-03
7.5049157835756202e-03	0.0000000000000000e+00	3.5265649776743619e-03
7.5223690760955596e-03	0.0000000000000000e+00	3.5166530419004434e-03
7.5398223686154999e-03	0.0000000000000000e+00	3.5063087799298382e-03
7.5572756611354498e-03	0.0000000000000000e+00	3.4955306978204032e-03
7.5747289536553901e-03	0.0000000000000000e+00	3.4843173257201052e-03
7.5921822461753304e-03	0.0000000000000000e+00	3.4726672179156513e-03
7.6096355386952802e-03	0.0000000000000000e+00	3.4605789528758331e-03
7.6270888312152197e-03	0.0000000000000000e+00	3.4480511332978551e-03
7.6445421237351600e-03	0.0000000000000000e+00	3.4350823861510511e-03
7.6619954162551098e-03	0.0000000000000000e+00	3.4216713627140787e-03
7.6794487087750501e-03	0.0000000000000000e+00	3.4078167386126577e-03
7.6969020012949904e-03	0.0000000000000000e+00	3.3935172138597771e-03
7.7143552938149403e-03	0.0000000000000000e+00	3.3787715128837438e-03
7.7318085863348797e-03	0.0000000000000000e+00	3.3635783845641699e-03
7.7492618788548200e-03	0.0000000000000000e+00	3.3479366022575712e-03
7.7667151713747698e-03	0.0000000000000000e+00	3.3318449638284732e-03
7.7841684638947101e-03	0.0000000000000000e+00	3.3153022916730516e-03
7.8016217564146496e-03	0.0000000000000000e+00	3.2983074327410586e-03
7.8190750489345994e-03	0.0000000000000000e+00	3.2808592585563167e-03
7.8365283414545406e-03	0.0000000000000000e+00	3.2629566652408156e-03
7.8539816339744800e-03	0.0000000000000000e+00	3.2445985735227931e-03
7.8714349264944194e-03	0.0000000000000000e+00	3.2257839287602990e-03
7.8888882190143693e-03	0.0000000000000000e+00	3.2065117009461193e-03
7.9063415115343105e-03	0.0000000000000000e+00	3.1867808847239366e-03
7.9237948040542603e-03	0.0000000000000000e+00	3.1665904993911399e-03
7.9412480965741997e-03	0.0000000000000000e+00	3.1459395889103518e-03
7.9587013890941392e-03	0.0000000000000000e+00	3.1248272219102616e-03
7.9761546816140907e-03	0.0000000000000000e+00	3.1032524916877490e-03
7.9936079741340302e-03	0.0000000000000000e+00	3.0812145162084597e-03
8.0110612666539696e-03	0.0000000000000000e+00	3.0587124381039233e-03
8.0285145591739195e-03	0.0000000000000000e+00	3.0357454246688394e-03
8.0459678516938606e-03	0.0000000000000000e+00	3.0123126678524735e-03
8.0634211442138001e-03	0.0000000000000000e+00	2.9884133842509341e-03
8.0808744367337395e-03	0.0000000000000000e+00	2.9640468150973344e-03
8.0983277292536893e-03	0.0000000000000000e+00	2.9392122262484723e-03
8.1157810217736305e-03	0.0000000000000000e+00	2.9139089081714319e-03
8.1332343142935803e-03	0.0000000000000000e+00	2.8881361759239177e-03
8.1506876068135198e-03	0.0000000000000000e+00	2.8618933691391718e-03
8.1681408993334592e-03	0.0000000000000000e+00	2.8351798520027892e-03
8.1855941918534108e-03	0.0000000000000000e+00	2.8079950132303016e-03
8.2030474843733502e-03	0.0000000000000000e+00	2.7803382660427766e-03
8.2205007768932897e-03	0.0000000000000000e+00	2.7522090481398916e-03
8.2379540694132308e-03	0.0000000000000000e+00	2.7236068216714574e-03
8.2554073619331807e-03	0.0000000000000000e+00	2.6945310732053572e-03
8.2728606544531201e-03	0.0000000000000000e+00	2.6649813136958235e-03
8.2903139469730595e-03	0.0000000000000000e+00	2.6349570784485556e-03
8.3077672394930094e-03	0.0000000000000000e+00	2.6044579270837116e-03
8.3252205320129506e-03	0.0000000000000000e+00	2.5734834434956743e-03
8.3426738245328900e-03	0.0000000000000000e+00	2.5420332358172147e-03
8.3601271170528398e-03	0.0000000000000000e+00	2.5101069363706761e-03
8.3775804095727793e-03	0.0000000000000000e+00	2.4777042016267937e-03
8.3950337020927204e-03	0.0000000000000000e+00	2.4448247121591675e-03
8.4124869946126703e-03	0.0000000000000000e+00	2.4114681725927144e-03
8.4299402871326097e-03	0.0000000000000000e+00	2.3776343115574790e-03
8.4473935796525491e-03	0.0000000000000000e+00	2.3433228816322435e-03
8.4648468721725007e-03	0.0000000000000000e+00	2.3085336592931411e-03
8.4823001646924402e-03	0.0000000000000000e+00	2.2732664448581281e-03
8.4997534572123796e-03	0.0000000000000000e+00	2.2375210624264548e-03
8.5172067497323294e-03	0.0000000000000000e+00	2.2012973598222719e-03
8.5346600422522706e-03	0.0000000000000000e+00	2.1645952085311655e-03
8.5521133347722100e-03	0.0000000000000000e+00	2.1274145036404789e-03
8.5695666272921599e-03	0.0000000000000000e+00	2.0897551637667116e-03
8.5870199198120993e-03	0.0000000000000000e+00	2.0516171309984633e-03
8.6044732123320405e-03	0.0000000000000000e+00	2.0130003708201468e-03
8.6219265048519903e-03	0.0000000000000000e+00	1.9739048720451543e-03
8.6393797973719298e-03	0.0000000000000000e+00	1.9343306467434818e-03
8.6568330898918692e-03	0.0000000000000000e+00	1.8942777301679580e-03
8.6742863824118208e-03	0.0000000000000000e+00	1.8537461806794739e-03
8.6917396749317602e-03	0.0000000000000000e+00	1.8127360796658448e-03
8.7091929674516996e-03	0.0000000000000000e+00	1.7712475314686647e-03
8.7266462599716495e-03	0.0000000000000000e+00	1.7292806632988710e-03
8.7440995524915906e-03	0.0000000000000000e+00	1.6868356251541414e-03
8.7615528450115301e-03	0.0000000000000000e+00	1.6439125897404917e-03
8.7790061375314799e-03	0.0000000000000000e+00	1.6005117523786767e-03
8.7964594300514194e-03	0.0000000000000000e+00	1.5566333309226822e-03
8.8139127225713605e-03	0.0000000000000000e+00	1.5122775656698181e-03
8.8313660150913104e-03	0.0000000000000000e+00	1.4674447192688485e-03
8.8488193076112498e-03	0.0000000000000000e+00	1.4221350766312562e-03
8.8662726001311892e-03	0.0000000000000000e+00	1.3763489448344749e-03
8.8837258926511408e-03	0.0000000000000000e+00	1.3300866530277741e-03
8.9011791851710802e-03	0.0000000000000000e+00	1.2833485523380461e-03
8.9186324776910197e-03	0.0000000000000000e+00	1.2361350157683885e-03
8.9360857702109695e-03	0.0000000000000000e+00	1.1884464381019368e-03
8.9535390627309107e-03	0.0000000000000000e+00	1.1402832357977532e-03
8.9709923552508501e-03	0.0000000000000000e+00	1.0916458468906256e-03
8.9884456477708000e-03	0.0000000000000000e+00	1.0425347308877563e-03
9.0058989402907394e-03	0.0000000000000000e+00	9.9295036865996804e-04
9.0233522328106806e-03	0.0000000000000000e+00	9.4289326233993318e-04
9.0408055253306304e-03	0.0000000000000000e+00	8.9236393520923912e-04
9.0582588178505698e-03	0.0000000000000000e+00	8.4136293159324906e-04
9.0757121103705093e-03	0.0000000000000000e+00	7.8989081674766583e-04
9.0931654028904609e-03	0.0000000000000000e+00	7.3794817674737139e-04
9.1106186954104003e-03	0.0000000000000000e+00	6.8553561837193301e-04
9.1280719879303397e-03	0.0000000000000000e+00	6.3265376899299878e-04
9.1455252804502896e-03	0.0000000000000000e+00	5.7930327645752656e-04
9.1629785729702307e-03	0.0000000000000000e+00	5.2548480896775010e-04
9.1804318654901702e-03	0.0000000000000000e+00	4.7119905496768421e-04
9.1978851580101200e-03	0.0000000000000000e+00	4.1644672301881778e-04
9.2153384505300594e-03	0.0000000000000000e+00	3.6122854168310425e-04
9.2327917430500006e-03	0.0000000000000000e+00	3.0554525939609082e-04
9.2502450355699505e-03	0.0000000000000000e+00	2.4939764434856918e-04
9.2676983280898899e-03	0.0000000000000000e+00	1.9278648436078016e-04
9.2851516206098293e-03	0.0000000000000000e+00	1.3571258675250248e-04
9.3026049131297792e-03	0.0000000000000000e+00	7.8176778222444987e-05
9.3200582056497203e-03	0.0000000000000000e+00	2.0179904718114964e-05
9.3375114981696598e-03	0.0000000000000000e+00	-3.8277168694426727e-05
9.3549647906896096e-03	0.0000000000000000e+00	-9.7193557958998939e-05
9.3724180832095508e-03	0.0000000000000000e+00	-1.5656836016012673e-04
9.3898713757294902e-03	0.0000000000000000e+00	-2.1640065365640879e-04
9.4073246682494296e-03	0.0000000000000000e+00	-2.7668949821098152e-04
9.4247779607693795e-03	0.0000000000000000e+00	-3.3743393512922437e-04
9.4422312532893207e-03	0.0000000000000000e+00	-3.9863298739052671e-04
9.4596845458092705e-03	0.0000000000000000e+00	-4.6028565978481207e-04
9.4771378383292099e-03	0.0000000000000000e+00	-5.2239093905004656e-04
9.4945911308491494e-03	0.0000000000000000e+00	-5.8494779400894480e-04
9.5120444233690905e-03	0.0000000000000000e+00	-6.4795517570921896e-04
9.5294977158890404e-03	0.0000000000000000e+00	-7.1141201756285690e-04
9.5469510084089798e-03	0.0000000000000000e+00	-7.7531723548398060e-04
9.5644043009289192e-03	0.0000000000000000e+00	-8.3966972803158426e-04
9.5818575934488708e-03	0.0000000000000000e+00	-9.0446837655208288e-04
9.5993108859688103e-03	0.0000000000000000e+00	-9.6971204532293092e-04
9.6167641784887497e-03	0.0000000000000000e+00	-1.0353995816924770e-03
9.6342174710086995e-03	0.0000000000000000e+00	-1.1015298162264403e-03
9.6516707635286407e-03	0.0000000000000000e+00	-1.1681015628557771e-03
9.6691240560485905e-03	0.0000000000000000e+00	-1.2351136190159075e-03
9.6865773485685300e-03	0.0000000000000000e+00	-1.3025647657985129e-03
9.7040306410884694e-03	0.0000000000000000e+00	-1.3704537680976354e-03
9.7214839336084106e-03	0.0000000000000000e+00	-1.4387793747544109e-03
9.7389372261283604e-03	0.0000000000000000e+00	-1.5075403187104776e-03
9.7563905186482999e-03	0.0000000000000000e+00	-1.5767353171515220e-03
9.7738438111682393e-03	0.0000000000000000e+00	-1.6463630716604936e-03
9.7912971036881909e-03	0.0000000000000000e+00	-1.7164222683685897e-03
9.8087503962081303e-03	0.0000000000000000e+00	-1.7869115781002335e-03
9.8262036887280697e-03	0.0000000000000000e+00	-1.8578296565311019e-03
9.8436569812480196e-03	0.0000000000000000e+00	-1.9291751443365267e-03
9.8611102737679607e-03	0.0000000000000000e+00	-2.0009466673454467e-03
9.8785635662879106e-03	0.0000000000000000e+00	-2.0731428366877235e-03
9.8960168588078500e-03	0.0000000000000000e+00	-2.1457622489582258e-03
9.9134701513277895e-03	0.0000000000000000e+00	-2.2188034863580121e-03
9.9309234438477306e-03	0.0000000000000000e+00	-2.2922651168593776e-03
9.9483767363676805e-03	0.0000000000000000e+00	-2.3661456943515585e-03
9.9658300288876199e-03	0.0000000000000000e+00	-2.4404437588012515e-03
9.9832833214075593e-03	0.0000000000000000e+00	-2.5151578364061176e-03
1.0000736613927501e-02	0.0000000000000000e+00	-2.5902864397507643e-03
1.0018189906447501e-02	0.0000000000000000e+00	-2.6658280679618400e-03
1.0035643198967400e-02	0.0000000000000000e+00	-2.7417812068656830e-03
1.0053096491487300e-02	0.0000000000000000e+00	-2.8181443291414874e-03
1.0070549784007300e-02	0.0000000000000000e+00	-2.8949158944854346e-03
1.0088003076527199e-02	0.0000000000000000e+00	-2.9720943497588909e-03
1.0105456369047200e-02	0.0000000000000000e+00	-3.0496781291524779e-03
1.0122909661567101e-02	0.0000000000000000e+00	-3.1276656543408592e-03
1.0140362954087099e-02	0.0000000000000000e+00	-3.2060553346403143e-03
1.0157816246607001e-02	0.0000000000000000e+00	-3.2848455671670943e-03
1.0175269539126900e-02	0.0000000000000000e+00	-3.3640347369965182e-03
1.0192722831646900e-02	0.0000000000000000e+00	-3.4436212173219998e-03
1.0210176124166800e-02	0.0000000000000000e+00	-3.5236033696083827e-03
1.0227629416686800e-02	0.0000000000000000e+00	-3.6039795437565647e-03
1.0245082709206699e-02	0.0000000000000000e+00	-3.6847480782595896e-03
1.0262536001726700e-02	0.0000000000000000e+00	-3.7659073003625302e-03
1.0279989294246601e-02	0.0000000000000000e+00	-3.8474555262173874e-03
1.0297442586766500e-02	0.0000000000000000e+00	-3.9293910610471621e-03
1.0314895879286501e-02	0.0000000000000000e+00	-4.0117121993035092e-03
1.0332349171806400e-02	0.0000000000000000e+00	-4.0944172248207466e-03
1.0349802464326400e-02	0.0000000000000000e+00	-4.1775044109820525e-03
1.0367255756846300e-02	0.0000000000000000e+00	-4.2609720208737377e-03
1.0384709049366300e-02	0.0000000000000000e+00	-4.3448183074455173e-03
1.0402162341886199e-02	0.0000000000000000e+00	-4.4290415136668503e-03
1.0419615634406101e-02	0.0000000000000000e+00	-4.5136398726914363e-03
1.0437068926926101e-02	0.0000000000000000e+00	-4.5986116080095991e-03
1.0454522219446000e-02	0.0000000000000000e+00	-4.6839549336102583e-03
1.0471975511966001e-02	0.0000000000000000e+00	-9.6941764177158850e-03
1.0489428804485900e-02	0.0000000000000000e+00	-9.5876674184641984e-03
1.0506882097005900e-02	0.0000000000000000e+00	-9.4814376304239497e-03
1.0524335389525800e-02	0.0000000000000000e+00	-9.3754881943466633e-03
1.0541788682045699e-02	0.0000000000000000e+00	-9.2698202455453269e-03
1.0559241974565699e-02	0.0000000000000000e+00	-9.1644349138610380e-03
1.0576695267085601e-02	0.0000000000000000e+00	-9.0593333236390784e-03
1.0594148559605601e-02	0.0000000000000000e+00	-8.9545165936860804e-03
1.0611601852125500e-02	0.0000000000000000e+00	-8.8499858372502547e-03
1.0629055144645501e-02	0.0000000000000000e+00	-8.7457421619819634e-03
1.0646508437165400e-02	0.0000000000000000e+00	-8.6417866699093626e-03
1.0663961729685400e-02	0.0000000000000000e+00	-8.5381204574014446e-03
1.0681415022205300e-02	0.0000000000000000e+00	-8.4347446151430364e-03
1.0698868314725199e-02	0.0000000000000000e+00	-8.3316602281001215e-03
1.0716321607245199e-02	0.0000000000000000e+00	-8.2288683754905018e-03
1.0733774899765101e-02	0.0000000000000000e+00	-8.1263701307568818e-03
1.0751228192285101e-02	0.0000000000000000e+00	-8.0241665615292546e-03
1.0768681484805000e-02	0.0000000000000000e+00	-7.9222587296046195e-03
1.0786134777325001e-02	0.0000000000000000e+00	-7.8206476909068630e-03
1.0803588069844900e-02	0.0000000000000000e+00	-7.7193344954666560e-03
1.0821041362364800e-02	0.0000000000000000e+00	-7.6183201873836603e-03
1.0838494654884800e-02	0.0000000000000000e+00	-7.5176058048019067e-03
1.0855947947404699e-02	0.0000000000000000e+00	-7.4171923798800618e-03
1.0873401239924699e-02	0.0000000000000000e+00	-7.3170809387585927e-03
1.0890854532444601e-02	0.0000000000000000e+00	-7.2172725015363162e-03
1.0908307824964599e-02	0.0000000000000000e+00	-7.1177680822361806e-03
1.0925761117484500e-02	0.0000000000000000e+00	-7.0185686887803732e-03
1.0943214410004400e-02	0.0000000000000000e+00	-6.9196753229593079e-03
1.0960667702524400e-02	0.0000000000000000e+00	-6.8210889804015129e-03
1.0978120995044300e-02	0.0000000000000000e+00	-6.7228106505525242e-03
1.0995574287564300e-02	0.0000000000000000e+00	-6.6248413166373589e-03
1.1013027580084199e-02	0.0000000000000000e+00	-6.5271819556388623e-03
1.1030480872604199e-02	0.0000000000000000e+00	-6.4298335382669989e-03
1.1047934165124101e-02	0.0000000000000000e+00	-6.3327970289331383e-03
1.1065387457644000e-02	0.0000000000000000e+00	-6.2360733857191146e-03
1.1082840750164000e-02	0.0000000000000000e+00	-6.1396635603527061e-03
1.1100294042683900e-02	0.0000000000000000e+00	-6.0435684981809219e-03
1.1117747335203900e-02	0.0000000000000000e+00	-5.9477891381392433e-03
1.1135200627723800e-02	0.0000000000000000e+00	-5.8523264127292134e-03
1.1152653920243800e-02	0.0000000000000000e+00	-5.7571812479865021e-03
1.1170107212763699e-02	0.0000000000000000e+00	-5.6623545634607040e-03
1.1187560505283699e-02	0.0000000000000000e+00	-5.5678472721820043e-03
1.1205013797803601e-02	0.0000000000000000e+00	-5.4736602806400051e-03
1.1222467090323500e-02	0.0000000000000000e+00	-5.3797944887555033e-03
1.1239920382843500e-02	0.0000000000000000e+00	-5.2862507898551658e-03
1.1257373675363400e-02	0.0000000000000000e+00	-5.1930300706453363e-03
1.1274826967883400e-02	0.0000000000000000e+00	-5.1001332111860476e-03
1.1292280260403300e-02	0.0000000000000000e+00	-5.0075610848685278e-03
1.1309733552923300e-02	0.0000000000000000e+00	-4.9153145583840721e-03
1.1327186845443199e-02	0.0000000000000000e+00	-4.8233944917063423e-03
1.1344640137963101e-02	0.0000000000000000e+00	-4.7318017380609820e-03
1.1362093430483101e-02	0.0000000000000000e+00	-4.6405371439005270e-03
1.1379546723003000e-02	0.0000000000000000e+00	-4.5496015488887889e-03
1.1397000015523000e-02	0.0000000000000000e+00	-4.4589957858623209e-03
1.1414453308042900e-02	0.0000000000000000e+00	-4.3687206808191402e-03
1.1431906600562900e-02	0.0000000000000000e+00	-4.2787770528888366e-03
1.1449359893082800e-02	0.0000000000000000e+00	-4.1891657143080571e-03
1.1466813185602699e-02	0.0000000000000000e+00	-4.0998874704000323e-03
1.1484266478122699e-02	0.0000000000000000e+00	-4.0109431195494505e-03
1.1501719770642601e-02	0.0000000000000000e+00	-3.9223334531808965e-03
1.1519173063162601e-02	0.0000000000000000e+00	-3.8340592557329477e-03
1.1536626355682500e-02	0.0000000000000000e+00	-3.7461213046393344e-03
1.1554079648202500e-02	0.0000000000000000e+00	-3.6585203703030124e-03
1.1571532940722400e-02	0.0000000000000000e+00	-3.5712572160761882e-03
1.1588986233242300e-02	0.0000000000000000e+00	-3.4843325982384724e-03
1.1606439525762300e-02	0.0000000000000000e+00	-3.3977472659704700e-03
1.1623892818282199e-02	0.0000000000000000e+00	-3.3115019613395276e-03
1.1641346110802199e-02	0.0000000000000000e+00	-3.2255974192720313e-03
1.1658799403322101e-02	0.0000000000000000e+00	-3.1400343675357175e-03
1.1676252695842101e-02	0.0000000000000000e+00	-3.0548135267161030e-03
1.1693705988362000e-02	0.0000000000000000e+00	-2.9699356101992465e-03
1.1711159280882000e-02	0.0000000000000000e+00	-2.8854013241453240e-03
1.1728612573401900e-02	0.0000000000000000e+00	-2.8012113674758220e-03
1.1746065865921800e-02	0.0000000000000000e+00	-2.7173664318469967e-03
1.1763519158441800e-02	0.0000000000000000e+00	-2.6338672016331991e-03
1.1780972450961699e-02	0.0000000000000000e+00	-2.5507143539060793e-03
1.1798425743481699e-02	0.0000000000000000e+00	-2.4679085584151414e-03
1.1815879036001601e-02	0.0000000000000000e+00	-2.3854504775698087e-03
1.1833332328521601e-02	0.0000000000000000e+00	-2.3033407664188230e-03
1.1850785621041500e-02	0.0000000000000000e+00	-2.2215800726325444e-03
1.1868238913561400e-02	0.0000000000000000e+00	-2.1401690364821879e-03
1.1885692206081400e-02	0.0000000000000000e+00	-2.0591082908251882e-03
1.1903145498601300e-02	0.0000000000000000e+00	-1.9783984610841467e-03
1.1920598791121300e-02	0.0000000000000000e+00	-1.8980401652310564e-03
1.1938052083641199e-02	0.0000000000000000e+00	-1.8180340137678376e-03
1.1955505376161199e-02	0.0000000000000000e+00	-1.7383806097092047e-03
1.1972958668681101e-02	0.0000000000000000e+00	-1.6590805485675506e-03
1.1990411961201000e-02	0.0000000000000000e+00	-1.5801344183342825e-03
1.2007865253721000e-02	0.0000000000000000e+00	-1.5015427994629642e-03
1.2025318546240900e-02	0.0000000000000000e+00	-1.4233062648547100e-03
1.2042771838760900e-02	0.0000000000000000e+00	-1.3454253798392650e-03
1.2060225131280800e-02	0.0000000000000000e+00	-1.2679007021628979e-03
1.2077678423800800e-02	0.0000000000000000e+00	-1.1907327819687193e-03
1.2095131716320699e-02	0.0000000000000000e+00	-1.1139221617853267e-03
1.2112585008840600e-02	0.0000000000000000e+00	-1.0374693765075548e-03
1.2130038301360601e-02	0.0000000000000000e+00	-9.6137495338434779e-04
1.2147491593880500e-02	0.0000000000000000e+00	-8.8563941200437151e-04
1.2164944886400500e-02	0.0000000000000000e+00	-8.1026326427955330e-04
1.2182398178920400e-02	0.0000000000000000e+00	-7.3524701443308316e-04
1.2199851471440400e-02	0.0000000000000000e+00	-6.6059115898393786e-04
1.2217304763960300e-02	0.0000000000000000e+00	-5.8629618673495967e-04
1.2234758056480201e-02	0.0000000000000000e+00	-5.1236257875706022e-04
1.2252211349000199e-02	0.0000000000000000e+00	-4.3879080837964842e-04
1.2269664641520101e-02	0.0000000000000000e+00	-3.6558134117477698e-04
1.2287117934040101e-02	0.0000000000000000e+00	-2.9273463494535466e-04
1.2304571226560000e-02	0.0000000000000000e+00	-2.2025113971595121e-04
1.2322024519080000e-02	0.0000000000000000e+00	-1.4813129771428093e-04
1.2339477811599900e-02	0.0000000000000000e+00	-7.6375543367028346e-05
1.2356931104119900e-02	0.0000000000000000e+00	-4.9843032823246607e-06
1.2374384396639800e-02	0.0000000000000000e+00	6.6042003757330143e-05
1.2391837689159701e-02	0.0000000000000000e+00	1.3670296680805822e-04
1.2409290981679699e-02	0.0000000000000000e+00	2.0699818277573900e-04
1.2426744274199601e-02	0.0000000000000000e+00	2.7692725642247928e-04
1.2444197566719601e-02	0.0000000000000000e+00	3.4648980038351994e-04
1.2461650859239500e-02	0.0000000000000000e+00	4.1568543516833204e-04
1.2479104151759500e-02	0.0000000000000000e+00	4.8451378917912651e-04
1.2496557444279400e-02	0.0000000000000000e+00	5.5297449871210332e-04
1.2514010736799299e-02	0.0000000000000000e+00	6.2106720797244558e-04
1.2531464029319300e-02	0.0000000000000000e+00	6.8879156907932361e-04
1.2548917321839201e-02	0.0000000000000000e+00	7.5614724207526531e-04
1.2566370614359199e-02	0.0000000000000000e+00	8.2313389493515656e-04
1.2583823906879101e-02	0.0000000000000000e+00	8.8975120357205335e-04
1.2601277199399101e-02	0.0000000000000000e+00	9.5599885184732673e-04
1.2618730491919000e-02	0.0000000000000000e+00	1.0218765315751631e-03
1.2636183784438900e-02	0.0000000000000000e+00	1.0873839425307821e-03
1.2653637076958900e-02	0.0000000000000000e+00	1.1525207924584805e-03
1.2671090369478799e-02	0.0000000000000000e+00	1.2172867970738168e-03
1.2688543661998800e-02	0.0000000000000000e+00	1.2816816800753663e-03
1.2705996954518701e-02	0.0000000000000000e+00	1.3457051731448940e-03
1.2723450247038699e-02	0.0000000000000000e+00	1.4093570159563877e-03
1.2740903539558601e-02	0.0000000000000000e+00	1.4726369561799387e-03
1.2758356832078500e-02	0.0000000000000000e+00	1.5355447494866715e-03
1.2775810124598500e-02	0.0000000000000000e+00	1.5980801595542997e-03
1.2793263417118400e-02	0.0000000000000000e+00	1.6602429580691793e-03
1.2810716709638400e-02	0.0000000000000000e+00	1.7220329247324135e-03
1.2828170002158299e-02	0.0000000000000000e+00	1.7834498472618313e-03
1.2845623294678300e-02	0.0000000000000000e+00	1.8444935213978808e-03
1.2863076587198201e-02	0.0000000000000000e+00	1.9051637509019024e-03
1.2880529879718199e-02	0.0000000000000000e+00	1.9654603475659366e-03
1.2897983172238101e-02	0.0000000000000000e+00	2.0253831312074364e-03
1.2915436464758000e-02	0.0000000000000000e+00	2.0849319296777470e-03
1.2932889757278000e-02	0.0000000000000000e+00	2.1441065788598678e-03
1.2950343049797900e-02	0.0000000000000000e+00	2.2029069226718405e-03
1.2967796342317900e-02	0.0000000000000000e+00	2.2613328130679832e-03
1.2985249634837799e-02	0.0000000000000000e+00	2.3193841100377617e-03
1.3002702927357800e-02	0.0000000000000000e+00	2.3770606816104398e-03
1.3020156219877701e-02	0.0000000000000000e+00	2.4343624038501593e-03
1.3037609512397600e-02	0.0000000000000000e+00	2.4912891608610864e-03
1.3055062804917601e-02	0.0000000000000000e+00	2.5478408447836011e-03
1.3072516097437500e-02	0.0000000000000000e+00	2.6040173557933242e-03
1.3089969389957500e-02	0.0000000000000000e+00	2.6598186021040099e-03
1.3107422682477400e-02	0.0000000000000000e+00	2.7152444999622299e-03
1.3124875974997400e-02	0.0000000000000000e+00	2.7702949736469152e-03
1.3142329267517299e-02	0.0000000000000000e+00	2.8249699554688903e-03
1.3159782560037201e-02	0.0000000000000000e+00	2.8792693857674443e-03
1.3177235852557199e-02	0.0000000000000000e+00	2.9331932129073087e-03
1.3194689145077100e-02	0.0000000000000000e+00	2.9867413932769451e-03
1.3212142437597101e-02	0.0000000000000000e+00	3.0399138912853597e-03
1.3229595730117000e-02	0.0000000000000000e+00	3.0927106793562508e-03
1.3247049022637000e-02	0.0000000000000000e+00	3.1451317379281789e-03
1.3264502315156900e-02	0.0000000000000000e+00	3.1971770554470925e-03
1.3281955607676799e-02	0.0000000000000000e+00	3.2488466283636819e-03
1.3299408900196799e-02	0.0000000000000000e+00	3.3001404611276222e-03
1.3316862192716701e-02	0.0000000000000000e+00	3.3510585661840030e-03
1.3334315485236699e-02	0.0000000000000000e+00	3.4016009639651849e-03
1.3351768777756600e-02	0.0000000000000000e+00	3.4517676828874880e-03
1.3369222070276601e-02	0.0000000000000000e+00	3.5015587593448948e-03
1.3386675362796500e-02	0.0000000000000000e+00	3.5509742377016064e-03
1.3404128655316400e-02	0.0000000000000000e+00	3.6000141702861054e-03
1.3421581947836400e-02	0.0000000000000000e+00	3.6486786173840352e-03
1.3439035240356299e-02	0.0000000000000000e+00	3.6969676472303043e-03
1.3456488532876299e-02	0.0000000000000000e+00	3.7448813360028473e-03
1.3473941825396201e-02	0.0000000000000000e+00	3.7924197678133615e-03
1.3491395117916199e-02	0.0000000000000000e+00	3.8395830346985068e-03
1.3508848410436100e-02	0.0000000000000000e+00	3.8863712366135942e-03
1.3526301702956101e-02	0.0000000000000000e+00	3.9327844814213099e-03
1.3543754995476000e-02	0.0000000000000000e+00	3.9788228848831085e-03
1.3561208287995900e-02	0.0000000000000000e+00	4.0244865706503046e-03
1.3578661580515900e-02	0.0000000000000000e+00	4.0697756702544347e-03
1.3596114873035799e-02	0.0000000000000000e+00	4.1146903230943324e-03
1.3613568165555799e-02	0.0000000000000000e+00	4.1592306764295017e-03
1.3631021458075701e-02	0.0000000000000000e+00	4.2033968853655655e-03
1.3648474750595699e-02	0.0000000000000000e+00	4.2471891128466931e-03
1.3665928043115600e-02	0.0000000000000000e+00	4.2906075296395407e-03
1.3683381335635500e-02	0.0000000000000000e+00	4.3336523143257116e-03
1.3700834628155500e-02	0.0000000000000000e+00	4.3763236532880587e-03
1.3718287920675400e-02	0.0000000000000000e+00	4.4186217406960255e-03
1.3735741213195400e-02	0.0000000000000000e+00	4.4605467784970335e-03
1.3753194505715299e-02	0.0000000000000000e+00	4.5020989763987270e-03
1.3770647798235299e-02	0.0000000000000000e+00	4.5432785518594067e-03
1.3788101090755201e-02	0.0000000000000000e+00	4.5840857300716870e-03
1.3805554383275100e-02	0.0000000000000000e+00	4.6245207439495868e-03
1.3823007675795100e-02	0.0000000000000000e+00	4.6645838341141865e-03
1.3840460968315000e-02	0.0000000000000000e+00	4.7042752488764064e-03
1.3857914260835000e-02	0.0000000000000000e+00	4.7435952442266924e-03
1.3875367553354900e-02	0.0000000000000000e+00	4.7825440838147612e-03
1.3892820845874900e-02	0.0000000000000000e+00	4.8211220389365386e-03
1.3910274138394799e-02	0.0000000000000000e+00	4.8593293885178792e-03
1.3927727430914701e-02	0.0000000000000000e+00	4.8971664190965462e-03
1.3945180723434701e-02	0.0000000000000000e+00	4.9346334248074417e-03
1.3962634015954600e-02	0.0000000000000000e+00	4.9717307073650638e-03
1.3980087308474600e-02	0.0000000000000000e+00	5.0084585760453246e-03
1.3997540600994500e-02	0.0000000000000000e+00	5.0448173476685069e-03
1.4014993893514500e-02	0.0000000000000000e+00	5.0808073465824664e-03
1.4032447186034400e-02	0.0000000000000000e+00	5.1164289046400548e-03
1.4049900478554400e-02	0.0000000000000000e+00	5.1516823611867605e-03
1.4067353771074299e-02	0.0000000000000000e+00	5.1865680630369558e-03
1.4084807063594201e-02	0.0000000000000000e+00	5.2210863644556087e-03
1.4102260356114201e-02	0.0000000000000000e+00	5.2552376271401595e-03
1.4119713648634100e-02	0.0000000000000000e+00	5.2890222201993874e-03
1.4137166941154100e-02	0.0000000000000000e+00	5.3224405201332875e-03
1.4154620233674000e-02	0.0000000000000000e+00	5.3554929108128252e-03
1.4172073526194000e-02	0.0000000000000000e+00	5.3881797834589122e-03
1.4189526818713900e-02	0.0000000000000000e+00	5.4205015366211784e-03
1.4206980111233799e-02	0.0000000000000000e+00	5.4524585761568847e-03
1.4224433403753799e-02	0.0000000000000000e+00	5.4840513152079797e-03
1.4241886696273701e-02	0.0000000000000000e+00	5.5152801741811947e-03
1.4259339988793701e-02	0.0000000000000000e+00	5.5461455807228220e-03
1.4276793281313600e-02	0.0000000000000000e+00	5.5766479696974167e-03
1.4294246573833600e-02	0.0000000000000000e+00	5.6067877831658093e-03
1.4311699866353500e-02	0.0000000000000000e+00	5.6365654703596363e-03
1.4329153158873400e-02	0.0000000000000000e+00	5.6659814876591132e-03
1.4346606451393400e-02	0.0000000000000000e+00	5.6950362985681950e-03
1.4364059743913299e-02	0.0000000000000000e+00	5.7237303736910874e-03
1.4381513036433299e-02	0.0000000000000000e+00	5.7520641907066261e-03
1.4398966328953201e-02	0.0000000000000000e+00	5.7800382343440176e-03
1.4416419621473201e-02	0.0000000000000000e+00	5.8076529963578573e-03
1.4433872913993100e-02	0.0000000000000000e+00	5.8349089755022569e-03
1.4451326206513000e-02	0.0000000000000000e+00	5.8618066775052713e-03
1.4468779499033000e-02	0.0000000000000000e+00	5.8883466150422186e-03
1.4486232791552900e-02	0.0000000000000000e+00	5.9145293077090318e-03
1.4503686084072900e-02	0.0000000000000000e+00	5.9403552819973834e-03
1.4521139376592799e-02	0.0000000000000000e+00	5.9658250712657738e-03
1.4538592669112799e-02	0.0000000000000000e+00	5.9909392157118189e-03
1.4556045961632701e-02	0.0000000000000000e+00	6.0156982623471734e-03
1.4573499254152701e-02	0.0000000000000000e+00	6.0401027649674551e-03
1.4590952546672600e-02	0.0000000000000000e+00	6.0641532841235494e-03
1.4608405839192500e-02	0.0000000000000000e+00	6.0878503870957622e-03
1.4625859131712500e-02	0.0000000000000000e+00	6.1111946478626354e-03
1.4643312424232400e-02	0.0000000000000000e+00	6.1341866470720095e-03
1.4660765716752400e-02	0.0000000000000000e+00	6.1568269720127982e-03
1.4678219009272299e-02	0.0000000000000000e+00	6.1791162165848075e-03
1.4695672301792299e-02	0.0000000000000000e+00	6.2010549812690219e-03
1.4713125594312201e-02	0.0000000000000000e+00	6.2226438730950111e-03
1.4730578886832100e-02	0.0000000000000000e+00	6.2438835056151795e-03
1.4748032179352100e-02	0.0000000000000000e+00	6.2647744988688766e-03
1.4765485471872000e-02	0.0000000000000000e+00	6.2853174793544844e-03
1.4782938764392000e-02	0.0000000000000000e+00	6.3055130799972948e-03
1.4800392056911900e-02	0.0000000000000000e+00	6.3253619401165695e-03
1.4817845349431900e-02	0.0000000000000000e+00	6.3448647053955982e-03
1.4835298641951799e-02	0.0000000000000000e+00	6.3640220278473611e-03
1.4852751934471701e-02	0.0000000000000000e+00	6.3828345657842593e-03
1.4870205226991701e-02	0.0000000000000000e+00	6.4013029837836563e-03
1.4887658519511600e-02	0.0000000000000000e+00	6.4194279526547382e-03
1.4905111812031600e-02	0.0000000000000000e+00	6.4372101494068745e-03
1.4922565104551500e-02	0.0000000000000000e+00	6.4546502572132829e-03
1.4940018397071500e-02	0.0000000000000000e+00	6.4717489653808311e-03
1.4957471689591400e-02	0.0000000000000000e+00	6.4885069693121676e-03
1.4974924982111301e-02	0.0000000000000000e+00	6.5049249704730349e-03
1.4992378274631299e-02	0.0000000000000000e+00	6.5210036763581562e-03
1.5009831567151201e-02	0.0000000000000000e+00	6.5367438004557531e-03
1.5027284859671201e-02	0.0000000000000000e+00	6.5521460622114565e-03
1.5044738152191100e-02	0.0000000000000000e+00	6.5672111869933669e-03
1.5062191444711100e-02	0.0000000000000000e+00	6.5819399060578479e-03
1.5079644737231000e-02	0.0000000000000000e+00	6.5963329565107932e-03
1.5097098029750899e-02	0.0000000000000000e+00	6.6103910812739660e-03
1.5114551322270900e-02	0.0000000000000000e+00	6.6241150290465558e-03
1.5132004614790801e-02	0.0000000000000000e+00	6.6375055542696069e-03
1.5149457907310799e-02	0.0000000000000000e+00	6.6505634170886535e-03
1.5166911199830701e-02	0.0000000000000000e+00	6.6632893833167206e-03
1.5184364492350701e-02	0.0000000000000000e+00	6.6756842243957878e-03
1.5201817784870600e-02	0.0000000000000000e+00	6.6877487173605740e-03
1.5219271077390600e-02	0.0000000000000000e+00	6.6994836447998689e-03
1.5236724369910500e-02	0.0000000000000000e+00	6.7108897948174274e-03
1.5254177662430399e-02	0.0000000000000000e+00	6.7219679609961816e-03
1.5271630954950400e-02	0.0000000000000000e+00	6.7327189423550477e-03
1.5289084247470301e-02	0.0000000000000000e+00	6.7431435433149998e-03
1.5306537539990299e-02	0.0000000000000000e+00	6.7532425736566079e-03
1.5323990832510201e-02	0.0000000000000000e+00	6.7630168484820946e-03
1.5341444125030201e-02	0.0000000000000000e+00	6.7724671881734559e-03
1.5358897417550100e-02	0.0000000000000000e+00	6.7815944183571989e-03
1.5376350710070000e-02	0.0000000000000000e+00	6.7903993698589732e-03
1.5393804002590000e-02	0.0000000000000000e+00	6.7988828786669222e-03
1.5411257295109899e-02	0.0000000000000000e+00	6.8070457858895785e-03
1.5428710587629900e-02	0.0000000000000000e+00	6.8148889377160522e-03
1.5446163880149801e-02	0.0000000000000000e+00	6.8224131853730132e-03
1.5463617172669799e-02	0.0000000000000000e+00	6.8296193850868750e-03
1.5481070465189701e-02	0.0000000000000000e+00	6.8365083980385204e-03
1.5498523757709600e-02	0.0000000000000000e+00	6.8430810903251614e-03
1.5515977050229600e-02	0.0000000000000000e+00	6.8493383329161746e-03
1.5533430342749500e-02	0.0000000000000000e+00	6.8552810016130183e-03
1.5550883635269500e-02	0.0000000000000000e+00	6.8609099770036656e-03
1.5568336927789399e-02	0.0000000000000000e+00	6.8662261444246827e-03
1.5585790220309400e-02	0.0000000000000000e+00	6.8712303939157853e-03
1.5603243512829299e-02	0.0000000000000000e+00	6.8759236201756217e-03
1.5620696805349200e-02	0.0000000000000000e+00	6.8803067225231586e-03
1.5638150097869199e-02	0.0000000000000000e+00	6.8843806048509053e-03
1.5655603390389100e-02	0.0000000000000000e+00	6.8881461755819886e-03
1.5673056682909099e-02	0.0000000000000000e+00	6.8916043476276957e-03
1.5690509975429000e-02	0.0000000000000000e+00	6.8947560383426513e-03
1.5707963267949002e-02	0.0000000000000000e+00	6.8976021694819077e-03
1.5725416560468899e-02	0.0000000000000000e+00	6.9001436671544342e-03
1.5742869852988801e-02	0.0000000000000000e+00	6.9023814617820865e-03
1.5760323145508799e-02	0.0000000000000000e+00	6.9043164880531870e-03
1.5777776438028700e-02	0.0000000000000000e+00	6.9059496848768468e-03
1.5795229730548699e-02	0.0000000000000000e+00	6.9072819953408370e-03
1.5812683023068600e-02	0.0000000000000000e+00	6.9083143666632402e-03
1.5830136315588599e-02	0.0000000000000000e+00	6.9090477501501423e-03
1.5847589608108500e-02	0.0000000000000000e+00	6.9094831011494301e-03
1.5865042900628502e-02	0.0000000000000000e+00	6.9096213790032224e-03
1.5882496193148399e-02	0.0000000000000000e+00	6.9094635470054507e-03
1.5899949485668301e-02	0.0000000000000000e+00	6.9090105723529993e-03
1.5917402778188299e-02	0.0000000000000000e+00	6.9082634261020516e-03
1.5934856070708200e-02	0.0000000000000000e+00	6.9072230831202291e-03
1.5952309363228199e-02	0.0000000000000000e+00	6.9058905220409647e-03
1.5969762655748100e-02	0.0000000000000000e+00	6.9042667252171659e-03
1.5987215948268099e-02	0.0000000000000000e+00	6.9023526786736039e-03
1.6004669240788000e-02	0.0000000000000000e+00	6.9001493720615391e-03
1.6022122533307901e-02	0.0000000000000000e+00	6.8976577986113010e-03
1.6039575825827899e-02	0.0000000000000000e+00	6.8948789550843425e-03
1.6057029118347801e-02	0.0000000000000000e+00	6.8918138417269374e-03
1.6074482410867799e-02	0.0000000000000000e+00	6.8884634622225025e-03
1.6091935703387700e-02	0.0000000000000000e+00	6.8848288236446975e-03
1.6109388995907699e-02	0.0000000000000000e+00	6.8809109364096057e-03
1.6126842288427600e-02	0.0000000000000000e+00	6.8767108142261347e-03
1.6144295580947501e-02	0.0000000000000000e+00	6.8722294740518356e-03
1.6161748873467500e-02	0.0000000000000000e+00	6.8674679360409135e-03
1.6179202165987401e-02	0.0000000000000000e+00	6.8624272235004594e-03
1.6196655458507399e-02	0.0000000000000000e+00	6.8571083628382384e-03
1.6214108751027301e-02	0.0000000000000000e+00	6.8515123835159028e-03
1.6231562043547299e-02	0.0000000000000000e+00	6.8456403180010691e-03
1.6249015336067200e-02	0.0000000000000000e+00	6.8394932017189942e-03
1.6266468628587199e-02	0.0000000000000000e+00	6.8330720730025961e-03
1.6283921921107100e-02	0.0000000000000000e+00	6.8263779730442474e-03
1.6301375213627001e-02	0.0000000000000000e+00	6.8194119458474863e-03
1.6318828506147000e-02	0.0000000000000000e+00	6.8121750381776505e-03
1.6336281798666901e-02	0.0000000000000000e+00	6.8046682995121632e-03
1.6353735091186899e-02	0.0000000000000000e+00	6.7968927819930412e-03
1.6371188383706801e-02	0.0000000000000000e+00	6.7888495403760204e-03
1.6388641676226799e-02	0.0000000000000000e+00	6.7805396319820851e-03
1.6406094968746700e-02	0.0000000000000000e+00	6.7719641166475528e-03
1.6423548261266602e-02	0.0000000000000000e+00	6.7631240566744634e-03
1.6441001553786600e-02	0.0000000000000000e+00	6.7540205167826266e-03
1.6458454846306501e-02	0.0000000000000000e+00	6.7446545640582559e-03
1.6475908138826500e-02	0.0000000000000000e+00	6.7350272679037697e-03
1.6493361431346401e-02	0.0000000000000000e+00	6.7251396999909816e-03
1.6510814723866400e-02	0.0000000000000000e+00	6.7149929342071365e-03
1.6528268016386301e-02	0.0000000000000000e+00	6.7045880466082147e-03
1.6545721308906199e-02	0.0000000000000000e+00	6.6939261153673149e-03
1.6563174601426200e-02	0.0000000000000000e+00	6.6830082207253406e-03
1.6580627893946102e-02	0.0000000000000000e+00	6.6718354449409592e-03
1.6598081186466100e-02	0.0000000000000000e+00	6.6604088722391009e-03
1.6615534478986001e-02	0.0000000000000000e+00	6.6487295887630608e-03
1.6632987771506000e-02	0.0000000000000000e+00	6.6367986825215334e-03
1.6650441064025901e-02	0.0000000000000000e+00	6.6246172433413629e-03
1.6667894356545799e-02	0.0000000000000000e+00	6.6121863628128413e-03
1.6685347649065801e-02	0.0000000000000000e+00	6.5995071342451663e-03
1.6702800941585699e-02	0.0000000000000000e+00	6.5865806526100978e-03
1.6720254234105700e-02	0.0000000000000000e+00	6.5734080144961467e-03
1.6737707526625598e-02	0.0000000000000000e+00	6.5599903180556147e-03
1.6755160819145600e-02	0.0000000000000000e+00	6.5463286629526447e-03
1.6772614111665501e-02	0.0000000000000000e+00	6.5324241503170446e-03
1.6790067404185399e-02	0.0000000000000000e+00	6.5182778826908079e-03
1.6807520696705401e-02	0.0000000000000000e+00	6.5038909639762799e-03
1.6824973989225299e-02	0.0000000000000000e+00	6.4892644993889779e-03
1.6842427281745301e-02	0.0000000000000000e+00	6.4743995954039471e-03
1.6859880574265199e-02	0.0000000000000000e+00	6.4592973597074124e-03
1.6877333866785200e-02	0.0000000000000000e+00	6.4439589011429654e-03
1.6894787159305098e-02	0.0000000000000000e+00	6.4283853296655822e-03
1.6912240451825100e-02	0.0000000000000000e+00	6.4125777562854197e-03
1.6929693744345001e-02	0.0000000000000000e+00	6.3965372930223693e-03
1.6947147036864899e-02	0.0000000000000000e+00	6.3802650528517833e-03
1.6964600329384901e-02	0.0000000000000000e+00	6.3637621496548868e-03
1.6982053621904799e-02	0.0000000000000000e+00	6.3470296981682538e-03
1.6999506914424801e-02	0.0000000000000000e+00	6.3300688139326308e-03
1.7016960206944699e-02	0.0000000000000000e+00	6.3128806132448983e-03
1.7034413499464700e-02	0.0000000000000000e+00	6.2954662131022923e-03
1.7051866791984598e-02	0.0000000000000000e+00	6.2778267311560361e-03
1.7069320084504500e-02	0.0000000000000000e+00	6.2599632856597098e-03
1.7086773377024501e-02	0.0000000000000000e+00	6.2418769954183861e-03
1.7104226669544399e-02	0.0000000000000000e+00	6.2235689797374818e-03
1.7121679962064401e-02	0.0000000000000000e+00	6.2050403583731751e-03
1.7139133254584299e-02	0.0000000000000000e+00	6.1862922514806925e-03
1.7156586547104301e-02	0.0000000000000000e+00	6.1673257795669739e-03
1.7174039839624199e-02	0.0000000000000000e+00	6.1481420634356037e-03
1.7191493132144100e-02	0.0000000000000000e+00	6.1287422241400637e-03
1.7208946424664098e-02	0.0000000000000000e+00	6.1091273829309992e-03
1.7226399717184000e-02	0.0000000000000000e+00	6.0892986612088454e-03
1.7243853009704001e-02	0.0000000000000000e+00	6.0692571804700519e-03
1.7261306302223899e-02	0.0000000000000000e+00	6.0490040622597661e-03
1.7278759594743901e-02	0.0000000000000000e+00	6.0285404281192377e-03
1.7296212887263799e-02	0.0000000000000000e+00	6.0078673995387867e-03
1.7313666179783700e-02	0.0000000000000000e+00	5.9869860979051915e-03
1.7331119472303699e-02	0.0000000000000000e+00	5.9658976444510580e-03
1.7348572764823600e-02	0.0000000000000000e+00	5.9446031602078649e-03
1.7366026057343598e-02	0.0000000000000000e+00	5.9231037659553277e-03
1.7383479349863500e-02	0.0000000000000000e+00	5.9014005821693754e-03
1.7400932642383501e-02	0.0000000000000000e+00	5.8794947289747537e-03
1.7418385934903399e-02	0.0000000000000000e+00	5.8573873260946499e-03
1.7435839227423401e-02	0.0000000000000000e+00	5.8350794928007281e-03
1.7453292519943299e-02	0.0000000000000000e+00	5.8125723478643738e-03
1.7470745812463200e-02	0.0000000000000000e+00	5.7898670095070746e-03
1.7488199104983199e-02	0.0000000000000000e+00	5.7669645953503587e-03
1.7505652397503100e-02	0.0000000000000000e+00	5.7438662223687287e-03
1.7523105690023098e-02	0.0000000000000000e+00	5.7205730068372231e-03
1.7540558982543000e-02	0.0000000000000000e+00	5.6970860642863580e-03
1.7558012275063001e-02	0.0000000000000000e+00	5.6734065094487659e-03
1.7575465567582899e-02	0.0000000000000000e+00	5.6495354562142198e-03
1.7592918860102801e-02	0.0000000000000000e+00	5.6254740175793487e-03
1.7610372152622799e-02	0.0000000000000000e+00	5.6012233055981117e-03
1.7627825445142700e-02	0.0000000000000000e+00	5.5767844313348823e-03
1.7645278737662699e-02	0.0000000000000000e+00	5.5521585048153715e-03
1.7662732030182600e-02	0.0000000000000000e+00	5.5273466349783223e-03
1.7680185322702598e-02	0.0000000000000000e+00	5.5023499296262763e-03
1.7697638615222500e-02	0.0000000000000000e+00	5.4771694953795998e-03
1.7715091907742401e-02	0.0000000000000000e+00	5.4518064376275991e-03
1.7732545200262399e-02	0.0000000000000000e+00	5.4262618604793344e-03
1.7749998492782301e-02	0.0000000000000000e+00	5.4005368667188461e-03
1.7767451785302299e-02	0.0000000000000000e+00	5.3746325577540026e-03
1.7784905077822200e-02	0.0000000000000000e+00	5.3485500335724656e-03
1.7802358370342199e-02	0.0000000000000000e+00	5.3222903926922983e-03
1.7819811662862100e-02	0.0000000000000000e+00	5.2958547321144012e-03
1.7837264955382001e-02	0.0000000000000000e+00	5.2692441472776772e-03
1.7854718247902000e-02	0.0000000000000000e+00	5.2424597320098187e-03
1.7872171540421901e-02	0.0000000000000000e+00	5.2155025784823492e-03
1.7889624832941899e-02	0.0000000000000000e+00	5.1883737771629222e-03
1.7907078125461801e-02	0.0000000000000000e+00	5.1610744167690193e-03
1.7924531417981799e-02	0.0000000000000000e+00	5.1336055842215603e-03
1.7941984710501700e-02	0.0000000000000000e+00	5.1059683645990365e-03
1.7959438003021699e-02	0.0000000000000000e+00	5.0781638410914588e-03
1.7976891295541600e-02	0.0000000000000000e+00	5.0501930949538240e-03
1.7994344588061501e-02	0.0000000000000000e+00	5.0220572054622400e-03
1.8011797880581500e-02	0.0000000000000000e+00	4.9937572498660208e-03
1.8029251173101401e-02	0.0000000000000000e+00	4.9652943033436639e-03
1.8046704465621399e-02	0.0000000000000000e+00	4.9366694389567055e-03
1.8064157758141301e-02	0.0000000000000000e+00	4.9078837276068793e-03
1.8081611050661299e-02	0.0000000000000000e+00	4.8789382379883610e-03
1.8099064343181200e-02	0.0000000000000000e+00	4.8498340365450681e-03
1.8116517635701102e-02	0.0000000000000000e+00	4.8205721874247116e-03
1.8133970928221100e-02	0.0000000000000000e+00	4.7911537524364528e-03
1.8151424220741001e-02	0.0000000000000000e+00	4.7615797910040350e-03
1.8168877513261000e-02	0.0000000000000000e+00	4.7318513601235746e-03
1.8186330805780901e-02	0.0000000000000000e+00	4.7019695143205986e-03
1.8203784098300899e-02	0.0000000000000000e+00	4.6719353056036243e-03
1.8221237390820801e-02	0.0000000000000000e+00	4.6417497834235653e-03
1.8238690683340698e-02	0.0000000000000000e+00	4.6114139946271332e-03
1.8256143975860700e-02	0.0000000000000000e+00	4.5809289834186561e-03
1.8273597268380602e-02	0.0000000000000000e+00	4.5502957913128592e-03
1.8291050560900600e-02	0.0000000000000000e+00	4.5195154570938463e-03
1.8308503853420501e-02	0.0000000000000000e+00	4.4885890167727423e-03
1.8325957145940500e-02	0.0000000000000000e+00	4.4575175035449915e-03
1.8343410438460401e-02	0.0000000000000000e+00	4.4263019477487325e-03
1.8360863730980299e-02	0.0000000000000000e+00	4.3949433768233062e-03
1.8378317023500301e-02	0.0000000000000000e+00	4.3634428152658222e-03
1.8395770316020198e-02	0.0000000000000000e+00	4.3318012845919808e-03
1.8413223608540200e-02	0.0000000000000000e+00	4.3000198032932067e-03
1.8430676901060102e-02	0.0000000000000000e+00	4.2680993867965341e-03
1.8448130193580100e-02	0.0000000000000000e+00	4.2360410474228689e-03
1.8465583486100001e-02	0.0000000000000000e+00	4.2038457943487468e-03
1.8483036778619899e-02	0.0000000000000000e+00	4.1715146335616219e-03
1.8500490071139901e-02	0.0000000000000000e+00	4.1390485678240614e-03
1.8517943363659799e-02	0.0000000000000000e+00	4.1064485966321842e-03
1.8535396656179801e-02	0.0000000000000000e+00	4.0737157161741923e-03
1.8552849948699698e-02	0.0000000000000000e+00	4.0408509192944655e-03
1.8570303241219700e-02	0.0000000000000000e+00	4.0078551954511798e-03
1.8587756533739602e-02	0.0000000000000000e+00	3.9747295306792642e-03
1.8605209826259600e-02	0.0000000000000000e+00	3.9414749075492705e-03
1.8622663118779501e-02	0.0000000000000000e+00	3.9080923051328540e-03
1.8640116411299399e-02	0.0000000000000000e+00	3.8745826989597409e-03
1.8657569703819401e-02	0.0000000000000000e+00	3.8409470609821663e-03
1.8675022996339299e-02	0.0000000000000000e+00	3.8071863595388940e-03
1.8692476288859301e-02	0.0000000000000000e+00	3.7733015593116202e-03
1.8709929581379198e-02	0.0000000000000000e+00	3.7392936212949073e-03
1.8727382873899200e-02	0.0000000000000000e+00	3.7051635027533694e-03
1.8744836166419102e-02	0.0000000000000000e+00	3.6709121571878852e-03
1.8762289458938999e-02	0.0000000000000000e+00	3.6365405342980144e-03
1.8779742751459001e-02	0.0000000000000000e+00	3.6020495799455802e-03
1.8797196043978899e-02	0.0000000000000000e+00	3.5674402361185785e-03
1.8814649336498901e-02	0.0000000000000000e+00	3.5327134408944024e-03
1.8832102629018799e-02	0.0000000000000000e+00	3.4978701284068634e-03
1.8849555921538801e-02	0.0000000000000000e+00	3.4629112288073398e-03
1.8867009214058698e-02	0.0000000000000000e+00	3.4278376682326198e-03
1.8884462506578600e-02	0.0000000000000000e+00	3.3926503687684286e-03
1.8901915799098602e-02	0.0000000000000000e+00	3.3573502484140262e-03
1.8919369091618499e-02	0.0000000000000000e+00	3.3219382210510780e-03
1.8936822384138501e-02	0.0000000000000000e+00	3.2864151964057892e-03
1.8954275676658399e-02	0.0000000000000000e+00	3.2507820800172665e-03
1.8971728969178401e-02	0.0000000000000000e+00	3.2150397732039235e-03
1.8989182261698299e-02	0.0000000000000000e+00	3.1791891730290709e-03
1.9006635554218200e-02	0.0000000000000000e+00	3.1432311722682377e-03
1.9024088846738198e-02	0.0000000000000000e+00	3.1071666593778806e-03
1.9041542139258100e-02	0.0000000000000000e+00	3.0709965184608640e-03
1.9058995431778102e-02	0.0000000000000000e+00	3.0347216292352917e-03
1.9076448724297999e-02	0.0000000000000000e+00	2.9983428670026036e-03
1.9093902016818001e-02	0.0000000000000000e+00	2.9618611026150498e-03
1.9111355309337899e-02	0.0000000000000000e+00	2.9252772024450369e-03
1.9128808601857800e-02	0.0000000000000000e+00	2.8885920283546911e-03
1.9146261894377799e-02	0.0000000000000000e+00	2.8518064376626589e-03
1.9163715186897700e-02	0.0000000000000000e+00	2.8149212831163929e-03
1.9181168479417698e-02	0.0000000000000000e+00	2.7779374128598295e-03
1.9198621771937600e-02	0.0000000000000000e+00	2.7408556704044563e-03
1.9216075064457602e-02	0.0000000000000000e+00	2.7036768945984460e-03
1.9233528356977499e-02	0.0000000000000000e+00	2.6664019195987523e-03
1.9250981649497501e-02	0.0000000000000000e+00	2.6290315748401468e-03
1.9268434942017399e-02	0.0000000000000000e+00	2.5915666850094546e-03
1.9285888234537300e-02	0.0000000000000000e+00	2.5540080700110885e-03
1.9303341527057299e-02	0.0000000000000000e+00	2.5163565449459867e-03
1.9320794819577200e-02	0.0000000000000000e+00	2.4786129200787990e-03
1.9338248112097198e-02	0.0000000000000000e+00	2.4407780008102072e-03
1.9355701404617100e-02	0.0000000000000000e+00	2.4028525876532030e-03
1.9373154697137102e-02	0.0000000000000000e+00	2.3648374761999760e-03
1.9390607989656999e-02	0.0000000000000000e+00	2.3267334571030942e-03
1.9408061282176901e-02	0.0000000000000000e+00	2.2885413160398977e-03
1.9425514574696899e-02	0.0000000000000000e+00	2.2502618336924965e-03
1.9442967867216800e-02	0.0000000000000000e+00	2.2118957857201003e-03
1.9460421159736799e-02	0.0000000000000000e+00	2.1734439427322882e-03
1.9477874452256700e-02	0.0000000000000000e+00	2.1349070702657803e-03
1.9495327744776698e-02	0.0000000000000000e+00	2.0962859287560519e-03
1.9512781037296600e-02	0.0000000000000000e+00	2.0575812735170651e-03
1.9530234329816501e-02	0.0000000000000000e+00	2.0187938547115746e-03
1.9547687622336499e-02	0.0000000000000000e+00	1.9799244173304416e-03
1.9565140914856401e-02	0.0000000000000000e+00	1.9409737011681966e-03
1.9582594207376399e-02	0.0000000000000000e+00	1.9019424407990743e-03
1.9600047499896300e-02	0.0000000000000000e+00	1.8628313655524684e-03
1.9617500792416299e-02	0.0000000000000000e+00	1.8236411994915777e-03
1.9634954084936200e-02	0.0000000000000000e+00	1.7843726613914245e-03
1.9652407377456101e-02	0.0000000000000000e+00	1.7450264647129489e-03
1.9669860669976100e-02	0.0000000000000000e+00	1.7056033175843301e-03
1.9687313962496001e-02	0.0000000000000000e+00	1.6661039227777498e-03
1.9704767255015999e-02	0.0000000000000000e+00	1.6265289776882335e-03
1.9722220547535901e-02	0.0000000000000000e+00	1.5868791743121550e-03
1.9739673840055899e-02	0.0000000000000000e+00	1.5471551992257914e-03
1.9757127132575800e-02	0.0000000000000000e+00	1.5073577335670127e-03
1.9774580425095799e-02	0.0000000000000000e+00	1.4674874530114983e-03
1.9792033717615700e-02	0.0000000000000000e+00	1.4275450277551139e-03
1.9809487010135601e-02	0.0000000000000000e+00	1.3875311224951874e-03
1.9826940302655600e-02	0.0000000000000000e+00	1.3474463964062914e-03
1.9844393595175501e-02	0.0000000000000000e+00	1.3072915031285652e-03
1.9861846887695499e-02	0.0000000000000000e+00	1.2670670907415338e-03
1.9879300180215401e-02	0.0000000000000000e+00	1.2267738017504835e-03
1.9896753472735399e-02	0.0000000000000000e+00	1.1864122730665084e-03
1.9914206765255300e-02	0.0000000000000000e+00	1.1459831359892059e-03
1.9931660057775202e-02	0.0000000000000000e+00	1.1054870161885846e-03
1.9949113350295200e-02	0.0000000000000000e+00	1.0649245336880704e-03
1.9966566642815101e-02	0.0000000000000000e+00	1.0242963028470288e-03
1.9984019935335100e-02	0.0000000000000000e+00	9.8360293234629921e-04
2.0001473227855001e-02	0.0000000000000000e+00	9.4284502516791039e-04
2.0018926520374999e-02	0.0000000000000000e+00	9.0202317858371743e-04
2.0036379812894901e-02	0.0000000000000000e+00	8.6113798413614464e-04
2.0053833105414798e-02	0.0000000000000000e+00	8.2019002762394181e-04
2.0071286397934800e-02	0.0000000000000000e+00	7.7917988908814194e-04
2.0088739690454702e-02	0.0000000000000000e+00	7.3810814279449337e-04
2.0106192982974700e-02	0.0000000000000000e+00	6.9697535722290931e-04
2.0123646275494601e-02	0.0000000000000000e+00	6.5578209505016093e-04
2.0141099568014600e-02	0.0000000000000000e+00	6.1452891313675049e-04
2.0158552860534501e-02	0.0000000000000000e+00	5.7321636251424690e-04
2.0176006153054399e-02	0.0000000000000000e+00	5.3184498837092738e-04
2.0193459445574401e-02	0.0000000000000000e+00	4.9041533003993431e-04
2.0210912738094299e-02	0.0000000000000000e+00	4.4892792098535607e-04
2.0228366030614300e-02	0.0000000000000000e+00	4.0738328879107448e-04
2.0245819323134202e-02	0.0000000000000000e+00	3.6578195514802429e-04
2.0263272615654200e-02	0.0000000000000000e+00	3.2412443584279248e-04
2.0280725908174101e-02	0.0000000000000000e+00	2.8241124074599279e-04
2.0298179200694100e-02	0.0000000000000000e+00	2.4064287380161169e-04
2.0315632493214001e-02	0.0000000000000000e+00	1.9881983301570758e-04
2.0333085785733899e-02	0.0000000000000000e+00	1.5694261044552819e-04
2.0350539078253901e-02	0.0000000000000000e+00	1.1501169219045620e-04
2.0367992370773799e-02	0.0000000000000000e+00	7.3027558382258688e-05
2.0385445663293800e-02	0.0000000000000000e+00	3.0990683172683307e-05
2.0402898955813702e-02	0.0000000000000000e+00	-1.1098465271294837e-05
2.0420352248333700e-02	0.0000000000000000e+00	-5.3239424780577686e-05
2.0437805540853601e-02	0.0000000000000000e+00	-9.5431739189909981e-05
2.0455258833373499e-02	0.0000000000000000e+00	-1.3767495834726457e-04
2.0472712125893501e-02	0.0000000000000000e+00	-1.7996863812288705e-04
2.0490165418413399e-02	0.0000000000000000e+00	-2.2231234041444797e-04
2.0507618710933401e-02	0.0000000000000000e+00	-2.6470563315774402e-04
2.0525072003453299e-02	0.0000000000000000e+00	-3.0714809033044688e-04
2.0542525295973300e-02	0.0000000000000000e+00	-3.4963929196286654e-04
2.0559978588493202e-02	0.0000000000000000e+00	-3.9217882414073794e-04
2.0577431881013099e-02	0.0000000000000000e+00	-4.3476627901301100e-04
2.0594885173533101e-02	0.0000000000000000e+00	-4.7740125479877628e-04
2.0612338466052999e-02	0.0000000000000000e+00	-5.2008335579203306e-04
2.0629791758573001e-02	0.0000000000000000e+00	-5.6281219236674839e-04
2.0647245051092899e-02	0.0000000000000000e+00	-6.0558738098145438e-04
2.0664698343612901e-02	0.0000000000000000e+00	-6.4840854418608514e-04
2.0682151636132799e-02	0.0000000000000000e+00	-6.9127531062513248e-04
2.0699604928652700e-02	0.0000000000000000e+00	-7.3418731504064068e-04
2.0717058221172702e-02	0.0000000000000000e+00	-7.7714419827910116e-04
2.0734511513692599e-02	0.0000000000000000e+00	-8.2014560729098333e-04
2.0751964806212601e-02	0.0000000000000000e+00	-8.6319119513917990e-04
2.0769418098732499e-02	0.0000000000000000e+00	-9.0628062099633799e-04
2.0786871391252501e-02	0.0000000000000000e+00	-9.4941355015237762e-04
2.0804324683772399e-02	0.0000000000000000e+00	-9.9258965401418015e-04
2.0821777976292300e-02	0.0000000000000000e+00	-1.0358086101080648e-03
2.0839231268812299e-02	0.0000000000000000e+00	-1.0790701020826330e-03
2.0856684561332200e-02	0.0000000000000000e+00	-1.1223738197089972e-03
2.0874137853852202e-02	0.0000000000000000e+00	-1.1657194588843298e-03
2.0891591146372099e-02	0.0000000000000000e+00	-1.2091067216296028e-03
2.0909044438892101e-02	0.0000000000000000e+00	-1.2525353160930930e-03
2.0926497731411999e-02	0.0000000000000000e+00	-1.2960049565482199e-03
2.0943951023932001e-02	0.0000000000000000e+00	-1.3395153633970036e-03
