0.0000000000000000e+00	0.0000000000000000e+00	1.0132500000000000e+05
1.7453292519943300e-05	0.0000000000000000e+00	1.0134302692767346e+05
3.4906585039886600e-05	0.0000000000000000e+00	1.0135635189453434e+05
5.2359877559829903e-05	0.0000000000000000e+00	1.0135703956157946e+05
6.9813170079773199e-05	0.0000000000000000e+00	1.0133871958552772e+05
8.7266462599716496e-05	0.0000000000000000e+00	1.0130492883907554e+05
1.0471975511966000e-04	0.0000000000000000e+00	1.0127370550787747e+05
1.2217304763960301e-04	0.0000000000000000e+00	1.0126740468271566e+05
1.3962634015954599e-04	0.0000000000000000e+00	1.0130496816080884e+05
1.5707963267949001e-04	0.0000000000000000e+00	1.0139750605224709e+05
1.7453292519943299e-04	0.0000000000000000e+00	1.0152421351980607e+05
1.9198621771937600e-04	0.0000000000000000e+00	1.0164773759462713e+05
2.0943951023931999e-04	0.0000000000000000e+00	1.0174066004191530e+05
2.2689280275926300e-04	0.0000000000000000e+00	1.0178210796985333e+05
2.4434609527920601e-04	0.0000000000000000e+00	1.0176652324159005e+05
2.6179938779914903e-04	0.0000000000000000e+00	1.0170370045785476e+05
2.7925268031909301e-04	0.0000000000000000e+00	1.0161837230331535e+05
2.9670597283903603e-04	0.0000000000000000e+00	1.0154742704616516e+05
3.1415926535897898e-04	0.0000000000000000e+00	1.0152598439500158e+05
3.3161255787892303e-04	0.0000000000000000e+00	1.0155724595886153e+05
3.4906585039886598e-04	0.0000000000000000e+00	1.0160314510183135e+05
3.6651914291880900e-04	0.0000000000000000e+00	1.0162329277069779e+05
3.8397243543875201e-04	0.0000000000000000e+00	1.0159259725937077e+05
4.0142572795869599e-04	0.0000000000000000e+00	1.0149493640663852e+05
4.1887902047863901e-04	0.0000000000000000e+00	1.0132606789098415e+05
4.3633231299858202e-04	0.0000000000000000e+00	1.0111248963326628e+05
4.5378560551852601e-04	0.0000000000000000e+00	1.0093682895606455e+05
4.7123889803846902e-04	0.0000000000000000e+00	1.0088980891624768e+05
4.8869219055841203e-04	0.0000000000000000e+00	1.0102365228532751e+05
5.0614548307835602e-04	0.0000000000000000e+00	1.0131724162009676e+05
5.2359877559829903e-04	0.0000000000000000e+00	1.0167613854725991e+05
5.4105206811824204e-04	0.0000000000000000e+00	1.0200690776555448e+05
5.5850536063818505e-04	0.0000000000000000e+00	1.0219232723003328e+05
5.7595865315812904e-04	0.0000000000000000e+00	1.0214635831173204e+05
5.9341194567807205e-04	0.0000000000000000e+00	1.0191765469328605e+05
6.1086523819801496e-04	0.0000000000000000e+00	1.0160871986217551e+05
6.2831853071795905e-04	0.0000000000000000e+00	1.0123093273115838e+05
6.4577182323790196e-04	0.0000000000000000e+00	1.0086263147624680e+05
6.6322511575784497e-04	0.0000000000000000e+00	1.0064040203127958e+05
6.8067840827778798e-04	0.0000000000000000e+00	1.0065962363715572e+05
6.9813170079773197e-04	0.0000000000000000e+00	1.0088617775948727e+05
7.1558499331767498e-04	0.0000000000000000e+00	1.0521475282124450e+05
7.3303828583761799e-04	0.0000000000000000e+00	1.0899776355219218e+05
7.5049157835756198e-04	0.0000000000000000e+00	1.1070062583575914e+05
7.6794487087750499e-04	0.0000000000000000e+00	1.0927151392548725e+05
7.8539816339744800e-04	0.0000000000000000e+00	1.0586410281824558e+05
8.0285145591739199e-04	0.0000000000000000e+00	1.0225227732824594e+05
8.2030474843733500e-04	0.0000000000000000e+00	1.0011879664442464e+05
8.3775804095727801e-04	0.0000000000000000e+00	1.0072671722880902e+05
8.5521133347722102e-04	0.0000000000000000e+00	1.0327657962614755e+05
8.7266462599716501e-04	0.0000000000000000e+00	1.0592421654118344e+05
8.9011791851710802e-04	0.0000000000000000e+00	1.0785936646013567e+05
9.0757121103705104e-04	0.0000000000000000e+00	1.0840050986104937e+05
9.2502450355699502e-04	0.0000000000000000e+00	1.0666007124770743e+05
9.4247779607693804e-04	0.0000000000000000e+00	1.0382419800868937e+05
9.5993108859688105e-04	0.0000000000000000e+00	1.0157298257074312e+05
9.7738438111682406e-04	0.0000000000000000e+00	1.0025643608410332e+05
9.9483767363676805e-04	0.0000000000000000e+00	9.9904559147506458e+04
1.0122909661567101e-03	0.0000000000000000e+00	1.0061563857000764e+05
1.0297442586766500e-03	0.0000000000000000e+00	1.0219114452372100e+05
1.0471975511966000e-03	0.0000000000000000e+00	1.0371391590182134e+05
1.0646508437165401e-03	0.0000000000000000e+00	1.0339623395098098e+05
1.0821041362364800e-03	0.0000000000000000e+00	1.0108986477441079e+05
1.0995574287564300e-03	0.0000000000000000e+00	9.8602417646954462e+04
1.1170107212763701e-03	0.0000000000000000e+00	9.7861925748354173e+04
1.1344640137963100e-03	0.0000000000000000e+00	9.8959444240884972e+04
1.1519173063162600e-03	0.0000000000000000e+00	1.0100106721789924e+05
1.1693705988361999e-03	0.0000000000000000e+00	1.0227059396163539e+05
1.1868238913561400e-03	0.0000000000000000e+00	1.0193166507466402e+05
1.2042771838760900e-03	0.0000000000000000e+00	1.0190862062255312e+05
1.2217304763960299e-03	0.0000000000000000e+00	1.0288411994524251e+05
1.2391837689159700e-03	0.0000000000000000e+00	1.0329931757245505e+05
1.2566370614359201e-03	0.0000000000000000e+00	1.0109974139989664e+05
1.2740903539558599e-03	0.0000000000000000e+00	9.8396806663526731e+04
1.2915436464758000e-03	0.0000000000000000e+00	9.8480370175716656e+04
1.3089969389957501e-03	0.0000000000000000e+00	9.9874651051629087e+04
1.3264502315156899e-03	0.0000000000000000e+00	1.0013871699232516e+05
1.3439035240356300e-03	0.0000000000000000e+00	1.0019447262223710e+05
1.3613568165555801e-03	0.0000000000000000e+00	1.0055416820100737e+05
1.3788101090755199e-03	0.0000000000000000e+00	9.9592171117789767e+04
1.3962634015954600e-03	0.0000000000000000e+00	9.6406908926880147e+04
1.4137166941154101e-03	0.0000000000000000e+00	1.3499347994089226e+05
1.4311699866353500e-03	0.0000000000000000e+00	1.9446423597065153e+05
1.4486232791552900e-03	0.0000000000000000e+00	2.8899871106407879e+05
1.4660765716752401e-03	0.0000000000000000e+00	3.3920270441646123e+05
1.4835298641951800e-03	0.0000000000000000e+00	3.3920270441646123e+05
1.5009831567151201e-03	0.0000000000000000e+00	2.5628600663550748e+05
1.5184364492350699e-03	0.0000000000000000e+00	3.9691230020085961e+04
1.5358897417550100e-03	0.0000000000000000e+00	3.9691230020085961e+04
1.5533430342749501e-03	0.0000000000000000e+00	3.9691230020085961e+04
1.5707963267948999e-03	0.0000000000000000e+00	3.9691230020085961e+04
1.5882496193148400e-03	0.0000000000000000e+00	3.9691230020085961e+04
1.6057029118347801e-03	0.0000000000000000e+00	3.9691230020085961e+04
1.6231562043547299e-03	0.0000000000000000e+00	3.9691230020085961e+04
1.6406094968746700e-03	0.0000000000000000e+00	3.9691230020085961e+04
1.6580627893946101e-03	0.0000000000000000e+00	3.9691230020085961e+04
1.6755160819145599e-03	0.0000000000000000e+00	8.0877825298466472e+04
1.6929693744345000e-03	0.0000000000000000e+00	2.1631997918346169e+05
1.7104226669544401e-03	0.0000000000000000e+00	7.4641822983222271e+04
1.7278759594743899e-03	0.0000000000000000e+00	3.9691230020085961e+04
1.7453292519943300e-03	0.0000000000000000e+00	3.9691230020085961e+04
1.7627825445142699e-03	0.0000000000000000e+00	3.9691230020085961e+04
1.7802358370342200e-03	0.0000000000000000e+00	3.9691230020085961e+04
1.7976891295541600e-03	0.0000000000000000e+00	3.9691230020085961e+04
1.8151424220740999e-03	0.0000000000000000e+00	3.9691230020085961e+04
1.8325957145940500e-03	0.0000000000000000e+00	3.9691230020085961e+04
1.8500490071139900e-03	0.0000000000000000e+00	3.9691230020085961e+04
1.8675022996339299e-03	0.0000000000000000e+00	3.9691230020085961e+04
1.8849555921538800e-03	0.0000000000000000e+00	3.9691230020085961e+04
1.9024088846738201e-03	0.0000000000000000e+00	3.9691230020085961e+04
1.9198621771937599e-03	0.0000000000000000e+00	3.9691230020085961e+04
1.9373154697137100e-03	0.0000000000000000e+00	3.9691230020085961e+04
1.9547687622336499e-03	0.0000000000000000e+00	3.9691230020085961e+04
1.9722220547535902e-03	0.0000000000000000e+00	3.9691230020085961e+04
1.9896753472735400e-03	0.0000000000000000e+00	3.9691230020085961e+04
2.0071286397934799e-03	0.0000000000000000e+00	3.9691230020085961e+04
2.0245819323134202e-03	0.0000000000000000e+00	3.9691230020085961e+04
2.0420352248333700e-03	0.0000000000000000e+00	3.9691230020085961e+04
2.0594885173533099e-03	0.0000000000000000e+00	3.9691230020085961e+04
2.0769418098732502e-03	0.0000000000000000e+00	3.9691230020085961e+04
2.0943951023932000e-03	0.0000000000000000e+00	3.9691230020778537e+04
2.1118483949131399e-03	0.0000000000000000e+00	3.3920270441646123e+05
2.1293016874330802e-03	0.0000000000000000e+00	3.3920270441646123e+05
2.1467549799530201e-03	0.0000000000000000e+00	3.3920270441646123e+05
2.1642082724729699e-03	0.0000000000000000e+00	3.9691230020085961e+04
2.1816615649929102e-03	0.0000000000000000e+00	3.9691230020085961e+04
2.1991148575128501e-03	0.0000000000000000e+00	3.9691230020085961e+04
2.2165681500327999e-03	0.0000000000000000e+00	3.9691230020085961e+04
2.2340214425527402e-03	0.0000000000000000e+00	3.9691230020085961e+04
2.2514747350726801e-03	0.0000000000000000e+00	3.9691230020085961e+04
2.2689280275926299e-03	0.0000000000000000e+00	3.9691230020085961e+04
2.2863813201125698e-03	0.0000000000000000e+00	3.3920270441646123e+05
2.3038346126325101e-03	0.0000000000000000e+00	3.3920270441646123e+05
2.3212879051524599e-03	0.0000000000000000e+00	3.3920270441646123e+05
2.3387411976723998e-03	0.0000000000000000e+00	3.3920270441646123e+05
2.3561944901923401e-03	0.0000000000000000e+00	3.3920270441646123e+05
2.3736477827122899e-03	0.0000000000000000e+00	3.3920270441646123e+05
2.3911010752322298e-03	0.0000000000000000e+00	3.3920270441646123e+05
2.4085543677521701e-03	0.0000000000000000e+00	3.3920270441646123e+05
2.4260076602721200e-03	0.0000000000000000e+00	3.3920270441646123e+05
2.4434609527920598e-03	0.0000000000000000e+00	3.3920270441646123e+05
2.4609142453120001e-03	0.0000000000000000e+00	3.3920270441646123e+05
2.4783675378319500e-03	0.0000000000000000e+00	3.3920270441646123e+05
2.4958208303518898e-03	0.0000000000000000e+00	3.3920270441646123e+05
2.5132741228718301e-03	0.0000000000000000e+00	3.3920270441646123e+05
2.5307274153917800e-03	0.0000000000000000e+00	3.3920270441646123e+05
2.5481807079117198e-03	0.0000000000000000e+00	3.3920270441646123e+05
2.5656340004316601e-03	0.0000000000000000e+00	3.3920270441646123e+05
2.5830872929516100e-03	0.0000000000000000e+00	3.3920270441646123e+05
2.6005405854715499e-03	0.0000000000000000e+00	3.3920270441646123e+05
2.6179938779914902e-03	0.0000000000000000e+00	3.3920270441646123e+05
2.6354471705114400e-03	0.0000000000000000e+00	3.3920270441646123e+05
2.6529004630313799e-03	0.0000000000000000e+00	3.3920270441646123e+05
2.6703537555513202e-03	0.0000000000000000e+00	3.3920270441646123e+05
2.6878070480712700e-03	0.0000000000000000e+00	3.3920270441646123e+05
2.7052603405912099e-03	0.0000000000000000e+00	3.3920270441646123e+05
2.7227136331111502e-03	0.0000000000000000e+00	3.3920270441646123e+05
2.7401669256311000e-03	0.0000000000000000e+00	3.3920270441646123e+05
2.7576202181510399e-03	0.0000000000000000e+00	3.3920270441646123e+05
2.7750735106709802e-03	0.0000000000000000e+00	3.3920270441646123e+05
2.7925268031909300e-03	0.0000000000000000e+00	3.3920270441646123e+05
2.8099800957108699e-03	0.0000000000000000e+00	3.3920270441646123e+05
2.8274333882308102e-03	0.0000000000000000e+00	3.3920270441646123e+05
2.8448866807507600e-03	0.0000000000000000e+00	3.3920270441646123e+05
2.8623399732706999e-03	0.0000000000000000e+00	3.3920270441646123e+05
2.8797932657906402e-03	0.0000000000000000e+00	3.3920270441646123e+05
2.8972465583105901e-03	0.0000000000000000e+00	3.3920270441646123e+05
2.9146998508305299e-03	0.0000000000000000e+00	3.3920270441646123e+05
2.9321531433504698e-03	0.0000000000000000e+00	3.3920270441646123e+05
2.9496064358704201e-03	0.0000000000000000e+00	3.3920270441646123e+05
2.9670597283903599e-03	0.0000000000000000e+00	3.3920270441646123e+05
2.9845130209102998e-03	0.0000000000000000e+00	3.3920270441646123e+05
3.0019663134302501e-03	0.0000000000000000e+00	3.3920270441646123e+05
3.0194196059501899e-03	0.0000000000000000e+00	3.3920270441646123e+05
3.0368728984701298e-03	0.0000000000000000e+00	3.3920270441646123e+05
3.0543261909900801e-03	0.0000000000000000e+00	3.3920270441646123e+05
3.0717794835100200e-03	0.0000000000000000e+00	3.3920270441646123e+05
3.0892327760299598e-03	0.0000000000000000e+00	3.3920270441646123e+05
3.1066860685499101e-03	0.0000000000000000e+00	3.3920270441646123e+05
3.1241393610698500e-03	0.0000000000000000e+00	3.3920270441646123e+05
3.1415926535897898e-03	0.0000000000000000e+00	3.3920270441646123e+05
3.1590459461097401e-03	0.0000000000000000e+00	3.3920270441646123e+05
3.1764992386296800e-03	0.0000000000000000e+00	3.3920270441646123e+05
3.1939525311496198e-03	0.0000000000000000e+00	3.3920270441646123e+05
3.2114058236695701e-03	0.0000000000000000e+00	3.3920270441646123e+05
3.2288591161895100e-03	0.0000000000000000e+00	3.3920270441646123e+05
3.2463124087094499e-03	0.0000000000000000e+00	3.3920270441646123e+05
3.2637657012294001e-03	0.0000000000000000e+00	3.3920270441646123e+05
3.2812189937493400e-03	0.0000000000000000e+00	3.3920270441646123e+05
3.2986722862692799e-03	0.0000000000000000e+00	3.3920270441646123e+05
3.3161255787892301e-03	0.0000000000000000e+00	3.3920270441646123e+05
3.3335788713091700e-03	0.0000000000000000e+00	3.3920270441646123e+05
3.3510321638291099e-03	0.0000000000000000e+00	3.3920270441646123e+05
3.3684854563490602e-03	0.0000000000000000e+00	3.3920270441646123e+05
3.3859387488690000e-03	0.0000000000000000e+00	3.3920270441646123e+05
3.4033920413889399e-03	0.0000000000000000e+00	3.3920270441646123e+05
3.4208453339088902e-03	0.0000000000000000e+00	3.3920270441646123e+05
3.4382986264288300e-03	0.0000000000000000e+00	3.3920270441646123e+05
3.4557519189487699e-03	0.0000000000000000e+00	3.3920270441646123e+05
3.4732052114687202e-03	0.0000000000000000e+00	3.3920270441646123e+05
3.4906585039886600e-03	0.0000000000000000e+00	3.3920270441646123e+05
3.5081117965085999e-03	0.0000000000000000e+00	3.3920270441646123e+05
3.5255650890285502e-03	0.0000000000000000e+00	3.3740381204482907e+05
3.5430183815484901e-03	0.0000000000000000e+00	3.3419171281537798e+05
3.5604716740684299e-03	0.0000000000000000e+00	3.3201713276099780e+05
3.5779249665883698e-03	0.0000000000000000e+00	3.3256163547558099e+05
3.5953782591083201e-03	0.0000000000000000e+00	3.3585507313433971e+05
3.6128315516282599e-03	0.0000000000000000e+00	3.3920270441646123e+05
3.6302848441482102e-03	0.0000000000000000e+00	3.3920270441646123e+05
3.6477381366681501e-03	0.0000000000000000e+00	3.3920270441646123e+05
3.6651914291880900e-03	0.0000000000000000e+00	3.3920270441646123e+05
3.6826447217080398e-03	0.0000000000000000e+00	3.3920270441646123e+05
3.7000980142279801e-03	0.0000000000000000e+00	3.3920270441646123e+05
3.7175513067479200e-03	0.0000000000000000e+00	3.3808471269866620e+05
3.7350045992678598e-03	0.0000000000000000e+00	3.3664745617302146e+05
3.7524578917878101e-03	0.0000000000000000e+00	3.3617578096425434e+05
3.7699111843077500e-03	0.0000000000000000e+00	3.3920270441646123e+05
3.7873644768276998e-03	0.0000000000000000e+00	3.3920270441646123e+05
3.8048177693476401e-03	0.0000000000000000e+00	3.3920270441646123e+05
3.8222710618675800e-03	0.0000000000000000e+00	3.3920270441646123e+05
3.8397243543875199e-03	0.0000000000000000e+00	3.3920270441646123e+05
3.8571776469074701e-03	0.0000000000000000e+00	3.3920270441646123e+05
3.8746309394274100e-03	0.0000000000000000e+00	3.3920270441646123e+05
3.8920842319473499e-03	0.0000000000000000e+00	3.3920270441646123e+05
3.9095375244672997e-03	0.0000000000000000e+00	3.3920270441646123e+05
3.9269908169872400e-03	0.0000000000000000e+00	3.3202479541321105e+05
3.9444441095071803e-03	0.0000000000000000e+00	3.2708527402183891e+05
3.9618974020271302e-03	0.0000000000000000e+00	3.3614517220755969e+05
3.9793506945470696e-03	0.0000000000000000e+00	3.3920270441646123e+05
3.9968039870670099e-03	0.0000000000000000e+00	3.3920270441646123e+05
4.0142572795869597e-03	0.0000000000000000e+00	3.3920270441646123e+05
4.0317105721069000e-03	0.0000000000000000e+00	3.3920270441646123e+05
4.0491638646268403e-03	0.0000000000000000e+00	3.3920270441646123e+05
4.0666171571467902e-03	0.0000000000000000e+00	3.3920270441646123e+05
4.0840704496667296e-03	0.0000000000000000e+00	3.3920270441646123e+05
4.1015237421866699e-03	0.0000000000000000e+00	3.3920270441646123e+05
4.1189770347066198e-03	0.0000000000000000e+00	3.1909892531367333e+05
4.1364303272265601e-03	0.0000000000000000e+00	2.8071008349924226e+05
4.1538836197465004e-03	0.0000000000000000e+00	2.6151834728765549e+05
4.1713369122664502e-03	0.0000000000000000e+00	2.5592444019064927e+05
4.1887902047863896e-03	0.0000000000000000e+00	2.6176012552929696e+05
4.2062434973063299e-03	0.0000000000000000e+00	2.4306442032945473e+05
4.2236967898262798e-03	0.0000000000000000e+00	2.2600171842254017e+05
4.2411500823462201e-03	0.0000000000000000e+00	2.1051223852810610e+05
4.2586033748661604e-03	0.0000000000000000e+00	2.0049053512660880e+05
4.2760566673861102e-03	0.0000000000000000e+00	2.1454006955086003e+05
4.2935099599060497e-03	0.0000000000000000e+00	1.8313285668719883e+05
4.3109632524259900e-03	0.0000000000000000e+00	1.6032738033205972e+05
4.3284165449459398e-03	0.0000000000000000e+00	1.4965792656857829e+05
4.3458698374658801e-03	0.0000000000000000e+00	1.4022543232628633e+05
4.3633231299858204e-03	0.0000000000000000e+00	1.3153487428104572e+05
4.3807764225057702e-03	0.0000000000000000e+00	1.2350373844840184e+05
4.3982297150257097e-03	0.0000000000000000e+00	1.1607244601484110e+05
4.4156830075456500e-03	0.0000000000000000e+00	1.0919176876626049e+05
4.4331363000655998e-03	0.0000000000000000e+00	1.0285987158791580e+05
4.4505895925855401e-03	0.0000000000000000e+00	1.0307731062684109e+05
4.4680428851054804e-03	0.0000000000000000e+00	3.3920270441646123e+05
4.4854961776254303e-03	0.0000000000000000e+00	3.3920270441646123e+05
4.5029494701453697e-03	0.0000000000000000e+00	3.3920270441646123e+05
4.5204027626653100e-03	0.0000000000000000e+00	3.3920270441646123e+05
4.5378560551852598e-03	0.0000000000000000e+00	2.2989866878962718e+05
4.5553093477052001e-03	0.0000000000000000e+00	1.0998170552914107e+05
4.5727626402251396e-03	0.0000000000000000e+00	3.3920270441646123e+05
4.5902159327450903e-03	0.0000000000000000e+00	3.3920270441646123e+05
4.6076692252650297e-03	0.0000000000000000e+00	3.3920270441646123e+05
4.6251225177849700e-03	0.0000000000000000e+00	3.3920270441646123e+05
4.6425758103049199e-03	0.0000000000000000e+00	3.3920270441646123e+05
4.6600291028248602e-03	0.0000000000000000e+00	3.3920270441646123e+05
4.6774823953447996e-03	0.0000000000000000e+00	3.3920270441646123e+05
4.6949356878647503e-03	0.0000000000000000e+00	3.3920270441646123e+05
4.7123889803846897e-03	0.0000000000000000e+00	3.3920270441646123e+05
4.7298422729046300e-03	0.0000000000000000e+00	3.3920270441646123e+05
4.7472955654245799e-03	0.0000000000000000e+00	3.3920270441646123e+05
4.7647488579445202e-03	0.0000000000000000e+00	3.3920270441646123e+05
4.7822021504644596e-03	0.0000000000000000e+00	3.3920270441646123e+05
4.7996554429844103e-03	0.0000000000000000e+00	3.3920270441646123e+05
4.8171087355043498e-03	0.0000000000000000e+00	3.9691230020085961e+04
4.8345620280242901e-03	0.0000000000000000e+00	3.9691230020085961e+04
4.8520153205442399e-03	0.0000000000000000e+00	3.9691230020085961e+04
4.8694686130641802e-03	0.0000000000000000e+00	1.1079155960494091e+05
4.8869219055841196e-03	0.0000000000000000e+00	3.3920270441644103e+05
4.9043751981040704e-03	0.0000000000000000e+00	3.3920270441646123e+05
4.9218284906240098e-03	0.0000000000000000e+00	3.3920270441646123e+05
4.9392817831439501e-03	0.0000000000000000e+00	2.4684476686576614e+05
4.9567350756638999e-03	0.0000000000000000e+00	1.3208765670137858e+05
4.9741883681838402e-03	0.0000000000000000e+00	1.6952649338279013e+05
4.9916416607037797e-03	0.0000000000000000e+00	4.2088513668257961e+04
5.0090949532237304e-03	0.0000000000000000e+00	3.9691230020085961e+04
5.0265482457436698e-03	0.0000000000000000e+00	3.9691230020085961e+04
5.0440015382636101e-03	0.0000000000000000e+00	3.9691230020085961e+04
5.0614548307835600e-03	0.0000000000000000e+00	3.9691230020085961e+04
5.0789081233035003e-03	0.0000000000000000e+00	3.9691230020085961e+04
5.0963614158234397e-03	0.0000000000000000e+00	3.9691230020085961e+04
5.1138147083433904e-03	0.0000000000000000e+00	3.9691230020085961e+04
5.1312680008633298e-03	0.0000000000000000e+00	3.9691230020085961e+04
5.1487212933832701e-03	0.0000000000000000e+00	3.9691230020085961e+04
5.1661745859032200e-03	0.0000000000000000e+00	3.9691230020085961e+04
5.1836278784231603e-03	0.0000000000000000e+00	3.9691230020085961e+04
5.2010811709430997e-03	0.0000000000000000e+00	3.9691230020085961e+04
5.2185344634630504e-03	0.0000000000000000e+00	3.9691230020085961e+04
5.2359877559829899e-03	0.0000000000000000e+00	3.9691230020085961e+04
5.2534410485029302e-03	0.0000000000000000e+00	3.9691230020085961e+04
5.2708943410228696e-03	0.0000000000000000e+00	3.9691230020085961e+04
5.2883476335428203e-03	0.0000000000000000e+00	3.9691230020085961e+04
5.3058009260627597e-03	0.0000000000000000e+00	3.9691230020085961e+04
5.3232542185827000e-03	0.0000000000000000e+00	3.9691230020085961e+04
5.3407075111026499e-03	0.0000000000000000e+00	3.9691230020085961e+04
5.3581608036225902e-03	0.0000000000000000e+00	3.9691230020085961e+04
5.3756140961425296e-03	0.0000000000000000e+00	3.9691230020085961e+04
5.3930673886624803e-03	0.0000000000000000e+00	3.9691230020085961e+04
5.4105206811824198e-03	0.0000000000000000e+00	3.9691230020085961e+04
5.4279739737023601e-03	0.0000000000000000e+00	3.9691230020085961e+04
5.4454272662223099e-03	0.0000000000000000e+00	3.9691230020085961e+04
5.4628805587422502e-03	0.0000000000000000e+00	3.9691230020085961e+04
5.4803338512621896e-03	0.0000000000000000e+00	3.9691230020085961e+04
5.4977871437821403e-03	0.0000000000000000e+00	3.9691230020085961e+04
5.5152404363020798e-03	0.0000000000000000e+00	3.9691230020085961e+04
5.5326937288220201e-03	0.0000000000000000e+00	3.9691230020085961e+04
5.5501470213419699e-03	0.0000000000000000e+00	3.9691230020085961e+04
5.5676003138619102e-03	0.0000000000000000e+00	3.9691230020085961e+04
5.5850536063818497e-03	0.0000000000000000e+00	3.9691230020085961e+04
5.6025068989018004e-03	0.0000000000000000e+00	5.7162262908144257e+04
5.6199601914217398e-03	0.0000000000000000e+00	8.5231916440730667e+04
5.6374134839416801e-03	0.0000000000000000e+00	1.3254029955620467e+05
5.6548667764616299e-03	0.0000000000000000e+00	2.1709157942910251e+05
5.6723200689815702e-03	0.0000000000000000e+00	3.3920270441646123e+05
5.6897733615015097e-03	0.0000000000000000e+00	3.3920270441646123e+05
5.7072266540214604e-03	0.0000000000000000e+00	3.3920270441646123e+05
5.7246799465413998e-03	0.0000000000000000e+00	3.3920270441646123e+05
5.7421332390613401e-03	0.0000000000000000e+00	3.3920270441646123e+05
5.7595865315812900e-03	0.0000000000000000e+00	3.3920270441646123e+05
5.7770398241012303e-03	0.0000000000000000e+00	3.3920270441646123e+05
5.7944931166211697e-03	0.0000000000000000e+00	3.3920270441646123e+05
5.8119464091411204e-03	0.0000000000000000e+00	3.3920270441646123e+05
5.8293997016610598e-03	0.0000000000000000e+00	3.3920270441646123e+05
5.8468529941810002e-03	0.0000000000000000e+00	3.3920270441646123e+05
5.8643062867009500e-03	0.0000000000000000e+00	3.3920270441646123e+05
5.8817595792208903e-03	0.0000000000000000e+00	3.3920270441646123e+05
5.8992128717408297e-03	0.0000000000000000e+00	3.3920270441646123e+05
5.9166661642607796e-03	0.0000000000000000e+00	3.3920270441646123e+05
5.9341194567807199e-03	0.0000000000000000e+00	3.3920270441646123e+05
5.9515727493006602e-03	0.0000000000000000e+00	3.3920270441646123e+05
5.9690260418206100e-03	0.0000000000000000e+00	3.3920270441646123e+05
5.9864793343405503e-03	0.0000000000000000e+00	3.3920270441646123e+05
6.0039326268604898e-03	0.0000000000000000e+00	3.3920270441646123e+05
6.0213859193804396e-03	0.0000000000000000e+00	3.3920270441646123e+05
6.0388392119003799e-03	0.0000000000000000e+00	3.3920270441646123e+05
6.0562925044203202e-03	0.0000000000000000e+00	3.3920270441646123e+05
6.0737457969402700e-03	0.0000000000000000e+00	3.3920270441646123e+05
6.0911990894602103e-03	0.0000000000000000e+00	3.3920270441646123e+05
6.1086523819801498e-03	0.0000000000000000e+00	3.3920270441646123e+05
6.1261056745000996e-03	0.0000000000000000e+00	3.3920270441646123e+05
6.1435589670200399e-03	0.0000000000000000e+00	3.3920270441646123e+05
6.1610122595399802e-03	0.0000000000000000e+00	3.3920270441646123e+05
6.1784655520599301e-03	0.0000000000000000e+00	3.3920270441646123e+05
6.1959188445798704e-03	0.0000000000000000e+00	3.3920270441646123e+05
6.2133721370998098e-03	0.0000000000000000e+00	3.3920270441646123e+05
6.2308254296197596e-03	0.0000000000000000e+00	3.3920270441646123e+05
6.2482787221396999e-03	0.0000000000000000e+00	3.3920270441646123e+05
6.2657320146596402e-03	0.0000000000000000e+00	3.3920270441646123e+05
6.2831853071795901e-03	0.0000000000000000e+00	3.3920270441646123e+05
6.3006385996995304e-03	0.0000000000000000e+00	3.3920270441646123e+05
6.3180918922194698e-03	0.0000000000000000e+00	3.3920270441646123e+05
6.3355451847394197e-03	0.0000000000000000e+00	3.3920270441646123e+05
6.3529984772593600e-03	0.0000000000000000e+00	3.3920270441646123e+05
6.3704517697793003e-03	0.0000000000000000e+00	3.3920270441646123e+05
6.3879050622992501e-03	0.0000000000000000e+00	3.3920270441646123e+05
6.4053583548191904e-03	0.0000000000000000e+00	3.3920270441646123e+05
6.4228116473391298e-03	0.0000000000000000e+00	3.3920270441646123e+05
6.4402649398590797e-03	0.0000000000000000e+00	3.3920270441646123e+05
6.4577182323790200e-03	0.0000000000000000e+00	3.3920270441646123e+05
6.4751715248989603e-03	0.0000000000000000e+00	3.3920270441646123e+05
6.4926248174188997e-03	0.0000000000000000e+00	3.3920270441646123e+05
6.5100781099388504e-03	0.0000000000000000e+00	3.3920270441646123e+05
6.5275314024587899e-03	0.0000000000000000e+00	3.3920270441646123e+05
6.5449846949787302e-03	0.0000000000000000e+00	3.3920270441646123e+05
6.5624379874986800e-03	0.0000000000000000e+00	3.3920270441646123e+05
6.5798912800186203e-03	0.0000000000000000e+00	3.3920270441646123e+05
6.5973445725385597e-03	0.0000000000000000e+00	3.3920270441646123e+05
6.6147978650585096e-03	0.0000000000000000e+00	3.3920270441646123e+05
6.6322511575784499e-03	0.0000000000000000e+00	3.3920270441646123e+05
6.6497044500983902e-03	0.0000000000000000e+00	3.3920270441646123e+05
6.6671577426183400e-03	0.0000000000000000e+00	3.3920270441646123e+05
6.6846110351382803e-03	0.0000000000000000e+00	3.3920270441646123e+05
6.7020643276582198e-03	0.0000000000000000e+00	3.3920270441646123e+05
6.7195176201781696e-03	0.0000000000000000e+00	3.3920270441646123e+05
6.7369709126981099e-03	0.0000000000000000e+00	3.3920270441646123e+05
6.7544242052180502e-03	0.0000000000000000e+00	3.3920270441646123e+05
6.7718774977380001e-03	0.0000000000000000e+00	3.3920270441646123e+05
6.7893307902579404e-03	0.0000000000000000e+00	3.3920270441646123e+05
6.8067840827778798e-03	0.0000000000000000e+00	3.3920270441646123e+05
6.8242373752978296e-03	0.0000000000000000e+00	3.3920270441646123e+05
6.8416906678177699e-03	0.0000000000000000e+00	3.3920270441646123e+05
6.8591439603377102e-03	0.0000000000000000e+00	3.3920270441646123e+05
6.8765972528576601e-03	0.0000000000000000e+00	3.3920270441646123e+05
6.8940505453776004e-03	0.0000000000000000e+00	3.3920270441646123e+05
6.9115038378975398e-03	0.0000000000000000e+00	3.3920270441646123e+05
6.9289571304174897e-03	0.0000000000000000e+00	3.3920270441646123e+05
6.9464104229374300e-03	0.0000000000000000e+00	3.3920270441646123e+05
6.9638637154573703e-03	0.0000000000000000e+00	3.3920270441646123e+05
6.9813170079773201e-03	0.0000000000000000e+00	3.3920270441646123e+05
6.9987703004972604e-03	0.0000000000000000e+00	3.3920270441646123e+05
7.0162235930171998e-03	0.0000000000000000e+00	3.3920270441646123e+05
7.0336768855371497e-03	0.0000000000000000e+00	3.3920270441646123e+05
7.0511301780570900e-03	0.0000000000000000e+00	3.3920270441646123e+05
7.0685834705770303e-03	0.0000000000000000e+00	3.3920270441646123e+05
7.0860367630969801e-03	0.0000000000000000e+00	3.3920270441646123e+05
7.1034900556169204e-03	0.0000000000000000e+00	3.3920270441646123e+05
7.1209433481368599e-03	0.0000000000000000e+00	3.3910092803829978e+05
7.1383966406568097e-03	0.0000000000000000e+00	3.3897228015477810e+05
7.1558499331767500e-03	0.0000000000000000e+00	3.3884346331218589e+05
7.1733032256966903e-03	0.0000000000000000e+00	3.3877970218521904e+05
7.1907565182166401e-03	0.0000000000000000e+00	3.3875594700680894e+05
7.2082098107365796e-03	0.0000000000000000e+00	3.3859867363087123e+05
7.2256631032565199e-03	0.0000000000000000e+00	3.3826335244033474e+05
7.2431163957764697e-03	0.0000000000000000e+00	3.3789445462376956e+05
7.2605696882964100e-03	0.0000000000000000e+00	3.3745075101724843e+05
7.2780229808163503e-03	0.0000000000000000e+00	3.3684514814625843e+05
7.2954762733363002e-03	0.0000000000000000e+00	3.3616401921407116e+05
7.3129295658562396e-03	0.0000000000000000e+00	3.3563930657965591e+05
7.3303828583761799e-03	0.0000000000000000e+00	3.3541255756741186e+05
7.3478361508961297e-03	0.0000000000000000e+00	3.3540568359717901e+05
7.3652894434160700e-03	0.0000000000000000e+00	3.3549521342473454e+05
7.3827427359360103e-03	0.0000000000000000e+00	3.3569515167643479e+05
7.4001960284559602e-03	0.0000000000000000e+00	3.3605382584703446e+05
7.4176493209758996e-03	0.0000000000000000e+00	3.3668029510964017e+05
7.4351026134958399e-03	0.0000000000000000e+00	3.3766372963989596e+05
7.4525559060157898e-03	0.0000000000000000e+00	3.3873269250849774e+05
7.4700091985357301e-03	0.0000000000000000e+00	3.3920270441646123e+05
7.4874624910556704e-03	0.0000000000000000e+00	3.3920270441646123e+05
7.5049157835756202e-03	0.0000000000000000e+00	3.3920270441646123e+05
7.5223690760955596e-03	0.0000000000000000e+00	3.3920270441646123e+05
7.5398223686154999e-03	0.0000000000000000e+00	3.3920270441646123e+05
7.5572756611354498e-03	0.0000000000000000e+00	3.3911147774682118e+05
7.5747289536553901e-03	0.0000000000000000e+00	3.3787373034274322e+05
7.5921822461753304e-03	0.0000000000000000e+00	3.3662837393062009e+05
7.6096355386952802e-03	0.0000000000000000e+00	3.3546525297600764e+05
7.6270888312152197e-03	0.0000000000000000e+00	3.3471097095466894e+05
7.6445421237351600e-03	0.0000000000000000e+00	3.3457745011714520e+05
7.6619954162551098e-03	0.0000000000000000e+00	3.3504449019578239e+05
7.6794487087750501e-03	0.0000000000000000e+00	3.3579417810737237e+05
7.6969020012949904e-03	0.0000000000000000e+00	3.3574751007244427e+05
7.7143552938149403e-03	0.0000000000000000e+00	3.3555786213260976e+05
7.7318085863348797e-03	0.0000000000000000e+00	3.3534936074947199e+05
7.7492618788548200e-03	0.0000000000000000e+00	3.3531474319915741e+05
7.7667151713747698e-03	0.0000000000000000e+00	3.3554626260955702e+05
7.7841684638947101e-03	0.0000000000000000e+00	3.3604592647457344e+05
7.8016217564146496e-03	0.0000000000000000e+00	3.3696388762249512e+05
7.8190750489345994e-03	0.0000000000000000e+00	3.3841745155833202e+05
7.8365283414545406e-03	0.0000000000000000e+00	3.3920270441646123e+05
7.8539816339744800e-03	0.0000000000000000e+00	3.3920270441646123e+05
7.8714349264944194e-03	0.0000000000000000e+00	3.3920270441646123e+05
7.8888882190143693e-03	0.0000000000000000e+00	3.3920270441646123e+05
7.9063415115343105e-03	0.0000000000000000e+00	3.3920270441646123e+05
7.9237948040542603e-03	0.0000000000000000e+00	3.3920270441646123e+05
7.9412480965741997e-03	0.0000000000000000e+00	3.3920270441646123e+05
7.9587013890941392e-03	0.0000000000000000e+00	3.3920270441646123e+05
7.9761546816140907e-03	0.0000000000000000e+00	3.3920270441646123e+05
7.9936079741340302e-03	0.0000000000000000e+00	3.3920270441646123e+05
8.0110612666539696e-03	0.0000000000000000e+00	3.3920270441646123e+05
8.0285145591739195e-03	0.0000000000000000e+00	3.3920270441646123e+05
8.0459678516938606e-03	0.0000000000000000e+00	3.3920270441646123e+05
8.0634211442138001e-03	0.0000000000000000e+00	3.3920270441646123e+05
8.0808744367337395e-03	0.0000000000000000e+00	3.3920270441646123e+05
8.0983277292536893e-03	0.0000000000000000e+00	3.3920270441646123e+05
8.1157810217736305e-03	0.0000000000000000e+00	3.3920270441646123e+05
8.1332343142935803e-03	0.0000000000000000e+00	3.3920270441646123e+05
8.1506876068135198e-03	0.0000000000000000e+00	3.3920270441646123e+05
8.1681408993334592e-03	0.0000000000000000e+00	3.3920270441646123e+05
8.1855941918534108e-03	0.0000000000000000e+00	3.3920270441646123e+05
8.2030474843733502e-03	0.0000000000000000e+00	3.3920270441646123e+05
8.2205007768932897e-03	0.0000000000000000e+00	3.3920270441646123e+05
8.2379540694132308e-03	0.0000000000000000e+00	3.3920270441646123e+05
8.2554073619331807e-03	0.0000000000000000e+00	3.3920270441646123e+05
8.2728606544531201e-03	0.0000000000000000e+00	3.3920270441646123e+05
8.2903139469730595e-03	0.0000000000000000e+00	3.3920270441646123e+05
8.3077672394930094e-03	0.0000000000000000e+00	3.3920270441646123e+05
8.3252205320129506e-03	0.0000000000000000e+00	3.3920270441646123e+05
8.3426738245328900e-03	0.0000000000000000e+00	3.3920270441646123e+05
8.3601271170528398e-03	0.0000000000000000e+00	3.3920270441646123e+05
8.3775804095727793e-03	0.0000000000000000e+00	3.3920270441646123e+05
8.3950337020927204e-03	0.0000000000000000e+00	3.3794416016716877e+05
8.4124869946126703e-03	0.0000000000000000e+00	3.3687291910034744e+05
8.4299402871326097e-03	0.0000000000000000e+00	3.3627756597147067e+05
8.4473935796525491e-03	0.0000000000000000e+00	3.3649109443021548e+05
8.4648468721725007e-03	0.0000000000000000e+00	3.3733042589146388e+05
8.4823001646924402e-03	0.0000000000000000e+00	3.3809141031248629e+05
8.4997534572123796e-03	0.0000000000000000e+00	3.3820036568909424e+05
8.5172067497323294e-03	0.0000000000000000e+00	3.3739049233635358e+05
8.5346600422522706e-03	0.0000000000000000e+00	3.3581802964175993e+05
8.5521133347722100e-03	0.0000000000000000e+00	3.3390855319857388e+05
8.5695666272921599e-03	0.0000000000000000e+00	3.3206960834790120e+05
8.5870199198120993e-03	0.0000000000000000e+00	3.3079840528939309e+05
8.6044732123320405e-03	0.0000000000000000e+00	3.3042442067656363e+05
8.6219265048519903e-03	0.0000000000000000e+00	3.3103335050426854e+05
8.6393797973719298e-03	0.0000000000000000e+00	3.3214804918757017e+05
8.6568330898918692e-03	0.0000000000000000e+00	3.3282425657663966e+05
8.6742863824118208e-03	0.0000000000000000e+00	3.3261774974225403e+05
8.6917396749317602e-03	0.0000000000000000e+00	3.3164199072743382e+05
8.7091929674516996e-03	0.0000000000000000e+00	3.3011296949584899e+05
8.7266462599716495e-03	0.0000000000000000e+00	3.2846013345398690e+05
8.7440995524915906e-03	0.0000000000000000e+00	3.2714333536496467e+05
8.7615528450115301e-03	0.0000000000000000e+00	3.2633886810789112e+05
8.7790061375314799e-03	0.0000000000000000e+00	3.2616343835937901e+05
8.7964594300514194e-03	0.0000000000000000e+00	3.2665709370479023e+05
8.8139127225713605e-03	0.0000000000000000e+00	3.2768950046815962e+05
8.8313660150913104e-03	0.0000000000000000e+00	3.2876171462954930e+05
8.8488193076112498e-03	0.0000000000000000e+00	3.2934761311618524e+05
8.8662726001311892e-03	0.0000000000000000e+00	3.2955145858806663e+05
8.8837258926511408e-03	0.0000000000000000e+00	3.2961820884079119e+05
8.9011791851710802e-03	0.0000000000000000e+00	3.2960484906411002e+05
8.9186324776910197e-03	0.0000000000000000e+00	3.2937716508696770e+05
8.9360857702109695e-03	0.0000000000000000e+00	3.2899733900055982e+05
8.9535390627309107e-03	0.0000000000000000e+00	3.2875022830491554e+05
8.9709923552508501e-03	0.0000000000000000e+00	3.2855024520270899e+05
8.9884456477708000e-03	0.0000000000000000e+00	3.2804249970072199e+05
9.0058989402907394e-03	0.0000000000000000e+00	3.2714779913389159e+05
9.0233522328106806e-03	0.0000000000000000e+00	3.2598204996877926e+05
9.0408055253306304e-03	0.0000000000000000e+00	3.2508974363285612e+05
9.0582588178505698e-03	0.0000000000000000e+00	3.2570553505492077e+05
9.0757121103705093e-03	0.0000000000000000e+00	3.2803022434104769e+05
9.0931654028904609e-03	0.0000000000000000e+00	3.3920270441646123e+05
9.1106186954104003e-03	0.0000000000000000e+00	3.3920270441646123e+05
9.1280719879303397e-03	0.0000000000000000e+00	3.3920270441646123e+05
9.1455252804502896e-03	0.0000000000000000e+00	3.3920270441646123e+05
9.1629785729702307e-03	0.0000000000000000e+00	3.3920270441646123e+05
9.1804318654901702e-03	0.0000000000000000e+00	3.9691230020085961e+04
9.1978851580101200e-03	0.0000000000000000e+00	3.9691230020085961e+04
9.2153384505300594e-03	0.0000000000000000e+00	3.9691230020085961e+04
9.2327917430500006e-03	0.0000000000000000e+00	3.9691230020085961e+04
9.2502450355699505e-03	0.0000000000000000e+00	3.3920270441646123e+05
9.2676983280898899e-03	0.0000000000000000e+00	3.3920270441646123e+05
9.2851516206098293e-03	0.0000000000000000e+00	3.3920270441646123e+05
9.3026049131297792e-03	0.0000000000000000e+00	3.3920270441646123e+05
9.3200582056497203e-03	0.0000000000000000e+00	3.3920270441646123e+05
9.3375114981696598e-03	0.0000000000000000e+00	3.3920270441646123e+05
9.3549647906896096e-03	0.0000000000000000e+00	3.3920270441646123e+05
9.3724180832095508e-03	0.0000000000000000e+00	3.3920270441646123e+05
9.3898713757294902e-03	0.0000000000000000e+00	3.3920270441646123e+05
9.4073246682494296e-03	0.0000000000000000e+00	3.3920270441646123e+05
9.4247779607693795e-03	0.0000000000000000e+00	3.3920270441646123e+05
9.4422312532893207e-03	0.0000000000000000e+00	3.3920270441646123e+05
9.4596845458092705e-03	0.0000000000000000e+00	3.3920270441646123e+05
9.4771378383292099e-03	0.0000000000000000e+00	3.3920270441646123e+05
9.4945911308491494e-03	0.0000000000000000e+00	3.3920270441646123e+05
9.5120444233690905e-03	0.0000000000000000e+00	3.3920270441646123e+05
9.5294977158890404e-03	0.0000000000000000e+00	3.3920270441646123e+05
9.5469510084089798e-03	0.0000000000000000e+00	3.3920270441646123e+05
9.5644043009289192e-03	0.0000000000000000e+00	3.3920270441646123e+05
9.5818575934488708e-03	0.0000000000000000e+00	3.3920270441646123e+05
9.5993108859688103e-03	0.0000000000000000e+00	3.3920270441646123e+05
9.6167641784887497e-03	0.0000000000000000e+00	3.3920270441646123e+05
9.6342174710086995e-03	0.0000000000000000e+00	3.3920270441646123e+05
9.6516707635286407e-03	0.0000000000000000e+00	3.3920270441646123e+05
9.6691240560485905e-03	0.0000000000000000e+00	3.3920270441646123e+05
9.6865773485685300e-03	0.0000000000000000e+00	3.3920270441646123e+05
9.7040306410884694e-03	0.0000000000000000e+00	3.3920270441646123e+05
9.7214839336084106e-03	0.0000000000000000e+00	3.3920270441646123e+05
9.7389372261283604e-03	0.0000000000000000e+00	3.3920270441646123e+05
9.7563905186482999e-03	0.0000000000000000e+00	3.3920270441646123e+05
9.7738438111682393e-03	0.0000000000000000e+00	3.3920270441645884e+05
9.7912971036881909e-03	0.0000000000000000e+00	3.3920270441646123e+05
9.8087503962081303e-03	0.0000000000000000e+00	3.3920270441646123e+05
9.8262036887280697e-03	0.0000000000000000e+00	3.3920270441646123e+05
9.8436569812480196e-03	0.0000000000000000e+00	3.3920270441646123e+05
9.8611102737679607e-03	0.0000000000000000e+00	3.2918077556004986e+05
9.8785635662879106e-03	0.0000000000000000e+00	3.3080528240323497e+05
9.8960168588078500e-03	0.0000000000000000e+00	3.3920270441646123e+05
9.9134701513277895e-03	0.0000000000000000e+00	3.3920270441646123e+05
9.9309234438477306e-03	0.0000000000000000e+00	3.3920270441646123e+05
9.9483767363676805e-03	0.0000000000000000e+00	3.3920270441646123e+05
9.9658300288876199e-03	0.0000000000000000e+00	3.3920270441646123e+05
9.9832833214075593e-03	0.0000000000000000e+00	3.3920270441646123e+05
1.0000736613927501e-02	0.0000000000000000e+00	3.3920270441646123e+05
1.0018189906447501e-02	0.0000000000000000e+00	3.3920270441646123e+05
1.0035643198967400e-02	0.0000000000000000e+00	2.8185545724473963e+05
1.0053096491487300e-02	0.0000000000000000e+00	2.5394975994620507e+05
1.0070549784007300e-02	0.0000000000000000e+00	2.4326410020683127e+05
1.0088003076527199e-02	0.0000000000000000e+00	2.5066899948549960e+05
1.0105456369047200e-02	0.0000000000000000e+00	2.7518042607611569e+05
1.0122909661567101e-02	0.0000000000000000e+00	3.0096890419236827e+05
1.0140362954087099e-02	0.0000000000000000e+00	3.1304046359447704e+05
1.0157816246607001e-02	0.0000000000000000e+00	2.9798347479721019e+05
1.0175269539126900e-02	0.0000000000000000e+00	2.5874599677870868e+05
1.0192722831646900e-02	0.0000000000000000e+00	2.3309305896682106e+05
1.0210176124166800e-02	0.0000000000000000e+00	2.1481137368618368e+05
1.0227629416686800e-02	0.0000000000000000e+00	1.9938248843475626e+05
1.0245082709206699e-02	0.0000000000000000e+00	1.8880713534484734e+05
1.0262536001726700e-02	0.0000000000000000e+00	1.8222580388442229e+05
1.0279989294246601e-02	0.0000000000000000e+00	1.7826986641689597e+05
1.0297442586766500e-02	0.0000000000000000e+00	1.7631725297342200e+05
1.0314895879286501e-02	0.0000000000000000e+00	1.7678134846474108e+05
1.0332349171806400e-02	0.0000000000000000e+00	1.8016815488226703e+05
1.0349802464326400e-02	0.0000000000000000e+00	1.8566703693648108e+05
1.0367255756846300e-02	0.0000000000000000e+00	1.9100504184305432e+05
1.0384709049366300e-02	0.0000000000000000e+00	1.9490152442285104e+05
1.0402162341886199e-02	0.0000000000000000e+00	1.9807819604955439e+05
1.0419615634406101e-02	0.0000000000000000e+00	2.0029998934943235e+05
1.0437068926926101e-02	0.0000000000000000e+00	2.0021483676453243e+05
1.0454522219446000e-02	0.0000000000000000e+00	1.9771985149271606e+05
1.0471975511966001e-02	0.0000000000000000e+00	1.9280494391179504e+05
1.0489428804485900e-02	0.0000000000000000e+00	2.3072641230938930e+05
1.0506882097005900e-02	0.0000000000000000e+00	2.7670441800377303e+05
1.0524335389525800e-02	0.0000000000000000e+00	3.2432355595494818e+05
1.0541788682045699e-02	0.0000000000000000e+00	3.2897687760097755e+05
1.0559241974565699e-02	0.0000000000000000e+00	2.3912478999501924e+05
1.0576695267085601e-02	0.0000000000000000e+00	1.5227045403930519e+05
1.0594148559605601e-02	0.0000000000000000e+00	1.1458086081093071e+05
1.0611601852125500e-02	0.0000000000000000e+00	1.0364736071417997e+05
1.0629055144645501e-02	0.0000000000000000e+00	1.1414305964445909e+05
1.0646508437165400e-02	0.0000000000000000e+00	1.6891363405391795e+05
1.0663961729685400e-02	0.0000000000000000e+00	3.2182453303446248e+05
1.0681415022205300e-02	0.0000000000000000e+00	3.3920270441646123e+05
1.0698868314725199e-02	0.0000000000000000e+00	3.3920270441646123e+05
1.0716321607245199e-02	0.0000000000000000e+00	3.3920270441646123e+05
1.0733774899765101e-02	0.0000000000000000e+00	3.3920270441646123e+05
1.0751228192285101e-02	0.0000000000000000e+00	2.9975238225967134e+05
1.0768681484805000e-02	0.0000000000000000e+00	1.8631832602686679e+05
1.0786134777325001e-02	0.0000000000000000e+00	1.5562783372314306e+05
1.0803588069844900e-02	0.0000000000000000e+00	1.6490438745422612e+05
1.0821041362364800e-02	0.0000000000000000e+00	1.9549204325086073e+05
1.0838494654884800e-02	0.0000000000000000e+00	2.5822114467206257e+05
1.0855947947404699e-02	0.0000000000000000e+00	3.3920270441646123e+05
1.0873401239924699e-02	0.0000000000000000e+00	3.3920270441646123e+05
1.0890854532444601e-02	0.0000000000000000e+00	2.9583479352661234e+05
1.0908307824964599e-02	0.0000000000000000e+00	1.8355705223581608e+05
1.0925761117484500e-02	0.0000000000000000e+00	1.1945783904363112e+05
1.0943214410004400e-02	0.0000000000000000e+00	8.2803297428203470e+04
1.0960667702524400e-02	0.0000000000000000e+00	6.8953234885797108e+04
1.0978120995044300e-02	0.0000000000000000e+00	6.9404037897670045e+04
1.0995574287564300e-02	0.0000000000000000e+00	7.8446356360652237e+04
1.1013027580084199e-02	0.0000000000000000e+00	1.1004484151277103e+05
1.1030480872604199e-02	0.0000000000000000e+00	1.9183615155747352e+05
1.1047934165124101e-02	0.0000000000000000e+00	3.3920270441646123e+05
1.1065387457644000e-02	0.0000000000000000e+00	3.3920270441646123e+05
1.1082840750164000e-02	0.0000000000000000e+00	3.3920270441646123e+05
1.1100294042683900e-02	0.0000000000000000e+00	3.3920270441646123e+05
1.1117747335203900e-02	0.0000000000000000e+00	3.3920270441646123e+05
1.1135200627723800e-02	0.0000000000000000e+00	2.1759824594178065e+05
1.1152653920243800e-02	0.0000000000000000e+00	9.3743381970915914e+04
1.1170107212763699e-02	0.0000000000000000e+00	4.0561977961147415e+04
1.1187560505283699e-02	0.0000000000000000e+00	4.0707978387402545e+04
1.1205013797803601e-02	0.0000000000000000e+00	4.0837499457226892e+04
1.1222467090323500e-02	0.0000000000000000e+00	4.0913662007712956e+04
1.1239920382843500e-02	0.0000000000000000e+00	4.0905508150920774e+04
1.1257373675363400e-02	0.0000000000000000e+00	4.0844080661457294e+04
1.1274826967883400e-02	0.0000000000000000e+00	4.0790474208707165e+04
1.1292280260403300e-02	0.0000000000000000e+00	4.0794365977820373e+04
1.1309733552923300e-02	0.0000000000000000e+00	4.0874776470833945e+04
1.1327186845443199e-02	0.0000000000000000e+00	4.1007010288609818e+04
1.1344640137963101e-02	0.0000000000000000e+00	4.1143629477841401e+04
1.1362093430483101e-02	0.0000000000000000e+00	4.1244126625044628e+04
1.1379546723003000e-02	0.0000000000000000e+00	4.1292643722075925e+04
1.1397000015523000e-02	0.0000000000000000e+00	4.1251964976644726e+04
1.1414453308042900e-02	0.0000000000000000e+00	4.1082613658645547e+04
1.1431906600562900e-02	0.0000000000000000e+00	4.0852248922152205e+04
1.1449359893082800e-02	0.0000000000000000e+00	4.0669869102537727e+04
1.1466813185602699e-02	0.0000000000000000e+00	4.0593511997831964e+04
1.1484266478122699e-02	0.0000000000000000e+00	4.0647244770094738e+04
1.1501719770642601e-02	0.0000000000000000e+00	4.0840465609015511e+04
1.1519173063162601e-02	0.0000000000000000e+00	4.1086647494188204e+04
1.1536626355682500e-02	0.0000000000000000e+00	4.1280789823882376e+04
1.1554079648202500e-02	0.0000000000000000e+00	4.1437513473460545e+04
1.1571532940722400e-02	0.0000000000000000e+00	4.1591164931024636e+04
1.1588986233242300e-02	0.0000000000000000e+00	4.1691663179761861e+04
1.1606439525762300e-02	0.0000000000000000e+00	4.1670413833156228e+04
1.1623892818282199e-02	0.0000000000000000e+00	4.1559610377371231e+04
1.1641346110802199e-02	0.0000000000000000e+00	4.1463457025269287e+04
1.1658799403322101e-02	0.0000000000000000e+00	4.1442025774009482e+04
1.1676252695842101e-02	0.0000000000000000e+00	4.1462212481585644e+04
1.1693705988362000e-02	0.0000000000000000e+00	4.1476443680617391e+04
1.1711159280882000e-02	0.0000000000000000e+00	4.1512148341674561e+04
1.1728612573401900e-02	0.0000000000000000e+00	4.1582601158862228e+04
1.1746065865921800e-02	0.0000000000000000e+00	4.1656271473270266e+04
1.1763519158441800e-02	0.0000000000000000e+00	4.1701619891103634e+04
1.1780972450961699e-02	0.0000000000000000e+00	4.1658640333323565e+04
1.1798425743481699e-02	0.0000000000000000e+00	4.1501298946609466e+04
1.1815879036001601e-02	0.0000000000000000e+00	4.1319455713844894e+04
1.1833332328521601e-02	0.0000000000000000e+00	4.1145398180623117e+04
1.1850785621041500e-02	0.0000000000000000e+00	4.0902457795275703e+04
1.1868238913561400e-02	0.0000000000000000e+00	4.0665609983699054e+04
1.1885692206081400e-02	0.0000000000000000e+00	3.3920270441646123e+05
1.1903145498601300e-02	0.0000000000000000e+00	3.3920270441646123e+05
1.1920598791121300e-02	0.0000000000000000e+00	3.3920270441646123e+05
1.1938052083641199e-02	0.0000000000000000e+00	3.3920270441646123e+05
1.1955505376161199e-02	0.0000000000000000e+00	3.9691230020085961e+04
1.1972958668681101e-02	0.0000000000000000e+00	3.9691230020085961e+04
1.1990411961201000e-02	0.0000000000000000e+00	3.9691230020085961e+04
1.2007865253721000e-02	0.0000000000000000e+00	3.9691230020085961e+04
1.2025318546240900e-02	0.0000000000000000e+00	3.9691230020085961e+04
1.2042771838760900e-02	0.0000000000000000e+00	3.3920270441646123e+05
1.2060225131280800e-02	0.0000000000000000e+00	3.3920270441646123e+05
1.2077678423800800e-02	0.0000000000000000e+00	3.3920270441646123e+05
1.2095131716320699e-02	0.0000000000000000e+00	3.3920270441646123e+05
1.2112585008840600e-02	0.0000000000000000e+00	3.3920270441646123e+05
1.2130038301360601e-02	0.0000000000000000e+00	3.3920270441646123e+05
1.2147491593880500e-02	0.0000000000000000e+00	3.3920270441646123e+05
1.2164944886400500e-02	0.0000000000000000e+00	3.3920270441646123e+05
1.2182398178920400e-02	0.0000000000000000e+00	3.3920270441646123e+05
1.2199851471440400e-02	0.0000000000000000e+00	3.3920270441646123e+05
1.2217304763960300e-02	0.0000000000000000e+00	3.3920270441646123e+05
1.2234758056480201e-02	0.0000000000000000e+00	3.3920270441646123e+05
1.2252211349000199e-02	0.0000000000000000e+00	3.3920270441646123e+05
1.2269664641520101e-02	0.0000000000000000e+00	3.3920270441646123e+05
1.2287117934040101e-02	0.0000000000000000e+00	3.3920270441646123e+05
1.2304571226560000e-02	0.0000000000000000e+00	3.3920270441646123e+05
1.2322024519080000e-02	0.0000000000000000e+00	3.3920270441646123e+05
1.2339477811599900e-02	0.0000000000000000e+00	3.3920270441646123e+05
1.2356931104119900e-02	0.0000000000000000e+00	3.3920270441646123e+05
1.2374384396639800e-02	0.0000000000000000e+00	3.3920270441646123e+05
1.2391837689159701e-02	0.0000000000000000e+00	3.3920270441646123e+05
1.2409290981679699e-02	0.0000000000000000e+00	3.3920270441646123e+05
1.2426744274199601e-02	0.0000000000000000e+00	3.3920270441646123e+05
1.2444197566719601e-02	0.0000000000000000e+00	3.3920270441646123e+05
1.2461650859239500e-02	0.0000000000000000e+00	3.3920270441646123e+05
1.2479104151759500e-02	0.0000000000000000e+00	3.3920270441646123e+05
1.2496557444279400e-02	0.0000000000000000e+00	3.3920270441646123e+05
1.2514010736799299e-02	0.0000000000000000e+00	3.3920270441646123e+05
1.2531464029319300e-02	0.0000000000000000e+00	3.3920270441646123e+05
1.2548917321839201e-02	0.0000000000000000e+00	3.3920270441646123e+05
1.2566370614359199e-02	0.0000000000000000e+00	3.3920270441645145e+05
1.2583823906879101e-02	0.0000000000000000e+00	3.3216365504162305e+05
1.2601277199399101e-02	0.0000000000000000e+00	3.2360718141559669e+05
1.2618730491919000e-02	0.0000000000000000e+00	3.1795010215892334e+05
1.2636183784438900e-02	0.0000000000000000e+00	3.2146457544932520e+05
1.2653637076958900e-02	0.0000000000000000e+00	3.3066530830141751e+05
1.2671090369478799e-02	0.0000000000000000e+00	3.3791485864434374e+05
1.2688543661998800e-02	0.0000000000000000e+00	3.3920270441646123e+05
1.2705996954518701e-02	0.0000000000000000e+00	3.3920270441646123e+05
1.2723450247038699e-02	0.0000000000000000e+00	3.3568016569429153e+05
1.2740903539558601e-02	0.0000000000000000e+00	3.2075166381013603e+05
1.2758356832078500e-02	0.0000000000000000e+00	3.0788437648083718e+05
1.2775810124598500e-02	0.0000000000000000e+00	3.0232246364121157e+05
1.2793263417118400e-02	0.0000000000000000e+00	3.1474250583988347e+05
1.2810716709638400e-02	0.0000000000000000e+00	3.3920270441646123e+05
1.2828170002158299e-02	0.0000000000000000e+00	3.3920270441646123e+05
1.2845623294678300e-02	0.0000000000000000e+00	3.3920270441646123e+05
1.2863076587198201e-02	0.0000000000000000e+00	3.3920270441646123e+05
1.2880529879718199e-02	0.0000000000000000e+00	3.3920270441646123e+05
1.2897983172238101e-02	0.0000000000000000e+00	3.3920270441646123e+05
1.2915436464758000e-02	0.0000000000000000e+00	3.3920270441646123e+05
1.2932889757278000e-02	0.0000000000000000e+00	3.3920270441646123e+05
1.2950343049797900e-02	0.0000000000000000e+00	3.3920270441646123e+05
1.2967796342317900e-02	0.0000000000000000e+00	3.3105689333703218e+05
1.2985249634837799e-02	0.0000000000000000e+00	3.1562745822945947e+05
1.3002702927357800e-02	0.0000000000000000e+00	3.2529578790647286e+05
1.3020156219877701e-02	0.0000000000000000e+00	3.3920270441646123e+05
1.3037609512397600e-02	0.0000000000000000e+00	3.3920270441646123e+05
1.3055062804917601e-02	0.0000000000000000e+00	3.3920270441646123e+05
1.3072516097437500e-02	0.0000000000000000e+00	3.3920270441646123e+05
1.3089969389957500e-02	0.0000000000000000e+00	3.3920270441646123e+05
1.3107422682477400e-02	0.0000000000000000e+00	3.3920270441646123e+05
1.3124875974997400e-02	0.0000000000000000e+00	3.3920270441646123e+05
1.3142329267517299e-02	0.0000000000000000e+00	3.3920270441646123e+05
1.3159782560037201e-02	0.0000000000000000e+00	2.9513945043538912e+05
1.3177235852557199e-02	0.0000000000000000e+00	2.5445693854541681e+05
1.3194689145077100e-02	0.0000000000000000e+00	2.2530999355407842e+05
1.3212142437597101e-02	0.0000000000000000e+00	2.0967072709750087e+05
1.3229595730117000e-02	0.0000000000000000e+00	2.1530794356182250e+05
1.3247049022637000e-02	0.0000000000000000e+00	2.3989956996156304e+05
1.3264502315156900e-02	0.0000000000000000e+00	2.7411142597606243e+05
1.3281955607676799e-02	0.0000000000000000e+00	1.4891357465990252e+05
1.3299408900196799e-02	0.0000000000000000e+00	8.7417985401829559e+04
1.3316862192716701e-02	0.0000000000000000e+00	5.4491849700244769e+04
1.3334315485236699e-02	0.0000000000000000e+00	3.9691230020085961e+04
1.3351768777756600e-02	0.0000000000000000e+00	3.9691230020085961e+04
1.3369222070276601e-02	0.0000000000000000e+00	3.9691230020085961e+04
1.3386675362796500e-02	0.0000000000000000e+00	3.9691230020085961e+04
1.3404128655316400e-02	0.0000000000000000e+00	3.9691230020085961e+04
1.3421581947836400e-02	0.0000000000000000e+00	3.9691230020085961e+04
1.3439035240356299e-02	0.0000000000000000e+00	3.9691230020085961e+04
1.3456488532876299e-02	0.0000000000000000e+00	3.9691230020085961e+04
1.3473941825396201e-02	0.0000000000000000e+00	3.9691230020085961e+04
1.3491395117916199e-02	0.0000000000000000e+00	3.9691230020085961e+04
1.3508848410436100e-02	0.0000000000000000e+00	3.9691230020085961e+04
1.3526301702956101e-02	0.0000000000000000e+00	3.9691230020085961e+04
1.3543754995476000e-02	0.0000000000000000e+00	3.9691230020085961e+04
1.3561208287995900e-02	0.0000000000000000e+00	3.9691230020085961e+04
1.3578661580515900e-02	0.0000000000000000e+00	3.9691230020085961e+04
1.3596114873035799e-02	0.0000000000000000e+00	3.9691230020085961e+04
1.3613568165555799e-02	0.0000000000000000e+00	3.9691230020085961e+04
1.3631021458075701e-02	0.0000000000000000e+00	3.9691230020085961e+04
1.3648474750595699e-02	0.0000000000000000e+00	3.3920270441646123e+05
1.3665928043115600e-02	0.0000000000000000e+00	3.3920270441646123e+05
1.3683381335635500e-02	0.0000000000000000e+00	3.3920270441646123e+05
1.3700834628155500e-02	0.0000000000000000e+00	3.3920270441646123e+05
1.3718287920675400e-02	0.0000000000000000e+00	3.3920270441646123e+05
1.3735741213195400e-02	0.0000000000000000e+00	3.3920270441646123e+05
1.3753194505715299e-02	0.0000000000000000e+00	3.3920270441646123e+05
1.3770647798235299e-02	0.0000000000000000e+00	3.3920270441646123e+05
1.3788101090755201e-02	0.0000000000000000e+00	3.3920270441646123e+05
1.3805554383275100e-02	0.0000000000000000e+00	3.9691230020085961e+04
1.3823007675795100e-02	0.0000000000000000e+00	3.9691230020085961e+04
1.3840460968315000e-02	0.0000000000000000e+00	3.9691230020085961e+04
1.3857914260835000e-02	0.0000000000000000e+00	3.9691230020085961e+04
1.3875367553354900e-02	0.0000000000000000e+00	3.9691230020085961e+04
1.3892820845874900e-02	0.0000000000000000e+00	3.9691230020085961e+04
1.3910274138394799e-02	0.0000000000000000e+00	3.9691230020085961e+04
1.3927727430914701e-02	0.0000000000000000e+00	3.9691230020085961e+04
1.3945180723434701e-02	0.0000000000000000e+00	3.9691230020085961e+04
1.3962634015954600e-02	0.0000000000000000e+00	3.9691230020090123e+04
1.3980087308474600e-02	0.0000000000000000e+00	3.9691230020085961e+04
1.3997540600994500e-02	0.0000000000000000e+00	3.9691230020085961e+04
1.4014993893514500e-02	0.0000000000000000e+00	3.9691230020085961e+04
1.4032447186034400e-02	0.0000000000000000e+00	3.9691230020085961e+04
1.4049900478554400e-02	0.0000000000000000e+00	3.9698466806177603e+04
1.4067353771074299e-02	0.0000000000000000e+00	4.3618967943608914e+04
1.4084807063594201e-02	0.0000000000000000e+00	4.5547455662133281e+04
1.4102260356114201e-02	0.0000000000000000e+00	4.4601840360890841e+04
1.4119713648634100e-02	0.0000000000000000e+00	4.0129643931776714e+04
1.4137166941154100e-02	0.0000000000000000e+00	3.9691230020085961e+04
1.4154620233674000e-02	0.0000000000000000e+00	3.9691230020085961e+04
1.4172073526194000e-02	0.0000000000000000e+00	3.9691230020085961e+04
1.4189526818713900e-02	0.0000000000000000e+00	3.9691230020085961e+04
1.4206980111233799e-02	0.0000000000000000e+00	3.9691230020085961e+04
1.4224433403753799e-02	0.0000000000000000e+00	3.9691230020085961e+04
1.4241886696273701e-02	0.0000000000000000e+00	3.9691230020085961e+04
1.4259339988793701e-02	0.0000000000000000e+00	3.9691230020085961e+04
1.4276793281313600e-02	0.0000000000000000e+00	4.0637680359775215e+04
1.4294246573833600e-02	0.0000000000000000e+00	4.1060285785290522e+04
1.4311699866353500e-02	0.0000000000000000e+00	3.9973211104285074e+04
1.4329153158873400e-02	0.0000000000000000e+00	3.9691230020085961e+04
1.4346606451393400e-02	0.0000000000000000e+00	3.9691230020085961e+04
1.4364059743913299e-02	0.0000000000000000e+00	4.1560499352474479e+04
1.4381513036433299e-02	0.0000000000000000e+00	4.8716953231624560e+04
1.4398966328953201e-02	0.0000000000000000e+00	5.7682421267302976e+04
1.4416419621473201e-02	0.0000000000000000e+00	6.6020986546523258e+04
1.4433872913993100e-02	0.0000000000000000e+00	7.2951278349451663e+04
1.4451326206513000e-02	0.0000000000000000e+00	7.7185803851092220e+04
1.4468779499033000e-02	0.0000000000000000e+00	7.7745717150582233e+04
1.4486232791552900e-02	0.0000000000000000e+00	7.6906210389901098e+04
1.4503686084072900e-02	0.0000000000000000e+00	7.8630616744853440e+04
1.4521139376592799e-02	0.0000000000000000e+00	8.6166457595479107e+04
1.4538592669112799e-02	0.0000000000000000e+00	9.9616677831077730e+04
1.4556045961632701e-02	0.0000000000000000e+00	1.1400410796298993e+05
1.4573499254152701e-02	0.0000000000000000e+00	1.2439375385308886e+05
1.4590952546672600e-02	0.0000000000000000e+00	1.2529981310163856e+05
1.4608405839192500e-02	0.0000000000000000e+00	1.1382833778317741e+05
1.4625859131712500e-02	0.0000000000000000e+00	9.6386617588105408e+04
1.4643312424232400e-02	0.0000000000000000e+00	8.0494241271198916e+04
1.4660765716752400e-02	0.0000000000000000e+00	6.7815351308084952e+04
1.4678219009272299e-02	0.0000000000000000e+00	3.9691230020085961e+04
1.4695672301792299e-02	0.0000000000000000e+00	3.9691230020085961e+04
1.4713125594312201e-02	0.0000000000000000e+00	3.9691230020085961e+04
1.4730578886832100e-02	0.0000000000000000e+00	3.9691230020085961e+04
1.4748032179352100e-02	0.0000000000000000e+00	3.9691230020085961e+04
1.4765485471872000e-02	0.0000000000000000e+00	3.9691230020085961e+04
1.4782938764392000e-02	0.0000000000000000e+00	3.9691230020085961e+04
1.4800392056911900e-02	0.0000000000000000e+00	3.9691230020085961e+04
1.4817845349431900e-02	0.0000000000000000e+00	3.9691230020085961e+04
1.4835298641951799e-02	0.0000000000000000e+00	3.9691230020085961e+04
1.4852751934471701e-02	0.0000000000000000e+00	3.9691230020085961e+04
1.4870205226991701e-02	0.0000000000000000e+00	3.9691230020085961e+04
1.4887658519511600e-02	0.0000000000000000e+00	3.9691230020085961e+04
1.4905111812031600e-02	0.0000000000000000e+00	3.9691230020085961e+04
1.4922565104551500e-02	0.0000000000000000e+00	3.9691230020085961e+04
1.4940018397071500e-02	0.0000000000000000e+00	3.9691230020085961e+04
1.4957471689591400e-02	0.0000000000000000e+00	3.9691230020085961e+04
1.4974924982111301e-02	0.0000000000000000e+00	3.9691230020085961e+04
1.4992378274631299e-02	0.0000000000000000e+00	3.9691230020085961e+04
1.5009831567151201e-02	0.0000000000000000e+00	3.9691230020085961e+04
1.5027284859671201e-02	0.0000000000000000e+00	3.9691230020085961e+04
1.5044738152191100e-02	0.0000000000000000e+00	3.9691230020085961e+04
1.5062191444711100e-02	0.0000000000000000e+00	3.9691230020085961e+04
1.5079644737231000e-02	0.0000000000000000e+00	3.9691230020085961e+04
1.5097098029750899e-02	0.0000000000000000e+00	3.9691230020085961e+04
1.5114551322270900e-02	0.0000000000000000e+00	3.9691230020085961e+04
1.5132004614790801e-02	0.0000000000000000e+00	3.9691230020085961e+04
1.5149457907310799e-02	0.0000000000000000e+00	3.9691230020085961e+04
1.5166911199830701e-02	0.0000000000000000e+00	3.9691230020085961e+04
1.5184364492350701e-02	0.0000000000000000e+00	3.9691230020085961e+04
1.5201817784870600e-02	0.0000000000000000e+00	3.9691230020085961e+04
1.5219271077390600e-02	0.0000000000000000e+00	3.9691230020085961e+04
1.5236724369910500e-02	0.0000000000000000e+00	3.9691230020085961e+04
1.5254177662430399e-02	0.0000000000000000e+00	3.9691230020085961e+04
1.5271630954950400e-02	0.0000000000000000e+00	3.9691230020085961e+04
1.5289084247470301e-02	0.0000000000000000e+00	3.9691230020085961e+04
1.5306537539990299e-02	0.0000000000000000e+00	3.9691230020085961e+04
1.5323990832510201e-02	0.0000000000000000e+00	3.9691230020085961e+04
1.5341444125030201e-02	0.0000000000000000e+00	3.9691230020085961e+04
1.5358897417550100e-02	0.0000000000000000e+00	3.9691230020085961e+04
1.5376350710070000e-02	0.0000000000000000e+00	3.9691230020085961e+04
1.5393804002590000e-02	0.0000000000000000e+00	3.9691230020085961e+04
1.5411257295109899e-02	0.0000000000000000e+00	3.9691230020085961e+04
1.5428710587629900e-02	0.0000000000000000e+00	3.9691230020085961e+04
1.5446163880149801e-02	0.0000000000000000e+00	3.9691230020085961e+04
1.5463617172669799e-02	0.0000000000000000e+00	3.9691230020085961e+04
1.5481070465189701e-02	0.0000000000000000e+00	3.9691230020085961e+04
1.5498523757709600e-02	0.0000000000000000e+00	3.9691230020085961e+04
1.5515977050229600e-02	0.0000000000000000e+00	3.9691230020085961e+04
1.5533430342749500e-02	0.0000000000000000e+00	3.9691230020085961e+04
1.5550883635269500e-02	0.0000000000000000e+00	3.9691230020085961e+04
1.5568336927789399e-02	0.0000000000000000e+00	3.9691230020085961e+04
1.5585790220309400e-02	0.0000000000000000e+00	3.9691230020085961e+04
1.5603243512829299e-02	0.0000000000000000e+00	3.9691230020085961e+04
1.5620696805349200e-02	0.0000000000000000e+00	3.9691230020085961e+04
1.5638150097869199e-02	0.0000000000000000e+00	3.9691230020085961e+04
1.5655603390389100e-02	0.0000000000000000e+00	3.9691230020085961e+04
1.5673056682909099e-02	0.0000000000000000e+00	3.9691230020085961e+04
1.5690509975429000e-02	0.0000000000000000e+00	3.9691230020085961e+04
1.5707963267949002e-02	0.0000000000000000e+00	3.9691230020085961e+04
1.5725416560468899e-02	0.0000000000000000e+00	3.9691230020085961e+04
1.5742869852988801e-02	0.0000000000000000e+00	3.9691230020085961e+04
1.5760323145508799e-02	0.0000000000000000e+00	4.0688717247826724e+04
1.5777776438028700e-02	0.0000000000000000e+00	4.1986032145110163e+04
1.5795229730548699e-02	0.0000000000000000e+00	4.2522122888641956e+04
1.5812683023068600e-02	0.0000000000000000e+00	4.2194688405576286e+04
1.5830136315588599e-02	0.0000000000000000e+00	4.1463263201450827e+04
1.5847589608108500e-02	0.0000000000000000e+00	4.1114733114018796e+04
1.5865042900628502e-02	0.0000000000000000e+00	4.1600348255392426e+04
1.5882496193148399e-02	0.0000000000000000e+00	4.2723945419543736e+04
1.5899949485668301e-02	0.0000000000000000e+00	4.4603131031971752e+04
1.5917402778188299e-02	0.0000000000000000e+00	4.7031487085218039e+04
1.5934856070708200e-02	0.0000000000000000e+00	4.8971871023995845e+04
1.5952309363228199e-02	0.0000000000000000e+00	4.9669186594250896e+04
1.5969762655748100e-02	0.0000000000000000e+00	4.9459708143887066e+04
1.5987215948268099e-02	0.0000000000000000e+00	4.8742004974692296e+04
1.6004669240788000e-02	0.0000000000000000e+00	4.7733655707429636e+04
1.6022122533307901e-02	0.0000000000000000e+00	4.7064903883355837e+04
1.6039575825827899e-02	0.0000000000000000e+00	4.7304644911976560e+04
1.6057029118347801e-02	0.0000000000000000e+00	4.8144597455425792e+04
1.6074482410867799e-02	0.0000000000000000e+00	6.6487774669157850e+04
1.6091935703387700e-02	0.0000000000000000e+00	9.4322466171818101e+04
1.6109388995907699e-02	0.0000000000000000e+00	1.3813120275796071e+05
1.6126842288427600e-02	0.0000000000000000e+00	2.1015219062280952e+05
1.6144295580947501e-02	0.0000000000000000e+00	3.3498549417261430e+05
1.6161748873467500e-02	0.0000000000000000e+00	3.3920270441646123e+05
1.6179202165987401e-02	0.0000000000000000e+00	3.3920270441646123e+05
1.6196655458507399e-02	0.0000000000000000e+00	3.3920270441646123e+05
1.6214108751027301e-02	0.0000000000000000e+00	3.3920270441646123e+05
1.6231562043547299e-02	0.0000000000000000e+00	3.3920270441646123e+05
1.6249015336067200e-02	0.0000000000000000e+00	3.3920270441646123e+05
1.6266468628587199e-02	0.0000000000000000e+00	3.3920270441646123e+05
1.6283921921107100e-02	0.0000000000000000e+00	3.3920270441646123e+05
1.6301375213627001e-02	0.0000000000000000e+00	3.3920270441646123e+05
1.6318828506147000e-02	0.0000000000000000e+00	3.3920270441646123e+05
1.6336281798666901e-02	0.0000000000000000e+00	3.3920270441646123e+05
1.6353735091186899e-02	0.0000000000000000e+00	3.3920270441646123e+05
1.6371188383706801e-02	0.0000000000000000e+00	3.3920270441646123e+05
1.6388641676226799e-02	0.0000000000000000e+00	3.3920270441646123e+05
1.6406094968746700e-02	0.0000000000000000e+00	3.3920270441646123e+05
1.6423548261266602e-02	0.0000000000000000e+00	3.3920270441646123e+05
1.6441001553786600e-02	0.0000000000000000e+00	3.3920270441646123e+05
1.6458454846306501e-02	0.0000000000000000e+00	3.3920270441646123e+05
1.6475908138826500e-02	0.0000000000000000e+00	3.3920270441646123e+05
1.6493361431346401e-02	0.0000000000000000e+00	3.3920270441646123e+05
1.6510814723866400e-02	0.0000000000000000e+00	3.3920270441646123e+05
1.6528268016386301e-02	0.0000000000000000e+00	3.3920270441646123e+05
1.6545721308906199e-02	0.0000000000000000e+00	3.3920270441646123e+05
1.6563174601426200e-02	0.0000000000000000e+00	3.3920270441646123e+05
1.6580627893946102e-02	0.0000000000000000e+00	3.3920270441646123e+05
1.6598081186466100e-02	0.0000000000000000e+00	3.3920270441646123e+05
1.6615534478986001e-02	0.0000000000000000e+00	3.3920270441646123e+05
1.6632987771506000e-02	0.0000000000000000e+00	3.3920270441646123e+05
1.6650441064025901e-02	0.0000000000000000e+00	3.3920270441646123e+05
1.6667894356545799e-02	0.0000000000000000e+00	3.3920270441646123e+05
1.6685347649065801e-02	0.0000000000000000e+00	3.3920270441646123e+05
1.6702800941585699e-02	0.0000000000000000e+00	3.3920270441646123e+05
1.6720254234105700e-02	0.0000000000000000e+00	3.3920270441646123e+05
1.6737707526625598e-02	0.0000000000000000e+00	3.3920270441646123e+05
1.6755160819145600e-02	0.0000000000000000e+00	3.3920270441585669e+05
1.6772614111665501e-02	0.0000000000000000e+00	1.6106187607802422e+05
1.6790067404185399e-02	0.0000000000000000e+00	8.5573700577315220e+04
1.6807520696705401e-02	0.0000000000000000e+00	4.9394950231976109e+04
1.6824973989225299e-02	0.0000000000000000e+00	3.9691230020085961e+04
1.6842427281745301e-02	0.0000000000000000e+00	3.9691230020085961e+04
1.6859880574265199e-02	0.0000000000000000e+00	3.9691230020085961e+04
1.6877333866785200e-02	0.0000000000000000e+00	3.9691230020085961e+04
1.6894787159305098e-02	0.0000000000000000e+00	3.9691230020085961e+04
1.6912240451825100e-02	0.0000000000000000e+00	3.9691230020085961e+04
1.6929693744345001e-02	0.0000000000000000e+00	3.9691230020085961e+04
1.6947147036864899e-02	0.0000000000000000e+00	3.9691230020085961e+04
1.6964600329384901e-02	0.0000000000000000e+00	3.9691230020085961e+04
1.6982053621904799e-02	0.0000000000000000e+00	3.9691230020085961e+04
1.6999506914424801e-02	0.0000000000000000e+00	3.9691230020085961e+04
1.7016960206944699e-02	0.0000000000000000e+00	3.9691230020085961e+04
1.7034413499464700e-02	0.0000000000000000e+00	3.9691230020085961e+04
1.7051866791984598e-02	0.0000000000000000e+00	3.9691230020085961e+04
1.7069320084504500e-02	0.0000000000000000e+00	3.9691230020085961e+04
1.7086773377024501e-02	0.0000000000000000e+00	3.9691230020085961e+04
1.7104226669544399e-02	0.0000000000000000e+00	3.9691230020085961e+04
1.7121679962064401e-02	0.0000000000000000e+00	3.9691230020085961e+04
1.7139133254584299e-02	0.0000000000000000e+00	3.9691230020085961e+04
1.7156586547104301e-02	0.0000000000000000e+00	3.9691230020085961e+04
1.7174039839624199e-02	0.0000000000000000e+00	3.9691230020085961e+04
1.7191493132144100e-02	0.0000000000000000e+00	3.9691230020085961e+04
1.7208946424664098e-02	0.0000000000000000e+00	3.9691230020085961e+04
1.7226399717184000e-02	0.0000000000000000e+00	3.9691230020085961e+04
1.7243853009704001e-02	0.0000000000000000e+00	3.9691230020085961e+04
1.7261306302223899e-02	0.0000000000000000e+00	3.9691230020085961e+04
1.7278759594743901e-02	0.0000000000000000e+00	3.9691230020085961e+04
1.7296212887263799e-02	0.0000000000000000e+00	3.9691230020085961e+04
1.7313666179783700e-02	0.0000000000000000e+00	3.9691230020085961e+04
1.7331119472303699e-02	0.0000000000000000e+00	3.9691230020085961e+04
1.7348572764823600e-02	0.0000000000000000e+00	3.9691230020085961e+04
1.7366026057343598e-02	0.0000000000000000e+00	3.9691230020085961e+04
1.7383479349863500e-02	0.0000000000000000e+00	3.9691230020085961e+04
1.7400932642383501e-02	0.0000000000000000e+00	3.9691230020085961e+04
1.7418385934903399e-02	0.0000000000000000e+00	3.9691230020085961e+04
1.7435839227423401e-02	0.0000000000000000e+00	3.9691230020085961e+04
1.7453292519943299e-02	0.0000000000000000e+00	3.9691230020085961e+04
1.7470745812463200e-02	0.0000000000000000e+00	3.9691230020085961e+04
1.7488199104983199e-02	0.0000000000000000e+00	3.9691230020085961e+04
1.7505652397503100e-02	0.0000000000000000e+00	3.9691230020085961e+04
1.7523105690023098e-02	0.0000000000000000e+00	3.9691230020085961e+04
1.7540558982543000e-02	0.0000000000000000e+00	3.9691230020085961e+04
1.7558012275063001e-02	0.0000000000000000e+00	3.9691230020085961e+04
1.7575465567582899e-02	0.0000000000000000e+00	3.9691230020085961e+04
1.7592918860102801e-02	0.0000000000000000e+00	3.9691230020085961e+04
1.7610372152622799e-02	0.0000000000000000e+00	3.9691230020085961e+04
1.7627825445142700e-02	0.0000000000000000e+00	3.9691230020085961e+04
1.7645278737662699e-02	0.0000000000000000e+00	3.9691230020085961e+04
1.7662732030182600e-02	0.0000000000000000e+00	3.9691230020085961e+04
1.7680185322702598e-02	0.0000000000000000e+00	3.9691230020085961e+04
1.7697638615222500e-02	0.0000000000000000e+00	3.9691230020085961e+04
1.7715091907742401e-02	0.0000000000000000e+00	3.9691230020085961e+04
1.7732545200262399e-02	0.0000000000000000e+00	3.9691230020085961e+04
1.7749998492782301e-02	0.0000000000000000e+00	3.9691230020085961e+04
1.7767451785302299e-02	0.0000000000000000e+00	3.9691230020085961e+04
1.7784905077822200e-02	0.0000000000000000e+00	3.9691230020085961e+04
1.7802358370342199e-02	0.0000000000000000e+00	3.9691230020085961e+04
1.7819811662862100e-02	0.0000000000000000e+00	3.9691230020085961e+04
1.7837264955382001e-02	0.0000000000000000e+00	3.9691230020085961e+04
1.7854718247902000e-02	0.0000000000000000e+00	3.9691230020085961e+04
1.7872171540421901e-02	0.0000000000000000e+00	4.2232831216517916e+04
1.7889624832941899e-02	0.0000000000000000e+00	4.4675703980372666e+04
1.7907078125461801e-02	0.0000000000000000e+00	4.6187881531027204e+04
1.7924531417981799e-02	0.0000000000000000e+00	4.6417809161411889e+04
1.7941984710501700e-02	0.0000000000000000e+00	4.5658083058796263e+04
1.7959438003021699e-02	0.0000000000000000e+00	4.4358861677938949e+04
1.7976891295541600e-02	0.0000000000000000e+00	4.2879427606279918e+04
1.7994344588061501e-02	0.0000000000000000e+00	4.1700582652061457e+04
1.8011797880581500e-02	0.0000000000000000e+00	4.1593913698176621e+04
1.8029251173101401e-02	0.0000000000000000e+00	4.2371295730361606e+04
1.8046704465621399e-02	0.0000000000000000e+00	4.3469558952486477e+04
1.8064157758141301e-02	0.0000000000000000e+00	4.4323785362218237e+04
1.8081611050661299e-02	0.0000000000000000e+00	4.4398191797988751e+04
1.8099064343181200e-02	0.0000000000000000e+00	4.3417559470790606e+04
1.8116517635701102e-02	0.0000000000000000e+00	4.1835201007834708e+04
1.8133970928221100e-02	0.0000000000000000e+00	4.0861780030213515e+04
1.8151424220741001e-02	0.0000000000000000e+00	4.1653656063758477e+04
1.8168877513261000e-02	0.0000000000000000e+00	4.1403866387300091e+04
1.8186330805780901e-02	0.0000000000000000e+00	4.1155666174792059e+04
1.8203784098300899e-02	0.0000000000000000e+00	4.0916286830997196e+04
1.8221237390820801e-02	0.0000000000000000e+00	4.0705262859073155e+04
1.8238690683340698e-02	0.0000000000000000e+00	4.0604604190566708e+04
1.8256143975860700e-02	0.0000000000000000e+00	4.0709454171919540e+04
1.8273597268380602e-02	0.0000000000000000e+00	4.0892920126997822e+04
1.8291050560900600e-02	0.0000000000000000e+00	4.0976000119360870e+04
1.8308503853420501e-02	0.0000000000000000e+00	4.0880604989781859e+04
1.8325957145940500e-02	0.0000000000000000e+00	4.0582524963229829e+04
1.8343410438460401e-02	0.0000000000000000e+00	4.0090576821794042e+04
1.8360863730980299e-02	0.0000000000000000e+00	3.9691230020085961e+04
1.8378317023500301e-02	0.0000000000000000e+00	3.9691230020085961e+04
1.8395770316020198e-02	0.0000000000000000e+00	3.9691230020085961e+04
1.8413223608540200e-02	0.0000000000000000e+00	3.9691230020085961e+04
1.8430676901060102e-02	0.0000000000000000e+00	4.0211558159084350e+04
1.8448130193580100e-02	0.0000000000000000e+00	4.0784137765902145e+04
1.8465583486100001e-02	0.0000000000000000e+00	4.1432330002012131e+04
1.8483036778619899e-02	0.0000000000000000e+00	4.1760739247578640e+04
1.8500490071139901e-02	0.0000000000000000e+00	4.1409384296144068e+04
1.8517943363659799e-02	0.0000000000000000e+00	4.0542766364019000e+04
1.8535396656179801e-02	0.0000000000000000e+00	3.9691230020085961e+04
1.8552849948699698e-02	0.0000000000000000e+00	3.9691230020085961e+04
1.8570303241219700e-02	0.0000000000000000e+00	3.9691230020085961e+04
1.8587756533739602e-02	0.0000000000000000e+00	3.9691230020085961e+04
1.8605209826259600e-02	0.0000000000000000e+00	3.9691230020085961e+04
1.8622663118779501e-02	0.0000000000000000e+00	3.9691230020085961e+04
1.8640116411299399e-02	0.0000000000000000e+00	3.9691230020085961e+04
1.8657569703819401e-02	0.0000000000000000e+00	3.9691230020085961e+04
1.8675022996339299e-02	0.0000000000000000e+00	3.9691230020085961e+04
1.8692476288859301e-02	0.0000000000000000e+00	3.9691230020085961e+04
1.8709929581379198e-02	0.0000000000000000e+00	3.9691230020085961e+04
1.8727382873899200e-02	0.0000000000000000e+00	3.9691230020085961e+04
1.8744836166419102e-02	0.0000000000000000e+00	3.9691230020085961e+04
1.8762289458938999e-02	0.0000000000000000e+00	3.9691230020085961e+04
1.8779742751459001e-02	0.0000000000000000e+00	3.9691230020085961e+04
1.8797196043978899e-02	0.0000000000000000e+00	3.9691230020085961e+04
1.8814649336498901e-02	0.0000000000000000e+00	3.9691230020085961e+04
1.8832102629018799e-02	0.0000000000000000e+00	3.9691230020085961e+04
1.8849555921538801e-02	0.0000000000000000e+00	3.9691230020086208e+04
1.8867009214058698e-02	0.0000000000000000e+00	3.9795418499600266e+04
1.8884462506578600e-02	0.0000000000000000e+00	3.9891579628241234e+04
1.8901915799098602e-02	0.0000000000000000e+00	3.9962282792149686e+04
1.8919369091618499e-02	0.0000000000000000e+00	3.9957425004141143e+04
1.8936822384138501e-02	0.0000000000000000e+00	3.9808286287452531e+04
1.8954275676658399e-02	0.0000000000000000e+00	3.9691230020085961e+04
1.8971728969178401e-02	0.0000000000000000e+00	3.9691230020085961e+04
1.8989182261698299e-02	0.0000000000000000e+00	3.9819797878153149e+04
1.9006635554218200e-02	0.0000000000000000e+00	4.0229857310592037e+04
1.9024088846738198e-02	0.0000000000000000e+00	4.0581273331931247e+04
1.9041542139258100e-02	0.0000000000000000e+00	4.0802559092855183e+04
1.9058995431778102e-02	0.0000000000000000e+00	4.0946173274627836e+04
1.9076448724297999e-02	0.0000000000000000e+00	4.1027387875847635e+04
1.9093902016818001e-02	0.0000000000000000e+00	4.1017403454484993e+04
1.9111355309337899e-02	0.0000000000000000e+00	4.0868116811201318e+04
1.9128808601857800e-02	0.0000000000000000e+00	4.0532399416802073e+04
1.9146261894377799e-02	0.0000000000000000e+00	4.0048663735151233e+04
1.9163715186897700e-02	0.0000000000000000e+00	3.9705253632634893e+04
1.9181168479417698e-02	0.0000000000000000e+00	3.9774513782952999e+04
1.9198621771937600e-02	0.0000000000000000e+00	4.0157153207329269e+04
1.9216075064457602e-02	0.0000000000000000e+00	4.0625035589982981e+04
1.9233528356977499e-02	0.0000000000000000e+00	4.1063447771164159e+04
1.9250981649497501e-02	0.0000000000000000e+00	4.1392336950278848e+04
1.9268434942017399e-02	0.0000000000000000e+00	4.1551206104603611e+04
1.9285888234537300e-02	0.0000000000000000e+00	4.1515620461748418e+04
1.9303341527057299e-02	0.0000000000000000e+00	4.1281072281013388e+04
1.9320794819577200e-02	0.0000000000000000e+00	4.0839974951932767e+04
1.9338248112097198e-02	0.0000000000000000e+00	4.0107845505601166e+04
1.9355701404617100e-02	0.0000000000000000e+00	3.9691230020085961e+04
1.9373154697137102e-02	0.0000000000000000e+00	3.9691230020085961e+04
1.9390607989656999e-02	0.0000000000000000e+00	3.9691230020085961e+04
1.9408061282176901e-02	0.0000000000000000e+00	3.9691230020085961e+04
1.9425514574696899e-02	0.0000000000000000e+00	3.9691230020085961e+04
1.9442967867216800e-02	0.0000000000000000e+00	3.9691230020085961e+04
1.9460421159736799e-02	0.0000000000000000e+00	4.0221115183192524e+04
1.9477874452256700e-02	0.0000000000000000e+00	4.1283218805510864e+04
1.9495327744776698e-02	0.0000000000000000e+00	4.2124458741773233e+04
1.9512781037296600e-02	0.0000000000000000e+00	4.2682930083985302e+04
1.9530234329816501e-02	0.0000000000000000e+00	4.3014492655902883e+04
1.9547687622336499e-02	0.0000000000000000e+00	4.3154533334034575e+04
1.9565140914856401e-02	0.0000000000000000e+00	3.9691230020085961e+04
1.9582594207376399e-02	0.0000000000000000e+00	3.9691230020085961e+04
1.9600047499896300e-02	0.0000000000000000e+00	3.9691230020085961e+04
1.9617500792416299e-02	0.0000000000000000e+00	3.9691230020085961e+04
1.9634954084936200e-02	0.0000000000000000e+00	3.9691230020085961e+04
1.9652407377456101e-02	0.0000000000000000e+00	3.9691230020085961e+04
1.9669860669976100e-02	0.0000000000000000e+00	3.9691230020085961e+04
1.9687313962496001e-02	0.0000000000000000e+00	3.9691230020085961e+04
1.9704767255015999e-02	0.0000000000000000e+00	3.9691230020085961e+04
1.9722220547535901e-02	0.0000000000000000e+00	3.9691230020085961e+04
1.9739673840055899e-02	0.0000000000000000e+00	3.9691230020085961e+04
1.9757127132575800e-02	0.0000000000000000e+00	3.9691230020085961e+04
1.9774580425095799e-02	0.0000000000000000e+00	3.9691230020085961e+04
1.9792033717615700e-02	0.0000000000000000e+00	3.9691230020085961e+04
1.9809487010135601e-02	0.0000000000000000e+00	3.9691230020085961e+04
1.9826940302655600e-02	0.0000000000000000e+00	3.9691230020085961e+04
1.9844393595175501e-02	0.0000000000000000e+00	3.9691230020085961e+04
1.9861846887695499e-02	0.0000000000000000e+00	3.9691230020085961e+04
1.9879300180215401e-02	0.0000000000000000e+00	3.9691230020085961e+04
1.9896753472735399e-02	0.0000000000000000e+00	3.9691230020085961e+04
1.9914206765255300e-02	0.0000000000000000e+00	3.9691230020085961e+04
1.9931660057775202e-02	0.0000000000000000e+00	3.9691230020085961e+04
1.9949113350295200e-02	0.0000000000000000e+00	3.9691230020085961e+04
1.9966566642815101e-02	0.0000000000000000e+00	3.9691230020085961e+04
1.9984019935335100e-02	0.0000000000000000e+00	3.9691230020085961e+04
2.0001473227855001e-02	0.0000000000000000e+00	3.9691230020085961e+04
2.0018926520374999e-02	0.0000000000000000e+00	3.9691230020085961e+04
2.0036379812894901e-02	0.0000000000000000e+00	3.9691230020085961e+04
2.0053833105414798e-02	0.0000000000000000e+00	3.9691230020085961e+04
2.0071286397934800e-02	0.0000000000000000e+00	3.9691230020085961e+04
2.0088739690454702e-02	0.0000000000000000e+00	3.9691230020085961e+04
2.0106192982974700e-02	0.0000000000000000e+00	3.9691230020085961e+04
2.0123646275494601e-02	0.0000000000000000e+00	3.9691230020085961e+04
2.0141099568014600e-02	0.0000000000000000e+00	3.9691230020085961e+04
2.0158552860534501e-02	0.0000000000000000e+00	3.9691230020085961e+04
2.0176006153054399e-02	0.0000000000000000e+00	3.9691230020085961e+04
2.0193459445574401e-02	0.0000000000000000e+00	3.9691230020085961e+04
2.0210912738094299e-02	0.0000000000000000e+00	3.9691230020085961e+04
2.0228366030614300e-02	0.0000000000000000e+00	3.9691230020085961e+04
2.0245819323134202e-02	0.0000000000000000e+00	3.9691230020085983e+04
2.0263272615654200e-02	0.0000000000000000e+00	3.9691230020085961e+04
2.0280725908174101e-02	0.0000000000000000e+00	3.9691230020085961e+04
2.0298179200694100e-02	0.0000000000000000e+00	3.9691230020085961e+04
2.0315632493214001e-02	0.0000000000000000e+00	3.9691230020085961e+04
2.0333085785733899e-02	0.0000000000000000e+00	3.9691230020085961e+04
2.0350539078253901e-02	0.0000000000000000e+00	3.9694598741026959e+04
2.0367992370773799e-02	0.0000000000000000e+00	3.9702576644240100e+04
2.0385445663293800e-02	0.0000000000000000e+00	3.9691230020085961e+04
2.0402898955813702e-02	0.0000000000000000e+00	3.9691230020085961e+04
2.0420352248333700e-02	0.0000000000000000e+00	3.9691230020085961e+04
2.0437805540853601e-02	0.0000000000000000e+00	3.9691230020085961e+04
2.0455258833373499e-02	0.0000000000000000e+00	3.9691230020085961e+04
2.0472712125893501e-02	0.0000000000000000e+00	3.9691230020085961e+04
2.0490165418413399e-02	0.0000000000000000e+00	3.9691230020085961e+04
2.0507618710933401e-02	0.0000000000000000e+00	3.9740995045341348e+04
2.0525072003453299e-02	0.0000000000000000e+00	3.9794817688055489e+04
2.0542525295973300e-02	0.0000000000000000e+00	3.9820578609047683e+04
2.0559978588493202e-02	0.0000000000000000e+00	3.9810451092566851e+04
2.0577431881013099e-02	0.0000000000000000e+00	3.9787755052467488e+04
2.0594885173533101e-02	0.0000000000000000e+00	3.9775105759714832e+04
2.0612338466052999e-02	0.0000000000000000e+00	3.9788925170478367e+04
2.0629791758573001e-02	0.0000000000000000e+00	3.9848266455663928e+04
2.0647245051092899e-02	0.0000000000000000e+00	3.9958451427707063e+04
2.0664698343612901e-02	0.0000000000000000e+00	4.0055229356207463e+04
2.0682151636132799e-02	0.0000000000000000e+00	4.0112640991464716e+04
2.0699604928652700e-02	0.0000000000000000e+00	4.0148619900594000e+04
2.0717058221172702e-02	0.0000000000000000e+00	4.0166347793013207e+04
2.0734511513692599e-02	0.0000000000000000e+00	4.0157992153111532e+04
2.0751964806212601e-02	0.0000000000000000e+00	4.0103996085658822e+04
2.0769418098732499e-02	0.0000000000000000e+00	3.9997864578646288e+04
2.0786871391252501e-02	0.0000000000000000e+00	3.9903255291866051e+04
2.0804324683772399e-02	0.0000000000000000e+00	3.9868143761533072e+04
2.0821777976292300e-02	0.0000000000000000e+00	3.9880227253552170e+04
2.0839231268812299e-02	0.0000000000000000e+00	3.9930959835548478e+04
2.0856684561332200e-02	0.0000000000000000e+00	4.0005520073630294e+04
2.0874137853852202e-02	0.0000000000000000e+00	4.0067278079983451e+04
2.0891591146372099e-02	0.0000000000000000e+00	4.0075981466974728e+04
2.0909044438892101e-02	0.0000000000000000e+00	4.0015866346258415e+04
2.0926497731411999e-02	0.0000000000000000e+00	3.9911042695820535e+04
2.0943951023932001e-02	0.0000000000000000e+00	3.9807663224534655e+04
