0.0000000000000000e+00	0.0000000000000000e+00	0.0000000000000000e+00
1.7453292519943300e-05	0.0000000000000000e+00	4.2355321804889157e-07
3.4906585039886600e-05	0.0000000000000000e+00	7.3657116087325059e-07
5.2359877559829903e-05	0.0000000000000000e+00	7.5272380015492524e-07
6.9813170079773199e-05	0.0000000000000000e+00	3.2235761351570580e-07
8.7266462599716496e-05	0.0000000000000000e+00	4.7169874165323145e-07
1.0471975511966000e-04	0.0000000000000000e+00	1.2057340115553122e-06
1.2217304763960301e-04	0.0000000000000000e+00	1.3539762005517625e-06
1.3962634015954599e-04	0.0000000000000000e+00	4.7112511136412905e-07
1.5707963267949001e-04	0.0000000000000000e+00	1.7020810181150869e-06
1.7453292519943299e-04	0.0000000000000000e+00	4.6733625749372648e-06
1.9198621771937600e-04	0.0000000000000000e+00	7.5645211548378694e-06
2.0943951023931999e-04	0.0000000000000000e+00	9.7344241250726937e-06
2.2689280275926300e-04	0.0000000000000000e+00	1.0697097737454031e-05
2.4434609527920601e-04	0.0000000000000000e+00	1.0323599583347831e-05
2.6179938779914903e-04	0.0000000000000000e+00	8.8413067296268244e-06
2.7925268031909301e-04	0.0000000000000000e+00	6.8258379487574905e-06
2.9670597283903603e-04	0.0000000000000000e+00	5.1391864480613419e-06
3.1415926535897898e-04	0.0000000000000000e+00	4.6047223058523490e-06
3.3161255787892303e-04	0.0000000000000000e+00	5.2976825680693673e-06
3.4906585039886598e-04	0.0000000000000000e+00	6.3250290698729783e-06
3.6651914291880900e-04	0.0000000000000000e+00	6.7408716592255724e-06
3.8397243543875201e-04	0.0000000000000000e+00	5.9586828306344014e-06
4.0142572795869599e-04	0.0000000000000000e+00	3.6003832544276304e-06
4.1887902047863901e-04	0.0000000000000000e+00	4.3731949183820062e-07
4.3633231299858202e-04	0.0000000000000000e+00	5.5376395761731756e-06
4.5378560551852601e-04	0.0000000000000000e+00	9.7534721225246007e-06
4.7123889803846902e-04	0.0000000000000000e+00	1.0930305965993134e-05
4.8869219055841203e-04	0.0000000000000000e+00	7.8257539965764789e-06
5.0614548307835602e-04	0.0000000000000000e+00	9.5132157183243360e-07
5.2359877559829903e-04	0.0000000000000000e+00	7.4504089613205288e-06
5.4105206811824204e-04	0.0000000000000000e+00	1.5189787273141298e-05
5.5850536063818505e-04	0.0000000000000000e+00	1.9557617098063529e-05
5.7595865315812904e-04	0.0000000000000000e+00	1.8582206307045726e-05
5.9341194567807205e-04	0.0000000000000000e+00	1.3395325138991498e-05
6.1086523819801496e-04	0.0000000000000000e+00	6.3676850750142566e-06
6.2831853071795905e-04	0.0000000000000000e+00	2.2511213659398566e-06
6.4577182323790196e-04	0.0000000000000000e+00	1.0629994066297874e-05
6.6322511575784497e-04	0.0000000000000000e+00	1.5527110676198663e-05
6.8067840827778798e-04	0.0000000000000000e+00	1.4655626522974696e-05
6.9813170079773197e-04	0.0000000000000000e+00	8.8300378373977473e-06
7.1558499331767498e-04	0.0000000000000000e+00	9.1308137693313363e-05
7.3303828583761799e-04	0.0000000000000000e+00	1.7485393361922792e-04
7.5049157835756198e-04	0.0000000000000000e+00	2.1162427499809254e-04
7.6794487087750499e-04	0.0000000000000000e+00	1.8185534496602436e-04
7.8539816339744800e-04	0.0000000000000000e+00	1.0805288387737144e-04
8.0285145591739199e-04	0.0000000000000000e+00	2.6455378373509489e-05
8.2030474843733500e-04	0.0000000000000000e+00	2.3278525388571031e-05
8.3775804095727801e-04	0.0000000000000000e+00	8.4143134207008419e-06
8.5521133347722102e-04	0.0000000000000000e+00	5.1347783357883967e-05
8.7266462599716501e-04	0.0000000000000000e+00	1.1138852271806547e-04
8.9011791851710802e-04	0.0000000000000000e+00	1.5404679844401373e-04
9.0757121103705104e-04	0.0000000000000000e+00	1.6573309487661302e-04
9.2502450355699502e-04	0.0000000000000000e+00	1.2753121024293435e-04
9.4247779607693804e-04	0.0000000000000000e+00	6.3569596777644094e-05
9.5993108859688105e-04	0.0000000000000000e+00	1.0988472209818093e-05
9.7738438111682406e-04	0.0000000000000000e+00	2.0838660914564849e-05
9.9483767363676805e-04	0.0000000000000000e+00	3.0147881185441788e-05
1.0122909661567101e-03	0.0000000000000000e+00	1.4303638323156717e-05
1.0297442586766500e-03	0.0000000000000000e+00	2.1439751582214700e-05
1.0471975511966000e-03	0.0000000000000000e+00	5.5139975472110261e-05
1.0646508437165401e-03	0.0000000000000000e+00	4.6373387983144471e-05
1.0821041362364800e-03	0.0000000000000000e+00	8.8103548441537810e-06
1.0995574287564300e-03	0.0000000000000000e+00	6.9978467811948955e-05
1.1170107212763701e-03	0.0000000000000000e+00	8.9713593938105241e-05
1.1344640137963100e-03	0.0000000000000000e+00	6.4601341289934749e-05
1.1519173063162600e-03	0.0000000000000000e+00	1.7379764592921620e-05
1.1693705988361999e-03	0.0000000000000000e+00	1.0900715142606043e-05
1.1868238913561400e-03	0.0000000000000000e+00	1.7347057255940462e-06
1.2042771838760900e-03	0.0000000000000000e+00	1.2661285138555745e-07
1.2217304763960299e-03	0.0000000000000000e+00	2.1929999887976628e-05
1.2391837689159700e-03	0.0000000000000000e+00	3.0942564200419839e-05
1.2566370614359201e-03	0.0000000000000000e+00	2.0418434174948943e-05
1.2740903539558599e-03	0.0000000000000000e+00	8.5058491270493738e-05
1.2915436464758000e-03	0.0000000000000000e+00	8.2535958915341129e-05
1.3089969389957501e-03	0.0000000000000000e+00	4.8031515504953423e-05
1.3264502315156899e-03	0.0000000000000000e+00	4.0491608345641361e-05
1.3439035240356300e-03	0.0000000000000000e+00	3.7565033215388594e-05
1.3613568165555801e-03	0.0000000000000000e+00	2.7071056859846732e-05
1.3788101090755199e-03	0.0000000000000000e+00	4.7769181975706662e-05
1.3962634015954600e-03	0.0000000000000000e+00	1.2324998058445800e-04
1.4137166941154101e-03	0.0000000000000000e+00	6.5895170425513995e-04
1.4311699866353500e-03	0.0000000000000000e+00	1.4393235924605990e-03
1.4486232791552900e-03	0.0000000000000000e+00	2.2130909829898770e-03
1.4660765716752401e-03	0.0000000000000000e+00	2.5077089191223000e-03
1.4835298641951800e-03	0.0000000000000000e+00	2.5107311703591005e-03
1.5009831567151201e-03	0.0000000000000000e+00	1.9960077519764058e-03
1.5184364492350699e-03	0.0000000000000000e+00	2.4836709743255008e-03
1.5358897417550100e-03	0.0000000000000000e+00	2.4812530518191003e-03
1.5533430342749501e-03	0.0000000000000000e+00	2.4791897960515005e-03
1.5707963267948999e-03	0.0000000000000000e+00	2.4775500757497002e-03
1.5882496193148400e-03	0.0000000000000000e+00	2.4763948810516013e-03
1.6057029118347801e-03	0.0000000000000000e+00	2.4757753071956001e-03
1.6231562043547299e-03	0.0000000000000000e+00	2.4757307233474000e-03
1.6406094968746700e-03	0.0000000000000000e+00	2.4762871889777004e-03
1.6580627893946101e-03	0.0000000000000000e+00	2.4774561726272001e-03
1.6755160819145599e-03	0.0000000000000000e+00	5.3054558417302278e-04
1.6929693744345000e-03	0.0000000000000000e+00	1.6705207900627357e-03
1.7104226669544401e-03	0.0000000000000000e+00	7.3934420368989250e-04
1.7278759594743899e-03	0.0000000000000000e+00	2.4879353070700015e-03
1.7453292519943300e-03	0.0000000000000000e+00	2.4917861466897014e-03
1.7627825445142699e-03	0.0000000000000000e+00	2.4959889177376005e-03
1.7802358370342200e-03	0.0000000000000000e+00	2.5004505013911799e-03
1.7976891295541600e-03	0.0000000000000000e+00	2.5050676216450511e-03
1.8151424220740999e-03	0.0000000000000000e+00	2.5097292028901912e-03
1.8325957145940500e-03	0.0000000000000000e+00	2.5143190300126912e-03
1.8500490071139900e-03	0.0000000000000000e+00	2.5187186077066902e-03
1.8675022996339299e-03	0.0000000000000000e+00	2.5228101720330305e-03
1.8849555921538800e-03	0.0000000000000000e+00	2.5264797736589406e-03
1.9024088846738201e-03	0.0000000000000000e+00	2.5296203501440004e-03
1.9198621771937599e-03	0.0000000000000000e+00	2.5321347111471708e-03
1.9373154697137100e-03	0.0000000000000000e+00	2.5339383557922614e-03
1.9547687622336499e-03	0.0000000000000000e+00	2.5349620469812800e-03
1.9722220547535902e-03	0.0000000000000000e+00	2.5351540715043610e-03
1.9896753472735400e-03	0.0000000000000000e+00	2.5344821216597407e-03
2.0071286397934799e-03	0.0000000000000000e+00	2.5329347375899602e-03
2.0245819323134202e-03	0.0000000000000000e+00	2.5305222702884100e-03
2.0420352248333700e-03	0.0000000000000000e+00	2.5272773184936304e-03
2.0594885173533099e-03	0.0000000000000000e+00	2.5232546034183907e-03
2.0769418098732502e-03	0.0000000000000000e+00	2.5185302916746199e-03
2.0943951023932000e-03	0.0000000000000000e+00	2.5132007443395676e-03
2.1118483949131399e-03	0.0000000000000000e+00	2.4926192859173295e-03
2.1293016874330802e-03	0.0000000000000000e+00	2.4987990363079995e-03
2.1467549799530201e-03	0.0000000000000000e+00	2.5051945503681006e-03
2.1642082724729699e-03	0.0000000000000000e+00	2.4883480387007002e-03
2.1816615649929102e-03	0.0000000000000000e+00	2.4819888390755010e-03
2.1991148575128501e-03	0.0000000000000000e+00	2.4758902567350010e-03
2.2165681500327999e-03	0.0000000000000000e+00	2.4702128470870006e-03
2.2340214425527402e-03	0.0000000000000000e+00	2.4651110758831009e-03
2.2514747350726801e-03	0.0000000000000000e+00	2.4607291047855015e-03
2.2689280275926299e-03	0.0000000000000000e+00	2.4571967164490009e-03
2.2863813201125698e-03	0.0000000000000000e+00	2.5453744977229995e-03
2.3038346126325101e-03	0.0000000000000000e+00	2.5468945699810997e-03
2.3212879051524599e-03	0.0000000000000000e+00	2.5472980984052995e-03
2.3387411976723998e-03	0.0000000000000000e+00	2.5465465980139008e-03
2.3561944901923401e-03	0.0000000000000000e+00	2.5446301776454010e-03
2.3736477827122899e-03	0.0000000000000000e+00	2.5415684846434999e-03
2.3911010752322298e-03	0.0000000000000000e+00	2.5374108603229001e-03
2.4085543677521701e-03	0.0000000000000000e+00	2.5322356963200995e-03
2.4260076602721200e-03	0.0000000000000000e+00	2.5261489884934006e-03
2.4434609527920598e-03	0.0000000000000000e+00	2.5192821812170009e-03
2.4609142453120001e-03	0.0000000000000000e+00	2.5117892528512004e-03
2.4783675378319500e-03	0.0000000000000000e+00	2.5038431030357002e-03
2.4958208303518898e-03	0.0000000000000000e+00	2.4956315263980604e-03
2.5132741228718301e-03	0.0000000000000000e+00	2.4873526956895702e-03
2.5307274153917800e-03	0.0000000000000000e+00	2.4792102837326701e-03
2.5481807079117198e-03	0.0000000000000000e+00	2.4714084307119900e-03
2.5656340004316601e-03	0.0000000000000000e+00	2.4641466231202398e-03
2.5830872929516100e-03	0.0000000000000000e+00	2.4576146253273996e-03
2.6005405854715499e-03	0.0000000000000000e+00	2.4519875943364508e-03
2.6179938779914902e-03	0.0000000000000000e+00	2.4474214891857006e-03
2.6354471705114400e-03	0.0000000000000000e+00	2.4440488871866305e-03
2.6529004630313799e-03	0.0000000000000000e+00	2.4419753101382405e-03
2.6703537555513202e-03	0.0000000000000000e+00	2.4412761454640896e-03
2.6878070480712700e-03	0.0000000000000000e+00	2.4419942510448302e-03
2.7052603405912099e-03	0.0000000000000000e+00	2.4441383024699694e-03
2.7227136331111502e-03	0.0000000000000000e+00	2.4476819054013495e-03
2.7401669256311000e-03	0.0000000000000000e+00	2.4525635773935909e-03
2.7576202181510399e-03	0.0000000000000000e+00	2.4586875464954507e-03
2.7750735106709802e-03	0.0000000000000000e+00	2.4659254180407607e-03
2.7925268031909300e-03	0.0000000000000000e+00	2.4741186483724503e-03
2.8099800957108699e-03	0.0000000000000000e+00	2.4830818479144798e-03
2.8274333882308102e-03	0.0000000000000000e+00	2.4926068389919502e-03
2.8448866807507600e-03	0.0000000000000000e+00	2.5024673483598006e-03
2.8623399732706999e-03	0.0000000000000000e+00	2.5124243170747997e-03
2.8797932657906402e-03	0.0000000000000000e+00	2.5222316806097003e-03
2.8972465583105901e-03	0.0000000000000000e+00	2.5316424756660003e-03
2.9146998508305299e-03	0.0000000000000000e+00	2.5404151454677011e-03
2.9321531433504698e-03	0.0000000000000000e+00	2.5483198683451010e-03
2.9496064358704201e-03	0.0000000000000000e+00	2.5551447342111004e-03
2.9670597283903599e-03	0.0000000000000000e+00	2.5607015938474004e-03
2.9845130209102998e-03	0.0000000000000000e+00	2.5648314015691998e-03
3.0019663134302501e-03	0.0000000000000000e+00	2.5674088781666004e-03
3.0194196059501899e-03	0.0000000000000000e+00	2.5683463426912998e-03
3.0368728984701298e-03	0.0000000000000000e+00	2.5675965837321998e-03
3.0543261909900801e-03	0.0000000000000000e+00	2.5651546650807995e-03
3.0717794835100200e-03	0.0000000000000000e+00	2.5610586118243010e-03
3.0892327760299598e-03	0.0000000000000000e+00	2.5553889477642009e-03
3.1066860685499101e-03	0.0000000000000000e+00	2.5482670227205996e-03
3.1241393610698500e-03	0.0000000000000000e+00	2.5398523094062996e-03
3.1415926535897898e-03	0.0000000000000000e+00	2.5303386058751001e-03
3.1590459461097401e-03	0.0000000000000000e+00	2.5199494336857007e-03
3.1764992386296800e-03	0.0000000000000000e+00	2.5089325082050997e-03
3.1939525311496198e-03	0.0000000000000000e+00	2.4975536276243410e-03
3.2114058236695701e-03	0.0000000000000000e+00	2.4860901995665107e-03
3.2288591161895100e-03	0.0000000000000000e+00	2.4748243626459103e-03
3.2463124087094499e-03	0.0000000000000000e+00	2.4640360093892300e-03
3.2637657012294001e-03	0.0000000000000000e+00	2.4539958932941197e-03
3.2812189937493400e-03	0.0000000000000000e+00	2.4449589234066399e-03
3.2986722862692799e-03	0.0000000000000000e+00	2.4371578371920905e-03
3.3161255787892301e-03	0.0000000000000000e+00	2.4307973811621697e-03
3.3335788713091700e-03	0.0000000000000000e+00	2.4260491343465699e-03
3.3510321638291099e-03	0.0000000000000000e+00	2.4230470817664107e-03
3.3684854563490602e-03	0.0000000000000000e+00	2.4218840272315096e-03
3.3859387488690000e-03	0.0000000000000000e+00	2.4226089550199101e-03
3.4033920413889399e-03	0.0000000000000000e+00	2.4252253730785798e-03
3.4208453339088902e-03	0.0000000000000000e+00	2.4296906731351101e-03
3.4382986264288300e-03	0.0000000000000000e+00	2.4359165682469996e-03
3.4557519189487699e-03	0.0000000000000000e+00	2.4437706530722903e-03
3.4732052114687202e-03	0.0000000000000000e+00	2.4530789418917408e-03
3.4906585039886600e-03	0.0000000000000000e+00	2.4636295001627603e-03
3.5081117965085999e-03	0.0000000000000000e+00	2.4751770201634094e-03
3.5255650890285502e-03	0.0000000000000000e+00	2.4779469887003074e-03
3.5430183815484901e-03	0.0000000000000000e+00	2.4735248193695943e-03
3.5604716740684299e-03	0.0000000000000000e+00	2.4746370770014365e-03
3.5779249665883698e-03	0.0000000000000000e+00	2.4902014394944331e-03
3.5953782591083201e-03	0.0000000000000000e+00	2.5199729695625193e-03
3.6128315516282599e-03	0.0000000000000000e+00	2.5489981046133009e-03
3.6302848441482102e-03	0.0000000000000000e+00	2.5591829948677005e-03
3.6477381366681501e-03	0.0000000000000000e+00	2.5679943833666011e-03
3.6651914291880900e-03	0.0000000000000000e+00	2.5751989325066005e-03
3.6826447217080398e-03	0.0000000000000000e+00	2.5806016031509997e-03
3.7000980142279801e-03	0.0000000000000000e+00	2.5840511950208003e-03
3.7175513067479200e-03	0.0000000000000000e+00	2.5795471066614537e-03
3.7350045992678598e-03	0.0000000000000000e+00	2.5712156567744256e-03
3.7524578917878101e-03	0.0000000000000000e+00	2.5658869194748624e-03
3.7699111843077500e-03	0.0000000000000000e+00	2.5770394467465995e-03
3.7873644768276998e-03	0.0000000000000000e+00	2.5702244374841005e-03
3.8048177693476401e-03	0.0000000000000000e+00	2.5616225066339999e-03
3.8222710618675800e-03	0.0000000000000000e+00	2.5514363238491010e-03
3.8397243543875199e-03	0.0000000000000000e+00	2.5399092357120002e-03
3.8571776469074701e-03	0.0000000000000000e+00	2.5273191350390998e-03
3.8746309394274100e-03	0.0000000000000000e+00	2.5139714194206998e-03
3.8920842319473499e-03	0.0000000000000000e+00	2.5001913457438005e-03
3.9095375244672997e-03	0.0000000000000000e+00	2.4863159058182410e-03
3.9269908169872400e-03	0.0000000000000000e+00	2.4343949037554137e-03
3.9444441095071803e-03	0.0000000000000000e+00	2.3943949698162457e-03
3.9618974020271302e-03	0.0000000000000000e+00	2.4313029339250291e-03
3.9793506945470696e-03	0.0000000000000000e+00	2.4365480994486509e-03
3.9968039870670099e-03	0.0000000000000000e+00	2.4270850689189997e-03
4.0142572795869597e-03	0.0000000000000000e+00	2.4193392918016709e-03
4.0317105721069000e-03	0.0000000000000000e+00	2.4135090613934002e-03
4.0491638646268403e-03	0.0000000000000000e+00	2.4097473109721407e-03
4.0666171571467902e-03	0.0000000000000000e+00	2.4081577928022901e-03
4.0840704496667296e-03	0.0000000000000000e+00	2.4087923525314310e-03
4.1015237421866699e-03	0.0000000000000000e+00	2.4116493889997700e-03
4.1189770347066198e-03	0.0000000000000000e+00	2.3067748328746644e-03
4.1364303272265601e-03	0.0000000000000000e+00	2.0780328394167380e-03
4.1538836197465004e-03	0.0000000000000000e+00	1.9536036112215681e-03
4.1713369122664502e-03	0.0000000000000000e+00	1.9230951564874702e-03
4.1887902047863896e-03	0.0000000000000000e+00	1.9781522924794681e-03
4.2062434973063299e-03	0.0000000000000000e+00	1.8494292937199282e-03
4.2236967898262798e-03	0.0000000000000000e+00	1.7216088873496429e-03
4.2411500823462201e-03	0.0000000000000000e+00	1.5953742424381235e-03
4.2586033748661604e-03	0.0000000000000000e+00	1.5119698582723422e-03
4.2760566673861102e-03	0.0000000000000000e+00	1.6624628102201704e-03
4.2935099599060497e-03	0.0000000000000000e+00	1.3551501302280222e-03
4.3109632524259900e-03	0.0000000000000000e+00	1.0887068962235329e-03
4.3284165449459398e-03	0.0000000000000000e+00	9.5221893407902020e-04
4.3458698374658801e-03	0.0000000000000000e+00	8.2001193284518895e-04
4.3633231299858204e-03	0.0000000000000000e+00	6.8625901339170771e-04
4.3807764225057702e-03	0.0000000000000000e+00	5.5049873816980302e-04
4.3982297150257097e-03	0.0000000000000000e+00	4.1255041215856013e-04
4.4156830075456500e-03	0.0000000000000000e+00	2.7237718018167066e-04
4.4331363000655998e-03	0.0000000000000000e+00	1.3099491865042195e-04
4.4505895925855401e-03	0.0000000000000000e+00	1.3296873179066346e-04
4.4680428851054804e-03	0.0000000000000000e+00	2.5868857652121997e-03
4.4854961776254303e-03	0.0000000000000000e+00	2.5793623947577005e-03
4.5029494701453697e-03	0.0000000000000000e+00	2.5698389846625005e-03
4.5204027626653100e-03	0.0000000000000000e+00	2.5585472904710010e-03
4.5378560551852598e-03	0.0000000000000000e+00	1.8180152930831507e-03
4.5553093477052001e-03	0.0000000000000000e+00	2.2510067187141158e-04
4.5727626402251396e-03	0.0000000000000000e+00	2.5170020118582999e-03
4.5902159327450903e-03	0.0000000000000000e+00	2.5017302445042005e-03
4.6076692252650297e-03	0.0000000000000000e+00	2.4863601502671199e-03
4.6251225177849700e-03	0.0000000000000000e+00	2.4712686679642607e-03
4.6425758103049199e-03	0.0000000000000000e+00	2.4568258222461403e-03
4.6600291028248602e-03	0.0000000000000000e+00	2.4433858014314309e-03
4.6774823953447996e-03	0.0000000000000000e+00	2.4312785306827497e-03
4.6949356878647503e-03	0.0000000000000000e+00	2.4208018617712605e-03
4.7123889803846897e-03	0.0000000000000000e+00	2.4122145626715510e-03
4.7298422729046300e-03	0.0000000000000000e+00	2.4057302332656898e-03
4.7472955654245799e-03	0.0000000000000000e+00	2.4015122711483206e-03
4.7647488579445202e-03	0.0000000000000000e+00	2.3996699648788904e-03
4.7822021504644596e-03	0.0000000000000000e+00	2.4002558011498396e-03
4.7996554429844103e-03	0.0000000000000000e+00	2.4032640509790808e-03
4.8171087355043498e-03	0.0000000000000000e+00	2.5913693988628902e-03
4.8345620280242901e-03	0.0000000000000000e+00	2.5837658784287013e-03
4.8520153205442399e-03	0.0000000000000000e+00	2.5741014076241416e-03
4.8694686130641802e-03	0.0000000000000000e+00	1.4781226322085200e-04
4.8869219055841196e-03	0.0000000000000000e+00	2.4504563591517953e-03
4.9043751981040704e-03	0.0000000000000000e+00	2.4647637531967099e-03
4.9218284906240098e-03	0.0000000000000000e+00	2.4799736226593910e-03
4.9392817831439501e-03	0.0000000000000000e+00	1.9061197878222601e-03
4.9567350756638999e-03	0.0000000000000000e+00	6.2335995554067304e-04
4.9741883681838402e-03	0.0000000000000000e+00	1.1805581803951658e-03
4.9916416607037797e-03	0.0000000000000000e+00	2.2844216000102221e-03
5.0090949532237304e-03	0.0000000000000000e+00	2.4437494206229014e-03
5.0265482457436698e-03	0.0000000000000000e+00	2.4311155504025007e-03
5.0440015382636101e-03	0.0000000000000000e+00	2.4201647339676009e-03
5.0614548307835600e-03	0.0000000000000000e+00	2.4111760985991004e-03
5.0789081233035003e-03	0.0000000000000000e+00	2.4043802369169004e-03
5.0963614158234397e-03	0.0000000000000000e+00	2.3999529140503011e-03
5.1138147083433904e-03	0.0000000000000000e+00	2.3980101811420015e-03
5.1312680008633298e-03	0.0000000000000000e+00	2.3986052692316004e-03
5.1487212933832701e-03	0.0000000000000000e+00	2.4017270275933002e-03
5.1661745859032200e-03	0.0000000000000000e+00	2.4073002655673002e-03
5.1836278784231603e-03	0.0000000000000000e+00	2.4151878816914014e-03
5.2010811709430997e-03	0.0000000000000000e+00	2.4251944914068010e-03
5.2185344634630504e-03	0.0000000000000000e+00	2.4370717466284005e-03
5.2359877559829899e-03	0.0000000000000000e+00	2.4505250293346010e-03
5.2534410485029302e-03	0.0000000000000000e+00	2.4652211171761005e-03
5.2708943410228696e-03	0.0000000000000000e+00	2.4807967968244003e-03
5.2883476335428203e-03	0.0000000000000000e+00	2.4968680896504010e-03
5.3058009260627597e-03	0.0000000000000000e+00	2.5130398937121910e-03
5.3232542185827000e-03	0.0000000000000000e+00	2.5289156672188007e-03
5.3407075111026499e-03	0.0000000000000000e+00	2.5441070288678511e-03
5.3581608036225902e-03	0.0000000000000000e+00	2.5582430640989501e-03
5.3756140961425296e-03	0.0000000000000000e+00	2.5709790751258701e-03
5.3930673886624803e-03	0.0000000000000000e+00	2.5820046403796908e-03
5.4105206811824198e-03	0.0000000000000000e+00	2.5910508152727912e-03
5.4279739737023601e-03	0.0000000000000000e+00	2.5978963404468900e-03
5.4454272662223099e-03	0.0000000000000000e+00	2.6023727494974905e-03
5.4628805587422502e-03	0.0000000000000000e+00	2.6043682795378800e-03
5.4803338512621896e-03	0.0000000000000000e+00	2.6038305284604799e-03
5.4977871437821403e-03	0.0000000000000000e+00	2.6007677982877904e-03
5.5152404363020798e-03	0.0000000000000000e+00	2.5952490819420703e-03
5.5326937288220201e-03	0.0000000000000000e+00	2.5874027128407907e-03
5.5501470213419699e-03	0.0000000000000000e+00	2.5774136544524512e-03
5.5676003138619102e-03	0.0000000000000000e+00	2.5655195469481799e-03
5.5850536063818497e-03	0.0000000000000000e+00	2.5520054087797804e-03
5.6025068989018004e-03	0.0000000000000000e+00	1.4973970585586728e-03
5.6199601914217398e-03	0.0000000000000000e+00	4.4185397067152132e-04
5.6374134839416801e-03	0.0000000000000000e+00	6.1423816828148382e-04
5.6548667764616299e-03	0.0000000000000000e+00	1.6704755968254426e-03
5.6723200689815702e-03	0.0000000000000000e+00	2.5274677601286009e-03
5.6897733615015097e-03	0.0000000000000000e+00	2.5429954722523008e-03
5.7072266540214604e-03	0.0000000000000000e+00	2.5574765972898005e-03
5.7246799465413998e-03	0.0000000000000000e+00	2.5705476073717010e-03
5.7421332390613401e-03	0.0000000000000000e+00	2.5818788977240003e-03
5.7595865315812900e-03	0.0000000000000000e+00	2.5911835962965004e-03
5.7770398241012303e-03	0.0000000000000000e+00	2.5982252868186999e-03
5.7944931166211697e-03	0.0000000000000000e+00	2.6028244421025994e-03
5.8119464091411204e-03	0.0000000000000000e+00	2.6048633050516998e-03
5.8293997016610598e-03	0.0000000000000000e+00	2.6042890053579008e-03
5.8468529941810002e-03	0.0000000000000000e+00	2.6011150108525005e-03
5.8643062867009500e-03	0.0000000000000000e+00	2.5954206399015998e-03
5.8817595792208903e-03	0.0000000000000000e+00	2.5873487462147009e-03
5.8992128717408297e-03	0.0000000000000000e+00	2.5771018512064994e-03
5.9166661642607796e-03	0.0000000000000000e+00	2.5649365248607003e-03
5.9341194567807199e-03	0.0000000000000000e+00	2.5511564696394998e-03
5.9515727493006602e-03	0.0000000000000000e+00	2.5361045305850004e-03
5.9690260418206100e-03	0.0000000000000000e+00	2.5201538124992005e-03
5.9864793343405503e-03	0.0000000000000000e+00	2.5036981692595998e-03
6.0039326268604898e-03	0.0000000000000000e+00	2.4871423668101997e-03
6.0213859193804396e-03	0.0000000000000000e+00	2.4708921059172200e-03
6.0388392119003799e-03	0.0000000000000000e+00	2.4553442651055000e-03
6.0562925044203202e-03	0.0000000000000000e+00	2.4408774335709198e-03
6.0737457969402700e-03	0.0000000000000000e+00	2.4278430011927706e-03
6.0911990894602103e-03	0.0000000000000000e+00	2.4165570182754104e-03
6.1086523819801498e-03	0.0000000000000000e+00	2.4072929137088101e-03
6.1261056745000996e-03	0.0000000000000000e+00	2.4002752379797300e-03
6.1435589670200399e-03	0.0000000000000000e+00	2.3956745503246508e-03
6.1610122595399802e-03	0.0000000000000000e+00	2.3936034968552906e-03
6.1784655520599301e-03	0.0000000000000000e+00	2.3941142113380106e-03
6.1959188445798704e-03	0.0000000000000000e+00	2.3971970124656294e-03
6.2133721370998098e-03	0.0000000000000000e+00	2.4027804926444497e-03
6.2308254296197596e-03	0.0000000000000000e+00	2.4107329670714200e-03
6.2482787221396999e-03	0.0000000000000000e+00	2.4208652652488796e-03
6.2657320146596402e-03	0.0000000000000000e+00	2.4329348713897411e-03
6.2831853071795901e-03	0.0000000000000000e+00	2.4466512717199896e-03
6.3006385996995304e-03	0.0000000000000000e+00	2.4616825610810598e-03
6.3180918922194698e-03	0.0000000000000000e+00	2.4776631171810996e-03
6.3355451847394197e-03	0.0000000000000000e+00	2.4942021492087105e-03
6.3529984772593600e-03	0.0000000000000000e+00	2.5108930600854003e-03
6.3704517697793003e-03	0.0000000000000000e+00	2.5273234059167010e-03
6.3879050622992501e-03	0.0000000000000000e+00	2.5430851549799998e-03
6.4053583548191904e-03	0.0000000000000000e+00	2.5577850635411011e-03
6.4228116473391298e-03	0.0000000000000000e+00	2.5710548571849009e-03
6.4402649398590797e-03	0.0000000000000000e+00	2.5825609055889001e-03
6.4577182323790200e-03	0.0000000000000000e+00	2.5920130918334009e-03
6.4751715248989603e-03	0.0000000000000000e+00	2.5991725927274004e-03
6.4926248174188997e-03	0.0000000000000000e+00	2.6038583921577010e-03
6.5100781099388504e-03	0.0000000000000000e+00	2.6059521020543996e-03
6.5275314024587899e-03	0.0000000000000000e+00	2.6054011092150001e-03
6.5449846949787302e-03	0.0000000000000000e+00	2.6022199579371994e-03
6.5624379874986800e-03	0.0000000000000000e+00	2.5964897922359995e-03
6.5798912800186203e-03	0.0000000000000000e+00	2.5883559525849004e-03
6.5973445725385597e-03	0.0000000000000000e+00	2.5780239992717995e-03
6.6147978650585096e-03	0.0000000000000000e+00	2.5657539734148995e-03
6.6322511575784499e-03	0.0000000000000000e+00	2.5518533663032011e-03
6.6497044500983902e-03	0.0000000000000000e+00	2.5366690047980995e-03
6.6671577426183400e-03	0.0000000000000000e+00	2.5205780515219003e-03
6.6846110351382803e-03	0.0000000000000000e+00	2.5039783832123998e-03
6.7020643276582198e-03	0.0000000000000000e+00	2.4872786538997407e-03
6.7195176201781696e-03	0.0000000000000000e+00	2.4708882301919810e-03
6.7369709126981099e-03	0.0000000000000000e+00	2.4552073570580004e-03
6.7544242052180502e-03	0.0000000000000000e+00	2.4406176280917704e-03
6.7718774977380001e-03	0.0000000000000000e+00	2.4274730273091700e-03
6.7893307902579404e-03	0.0000000000000000e+00	2.4160917518603001e-03
6.8067840827778798e-03	0.0000000000000000e+00	2.4067489080739999e-03
6.8242373752978296e-03	0.0000000000000000e+00	2.3996702404840108e-03
6.8416906678177699e-03	0.0000000000000000e+00	2.3950270201576699e-03
6.8591439603377102e-03	0.0000000000000000e+00	2.3929321316063911e-03
6.8765972528576601e-03	0.0000000000000000e+00	2.3934374905216910e-03
6.8940505453776004e-03	0.0000000000000000e+00	2.3965327709316205e-03
6.9115038378975398e-03	0.0000000000000000e+00	2.4021455231383604e-03
6.9289571304174897e-03	0.0000000000000000e+00	2.4101426684462104e-03
6.9464104229374300e-03	0.0000000000000000e+00	2.4203333319772809e-03
6.9638637154573703e-03	0.0000000000000000e+00	2.4324730349277596e-03
6.9813170079773201e-03	0.0000000000000000e+00	2.4462690958112609e-03
6.9987703004972604e-03	0.0000000000000000e+00	2.4613872960662208e-03
7.0162235930171998e-03	0.0000000000000000e+00	2.4774596110535407e-03
7.0336768855371497e-03	0.0000000000000000e+00	2.4940928173823110e-03
7.0511301780570900e-03	0.0000000000000000e+00	2.5108779169778009e-03
7.0685834705770303e-03	0.0000000000000000e+00	2.5274001544740004e-03
7.0860367630969801e-03	0.0000000000000000e+00	2.5432493281858995e-03
7.1034900556169204e-03	0.0000000000000000e+00	2.5580302215694999e-03
7.1209433481368599e-03	0.0000000000000000e+00	2.5708369325468973e-03
7.1383966406568097e-03	0.0000000000000000e+00	2.5817284975599795e-03
7.1558499331767500e-03	0.0000000000000000e+00	2.5905542138833539e-03
7.1733032256966903e-03	0.0000000000000000e+00	2.5974183845844934e-03
7.1907565182166401e-03	0.0000000000000000e+00	2.6020076479716971e-03
7.2082098107365796e-03	0.0000000000000000e+00	2.6032883096532861e-03
7.2256631032565199e-03	0.0000000000000000e+00	2.6009715111923338e-03
7.2431163957764697e-03	0.0000000000000000e+00	2.5958331978667235e-03
7.2605696882964100e-03	0.0000000000000000e+00	2.5877361179883693e-03
7.2780229808163503e-03	0.0000000000000000e+00	2.5763622671532323e-03
7.2954762733363002e-03	0.0000000000000000e+00	2.5623724403605165e-03
7.3129295658562396e-03	0.0000000000000000e+00	2.5472626064860426e-03
7.3303828583761799e-03	0.0000000000000000e+00	2.5321023294056898e-03
7.3478361508961297e-03	0.0000000000000000e+00	2.5168270956018668e-03
7.3652894434160700e-03	0.0000000000000000e+00	2.5011568865339392e-03
7.3827427359360103e-03	0.0000000000000000e+00	2.4855652495792049e-03
7.4001960284559602e-03	0.0000000000000000e+00	2.4707183395178862e-03
7.4176493209758996e-03	0.0000000000000000e+00	2.4576030938879816e-03
7.4351026134958399e-03	0.0000000000000000e+00	2.4470833236034028e-03
7.4525559060157898e-03	0.0000000000000000e+00	2.4380906193178509e-03
7.4700091985357301e-03	0.0000000000000000e+00	2.4273758369242997e-03
7.4874624910556704e-03	0.0000000000000000e+00	2.4159531847297595e-03
7.5049157835756202e-03	0.0000000000000000e+00	2.4065748346807810e-03
7.5223690760955596e-03	0.0000000000000000e+00	2.3994669569103698e-03
7.5398223686154999e-03	0.0000000000000000e+00	2.3948010600840508e-03
7.5572756611354498e-03	0.0000000000000000e+00	2.3922097820154760e-03
7.5747289536553901e-03	0.0000000000000000e+00	2.3861726376230956e-03
7.5921822461753304e-03	0.0000000000000000e+00	2.3826616007821327e-03
7.6096355386952802e-03	0.0000000000000000e+00	2.3820826559190498e-03
7.6270888312152197e-03	0.0000000000000000e+00	2.3860567168400614e-03
7.6445421237351600e-03	0.0000000000000000e+00	2.3955457507601908e-03
7.6619954162551098e-03	0.0000000000000000e+00	2.4102015379012433e-03
7.6794487087750501e-03	0.0000000000000000e+00	2.4280203807517074e-03
7.6969020012949904e-03	0.0000000000000000e+00	2.4429134187821944e-03
7.7143552938149403e-03	0.0000000000000000e+00	2.4579998236899129e-03
7.7318085863348797e-03	0.0000000000000000e+00	2.4735468730142920e-03
7.7492618788548200e-03	0.0000000000000000e+00	2.4901741584237996e-03
7.7667151713747698e-03	0.0000000000000000e+00	2.5079588248571420e-03
7.7841684638947101e-03	0.0000000000000000e+00	2.5264970173755046e-03
7.8016217564146496e-03	0.0000000000000000e+00	2.5461822081995662e-03
7.8190750489345994e-03	0.0000000000000000e+00	2.5672408977374470e-03
7.8365283414545406e-03	0.0000000000000000e+00	2.5829686248946999e-03
7.8539816339744800e-03	0.0000000000000000e+00	2.5924887256927997e-03
7.8714349264944194e-03	0.0000000000000000e+00	2.5997011700315004e-03
7.8888882190143693e-03	0.0000000000000000e+00	2.6044243051769004e-03
7.9063415115343105e-03	0.0000000000000000e+00	2.6065395737686001e-03
7.9237948040542603e-03	0.0000000000000000e+00	2.6059946041405001e-03
7.9412480965741997e-03	0.0000000000000000e+00	2.6028045797106009e-03
7.9587013890941392e-03	0.0000000000000000e+00	2.5970516486812003e-03
7.9761546816140907e-03	0.0000000000000000e+00	2.5888824503544003e-03
7.9936079741340302e-03	0.0000000000000000e+00	2.5785040948628005e-03
8.0110612666539696e-03	0.0000000000000000e+00	2.5661783820371004e-03
8.0285145591739195e-03	0.0000000000000000e+00	2.5522146723855003e-03
8.0459678516938606e-03	0.0000000000000000e+00	2.5369617458594011e-03
8.0634211442138001e-03	0.0000000000000000e+00	2.5207987302944008e-03
8.0808744367337395e-03	0.0000000000000000e+00	2.5041254425932011e-03
8.0983277292536893e-03	0.0000000000000000e+00	2.4873523605493195e-03
8.1157810217736305e-03	0.0000000000000000e+00	2.4708905872257107e-03
8.1332343142935803e-03	0.0000000000000000e+00	2.4551419405026195e-03
8.1506876068135198e-03	0.0000000000000000e+00	2.4404893943963998e-03
8.1681408993334592e-03	0.0000000000000000e+00	2.4272881126007600e-03
8.1855941918534108e-03	0.0000000000000000e+00	2.4158572616569899e-03
8.2030474843733502e-03	0.0000000000000000e+00	2.4064726805732798e-03
8.2205007768932897e-03	0.0000000000000000e+00	2.3993606362592099e-03
8.2379540694132308e-03	0.0000000000000000e+00	2.3946926779323599e-03
8.2554073619331807e-03	0.0000000000000000e+00	2.3925817740374795e-03
8.2728606544531201e-03	0.0000000000000000e+00	2.3930796969303895e-03
8.2903139469730595e-03	0.0000000000000000e+00	2.3961758165933697e-03
8.3077672394930094e-03	0.0000000000000000e+00	2.4017971699802510e-03
8.3252205320129506e-03	0.0000000000000000e+00	2.4098100277289598e-03
8.3426738245328900e-03	0.0000000000000000e+00	2.4200227266283694e-03
8.3601271170528398e-03	0.0000000000000000e+00	2.4321898883951400e-03
8.3775804095727793e-03	0.0000000000000000e+00	2.4460178754602910e-03
8.3950337020927204e-03	0.0000000000000000e+00	2.4545306417144263e-03
8.4124869946126703e-03	0.0000000000000000e+00	2.4649640664531920e-03
8.4299402871326097e-03	0.0000000000000000e+00	2.4784718275709114e-03
8.4473935796525491e-03	0.0000000000000000e+00	2.4964320814602481e-03
8.4648468721725007e-03	0.0000000000000000e+00	2.5174488528129299e-03
8.4823001646924402e-03	0.0000000000000000e+00	2.5373631530058380e-03
8.4997534572123796e-03	0.0000000000000000e+00	2.5527544391997798e-03
8.5172067497323294e-03	0.0000000000000000e+00	2.5618429183612481e-03
8.5346600422522706e-03	0.0000000000000000e+00	2.5650824279246989e-03
8.5521133347722100e-03	0.0000000000000000e+00	2.5643965094056843e-03
8.5695666272921599e-03	0.0000000000000000e+00	2.5617104452766281e-03
8.5870199198120993e-03	0.0000000000000000e+00	2.5595521100245707e-03
8.6044732123320405e-03	0.0000000000000000e+00	2.5596392614084407e-03
8.6219265048519903e-03	0.0000000000000000e+00	2.5624049924890778e-03
8.6393797973719298e-03	0.0000000000000000e+00	2.5652523377407387e-03
8.6568330898918692e-03	0.0000000000000000e+00	2.5631492618258516e-03
8.6742863824118208e-03	0.0000000000000000e+00	2.5538663734761009e-03
8.6917396749317602e-03	0.0000000000000000e+00	2.5382142219685967e-03
8.7091929674516996e-03	0.0000000000000000e+00	2.5175855627468987e-03
8.7266462599716495e-03	0.0000000000000000e+00	2.4945923449245936e-03
8.7440995524915906e-03	0.0000000000000000e+00	2.4721042731837718e-03
8.7615528450115301e-03	0.0000000000000000e+00	2.4515017011119827e-03
8.7790061375314799e-03	0.0000000000000000e+00	2.4338553743393134e-03
8.7964594300514194e-03	0.0000000000000000e+00	2.4198037493723210e-03
8.8139127225713605e-03	0.0000000000000000e+00	2.4090214131270143e-03
8.8313660150913104e-03	0.0000000000000000e+00	2.3991479635742750e-03
8.8488193076112498e-03	0.0000000000000000e+00	2.3876941071026810e-03
8.8662726001311892e-03	0.0000000000000000e+00	2.3756016893497333e-03
8.8837258926511408e-03	0.0000000000000000e+00	2.3645315006004010e-03
8.9011791851710802e-03	0.0000000000000000e+00	2.3550708739580161e-03
8.9186324776910197e-03	0.0000000000000000e+00	2.3467134744958769e-03
8.9360857702109695e-03	0.0000000000000000e+00	2.3399678822883831e-03
8.9535390627309107e-03	0.0000000000000000e+00	2.3365032003557148e-03
8.9709923552508501e-03	0.0000000000000000e+00	2.3359045786100867e-03
8.9884456477708000e-03	0.0000000000000000e+00	2.3362159209766691e-03
9.0058989402907394e-03	0.0000000000000000e+00	2.3369185998229555e-03
9.0233522328106806e-03	0.0000000000000000e+00	2.3384982451383858e-03
9.0408055253306304e-03	0.0000000000000000e+00	2.3437675315434508e-03
9.0582588178505698e-03	0.0000000000000000e+00	2.3593473048935526e-03
9.0757121103705093e-03	0.0000000000000000e+00	2.3859877315099247e-03
9.0931654028904609e-03	0.0000000000000000e+00	2.4611877024616497e-03
9.1106186954104003e-03	0.0000000000000000e+00	2.4772977678057910e-03
9.1280719879303397e-03	0.0000000000000000e+00	2.4939700443499403e-03
9.1455252804502896e-03	0.0000000000000000e+00	2.5107944530614011e-03
9.1629785729702307e-03	0.0000000000000000e+00	2.5273551956674009e-03
9.1804318654901702e-03	0.0000000000000000e+00	2.4567588952706006e-03
9.1978851580101200e-03	0.0000000000000000e+00	2.4419439005918999e-03
9.2153384505300594e-03	0.0000000000000000e+00	2.4285705701512002e-03
9.2327917430500006e-03	0.0000000000000000e+00	2.4169746192772013e-03
9.2502450355699505e-03	0.0000000000000000e+00	2.5925522082780005e-03
9.2676983280898899e-03	0.0000000000000000e+00	2.5997699485030001e-03
9.2851516206098293e-03	0.0000000000000000e+00	2.6044969008664001e-03
9.3026049131297792e-03	0.0000000000000000e+00	2.6066145111635006e-03
9.3200582056497203e-03	0.0000000000000000e+00	2.6060704393336999e-03
9.3375114981696598e-03	0.0000000000000000e+00	2.6028799369832000e-03
9.3549647906896096e-03	0.0000000000000000e+00	2.5971252489114995e-03
9.3724180832095508e-03	0.0000000000000000e+00	2.5889531371471007e-03
9.3898713757294902e-03	0.0000000000000000e+00	2.5785708538277000e-03
9.4073246682494296e-03	0.0000000000000000e+00	2.5662403515284010e-03
9.4247779607693795e-03	0.0000000000000000e+00	2.5522711573965004e-03
9.4422312532893207e-03	0.0000000000000000e+00	2.5370122185980996e-03
9.4596845458092705e-03	0.0000000000000000e+00	2.5208428297761008e-03
9.4771378383292099e-03	0.0000000000000000e+00	2.5041629608802008e-03
9.4945911308491494e-03	0.0000000000000000e+00	2.4873832647353510e-03
9.5120444233690905e-03	0.0000000000000000e+00	2.4709149732814895e-03
9.5294977158890404e-03	0.0000000000000000e+00	2.4551600248816797e-03
9.5469510084089798e-03	0.0000000000000000e+00	2.4405015089478295e-03
9.5644043009289192e-03	0.0000000000000000e+00	2.4272946836708699e-03
9.5818575934488708e-03	0.0000000000000000e+00	2.4158587876844904e-03
9.5993108859688103e-03	0.0000000000000000e+00	2.4064697224192300e-03
9.6167641784887497e-03	0.0000000000000000e+00	2.3993537879473097e-03
9.6342174710086995e-03	0.0000000000000000e+00	2.3946825659028805e-03
9.6516707635286407e-03	0.0000000000000000e+00	2.3925690183031600e-03
9.6691240560485905e-03	0.0000000000000000e+00	2.3930649209248107e-03
9.6865773485685300e-03	0.0000000000000000e+00	2.3961595953691499e-03
9.7040306410884694e-03	0.0000000000000000e+00	2.4017800641978997e-03
9.7214839336084106e-03	0.0000000000000000e+00	2.4097925432015107e-03
9.7389372261283604e-03	0.0000000000000000e+00	2.4200053260479797e-03
9.7563905186482999e-03	0.0000000000000000e+00	2.4321729749685900e-03
9.7738438111682393e-03	0.0000000000000000e+00	2.4460017813879385e-03
9.7912971036881909e-03	0.0000000000000000e+00	2.4611564228922099e-03
9.8087503962081303e-03	0.0000000000000000e+00	2.4772677453755408e-03
9.8262036887280697e-03	0.0000000000000000e+00	2.4939413958987803e-03
9.8436569812480196e-03	0.0000000000000000e+00	2.5107672693433000e-03
9.8611102737679607e-03	0.0000000000000000e+00	2.4735828757075614e-03
9.8785635662879106e-03	0.0000000000000000e+00	2.4983190259702456e-03
9.8960168588078500e-03	0.0000000000000000e+00	2.5580337157526997e-03
9.9134701513277895e-03	0.0000000000000000e+00	2.5714087216612003e-03
9.9309234438477306e-03	0.0000000000000000e+00	2.5830063681732008e-03
9.9483767363676805e-03	0.0000000000000000e+00	2.5925348974899995e-03
9.9658300288876199e-03	0.0000000000000000e+00	2.5997543287665011e-03
9.9832833214075593e-03	0.0000000000000000e+00	2.6044829540523996e-03
1.0000736613927501e-02	0.0000000000000000e+00	2.6066022186986004e-03
1.0018189906447501e-02	0.0000000000000000e+00	2.6060597928315010e-03
1.0035643198967400e-02	0.0000000000000000e+00	2.2647502627154929e-03
1.0053096491487300e-02	0.0000000000000000e+00	2.0619940064212708e-03
1.0070549784007300e-02	0.0000000000000000e+00	1.9711582762210796e-03
1.0088003076527199e-02	0.0000000000000000e+00	2.0185276153614640e-03
1.0105456369047200e-02	0.0000000000000000e+00	2.1832605949121519e-03
1.0122909661567101e-02	0.0000000000000000e+00	2.3356451245109535e-03
1.0140362954087099e-02	0.0000000000000000e+00	2.3923028478989288e-03
1.0157816246607001e-02	0.0000000000000000e+00	2.2858820740853849e-03
1.0175269539126900e-02	0.0000000000000000e+00	2.0047577759165058e-03
1.0192722831646900e-02	0.0000000000000000e+00	1.7866272819359857e-03
1.0210176124166800e-02	0.0000000000000000e+00	1.6091191926593494e-03
1.0227629416686800e-02	0.0000000000000000e+00	1.4436483088442458e-03
1.0245082709206699e-02	0.0000000000000000e+00	1.3178263290639682e-03
1.0262536001726700e-02	0.0000000000000000e+00	1.2314721768424165e-03
1.0279989294246601e-02	0.0000000000000000e+00	1.1744763820706917e-03
1.0297442586766500e-02	0.0000000000000000e+00	1.1421360160344778e-03
1.0314895879286501e-02	0.0000000000000000e+00	1.1405048930244171e-03
1.0332349171806400e-02	0.0000000000000000e+00	1.1753207984574760e-03
1.0349802464326400e-02	0.0000000000000000e+00	1.2354001958994939e-03
1.0367255756846300e-02	0.0000000000000000e+00	1.2941257449774288e-03
1.0384709049366300e-02	0.0000000000000000e+00	1.3384678701792371e-03
1.0402162341886199e-02	0.0000000000000000e+00	1.3769678040999132e-03
1.0419615634406101e-02	0.0000000000000000e+00	1.4075911086400706e-03
1.0437068926926101e-02	0.0000000000000000e+00	1.4169437249798474e-03
1.0454522219446000e-02	0.0000000000000000e+00	1.4036865754904725e-03
1.0471975511966001e-02	0.0000000000000000e+00	1.3662479931017546e-03
1.0489428804485900e-02	0.0000000000000000e+00	1.7404659553880639e-03
1.0506882097005900e-02	0.0000000000000000e+00	2.1046703058482039e-03
1.0524335389525800e-02	0.0000000000000000e+00	2.4134323931246232e-03
1.0541788682045699e-02	0.0000000000000000e+00	2.4559269873029848e-03
1.0559241974565699e-02	0.0000000000000000e+00	1.8763224986325291e-03
1.0576695267085601e-02	0.0000000000000000e+00	9.6751599411584212e-04
1.0594148559605601e-02	0.0000000000000000e+00	3.4654380011296497e-04
1.0611601852125500e-02	0.0000000000000000e+00	1.2523926628526735e-04
1.0629055144645501e-02	0.0000000000000000e+00	3.6266010248462224e-04
1.0646508437165400e-02	0.0000000000000000e+00	1.2382347877111909e-03
1.0663961729685400e-02	0.0000000000000000e+00	2.5052701440767345e-03
1.0681415022205300e-02	0.0000000000000000e+00	2.6045019119823997e-03
1.0698868314725199e-02	0.0000000000000000e+00	2.6066205704617998e-03
1.0716321607245199e-02	0.0000000000000000e+00	2.6060774494119001e-03
1.0733774899765101e-02	0.0000000000000000e+00	2.6028878013732003e-03
1.0751228192285101e-02	0.0000000000000000e+00	2.3730641912424180e-03
1.0768681484805000e-02	0.0000000000000000e+00	1.4389937913902723e-03
1.0786134777325001e-02	0.0000000000000000e+00	1.0498638839207420e-03
1.0803588069844900e-02	0.0000000000000000e+00	1.1611437153371609e-03
1.0821041362364800e-02	0.0000000000000000e+00	1.5007357209938215e-03
1.0838494654884800e-02	0.0000000000000000e+00	2.0337470739939575e-03
1.0855947947404699e-02	0.0000000000000000e+00	2.5208543167259002e-03
1.0873401239924699e-02	0.0000000000000000e+00	2.5041746955390999e-03
1.0890854532444601e-02	0.0000000000000000e+00	2.2390936403609112e-03
1.0908307824964599e-02	0.0000000000000000e+00	1.2901528256100015e-03
1.0925761117484500e-02	0.0000000000000000e+00	3.3956629074573946e-04
1.0943214410004400e-02	0.0000000000000000e+00	5.5185548686836026e-04
1.0960667702524400e-02	0.0000000000000000e+00	1.0324384717273431e-03
1.0978120995044300e-02	0.0000000000000000e+00	1.0268828960179402e-03
1.0995574287564300e-02	0.0000000000000000e+00	7.2179382063108227e-04
1.1013027580084199e-02	0.0000000000000000e+00	9.4005839805715724e-05
1.1030480872604199e-02	0.0000000000000000e+00	1.3046247406423867e-03
1.1047934165124101e-02	0.0000000000000000e+00	2.3925811328896606e-03
1.1065387457644000e-02	0.0000000000000000e+00	2.3930769176155799e-03
1.1082840750164000e-02	0.0000000000000000e+00	2.3961714482993099e-03
1.1100294042683900e-02	0.0000000000000000e+00	2.4017917481673496e-03
1.1117747335203900e-02	0.0000000000000000e+00	2.4098040309841907e-03
1.1135200627723800e-02	0.0000000000000000e+00	1.5838390082933054e-03
1.1152653920243800e-02	0.0000000000000000e+00	2.5471274322552695e-04
1.1170107212763699e-02	0.0000000000000000e+00	2.4895681380762789e-03
1.1187560505283699e-02	0.0000000000000000e+00	2.4637800787573570e-03
1.1205013797803601e-02	0.0000000000000000e+00	2.4382750701495755e-03
1.1222467090323500e-02	0.0000000000000000e+00	2.4160950107371699e-03
1.1239920382843500e-02	0.0000000000000000e+00	2.3998584882482625e-03
1.1257373675363400e-02	0.0000000000000000e+00	2.3877381474593715e-03
1.1274826967883400e-02	0.0000000000000000e+00	2.3757338738152178e-03
1.1292280260403300e-02	0.0000000000000000e+00	2.3606356426225262e-03
1.1309733552923300e-02	0.0000000000000000e+00	2.3414400283721677e-03
1.1327186845443199e-02	0.0000000000000000e+00	2.3203009296562018e-03
1.1344640137963101e-02	0.0000000000000000e+00	2.3009544596017829e-03
1.1362093430483101e-02	0.0000000000000000e+00	2.2865388574717337e-03
1.1379546723003000e-02	0.0000000000000000e+00	2.2783442225687098e-03
1.1397000015523000e-02	0.0000000000000000e+00	2.2791318636628810e-03
1.1414453308042900e-02	0.0000000000000000e+00	2.2918123000800050e-03
1.1431906600562900e-02	0.0000000000000000e+00	2.3116118029015750e-03
1.1449359893082800e-02	0.0000000000000000e+00	2.3305981737748623e-03
1.1466813185602699e-02	0.0000000000000000e+00	2.3443313813120148e-03
1.1484266478122699e-02	0.0000000000000000e+00	2.3507975884983559e-03
1.1501719770642601e-02	0.0000000000000000e+00	2.3491008884475133e-03
1.1519173063162601e-02	0.0000000000000000e+00	2.3453168701269463e-03
1.1536626355682500e-02	0.0000000000000000e+00	2.3466678703883987e-03
1.1554079648202500e-02	0.0000000000000000e+00	2.3516687251430423e-03
1.1571532940722400e-02	0.0000000000000000e+00	2.3574496291143259e-03
1.1588986233242300e-02	0.0000000000000000e+00	2.3671273678034163e-03
1.1606439525762300e-02	0.0000000000000000e+00	2.3850946697824577e-03
1.1623892818282199e-02	0.0000000000000000e+00	2.4086844778951136e-03
1.1641346110802199e-02	0.0000000000000000e+00	2.4301628602251511e-03
1.1658799403322101e-02	0.0000000000000000e+00	2.4448918751142981e-03
1.1676252695842101e-02	0.0000000000000000e+00	2.4548926218553643e-03
1.1693705988362000e-02	0.0000000000000000e+00	2.4632702611843572e-03
1.1711159280882000e-02	0.0000000000000000e+00	2.4678515431206683e-03
1.1728612573401900e-02	0.0000000000000000e+00	2.4675299337410962e-03
1.1746065865921800e-02	0.0000000000000000e+00	2.4644338601145475e-03
1.1763519158441800e-02	0.0000000000000000e+00	2.4607365594318722e-03
1.1780972450961699e-02	0.0000000000000000e+00	2.4606747184781480e-03
1.1798425743481699e-02	0.0000000000000000e+00	2.4661918073174624e-03
1.1815879036001601e-02	0.0000000000000000e+00	2.4711166967735353e-03
1.1833332328521601e-02	0.0000000000000000e+00	2.4733535745232755e-03
1.1850785621041500e-02	0.0000000000000000e+00	2.4786722038314443e-03
1.1868238913561400e-02	0.0000000000000000e+00	2.4820154181843142e-03
1.1885692206081400e-02	0.0000000000000000e+00	2.4611675442136900e-03
1.1903145498601300e-02	0.0000000000000000e+00	2.4772792488582801e-03
1.1920598791121300e-02	0.0000000000000000e+00	2.4939532291142104e-03
1.1938052083641199e-02	0.0000000000000000e+00	2.5107793789265007e-03
1.1955505376161199e-02	0.0000000000000000e+00	2.4726581159044015e-03
1.1972958668681101e-02	0.0000000000000000e+00	2.4567704403665007e-03
1.1990411961201000e-02	0.0000000000000000e+00	2.4419536934974003e-03
1.2007865253721000e-02	0.0000000000000000e+00	2.4285786458835001e-03
1.2025318546240900e-02	0.0000000000000000e+00	2.4169810151248011e-03
1.2042771838760900e-02	0.0000000000000000e+00	2.5925474282500003e-03
1.2060225131280800e-02	0.0000000000000000e+00	2.5997667200492996e-03
1.2077678423800800e-02	0.0000000000000000e+00	2.6044951495435998e-03
1.2095131716320699e-02	0.0000000000000000e+00	2.6066141565135002e-03
1.2112585008840600e-02	0.0000000000000000e+00	2.6060714107560001e-03
1.2130038301360601e-02	0.0000000000000000e+00	2.6028821576948996e-03
1.2147491593880500e-02	0.0000000000000000e+00	2.5971286408152001e-03
1.2164944886400500e-02	0.0000000000000000e+00	2.5889576425890005e-03
1.2182398178920400e-02	0.0000000000000000e+00	2.5785763774664999e-03
1.2199851471440400e-02	0.0000000000000000e+00	2.5662468168094008e-03
1.2217304763960300e-02	0.0000000000000000e+00	2.5522785145598997e-03
1.2234758056480201e-02	0.0000000000000000e+00	2.5370203992896006e-03
1.2252211349000199e-02	0.0000000000000000e+00	2.5208517739642011e-03
1.2269664641520101e-02	0.0000000000000000e+00	2.5041726189937996e-03
1.2287117934040101e-02	0.0000000000000000e+00	2.4873935870499998e-03
1.2304571226560000e-02	0.0000000000000000e+00	2.4709259175404001e-03
1.2322024519080000e-02	0.0000000000000000e+00	2.4551715494343096e-03
1.2339477811599900e-02	0.0000000000000000e+00	2.4405135708401408e-03
1.2356931104119900e-02	0.0000000000000000e+00	2.4273072476733003e-03
1.2374384396639800e-02	0.0000000000000000e+00	2.4158718141464308e-03
1.2391837689159701e-02	0.0000000000000000e+00	2.4064831733816502e-03
1.2409290981679699e-02	0.0000000000000000e+00	2.3993676297817210e-03
1.2426744274199601e-02	0.0000000000000000e+00	2.3946967547515598e-03
1.2444197566719601e-02	0.0000000000000000e+00	2.3925835198388007e-03
1.2461650859239500e-02	0.0000000000000000e+00	2.3930796881724507e-03
1.2479104151759500e-02	0.0000000000000000e+00	2.3961745875887702e-03
1.2496557444279400e-02	0.0000000000000000e+00	2.4017952377517696e-03
1.2514010736799299e-02	0.0000000000000000e+00	2.4098078503859109e-03
1.2531464029319300e-02	0.0000000000000000e+00	2.4200207294634603e-03
1.2548917321839201e-02	0.0000000000000000e+00	2.4321884160531798e-03
1.2566370614359199e-02	0.0000000000000000e+00	2.4460172049239805e-03
1.2583823906879101e-02	0.0000000000000000e+00	2.4236315406954544e-03
1.2601277199399101e-02	0.0000000000000000e+00	2.3927611529421834e-03
1.2618730491919000e-02	0.0000000000000000e+00	2.3775200432886948e-03
1.2636183784438900e-02	0.0000000000000000e+00	2.4142545345014199e-03
1.2653637076958900e-02	0.0000000000000000e+00	2.4816857079684434e-03
1.2671090369478799e-02	0.0000000000000000e+00	2.5364354453160688e-03
1.2688543661998800e-02	0.0000000000000000e+00	2.5580474450679000e-03
1.2705996954518701e-02	0.0000000000000000e+00	2.5714219768959001e-03
1.2723450247038699e-02	0.0000000000000000e+00	2.5643547311935636e-03
1.2740903539558601e-02	0.0000000000000000e+00	2.4920028246754183e-03
1.2758356832078500e-02	0.0000000000000000e+00	2.4247668917050276e-03
1.2775810124598500e-02	0.0000000000000000e+00	2.3961090912831828e-03
1.2793263417118400e-02	0.0000000000000000e+00	2.4717661793999465e-03
1.2810716709638400e-02	0.0000000000000000e+00	2.6060691099965994e-03
1.2828170002158299e-02	0.0000000000000000e+00	2.6028794166403010e-03
1.2845623294678300e-02	0.0000000000000000e+00	2.5971254795554011e-03
1.2863076587198201e-02	0.0000000000000000e+00	2.5889540652445000e-03
1.2880529879718199e-02	0.0000000000000000e+00	2.5785724170394996e-03
1.2897983172238101e-02	0.0000000000000000e+00	2.5662425041157004e-03
1.2915436464758000e-02	0.0000000000000000e+00	2.5522738598069000e-03
1.2932889757278000e-02	0.0000000000000000e+00	2.5370154312423995e-03
1.2950343049797900e-02	0.0000000000000000e+00	2.5208465189717009e-03
1.2967796342317900e-02	0.0000000000000000e+00	2.4606347643289471e-03
1.2985249634837799e-02	0.0000000000000000e+00	2.3576439388946517e-03
1.3002702927357800e-02	0.0000000000000000e+00	2.3957908195588618e-03
1.3020156219877701e-02	0.0000000000000000e+00	2.4551654114591502e-03
1.3037609512397600e-02	0.0000000000000000e+00	2.4405072822282405e-03
1.3055062804917601e-02	0.0000000000000000e+00	2.4273008340001696e-03
1.3072516097437500e-02	0.0000000000000000e+00	2.4158653062671103e-03
1.3089969389957500e-02	0.0000000000000000e+00	2.4064765993652808e-03
1.3107422682477400e-02	0.0000000000000000e+00	2.3993610155467904e-03
1.3124875974997400e-02	0.0000000000000000e+00	2.3946901318136794e-03
1.3142329267517299e-02	0.0000000000000000e+00	2.3925769122064202e-03
1.3159782560037201e-02	0.0000000000000000e+00	2.1404290734214643e-03
1.3177235852557199e-02	0.0000000000000000e+00	1.8648603953587452e-03
1.3194689145077100e-02	0.0000000000000000e+00	1.6344497400845679e-03
1.3212142437597101e-02	0.0000000000000000e+00	1.4996373108947057e-03
1.3229595730117000e-02	0.0000000000000000e+00	1.5628090290358068e-03
1.3247049022637000e-02	0.0000000000000000e+00	1.7874299739187704e-03
1.3264502315156900e-02	0.0000000000000000e+00	2.0557256863865617e-03
1.3281955607676799e-02	0.0000000000000000e+00	8.3714539882317682e-04
1.3299408900196799e-02	0.0000000000000000e+00	3.8047823758391962e-04
1.3316862192716701e-02	0.0000000000000000e+00	1.5975395928835429e-03
1.3334315485236699e-02	0.0000000000000000e+00	2.4892227434125998e-03
1.3351768777756600e-02	0.0000000000000000e+00	2.4726604805069014e-03
1.3369222070276601e-02	0.0000000000000000e+00	2.4567730348840008e-03
1.3386675362796500e-02	0.0000000000000000e+00	2.4419564995597012e-03
1.3404128655316400e-02	0.0000000000000000e+00	2.4285816438745014e-03
1.3421581947836400e-02	0.0000000000000000e+00	2.4169841932782012e-03
1.3439035240356299e-02	0.0000000000000000e+00	2.4074559095713013e-03
1.3456488532876299e-02	0.0000000000000000e+00	2.4002367689429007e-03
1.3473941825396201e-02	0.0000000000000000e+00	2.3955084764350001e-03
1.3491395117916199e-02	0.0000000000000000e+00	2.3933895878792012e-03
1.3508848410436100e-02	0.0000000000000000e+00	2.3939324302069010e-03
1.3526301702956101e-02	0.0000000000000000e+00	2.3971217669453010e-03
1.3543754995476000e-02	0.0000000000000000e+00	2.4028753490249015e-03
1.3561208287995900e-02	0.0000000000000000e+00	2.4110463879935002e-03
1.3578661580515900e-02	0.0000000000000000e+00	2.4214276809200012e-03
1.3596114873035799e-02	0.0000000000000000e+00	2.4337572601427007e-03
1.3613568165555799e-02	0.0000000000000000e+00	2.4477255652246011e-03
1.3631021458075701e-02	0.0000000000000000e+00	2.4629836587662015e-03
1.3648474750595699e-02	0.0000000000000000e+00	2.5208477488584003e-03
1.3665928043115600e-02	0.0000000000000000e+00	2.5041686462790001e-03
1.3683381335635500e-02	0.0000000000000000e+00	2.4873896767321803e-03
1.3700834628155500e-02	0.0000000000000000e+00	2.4709220798812895e-03
1.3718287920675400e-02	0.0000000000000000e+00	2.4551678031404997e-03
1.3735741213195400e-02	0.0000000000000000e+00	2.4405099304902408e-03
1.3753194505715299e-02	0.0000000000000000e+00	2.4273037261416299e-03
1.3770647798235299e-02	0.0000000000000000e+00	2.4158684257197301e-03
1.3788101090755201e-02	0.0000000000000000e+00	2.4064799307117607e-03
1.3805554383275100e-02	0.0000000000000000e+00	2.6006354558781499e-03
1.3823007675795100e-02	0.0000000000000000e+00	2.6053061630985710e-03
1.3840460968315000e-02	0.0000000000000000e+00	2.6074192195295210e-03
1.3857914260835000e-02	0.0000000000000000e+00	2.6069228639840313e-03
1.3875367553354900e-02	0.0000000000000000e+00	2.6038277677952401e-03
1.3892820845874900e-02	0.0000000000000000e+00	2.5982069171241514e-03
1.3910274138394799e-02	0.0000000000000000e+00	2.5901940976479805e-03
1.3927727430914701e-02	0.0000000000000000e+00	2.5799810100467415e-03
1.3945180723434701e-02	0.0000000000000000e+00	2.5678131079392014e-03
1.3962634015954600e-02	0.0000000000000000e+00	2.5539841047728992e-03
1.3980087308474600e-02	0.0000000000000000e+00	2.5388293186666914e-03
1.3997540600994500e-02	0.0000000000000000e+00	2.5227179007967799e-03
1.4014993893514500e-02	0.0000000000000000e+00	2.5060442144131615e-03
1.4032447186034400e-02	0.0000000000000000e+00	2.4892183638699009e-03
1.4049900478554400e-02	0.0000000000000000e+00	2.4721135827014146e-03
1.4067353771074299e-02	0.0000000000000000e+00	2.1790612982156756e-03
1.4084807063594201e-02	0.0000000000000000e+00	2.0389936907687697e-03
1.4102260356114201e-02	0.0000000000000000e+00	2.0861966999073719e-03
1.4119713648634100e-02	0.0000000000000000e+00	2.3843294160719695e-03
1.4137166941154100e-02	0.0000000000000000e+00	2.4074521843090013e-03
1.4154620233674000e-02	0.0000000000000000e+00	2.4002332037400004e-03
1.4172073526194000e-02	0.0000000000000000e+00	2.3955050822815002e-03
1.4189526818713900e-02	0.0000000000000000e+00	2.3933863709786011e-03
1.4206980111233799e-02	0.0000000000000000e+00	2.3939294072429004e-03
1.4224433403753799e-02	0.0000000000000000e+00	2.3971189423985014e-03
1.4241886696273701e-02	0.0000000000000000e+00	2.4028727302298006e-03
1.4259339988793701e-02	0.0000000000000000e+00	2.4110439964897014e-03
1.4276793281313600e-02	0.0000000000000000e+00	2.3514865865858874e-03
1.4294246573833600e-02	0.0000000000000000e+00	2.3332357218670031e-03
1.4311699866353500e-02	0.0000000000000000e+00	2.4266723921548723e-03
1.4329153158873400e-02	0.0000000000000000e+00	2.4629821742940001e-03
1.4346606451393400e-02	0.0000000000000000e+00	2.4791510012026011e-03
1.4364059743913299e-02	0.0000000000000000e+00	2.3596139159337715e-03
1.4381513036433299e-02	0.0000000000000000e+00	1.9174334195543302e-03
1.4398966328953201e-02	0.0000000000000000e+00	1.4645865690496133e-03
1.4416419621473201e-02	0.0000000000000000e+00	1.1185624708827998e-03
1.4433872913993100e-02	0.0000000000000000e+00	8.7314004848979346e-04
1.4451326206513000e-02	0.0000000000000000e+00	7.4204491523922889e-04
1.4468779499033000e-02	0.0000000000000000e+00	7.3513501535163971e-04
1.4486232791552900e-02	0.0000000000000000e+00	7.7209176662280769e-04
1.4503686084072900e-02	0.0000000000000000e+00	7.2297685895983052e-04
1.4521139376592799e-02	0.0000000000000000e+00	4.9868599619577736e-04
1.4538592669112799e-02	0.0000000000000000e+00	1.4798723066005229e-04
1.4556045961632701e-02	0.0000000000000000e+00	1.6988959217930505e-04
1.4573499254152701e-02	0.0000000000000000e+00	3.7281481917109983e-04
1.4590952546672600e-02	0.0000000000000000e+00	3.9487719009969301e-04
1.4608405839192500e-02	0.0000000000000000e+00	1.8304512492323295e-04
1.4625859131712500e-02	0.0000000000000000e+00	1.9965977581709246e-04
1.4643312424232400e-02	0.0000000000000000e+00	6.3107726282825641e-04
1.4660765716752400e-02	0.0000000000000000e+00	1.0572393723174544e-03
1.4678219009272299e-02	0.0000000000000000e+00	2.5388318200189209e-03
1.4695672301792299e-02	0.0000000000000000e+00	2.5227205082191916e-03
1.4713125594312201e-02	0.0000000000000000e+00	2.5060469181267409e-03
1.4730578886832100e-02	0.0000000000000000e+00	2.4892211495593005e-03
1.4748032179352100e-02	0.0000000000000000e+00	2.4726590199921003e-03
1.4765485471872000e-02	0.0000000000000000e+00	2.4567717116526014e-03
1.4782938764392000e-02	0.0000000000000000e+00	2.4419553156144001e-03
1.4800392056911900e-02	0.0000000000000000e+00	2.4285806009056998e-03
1.4817845349431900e-02	0.0000000000000000e+00	2.4169832912897000e-03
1.4835298641951799e-02	0.0000000000000000e+00	2.4074551565022011e-03
1.4852751934471701e-02	0.0000000000000000e+00	2.4002361613025009e-03
1.4870205226991701e-02	0.0000000000000000e+00	2.3955080115348002e-03
1.4887658519511600e-02	0.0000000000000000e+00	2.3933892698549016e-03
1.4905111812031600e-02	0.0000000000000000e+00	2.3939322601595012e-03
1.4922565104551500e-02	0.0000000000000000e+00	2.3971217407550011e-03
1.4940018397071500e-02	0.0000000000000000e+00	2.4028754671961000e-03
1.4957471689591400e-02	0.0000000000000000e+00	2.4110466486874007e-03
1.4974924982111301e-02	0.0000000000000000e+00	2.4214280808564012e-03
1.4992378274631299e-02	0.0000000000000000e+00	2.4337577919102005e-03
1.5009831567151201e-02	0.0000000000000000e+00	2.4477262238386012e-03
1.5027284859671201e-02	0.0000000000000000e+00	2.4629844414622015e-03
1.5044738152191100e-02	0.0000000000000000e+00	2.4791531512632012e-03
1.5062191444711100e-02	0.0000000000000000e+00	2.4958323649132003e-03
1.5079644737231000e-02	0.0000000000000000e+00	2.5126114396952798e-03
1.5097098029750899e-02	0.0000000000000000e+00	2.5290791353507307e-03
1.5114551322270900e-02	0.0000000000000000e+00	2.5448335040708404e-03
1.5132004614790801e-02	0.0000000000000000e+00	2.5594914617375099e-03
1.5149457907310799e-02	0.0000000000000000e+00	2.5726977434461906e-03
1.5166911199830701e-02	0.0000000000000000e+00	2.5841331144901610e-03
1.5184364492350701e-02	0.0000000000000000e+00	2.5935216711492799e-03
1.5201817784870600e-02	0.0000000000000000e+00	2.6006371136346202e-03
1.5219271077390600e-02	0.0000000000000000e+00	2.6053078682585912e-03
1.5236724369910500e-02	0.0000000000000000e+00	2.6074209638761604e-03
1.5254177662430399e-02	0.0000000000000000e+00	2.6069246415192007e-03
1.5271630954950400e-02	0.0000000000000000e+00	2.6038295691085712e-03
1.5289084247470301e-02	0.0000000000000000e+00	2.5982087364935409e-03
1.5306537539990299e-02	0.0000000000000000e+00	2.5901959246196708e-03
1.5323990832510201e-02	0.0000000000000000e+00	2.5799828415807805e-03
1.5341444125030201e-02	0.0000000000000000e+00	2.5678149311800600e-03
1.5358897417550100e-02	0.0000000000000000e+00	2.5539859141208501e-03
1.5376350710070000e-02	0.0000000000000000e+00	2.5388311077169413e-03
1.5393804002590000e-02	0.0000000000000000e+00	2.5227196637779611e-03
1.5411257295109899e-02	0.0000000000000000e+00	2.5060459445020306e-03
1.5428710587629900e-02	0.0000000000000000e+00	2.4892200547385005e-03
1.5446163880149801e-02	0.0000000000000000e+00	2.4726578068960010e-03
1.5463617172669799e-02	0.0000000000000000e+00	2.4567703869776015e-03
1.5481070465189701e-02	0.0000000000000000e+00	2.4419538937476004e-03
1.5498523757709600e-02	0.0000000000000000e+00	2.4285790951983008e-03
1.5515977050229600e-02	0.0000000000000000e+00	2.4169817095319006e-03
1.5533430342749500e-02	0.0000000000000000e+00	2.4074535047095003e-03
1.5550883635269500e-02	0.0000000000000000e+00	2.4002344428832000e-03
1.5568336927789399e-02	0.0000000000000000e+00	2.3955062362478012e-03
1.5585790220309400e-02	0.0000000000000000e+00	2.3933874384312014e-03
1.5603243512829299e-02	0.0000000000000000e+00	2.3939303859893003e-03
1.5620696805349200e-02	0.0000000000000000e+00	2.3971198296548011e-03
1.5638150097869199e-02	0.0000000000000000e+00	2.4028735241799007e-03
1.5655603390389100e-02	0.0000000000000000e+00	2.4110446959111007e-03
1.5673056682909099e-02	0.0000000000000000e+00	2.4214261172491001e-03
1.5690509975429000e-02	0.0000000000000000e+00	2.4337558179258999e-03
1.5707963267949002e-02	0.0000000000000000e+00	2.4477242518613999e-03
1.5725416560468899e-02	0.0000000000000000e+00	2.4629824846412011e-03
1.5742869852988801e-02	0.0000000000000000e+00	2.4791512131281009e-03
1.5760323145508799e-02	0.0000000000000000e+00	2.4221775311933872e-03
1.5777776438028700e-02	0.0000000000000000e+00	2.3464419611485560e-03
1.5795229730548699e-02	0.0000000000000000e+00	2.3257075084366554e-03
1.5812683023068600e-02	0.0000000000000000e+00	2.3641148116282529e-03
1.5830136315588599e-02	0.0000000000000000e+00	2.4301705979906194e-03
1.5847589608108500e-02	0.0000000000000000e+00	2.4682649061402353e-03
1.5865042900628502e-02	0.0000000000000000e+00	2.4450942410695811e-03
1.5882496193148399e-02	0.0000000000000000e+00	2.3762949925628732e-03
1.5899949485668301e-02	0.0000000000000000e+00	2.2581709901534960e-03
1.5917402778188299e-02	0.0000000000000000e+00	2.1103513485402695e-03
1.5934856070708200e-02	0.0000000000000000e+00	1.9974596442285421e-03
1.5952309363228199e-02	0.0000000000000000e+00	1.9570046448980968e-03
1.5969762655748100e-02	0.0000000000000000e+00	1.9658402184424776e-03
1.5987215948268099e-02	0.0000000000000000e+00	2.0015745361291470e-03
1.6004669240788000e-02	0.0000000000000000e+00	2.0529555806846032e-03
1.6022122533307901e-02	0.0000000000000000e+00	2.0829968925137436e-03
1.6039575825827899e-02	0.0000000000000000e+00	2.0563173354345866e-03
1.6057029118347801e-02	0.0000000000000000e+00	1.9923547604416038e-03
1.6074482410867799e-02	0.0000000000000000e+00	1.0940008399378913e-03
1.6091935703387700e-02	0.0000000000000000e+00	1.9469026194672903e-04
1.6109388995907699e-02	0.0000000000000000e+00	7.0518256322468775e-04
1.6126842288427600e-02	0.0000000000000000e+00	1.6052074063076568e-03
1.6144295580947501e-02	0.0000000000000000e+00	2.5049684756343962e-03
1.6161748873467500e-02	0.0000000000000000e+00	2.5432295400611010e-03
1.6179202165987401e-02	0.0000000000000000e+00	2.5580459421851009e-03
1.6196655458507399e-02	0.0000000000000000e+00	2.5714206597870996e-03
1.6214108751027301e-02	0.0000000000000000e+00	2.5830179672509009e-03
1.6231562043547299e-02	0.0000000000000000e+00	2.5925460913196006e-03
1.6249015336067200e-02	0.0000000000000000e+00	2.5997650726178011e-03
1.6266468628587199e-02	0.0000000000000000e+00	2.6044932026754002e-03
1.6283921921107100e-02	0.0000000000000000e+00	2.6066119216231007e-03
1.6301375213627001e-02	0.0000000000000000e+00	2.6060689011221001e-03
1.6318828506147000e-02	0.0000000000000000e+00	2.6028793865126004e-03
1.6336281798666901e-02	0.0000000000000000e+00	2.5971256221506995e-03
1.6353735091186899e-02	0.0000000000000000e+00	2.5889543948749011e-03
1.6371188383706801e-02	0.0000000000000000e+00	2.5785729151778999e-03
1.6388641676226799e-02	0.0000000000000000e+00	2.5662431554360002e-03
1.6406094968746700e-02	0.0000000000000000e+00	2.5522746722009011e-03
1.6423548261266602e-02	0.0000000000000000e+00	2.5370163965964011e-03
1.6441001553786600e-02	0.0000000000000000e+00	2.5208476283602003e-03
1.6458454846306501e-02	0.0000000000000000e+00	2.5041683496421999e-03
1.6475908138826500e-02	0.0000000000000000e+00	2.4873892140864096e-03
1.6493361431346401e-02	0.0000000000000000e+00	2.4709214604896699e-03
1.6510814723866400e-02	0.0000000000000000e+00	2.4551670274898900e-03
1.6528268016386301e-02	0.0000000000000000e+00	2.4405090036814202e-03
1.6545721308906199e-02	0.0000000000000000e+00	2.4273026542295899e-03
1.6563174601426200e-02	0.0000000000000000e+00	2.4158672145140198e-03
1.6580627893946102e-02	0.0000000000000000e+00	2.4064785865479110e-03
1.6598081186466100e-02	0.0000000000000000e+00	2.3993630738646399e-03
1.6615534478986001e-02	0.0000000000000000e+00	2.3946922494248804e-03
1.6632987771506000e-02	0.0000000000000000e+00	2.3925790816547807e-03
1.6650441064025901e-02	0.0000000000000000e+00	2.3930753379483097e-03
1.6667894356545799e-02	0.0000000000000000e+00	2.3961703397040908e-03
1.6685347649065801e-02	0.0000000000000000e+00	2.4017911087543010e-03
1.6702800941585699e-02	0.0000000000000000e+00	2.4098038653352499e-03
1.6720254234105700e-02	0.0000000000000000e+00	2.4200169018532801e-03
1.6737707526625598e-02	0.0000000000000000e+00	2.4321847508835901e-03
1.6755160819145600e-02	0.0000000000000000e+00	2.4460137078100479e-03
1.6772614111665501e-02	0.0000000000000000e+00	1.0059309309421380e-03
1.6790067404185399e-02	0.0000000000000000e+00	4.3319520401091313e-04
1.6807520696705401e-02	0.0000000000000000e+00	1.8717590576694913e-03
1.6824973989225299e-02	0.0000000000000000e+00	2.4892206428512014e-03
1.6842427281745301e-02	0.0000000000000000e+00	2.4726584324785000e-03
1.6859880574265199e-02	0.0000000000000000e+00	2.4567710383705012e-03
1.6877333866785200e-02	0.0000000000000000e+00	2.4419545527693005e-03
1.6894787159305098e-02	0.0000000000000000e+00	2.4285797462381010e-03
1.6912240451825100e-02	0.0000000000000000e+00	2.4169823476397016e-03
1.6929693744345001e-02	0.0000000000000000e+00	2.4074541331025011e-03
1.6947147036864899e-02	0.0000000000000000e+00	2.4002350620253004e-03
1.6964600329384901e-02	0.0000000000000000e+00	2.3955068470312008e-03
1.6982053621904799e-02	0.0000000000000000e+00	2.3933880681265007e-03
1.6999506914424801e-02	0.0000000000000000e+00	2.3939310055450004e-03
1.7016960206944699e-02	0.0000000000000000e+00	2.3971204396471008e-03
1.7034413499464700e-02	0.0000000000000000e+00	2.4028741304393010e-03
1.7051866791984598e-02	0.0000000000000000e+00	2.4110452714514001e-03
1.7069320084504500e-02	0.0000000000000000e+00	2.4214266681420009e-03
1.7086773377024501e-02	0.0000000000000000e+00	2.4337563627376008e-03
1.7104226669544399e-02	0.0000000000000000e+00	2.4477248027320007e-03
1.7121679962064401e-02	0.0000000000000000e+00	2.4629830272545009e-03
1.7139133254584299e-02	0.0000000000000000e+00	2.4791517462809005e-03
1.7156586547104301e-02	0.0000000000000000e+00	2.4958309857074003e-03
1.7174039839624199e-02	0.0000000000000000e+00	2.5126100866669013e-03
1.7191493132144100e-02	0.0000000000000000e+00	2.5290778116337804e-03
1.7208946424664098e-02	0.0000000000000000e+00	2.5448322188929007e-03
1.7226399717184000e-02	0.0000000000000000e+00	2.5594902185473202e-03
1.7243853009704001e-02	0.0000000000000000e+00	2.5726965481623100e-03
1.7261306302223899e-02	0.0000000000000000e+00	2.5841319717220101e-03
1.7278759594743901e-02	0.0000000000000000e+00	2.5935205834122111e-03
1.7296212887263799e-02	0.0000000000000000e+00	2.6006360863170801e-03
1.7313666179783700e-02	0.0000000000000000e+00	2.6053069027169307e-03
1.7331119472303699e-02	0.0000000000000000e+00	2.6074200629714901e-03
1.7348572764823600e-02	0.0000000000000000e+00	2.6069238067021813e-03
1.7366026057343598e-02	0.0000000000000000e+00	2.6038288043386502e-03
1.7383479349863500e-02	0.0000000000000000e+00	2.5982080356472311e-03
1.7400932642383501e-02	0.0000000000000000e+00	2.5901952744552103e-03
1.7418385934903399e-02	0.0000000000000000e+00	2.5799822482282901e-03
1.7435839227423401e-02	0.0000000000000000e+00	2.5678144047800913e-03
1.7453292519943299e-02	0.0000000000000000e+00	2.5539854680216700e-03
1.7470745812463200e-02	0.0000000000000000e+00	2.5388307319799009e-03
1.7488199104983199e-02	0.0000000000000000e+00	2.5227193557428411e-03
1.7505652397503100e-02	0.0000000000000000e+00	2.5060457093933602e-03
1.7523105690023098e-02	0.0000000000000000e+00	2.4892198921993014e-03
1.7540558982543000e-02	0.0000000000000000e+00	2.4726577218205006e-03
1.7558012275063001e-02	0.0000000000000000e+00	2.4567703763668999e-03
1.7575465567582899e-02	0.0000000000000000e+00	2.4419539448224999e-03
1.7592918860102801e-02	0.0000000000000000e+00	2.4285791941406013e-03
1.7610372152622799e-02	0.0000000000000000e+00	2.4169818633160006e-03
1.7627825445142700e-02	0.0000000000000000e+00	2.4074537098142008e-03
1.7645278737662699e-02	0.0000000000000000e+00	2.4002346981043012e-03
1.7662732030182600e-02	0.0000000000000000e+00	2.3955065529149000e-03
1.7680185322702598e-02	0.0000000000000000e+00	2.3933878193327009e-03
1.7697638615222500e-02	0.0000000000000000e+00	2.3939308141064999e-03
1.7715091907742401e-02	0.0000000000000000e+00	2.3971203075608006e-03
1.7732545200262399e-02	0.0000000000000000e+00	2.4028740497023006e-03
1.7749998492782301e-02	0.0000000000000000e+00	2.4110452515448012e-03
1.7767451785302299e-02	0.0000000000000000e+00	2.4214266974503015e-03
1.7784905077822200e-02	0.0000000000000000e+00	2.4337564492125999e-03
1.7802358370342199e-02	0.0000000000000000e+00	2.4477249310163006e-03
1.7819811662862100e-02	0.0000000000000000e+00	2.4629831957498002e-03
1.7837264955382001e-02	0.0000000000000000e+00	2.4791519590542013e-03
1.7854718247902000e-02	0.0000000000000000e+00	2.4958312365134013e-03
1.7872171540421901e-02	0.0000000000000000e+00	2.3292434560308276e-03
1.7889624832941899e-02	0.0000000000000000e+00	2.1819083512952617e-03
1.7907078125461801e-02	0.0000000000000000e+00	2.1017246597170615e-03
1.7924531417981799e-02	0.0000000000000000e+00	2.1021360094985488e-03
1.7941984710501700e-02	0.0000000000000000e+00	2.1627531434703640e-03
1.7959438003021699e-02	0.0000000000000000e+00	2.2575742715331779e-03
1.7976891295541600e-02	0.0000000000000000e+00	2.3656769933065851e-03
1.7994344588061501e-02	0.0000000000000000e+00	2.4545186116121352e-03
1.8011797880581500e-02	0.0000000000000000e+00	2.4667254079823991e-03
1.8029251173101401e-02	0.0000000000000000e+00	2.4144585483906692e-03
1.8046704465621399e-02	0.0000000000000000e+00	2.3392059742463004e-03
1.8064157758141301e-02	0.0000000000000000e+00	2.2795642481372204e-03
1.8081611050661299e-02	0.0000000000000000e+00	2.2690820145869380e-03
1.8099064343181200e-02	0.0000000000000000e+00	2.3259640291309024e-03
1.8116517635701102e-02	0.0000000000000000e+00	2.4243883646377796e-03
1.8133970928221100e-02	0.0000000000000000e+00	2.4816109902692403e-03
1.8151424220741001e-02	0.0000000000000000e+00	2.4111804536336209e-03
1.8168877513261000e-02	0.0000000000000000e+00	2.4137353056158991e-03
1.8186330805780901e-02	0.0000000000000000e+00	2.4153523362683491e-03
1.8203784098300899e-02	0.0000000000000000e+00	2.4159028828777528e-03
1.8221237390820801e-02	0.0000000000000000e+00	2.4143647783288046e-03
1.8238690683340698e-02	0.0000000000000000e+00	2.4051294585838798e-03
1.8256143975860700e-02	0.0000000000000000e+00	2.3816106339947778e-03
1.8273597268380602e-02	0.0000000000000000e+00	2.3534990697622986e-03
1.8291050560900600e-02	0.0000000000000000e+00	2.3341280805468205e-03
1.8308503853420501e-02	0.0000000000000000e+00	2.3294171053514657e-03
1.8325957145940500e-02	0.0000000000000000e+00	2.3415355512632335e-03
1.8343410438460401e-02	0.0000000000000000e+00	2.3704759174174288e-03
1.8360863730980299e-02	0.0000000000000000e+00	2.3955070815803014e-03
1.8378317023500301e-02	0.0000000000000000e+00	2.3933883171700001e-03
1.8395770316020198e-02	0.0000000000000000e+00	2.3939312959996000e-03
1.8413223608540200e-02	0.0000000000000000e+00	2.3971207661037004e-03
1.8430676901060102e-02	0.0000000000000000e+00	2.3641719818290712e-03
1.8448130193580100e-02	0.0000000000000000e+00	2.3304643596036602e-03
1.8465583486100001e-02	0.0000000000000000e+00	2.2943063719960185e-03
1.8483036778619899e-02	0.0000000000000000e+00	2.2833994153211995e-03
1.8500490071139901e-02	0.0000000000000000e+00	2.3222365663740294e-03
1.8517943363659799e-02	0.0000000000000000e+00	2.3999669162078994e-03
1.8535396656179801e-02	0.0000000000000000e+00	2.4791522119078004e-03
1.8552849948699698e-02	0.0000000000000000e+00	2.4958314415739011e-03
1.8570303241219700e-02	0.0000000000000000e+00	2.5126105395697502e-03
1.8587756533739602e-02	0.0000000000000000e+00	2.5290782619343810e-03
1.8605209826259600e-02	0.0000000000000000e+00	2.5448326604329708e-03
1.8622663118779501e-02	0.0000000000000000e+00	2.5594906502339407e-03
1.8640116411299399e-02	0.0000000000000000e+00	2.5726969694417710e-03
1.8657569703819401e-02	0.0000000000000000e+00	2.5841323774610202e-03
1.8675022996339299e-02	0.0000000000000000e+00	2.5935209764598802e-03
1.8692476288859301e-02	0.0000000000000000e+00	2.6006364615255000e-03
1.8709929581379198e-02	0.0000000000000000e+00	2.6053072613588212e-03
1.8727382873899200e-02	0.0000000000000000e+00	2.6074204053920715e-03
1.8744836166419102e-02	0.0000000000000000e+00	2.6069241309604006e-03
1.8762289458938999e-02	0.0000000000000000e+00	2.6038291103768901e-03
1.8779742751459001e-02	0.0000000000000000e+00	2.5982083272631813e-03
1.8797196043978899e-02	0.0000000000000000e+00	2.5901955697806602e-03
1.8814649336498901e-02	0.0000000000000000e+00	2.5799825437044007e-03
1.8832102629018799e-02	0.0000000000000000e+00	2.5678146973052707e-03
1.8849555921538801e-02	0.0000000000000000e+00	2.5539857356463320e-03
1.8867009214058698e-02	0.0000000000000000e+00	2.5310312284937235e-03
1.8884462506578600e-02	0.0000000000000000e+00	2.5077434262567727e-03
1.8901915799098602e-02	0.0000000000000000e+00	2.4858069002919366e-03
1.8919369091618499e-02	0.0000000000000000e+00	2.4693422817061508e-03
1.8936822384138501e-02	0.0000000000000000e+00	2.4638965674677622e-03
1.8954275676658399e-02	0.0000000000000000e+00	2.4567705028035007e-03
1.8971728969178401e-02	0.0000000000000000e+00	2.4419540556939005e-03
1.8989182261698299e-02	0.0000000000000000e+00	2.4189581050989666e-03
1.9006635554218200e-02	0.0000000000000000e+00	2.3769296508628027e-03
1.9024088846738198e-02	0.0000000000000000e+00	2.3416263787074485e-03
1.9041542139258100e-02	0.0000000000000000e+00	2.3183182125724108e-03
1.9058995431778102e-02	0.0000000000000000e+00	2.3032059032201298e-03
1.9076448724297999e-02	0.0000000000000000e+00	2.2952347907266805e-03
1.9093902016818001e-02	0.0000000000000000e+00	2.2964964790620386e-03
1.9111355309337899e-02	0.0000000000000000e+00	2.3104579273465556e-03
1.9128808601857800e-02	0.0000000000000000e+00	2.3406147535379781e-03
1.9146261894377799e-02	0.0000000000000000e+00	2.3843919890255885e-03
1.9163715186897700e-02	0.0000000000000000e+00	2.4203753673675086e-03
1.9181168479417698e-02	0.0000000000000000e+00	2.4275195796810041e-03
1.9198621771937600e-02	0.0000000000000000e+00	2.4130399411280493e-03
1.9216075064457602e-02	0.0000000000000000e+00	2.3939652386248938e-03
1.9233528356977499e-02	0.0000000000000000e+00	2.3784049130396671e-03
1.9250981649497501e-02	0.0000000000000000e+00	2.3715556457461866e-03
1.9268434942017399e-02	0.0000000000000000e+00	2.3770521145469008e-03
1.9285888234537300e-02	0.0000000000000000e+00	2.3960424388720144e-03
1.9303341527057299e-02	0.0000000000000000e+00	2.4284907243201422e-03
1.9320794819577200e-02	0.0000000000000000e+00	2.4748640676875763e-03
1.9338248112097198e-02	0.0000000000000000e+00	2.5416587875542549e-03
1.9355701404617100e-02	0.0000000000000000e+00	2.5841321259422508e-03
1.9373154697137102e-02	0.0000000000000000e+00	2.5935207458694914e-03
1.9390607989656999e-02	0.0000000000000000e+00	2.6006362541304614e-03
1.9408061282176901e-02	0.0000000000000000e+00	2.6053070761832414e-03
1.9425514574696899e-02	0.0000000000000000e+00	2.6074202465453007e-03
1.9442967867216800e-02	0.0000000000000000e+00	2.6069239933973615e-03
1.9460421159736799e-02	0.0000000000000000e+00	2.5644214434355321e-03
1.9477874452256700e-02	0.0000000000000000e+00	2.4817132981497098e-03
1.9495327744776698e-02	0.0000000000000000e+00	2.4143656476702229e-03
1.9512781037296600e-02	0.0000000000000000e+00	2.3655665256553139e-03
1.9530234329816501e-02	0.0000000000000000e+00	2.3307847531676765e-03
1.9547687622336499e-02	0.0000000000000000e+00	2.3074691922207735e-03
1.9565140914856401e-02	0.0000000000000000e+00	2.5388310129357602e-03
1.9582594207376399e-02	0.0000000000000000e+00	2.5227196415451101e-03
1.9600047499896300e-02	0.0000000000000000e+00	2.5060459948680214e-03
1.9617500792416299e-02	0.0000000000000000e+00	2.4892201731645004e-03
1.9634954084936200e-02	0.0000000000000000e+00	2.4726579942257014e-03
1.9652407377456101e-02	0.0000000000000000e+00	2.4567706420356005e-03
1.9669860669976100e-02	0.0000000000000000e+00	2.4419542108306009e-03
1.9687313962496001e-02	0.0000000000000000e+00	2.4285794678287013e-03
1.9704767255015999e-02	0.0000000000000000e+00	2.4169821389959014e-03
1.9722220547535901e-02	0.0000000000000000e+00	2.4074539808717002e-03
1.9739673840055899e-02	0.0000000000000000e+00	2.4002349737634009e-03
1.9757127132575800e-02	0.0000000000000000e+00	2.3955068235349004e-03
1.9774580425095799e-02	0.0000000000000000e+00	2.3933880782759012e-03
1.9792033717615700e-02	0.0000000000000000e+00	2.3939310644994008e-03
1.9809487010135601e-02	0.0000000000000000e+00	2.3971205506956011e-03
1.9826940302655600e-02	0.0000000000000000e+00	2.4028742823525000e-03
1.9844393595175501e-02	0.0000000000000000e+00	2.4110454738446013e-03
1.9861846887695499e-02	0.0000000000000000e+00	2.4214269132756001e-03
1.9879300180215401e-02	0.0000000000000000e+00	2.4337566484694002e-03
1.9896753472735399e-02	0.0000000000000000e+00	2.4477251111626012e-03
1.9914206765255300e-02	0.0000000000000000e+00	2.4629833584653999e-03
1.9931660057775202e-02	0.0000000000000000e+00	2.4791521057396012e-03
1.9949113350295200e-02	0.0000000000000000e+00	2.4958313633573013e-03
1.9966566642815101e-02	0.0000000000000000e+00	2.5126104843718102e-03
1.9984019935335100e-02	0.0000000000000000e+00	2.5290782289456911e-03
2.0001473227855001e-02	0.0000000000000000e+00	2.5448326503505411e-03
2.0018926520374999e-02	0.0000000000000000e+00	2.5594906635074306e-03
2.0036379812894901e-02	0.0000000000000000e+00	2.5726970024858714e-03
2.0053833105414798e-02	0.0000000000000000e+00	2.5841324338559610e-03
2.0071286397934800e-02	0.0000000000000000e+00	2.5935210513712403e-03
2.0088739690454702e-02	0.0000000000000000e+00	2.6006365579473011e-03
2.0106192982974700e-02	0.0000000000000000e+00	2.6053073761858614e-03
2.0123646275494601e-02	0.0000000000000000e+00	2.6074205378070515e-03
2.0141099568014600e-02	0.0000000000000000e+00	2.6069242812046013e-03
2.0158552860534501e-02	0.0000000000000000e+00	2.6038292742846907e-03
2.0176006153054399e-02	0.0000000000000000e+00	2.5982085080211801e-03
2.0193459445574401e-02	0.0000000000000000e+00	2.5901957610620311e-03
2.0210912738094299e-02	0.0000000000000000e+00	2.5799827461994804e-03
2.0228366030614300e-02	0.0000000000000000e+00	2.5678149028278210e-03
2.0245819323134202e-02	0.0000000000000000e+00	2.5539859507418081e-03
2.0263272615654200e-02	0.0000000000000000e+00	2.5388312052561802e-03
2.0280725908174101e-02	0.0000000000000000e+00	2.5227198210655399e-03
2.0298179200694100e-02	0.0000000000000000e+00	2.5060461597867303e-03
2.0315632493214001e-02	0.0000000000000000e+00	2.4892203258262014e-03
2.0333085785733899e-02	0.0000000000000000e+00	2.4726581316988003e-03
2.0350539078253901e-02	0.0000000000000000e+00	2.4565181778404051e-03
2.0367992370773799e-02	0.0000000000000000e+00	2.4411036595748843e-03
2.0385445663293800e-02	0.0000000000000000e+00	2.4285795686562004e-03
2.0402898955813702e-02	0.0000000000000000e+00	2.4169822278561001e-03
2.0420352248333700e-02	0.0000000000000000e+00	2.4074540658312014e-03
2.0437805540853601e-02	0.0000000000000000e+00	2.4002350451985000e-03
2.0455258833373499e-02	0.0000000000000000e+00	2.3955068760240002e-03
2.0472712125893501e-02	0.0000000000000000e+00	2.3933881141744006e-03
2.0490165418413399e-02	0.0000000000000000e+00	2.3939310916894999e-03
2.0507618710933401e-02	0.0000000000000000e+00	2.3933918967026461e-03
2.0525072003453299e-02	0.0000000000000000e+00	2.3951194332517394e-03
2.0542525295973300e-02	0.0000000000000000e+00	2.4013659684479008e-03
2.0559978588493202e-02	0.0000000000000000e+00	2.4125038692003661e-03
2.0577431881013099e-02	0.0000000000000000e+00	2.4265297065241675e-03
2.0594885173533101e-02	0.0000000000000000e+00	2.4414439759908382e-03
2.0612338466052999e-02	0.0000000000000000e+00	2.4556689125362595e-03
2.0629791758573001e-02	0.0000000000000000e+00	2.4674056357579729e-03
2.0647245051092899e-02	0.0000000000000000e+00	2.4758771537392848e-03
2.0664698343612901e-02	0.0000000000000000e+00	2.4854703091689613e-03
2.0682151636132799e-02	0.0000000000000000e+00	2.4976852589203621e-03
2.0699604928652700e-02	0.0000000000000000e+00	2.5107783608388657e-03
2.0717058221172702e-02	0.0000000000000000e+00	2.5241261402565111e-03
2.0734511513692599e-02	0.0000000000000000e+00	2.5379499180247442e-03
2.0751964806212601e-02	0.0000000000000000e+00	2.5533792959552930e-03
2.0769418098732499e-02	0.0000000000000000e+00	2.5706376365781484e-03
2.0786871391252501e-02	0.0000000000000000e+00	2.5847903093695751e-03
2.0804324683772399e-02	0.0000000000000000e+00	2.5920780252430779e-03
2.0821777976292300e-02	0.0000000000000000e+00	2.5932902613067105e-03
2.0839231268812299e-02	0.0000000000000000e+00	2.5890151714828922e-03
2.0856684561332200e-02	0.0000000000000000e+00	2.5803773015208881e-03
2.0874137853852202e-02	0.0000000000000000e+00	2.5701750721985328e-03
2.0891591146372099e-02	0.0000000000000000e+00	2.5615173767881937e-03
2.0909044438892101e-02	0.0000000000000000e+00	2.5557626232078443e-03
2.0926497731411999e-02	0.0000000000000000e+00	2.5513886031570173e-03
2.0943951023932001e-02	0.0000000000000000e+00	2.5452709637084903e-03
