0.0000000000000000e+00	0.0000000000000000e+00	0.0000000000000000e+00
1.7453292519943300e-05	0.0000000000000000e+00	2.1385038741402726e-01
3.4906585039886600e-05	0.0000000000000000e+00	3.6912476549529377e-01
5.2359877559829903e-05	0.0000000000000000e+00	3.7873108877500494e-01
6.9813170079773199e-05	0.0000000000000000e+00	3.8980669768429005e-01
8.7266462599716496e-05	0.0000000000000000e+00	3.2857619037452745e-01
1.0471975511966000e-04	0.0000000000000000e+00	5.4420951512237259e-01
1.2217304763960301e-04	0.0000000000000000e+00	5.8721263989635908e-01
1.3962634015954599e-04	0.0000000000000000e+00	3.0632417937919454e-01
1.5707963267949001e-04	0.0000000000000000e+00	1.0748663506515168e+00
1.7453292519943299e-04	0.0000000000000000e+00	2.6522014544964949e+00
1.9198621771937600e-04	0.0000000000000000e+00	4.1879951372596018e+00
2.0943951023931999e-04	0.0000000000000000e+00	5.3475984839334920e+00
2.2689280275926300e-04	0.0000000000000000e+00	5.8632091859996471e+00
2.4434609527920601e-04	0.0000000000000000e+00	5.6672494923154684e+00
2.6179938779914903e-04	0.0000000000000000e+00	4.8923792270393491e+00
2.7925268031909301e-04	0.0000000000000000e+00	3.8568652096550302e+00
2.9670597283903603e-04	0.0000000000000000e+00	3.0108839951118576e+00
3.1415926535897898e-04	0.0000000000000000e+00	2.7772391761774595e+00
3.3161255787892303e-04	0.0000000000000000e+00	3.1898954898438192e+00
3.4906585039886598e-04	0.0000000000000000e+00	3.7929648523052286e+00
3.6651914291880900e-04	0.0000000000000000e+00	4.0876883399246688e+00
3.8397243543875201e-04	0.0000000000000000e+00	3.7178954650111731e+00
4.0142572795869599e-04	0.0000000000000000e+00	2.6470777634113554e+00
4.1887902047863901e-04	0.0000000000000000e+00	1.5285819262647073e+00
4.3633231299858202e-04	0.0000000000000000e+00	2.7706987652293051e+00
4.5378560551852601e-04	0.0000000000000000e+00	5.3270397627209842e+00
4.7123889803846902e-04	0.0000000000000000e+00	6.2436739519317443e+00
4.8869219055841203e-04	0.0000000000000000e+00	4.7504788629127068e+00
5.0614548307835602e-04	0.0000000000000000e+00	1.0454828678098802e+00
5.2359877559829903e-04	0.0000000000000000e+00	3.6570087329998500e+00
5.4105206811824204e-04	0.0000000000000000e+00	8.0993186238053507e+00
5.5850536063818505e-04	0.0000000000000000e+00	1.0726501628341055e+01
5.7595865315812904e-04	0.0000000000000000e+00	1.0367356498178061e+01
5.9341194567807205e-04	0.0000000000000000e+00	7.5435954904187499e+00
6.1086523819801496e-04	0.0000000000000000e+00	5.1519376298693436e+00
6.2831853071795905e-04	0.0000000000000000e+00	2.3219155988313678e+00
6.4577182323790196e-04	0.0000000000000000e+00	7.1439574668783017e+00
6.6322511575784497e-04	0.0000000000000000e+00	1.0741706511941430e+01
6.8067840827778798e-04	0.0000000000000000e+00	1.0922962929144902e+01
6.9813170079773197e-04	0.0000000000000000e+00	7.9378177729845918e+00
7.1558499331767498e-04	0.0000000000000000e+00	4.0376867911014699e+01
7.3303828583761799e-04	0.0000000000000000e+00	7.7041533027888988e+01
7.5049157835756198e-04	0.0000000000000000e+00	9.2343518757812674e+01
7.6794487087750499e-04	0.0000000000000000e+00	8.0211588650248700e+01
7.8539816339744800e-04	0.0000000000000000e+00	4.8342486945457210e+01
8.0285145591739199e-04	0.0000000000000000e+00	1.0017472131343400e+01
8.2030474843733500e-04	0.0000000000000000e+00	1.5366668833588658e+01
8.3775804095727801e-04	0.0000000000000000e+00	8.2067041912874554e+00
8.5521133347722102e-04	0.0000000000000000e+00	2.0966291681667826e+01
8.7266462599716501e-04	0.0000000000000000e+00	4.8833704825579701e+01
8.9011791851710802e-04	0.0000000000000000e+00	6.8061809467760085e+01
9.0757121103705104e-04	0.0000000000000000e+00	7.3940678667426937e+01
9.2502450355699502e-04	0.0000000000000000e+00	5.8611735145604499e+01
9.4247779607693804e-04	0.0000000000000000e+00	3.0884660222041312e+01
9.5993108859688105e-04	0.0000000000000000e+00	7.0281965104644977e+00
9.7738438111682406e-04	0.0000000000000000e+00	1.2711925212255577e+01
9.9483767363676805e-04	0.0000000000000000e+00	1.3892442307543693e+01
1.0122909661567101e-03	0.0000000000000000e+00	7.1714859456695406e+00
1.0297442586766500e-03	0.0000000000000000e+00	9.3771351359655046e+00
1.0471975511966000e-03	0.0000000000000000e+00	2.4850281034687516e+01
1.0646508437165401e-03	0.0000000000000000e+00	2.0534990929882490e+01
1.0821041362364800e-03	0.0000000000000000e+00	5.0696883006169129e+00
1.0995574287564300e-03	0.0000000000000000e+00	3.3809953183338834e+01
1.1170107212763701e-03	0.0000000000000000e+00	4.0955341990609284e+01
1.1344640137963100e-03	0.0000000000000000e+00	2.4124700315022622e+01
1.1519173063162600e-03	0.0000000000000000e+00	9.4818972596791600e+00
1.1693705988361999e-03	0.0000000000000000e+00	1.8616093691167922e+01
1.1868238913561400e-03	0.0000000000000000e+00	1.4363143967020740e+01
1.2042771838760900e-03	0.0000000000000000e+00	1.1742259909798573e+01
1.2217304763960299e-03	0.0000000000000000e+00	2.0948511159019219e+01
1.2391837689159700e-03	0.0000000000000000e+00	2.5243755421408562e+01
1.2566370614359201e-03	0.0000000000000000e+00	3.4406040832717313e+00
1.2740903539558599e-03	0.0000000000000000e+00	2.8478608544260723e+01
1.2915436464758000e-03	0.0000000000000000e+00	2.4149426028120466e+01
1.3089969389957501e-03	0.0000000000000000e+00	1.7386147072583714e+01
1.3264502315156899e-03	0.0000000000000000e+00	1.8349056540152414e+01
1.3439035240356300e-03	0.0000000000000000e+00	2.0316561584530668e+01
1.3613568165555801e-03	0.0000000000000000e+00	1.8574853649364222e+01
1.3788101090755199e-03	0.0000000000000000e+00	2.3394987552054339e+01
1.3962634015954600e-03	0.0000000000000000e+00	5.4970039139248485e+01
1.4137166941154101e-03	0.0000000000000000e+00	1.0115372606633970e+03
1.4311699866353500e-03	0.0000000000000000e+00	1.4847224961450481e+03
1.4486232791552900e-03	0.0000000000000000e+00	1.5626071909672885e+03
1.4660765716752401e-03	0.0000000000000000e+00	1.6265429369630403e+03
1.4835298641951800e-03	0.0000000000000000e+00	1.9321103618654965e+03
1.5009831567151201e-03	0.0000000000000000e+00	1.5405126972401106e+03
1.5184364492350699e-03	0.0000000000000000e+00	1.8244721104521097e+03
1.5358897417550100e-03	0.0000000000000000e+00	1.8565706944482440e+03
1.5533430342749501e-03	0.0000000000000000e+00	1.9094760990975576e+03
1.5707963267948999e-03	0.0000000000000000e+00	1.8933466683206077e+03
1.5882496193148400e-03	0.0000000000000000e+00	1.9253687614536325e+03
1.6057029118347801e-03	0.0000000000000000e+00	1.9520182543047406e+03
1.6231562043547299e-03	0.0000000000000000e+00	1.9501459906780344e+03
1.6406094968746700e-03	0.0000000000000000e+00	1.9488349831598005e+03
1.6580627893946101e-03	0.0000000000000000e+00	1.8354238403179143e+03
1.6755160819145599e-03	0.0000000000000000e+00	9.3395565911006065e+02
1.6929693744345000e-03	0.0000000000000000e+00	1.4945705263399950e+03
1.7104226669544401e-03	0.0000000000000000e+00	1.0934915452257494e+03
1.7278759594743899e-03	0.0000000000000000e+00	1.9347678857341821e+03
1.7453292519943300e-03	0.0000000000000000e+00	1.5211254563816481e+03
1.7627825445142699e-03	0.0000000000000000e+00	1.4883629136421198e+03
1.7802358370342200e-03	0.0000000000000000e+00	1.4890198411069650e+03
1.7976891295541600e-03	0.0000000000000000e+00	1.4895541514240203e+03
1.8151424220740999e-03	0.0000000000000000e+00	1.4900524848200191e+03
1.8325957145940500e-03	0.0000000000000000e+00	1.4905100536289308e+03
1.8500490071139900e-03	0.0000000000000000e+00	1.4908744342171710e+03
1.8675022996339299e-03	0.0000000000000000e+00	1.4909289550516235e+03
1.8849555921538800e-03	0.0000000000000000e+00	1.4904771386974805e+03
1.9024088846738201e-03	0.0000000000000000e+00	1.4903814125816068e+03
1.9198621771937599e-03	0.0000000000000000e+00	1.4913820161975002e+03
1.9373154697137100e-03	0.0000000000000000e+00	1.4924909791285636e+03
1.9547687622336499e-03	0.0000000000000000e+00	1.4932456994581285e+03
1.9722220547535902e-03	0.0000000000000000e+00	1.4938306731826551e+03
1.9896753472735400e-03	0.0000000000000000e+00	1.4943403430191447e+03
2.0071286397934799e-03	0.0000000000000000e+00	1.4947567476920804e+03
2.0245819323134202e-03	0.0000000000000000e+00	1.4949006395606534e+03
2.0420352248333700e-03	0.0000000000000000e+00	1.4944248655033100e+03
2.0594885173533099e-03	0.0000000000000000e+00	1.4934044436689865e+03
2.0769418098732502e-03	0.0000000000000000e+00	1.4927568635207526e+03
2.0943951023932000e-03	0.0000000000000000e+00	1.4931008389245260e+03
2.1118483949131399e-03	0.0000000000000000e+00	1.6780529830504092e+03
2.1293016874330802e-03	0.0000000000000000e+00	1.7214716885440646e+03
2.1467549799530201e-03	0.0000000000000000e+00	1.7214850842835351e+03
2.1642082724729699e-03	0.0000000000000000e+00	1.7233586757286541e+03
2.1816615649929102e-03	0.0000000000000000e+00	1.7233553682723254e+03
2.1991148575128501e-03	0.0000000000000000e+00	1.7233529637858949e+03
2.2165681500327999e-03	0.0000000000000000e+00	1.7233523195183457e+03
2.2340214425527402e-03	0.0000000000000000e+00	1.7233532249160069e+03
2.2514747350726801e-03	0.0000000000000000e+00	1.7233555062990351e+03
2.2689280275926299e-03	0.0000000000000000e+00	1.7233582354148441e+03
2.2863813201125698e-03	0.0000000000000000e+00	1.7214908293573717e+03
2.3038346126325101e-03	0.0000000000000000e+00	1.7214711673115853e+03
2.3212879051524599e-03	0.0000000000000000e+00	1.7214531575703018e+03
2.3387411976723998e-03	0.0000000000000000e+00	1.7214376674543973e+03
2.3561944901923401e-03	0.0000000000000000e+00	1.7214248876734482e+03
2.3736477827122899e-03	0.0000000000000000e+00	1.7214155080796020e+03
2.3911010752322298e-03	0.0000000000000000e+00	1.7214096908560243e+03
2.4085543677521701e-03	0.0000000000000000e+00	1.7214079013100616e+03
2.4260076602721200e-03	0.0000000000000000e+00	1.7214102783841761e+03
2.4434609527920598e-03	0.0000000000000000e+00	1.7214168082907754e+03
2.4609142453120001e-03	0.0000000000000000e+00	1.7214272707889945e+03
2.4783675378319500e-03	0.0000000000000000e+00	1.7214416660376164e+03
2.4958208303518898e-03	0.0000000000000000e+00	1.7214595877903853e+03
2.5132741228718301e-03	0.0000000000000000e+00	1.7214806631380861e+03
2.5307274153917800e-03	0.0000000000000000e+00	1.7214814078778672e+03
2.5481807079117198e-03	0.0000000000000000e+00	1.7214787690980779e+03
2.5656340004316601e-03	0.0000000000000000e+00	1.7214781611123415e+03
2.5830872929516100e-03	0.0000000000000000e+00	1.7214793576398465e+03
2.6005405854715499e-03	0.0000000000000000e+00	1.7214821570334932e+03
2.6179938779914902e-03	0.0000000000000000e+00	1.7214854534269714e+03
2.6354471705114400e-03	0.0000000000000000e+00	1.7214693422351836e+03
2.6529004630313799e-03	0.0000000000000000e+00	1.7214452782382459e+03
2.6703537555513202e-03	0.0000000000000000e+00	1.7214233377509388e+03
2.6878070480712700e-03	0.0000000000000000e+00	1.7214046185449215e+03
2.7052603405912099e-03	0.0000000000000000e+00	1.7213892326187033e+03
2.7227136331111502e-03	0.0000000000000000e+00	1.7213780173479961e+03
2.7401669256311000e-03	0.0000000000000000e+00	1.7213711183858750e+03
2.7576202181510399e-03	0.0000000000000000e+00	1.7213690865814660e+03
2.7750735106709802e-03	0.0000000000000000e+00	1.7213720674599526e+03
2.7925268031909300e-03	0.0000000000000000e+00	1.7213799748565502e+03
2.8099800957108699e-03	0.0000000000000000e+00	1.7208162089325424e+03
2.8274333882308102e-03	0.0000000000000000e+00	1.7203021118062547e+03
2.8448866807507600e-03	0.0000000000000000e+00	1.7199063442663498e+03
2.8623399732706999e-03	0.0000000000000000e+00	1.7197312648779257e+03
2.8797932657906402e-03	0.0000000000000000e+00	1.7198711100798871e+03
2.8972465583105901e-03	0.0000000000000000e+00	1.7202198358260630e+03
2.9146998508305299e-03	0.0000000000000000e+00	1.7204737404920156e+03
2.9321531433504698e-03	0.0000000000000000e+00	1.7204142462313760e+03
2.9496064358704201e-03	0.0000000000000000e+00	1.7199719033018284e+03
2.9670597283903599e-03	0.0000000000000000e+00	1.7192088610987353e+03
2.9845130209102998e-03	0.0000000000000000e+00	1.7183612761400364e+03
3.0019663134302501e-03	0.0000000000000000e+00	1.7177169665576046e+03
3.0194196059501899e-03	0.0000000000000000e+00	1.7173374007004304e+03
3.0368728984701298e-03	0.0000000000000000e+00	1.7170582292743882e+03
3.0543261909900801e-03	0.0000000000000000e+00	1.7395414450647143e+03
3.0717794835100200e-03	0.0000000000000000e+00	1.7575122027179054e+03
3.0892327760299598e-03	0.0000000000000000e+00	1.7617517298722089e+03
3.1066860685499101e-03	0.0000000000000000e+00	1.7616933204990596e+03
3.1241393610698500e-03	0.0000000000000000e+00	1.7649646385705141e+03
3.1415926535897898e-03	0.0000000000000000e+00	1.7907422864403641e+03
3.1590459461097401e-03	0.0000000000000000e+00	1.8356504228030747e+03
3.1764992386296800e-03	0.0000000000000000e+00	1.8512723830177242e+03
3.1939525311496198e-03	0.0000000000000000e+00	1.8061601848557320e+03
3.2114058236695701e-03	0.0000000000000000e+00	1.7518226829226016e+03
3.2288591161895100e-03	0.0000000000000000e+00	1.7173057762204419e+03
3.2463124087094499e-03	0.0000000000000000e+00	1.7173333790554382e+03
3.2637657012294001e-03	0.0000000000000000e+00	1.7172642171456216e+03
3.2812189937493400e-03	0.0000000000000000e+00	1.7170383621984301e+03
3.2986722862692799e-03	0.0000000000000000e+00	1.7392013763903446e+03
3.3161255787892301e-03	0.0000000000000000e+00	1.8522868260553787e+03
3.3335788713091700e-03	0.0000000000000000e+00	1.9622227790028853e+03
3.3510321638291099e-03	0.0000000000000000e+00	1.9579597650993519e+03
3.3684854563490602e-03	0.0000000000000000e+00	1.8135500652326857e+03
3.3859387488690000e-03	0.0000000000000000e+00	1.7424057194060663e+03
3.4033920413889399e-03	0.0000000000000000e+00	1.7184228835546865e+03
3.4208453339088902e-03	0.0000000000000000e+00	1.7199358200790437e+03
3.4382986264288300e-03	0.0000000000000000e+00	1.7368114203120094e+03
3.4557519189487699e-03	0.0000000000000000e+00	1.7515202765648628e+03
3.4732052114687202e-03	0.0000000000000000e+00	1.7494236182497643e+03
3.4906585039886600e-03	0.0000000000000000e+00	1.7167883773833655e+03
3.5081117965085999e-03	0.0000000000000000e+00	1.7183512349053678e+03
3.5255650890285502e-03	0.0000000000000000e+00	1.7294956518780571e+03
3.5430183815484901e-03	0.0000000000000000e+00	1.7610199044370461e+03
3.5604716740684299e-03	0.0000000000000000e+00	1.7853656514612564e+03
3.5779249665883698e-03	0.0000000000000000e+00	1.7808269451261610e+03
3.5953782591083201e-03	0.0000000000000000e+00	1.7475051060604621e+03
3.6128315516282599e-03	0.0000000000000000e+00	1.7178014568608041e+03
3.6302848441482102e-03	0.0000000000000000e+00	1.7505678768635375e+03
3.6477381366681501e-03	0.0000000000000000e+00	1.7794390646913475e+03
3.6651914291880900e-03	0.0000000000000000e+00	1.7646273469673711e+03
3.6826447217080398e-03	0.0000000000000000e+00	1.7193652884412850e+03
3.7000980142279801e-03	0.0000000000000000e+00	1.7150897550102143e+03
3.7175513067479200e-03	0.0000000000000000e+00	1.7588806800757748e+03
3.7350045992678598e-03	0.0000000000000000e+00	1.7687599418672960e+03
3.7524578917878101e-03	0.0000000000000000e+00	1.7611472762471578e+03
3.7699111843077500e-03	0.0000000000000000e+00	1.7318665280760490e+03
3.7873644768276998e-03	0.0000000000000000e+00	1.8293604059110273e+03
3.8048177693476401e-03	0.0000000000000000e+00	2.3145670562461592e+03
3.8222710618675800e-03	0.0000000000000000e+00	2.5379850540022076e+03
3.8397243543875199e-03	0.0000000000000000e+00	2.5992305261503298e+03
3.8571776469074701e-03	0.0000000000000000e+00	2.5583431952060696e+03
3.8746309394274100e-03	0.0000000000000000e+00	1.9315513293814142e+03
3.8920842319473499e-03	0.0000000000000000e+00	1.7129742302837274e+03
3.9095375244672997e-03	0.0000000000000000e+00	1.7565341433020430e+03
3.9269908169872400e-03	0.0000000000000000e+00	1.8494844040003777e+03
3.9444441095071803e-03	0.0000000000000000e+00	1.8752172074684127e+03
3.9618974020271302e-03	0.0000000000000000e+00	1.7632086756392491e+03
3.9793506945470696e-03	0.0000000000000000e+00	1.7731162144717466e+03
3.9968039870670099e-03	0.0000000000000000e+00	2.3203689229423076e+03
4.0142572795869597e-03	0.0000000000000000e+00	2.8594044543437717e+03
4.0317105721069000e-03	0.0000000000000000e+00	2.8548066581450407e+03
4.0491638646268403e-03	0.0000000000000000e+00	2.8530148823895693e+03
4.0666171571467902e-03	0.0000000000000000e+00	2.8549794324535924e+03
4.0840704496667296e-03	0.0000000000000000e+00	2.7974806680111465e+03
4.1015237421866699e-03	0.0000000000000000e+00	2.1154785691722363e+03
4.1189770347066198e-03	0.0000000000000000e+00	2.6025931790710647e+03
4.1364303272265601e-03	0.0000000000000000e+00	2.9793915555693293e+03
4.1538836197465004e-03	0.0000000000000000e+00	2.9691445321614219e+03
4.1713369122664502e-03	0.0000000000000000e+00	2.9662381866524815e+03
4.1887902047863896e-03	0.0000000000000000e+00	2.9697373939954477e+03
4.2062434973063299e-03	0.0000000000000000e+00	2.9608056264663410e+03
4.2236967898262798e-03	0.0000000000000000e+00	2.9519773275621319e+03
4.2411500823462201e-03	0.0000000000000000e+00	2.9433115341242428e+03
4.2586033748661604e-03	0.0000000000000000e+00	2.9373097991541908e+03
4.2760566673861102e-03	0.0000000000000000e+00	2.9456452722806466e+03
4.2935099599060497e-03	0.0000000000000000e+00	2.9260916216935889e+03
4.3109632524259900e-03	0.0000000000000000e+00	2.9094678396188488e+03
4.3284165449459398e-03	0.0000000000000000e+00	2.9007700604376610e+03
4.3458698374658801e-03	0.0000000000000000e+00	2.8924951785999697e+03
4.3633231299858204e-03	0.0000000000000000e+00	2.8843139092593233e+03
4.3807764225057702e-03	0.0000000000000000e+00	2.8761656313977933e+03
4.3982297150257097e-03	0.0000000000000000e+00	2.8680954323018191e+03
4.4156830075456500e-03	0.0000000000000000e+00	2.8601092692486945e+03
4.4331363000655998e-03	0.0000000000000000e+00	2.8461628411901106e+03
4.4505895925855401e-03	0.0000000000000000e+00	2.8464767556647089e+03
4.4680428851054804e-03	0.0000000000000000e+00	2.8001946602541261e+03
4.4854961776254303e-03	0.0000000000000000e+00	2.8000040315468505e+03
4.5029494701453697e-03	0.0000000000000000e+00	2.7986454905480714e+03
4.5204027626653100e-03	0.0000000000000000e+00	2.7962781870566519e+03
4.5378560551852598e-03	0.0000000000000000e+00	2.9556862243675901e+03
4.5553093477052001e-03	0.0000000000000000e+00	2.8615793421882668e+03
4.5727626402251396e-03	0.0000000000000000e+00	2.6286975175426628e+03
4.5902159327450903e-03	0.0000000000000000e+00	2.7931516481762919e+03
4.6076692252650297e-03	0.0000000000000000e+00	2.7918030118807137e+03
4.6251225177849700e-03	0.0000000000000000e+00	2.7906098504291890e+03
4.6425758103049199e-03	0.0000000000000000e+00	2.7893913362044364e+03
4.6600291028248602e-03	0.0000000000000000e+00	2.7881739790392789e+03
4.6774823953447996e-03	0.0000000000000000e+00	2.7869578129670126e+03
4.6949356878647503e-03	0.0000000000000000e+00	2.7857420640473238e+03
4.7123889803846897e-03	0.0000000000000000e+00	2.7845204108184971e+03
4.7298422729046300e-03	0.0000000000000000e+00	2.7832514321266476e+03
4.7472955654245799e-03	0.0000000000000000e+00	2.7819825167743270e+03
4.7647488579445202e-03	0.0000000000000000e+00	2.7807147776456168e+03
4.7822021504644596e-03	0.0000000000000000e+00	2.7794055390489016e+03
4.7996554429844103e-03	0.0000000000000000e+00	2.7747561728939677e+03
4.8171087355043498e-03	0.0000000000000000e+00	2.6948185533497217e+03
4.8345620280242901e-03	0.0000000000000000e+00	2.6954189668223426e+03
4.8520153205442399e-03	0.0000000000000000e+00	2.6957509542401308e+03
4.8694686130641802e-03	0.0000000000000000e+00	2.8622772111232703e+03
4.8869219055841196e-03	0.0000000000000000e+00	2.7732883736675230e+03
4.9043751981040704e-03	0.0000000000000000e+00	2.7464210471410979e+03
4.9218284906240098e-03	0.0000000000000000e+00	2.6006293639269620e+03
4.9392817831439501e-03	0.0000000000000000e+00	2.7563087925079517e+03
4.9567350756638999e-03	0.0000000000000000e+00	2.3976989691157082e+03
4.9741883681838402e-03	0.0000000000000000e+00	2.4469433754892548e+03
4.9916416607037797e-03	0.0000000000000000e+00	1.4776696195513973e+03
5.0090949532237304e-03	0.0000000000000000e+00	1.5126673359294784e+03
5.0265482457436698e-03	0.0000000000000000e+00	1.6146675125314266e+03
5.0440015382636101e-03	0.0000000000000000e+00	1.6522146806060891e+03
5.0614548307835600e-03	0.0000000000000000e+00	1.6522196006225413e+03
5.0789081233035003e-03	0.0000000000000000e+00	1.6751147660585154e+03
5.0963614158234397e-03	0.0000000000000000e+00	1.6750715579180555e+03
5.1138147083433904e-03	0.0000000000000000e+00	1.6750324731013798e+03
5.1312680008633298e-03	0.0000000000000000e+00	1.6750000558541178e+03
5.1487212933832701e-03	0.0000000000000000e+00	1.6749742065787766e+03
5.1661745859032200e-03	0.0000000000000000e+00	1.6749564536915539e+03
5.1836278784231603e-03	0.0000000000000000e+00	1.6749466636301586e+03
5.2010811709430997e-03	0.0000000000000000e+00	1.6749457569936144e+03
5.2185344634630504e-03	0.0000000000000000e+00	1.5732088885913320e+03
5.2359877559829899e-03	0.0000000000000000e+00	1.5936577838491819e+03
5.2534410485029302e-03	0.0000000000000000e+00	1.5732499247015289e+03
5.2708943410228696e-03	0.0000000000000000e+00	1.6778922396818057e+03
5.2883476335428203e-03	0.0000000000000000e+00	1.6521251013270132e+03
5.3058009260627597e-03	0.0000000000000000e+00	1.6521692712728923e+03
5.3232542185827000e-03	0.0000000000000000e+00	1.6521985068560996e+03
5.3407075111026499e-03	0.0000000000000000e+00	1.6521976149781678e+03
5.3581608036225902e-03	0.0000000000000000e+00	2.5140053180474551e+03
5.3756140961425296e-03	0.0000000000000000e+00	2.4983777717391181e+03
5.3930673886624803e-03	0.0000000000000000e+00	1.6809267407053858e+03
5.4105206811824198e-03	0.0000000000000000e+00	1.6809271166621659e+03
5.4279739737023601e-03	0.0000000000000000e+00	1.6779727130113820e+03
5.4454272662223099e-03	0.0000000000000000e+00	1.6617049516250988e+03
5.4628805587422502e-03	0.0000000000000000e+00	1.6520856131082251e+03
5.4803338512621896e-03	0.0000000000000000e+00	1.6520535788644354e+03
5.4977871437821403e-03	0.0000000000000000e+00	1.6749681172881831e+03
5.5152404363020798e-03	0.0000000000000000e+00	1.6520099721912427e+03
5.5326937288220201e-03	0.0000000000000000e+00	1.6519998225750981e+03
5.5501470213419699e-03	0.0000000000000000e+00	1.6712101000623934e+03
5.5676003138619102e-03	0.0000000000000000e+00	1.6778112414037839e+03
5.5850536063818497e-03	0.0000000000000000e+00	1.6778268305153535e+03
5.6025068989018004e-03	0.0000000000000000e+00	1.5391922432822957e+03
5.6199601914217398e-03	0.0000000000000000e+00	1.5295706112973246e+03
5.6374134839416801e-03	0.0000000000000000e+00	1.5198464950403172e+03
5.6548667764616299e-03	0.0000000000000000e+00	1.5625136226687418e+03
5.6723200689815702e-03	0.0000000000000000e+00	2.2915614835131491e+03
5.6897733615015097e-03	0.0000000000000000e+00	1.6541119719711271e+03
5.7072266540214604e-03	0.0000000000000000e+00	1.6937969190215924e+03
5.7246799465413998e-03	0.0000000000000000e+00	1.9425035526932131e+03
5.7421332390613401e-03	0.0000000000000000e+00	2.0442940917245492e+03
5.7595865315812900e-03	0.0000000000000000e+00	2.0806787665611805e+03
5.7770398241012303e-03	0.0000000000000000e+00	2.1139392425164770e+03
5.7944931166211697e-03	0.0000000000000000e+00	2.1445933658669883e+03
5.8119464091411204e-03	0.0000000000000000e+00	2.1730112874647480e+03
5.8293997016610598e-03	0.0000000000000000e+00	2.1994912405882883e+03
5.8468529941810002e-03	0.0000000000000000e+00	2.2242742513117860e+03
5.8643062867009500e-03	0.0000000000000000e+00	2.2475612630340393e+03
5.8817595792208903e-03	0.0000000000000000e+00	2.2695188019816705e+03
5.8992128717408297e-03	0.0000000000000000e+00	2.2902881852360561e+03
5.9166661642607796e-03	0.0000000000000000e+00	2.3099889216356437e+03
5.9341194567807199e-03	0.0000000000000000e+00	2.3287234141579497e+03
5.9515727493006602e-03	0.0000000000000000e+00	2.3465798059805570e+03
5.9690260418206100e-03	0.0000000000000000e+00	2.3636353301492341e+03
5.9864793343405503e-03	0.0000000000000000e+00	2.3799565935852484e+03
6.0039326268604898e-03	0.0000000000000000e+00	2.3956024716337415e+03
6.0213859193804396e-03	0.0000000000000000e+00	2.4106059995935120e+03
6.0388392119003799e-03	0.0000000000000000e+00	2.4249968883284296e+03
6.0562925044203202e-03	0.0000000000000000e+00	2.4388520306153996e+03
6.0737457969402700e-03	0.0000000000000000e+00	2.4522090166908283e+03
6.0911990894602103e-03	0.0000000000000000e+00	2.4651007607524343e+03
6.1086523819801498e-03	0.0000000000000000e+00	2.4775475768563524e+03
6.1261056745000996e-03	0.0000000000000000e+00	2.4895403279888578e+03
6.1435589670200399e-03	0.0000000000000000e+00	2.5011514478805452e+03
6.1610122595399802e-03	0.0000000000000000e+00	2.5124061187535103e+03
6.1784655520599301e-03	0.0000000000000000e+00	2.5233278127960825e+03
6.1959188445798704e-03	0.0000000000000000e+00	2.5297940953212251e+03
6.2133721370998098e-03	0.0000000000000000e+00	2.5285327117302973e+03
6.2308254296197596e-03	0.0000000000000000e+00	2.5274620782276947e+03
6.2482787221396999e-03	0.0000000000000000e+00	2.5323475895510655e+03
6.2657320146596402e-03	0.0000000000000000e+00	2.5372138904216208e+03
6.2831853071795901e-03	0.0000000000000000e+00	2.5420612877520171e+03
6.3006385996995304e-03	0.0000000000000000e+00	2.5424112063095054e+03
6.3180918922194698e-03	0.0000000000000000e+00	2.5427503131413487e+03
6.3355451847394197e-03	0.0000000000000000e+00	2.5430394935302356e+03
6.3529984772593600e-03	0.0000000000000000e+00	2.5432208076386228e+03
6.3704517697793003e-03	0.0000000000000000e+00	2.5432508245251111e+03
6.3879050622992501e-03	0.0000000000000000e+00	2.5431809041012125e+03
6.4053583548191904e-03	0.0000000000000000e+00	2.5432006981933764e+03
6.4228116473391298e-03	0.0000000000000000e+00	2.5434386766819939e+03
6.4402649398590797e-03	0.0000000000000000e+00	2.5438362013579763e+03
6.4577182323790200e-03	0.0000000000000000e+00	2.5442325325694114e+03
6.4751715248989603e-03	0.0000000000000000e+00	2.5444736921335616e+03
6.4926248174188997e-03	0.0000000000000000e+00	2.5445091876718916e+03
6.5100781099388504e-03	0.0000000000000000e+00	2.5443104209689068e+03
6.5275314024587899e-03	0.0000000000000000e+00	2.5439644729836987e+03
6.5449846949787302e-03	0.0000000000000000e+00	2.5436570054028480e+03
6.5624379874986800e-03	0.0000000000000000e+00	2.5435832585276776e+03
6.5798912800186203e-03	0.0000000000000000e+00	2.5438152800103180e+03
6.5973445725385597e-03	0.0000000000000000e+00	2.5442270605862600e+03
6.6147978650585096e-03	0.0000000000000000e+00	2.5447022673286042e+03
6.6322511575784499e-03	0.0000000000000000e+00	2.5451078058243279e+03
6.6497044500983902e-03	0.0000000000000000e+00	2.5452804489560731e+03
6.6671577426183400e-03	0.0000000000000000e+00	2.5451781996625764e+03
6.6846110351382803e-03	0.0000000000000000e+00	2.5448220072522049e+03
6.7020643276582198e-03	0.0000000000000000e+00	2.5443941078097423e+03
6.7195176201781696e-03	0.0000000000000000e+00	2.5440551126453120e+03
6.7369709126981099e-03	0.0000000000000000e+00	2.5439217340634395e+03
6.7544242052180502e-03	0.0000000000000000e+00	2.5441080612258938e+03
6.7718774977380001e-03	0.0000000000000000e+00	2.5445926947646285e+03
6.7893307902579404e-03	0.0000000000000000e+00	2.5453301133888772e+03
6.8067840827778798e-03	0.0000000000000000e+00	2.5461153275987981e+03
6.8242373752978296e-03	0.0000000000000000e+00	2.5466449856307295e+03
6.8416906678177699e-03	0.0000000000000000e+00	2.5469729634615232e+03
6.8591439603377102e-03	0.0000000000000000e+00	2.5471263340157916e+03
6.8765972528576601e-03	0.0000000000000000e+00	2.5470838312370479e+03
6.8940505453776004e-03	0.0000000000000000e+00	2.5469352593965414e+03
6.9115038378975398e-03	0.0000000000000000e+00	2.5469269763665584e+03
6.9289571304174897e-03	0.0000000000000000e+00	2.5472248226179890e+03
6.9464104229374300e-03	0.0000000000000000e+00	2.5476972136231875e+03
6.9638637154573703e-03	0.0000000000000000e+00	2.5479912920474385e+03
6.9813170079773201e-03	0.0000000000000000e+00	2.5476628616879993e+03
6.9987703004972604e-03	0.0000000000000000e+00	2.5473764817719011e+03
7.0162235930171998e-03	0.0000000000000000e+00	2.5471453678206781e+03
7.0336768855371497e-03	0.0000000000000000e+00	2.5470398808095151e+03
7.0511301780570900e-03	0.0000000000000000e+00	2.5471037198722984e+03
7.0685834705770303e-03	0.0000000000000000e+00	2.5472825946556150e+03
7.0860367630969801e-03	0.0000000000000000e+00	2.5474817099716124e+03
7.1034900556169204e-03	0.0000000000000000e+00	2.5476584847048912e+03
7.1209433481368599e-03	0.0000000000000000e+00	2.5477121968916013e+03
7.1383966406568097e-03	0.0000000000000000e+00	2.5476536758481689e+03
7.1558499331767500e-03	0.0000000000000000e+00	2.5475255022860651e+03
7.1733032256966903e-03	0.0000000000000000e+00	2.5472474610432591e+03
7.1907565182166401e-03	0.0000000000000000e+00	2.5468975758901806e+03
7.2082098107365796e-03	0.0000000000000000e+00	2.5466898883981994e+03
7.2256631032565199e-03	0.0000000000000000e+00	2.5467901985046446e+03
7.2431163957764697e-03	0.0000000000000000e+00	2.5471312915615781e+03
7.2605696882964100e-03	0.0000000000000000e+00	2.5476455889326853e+03
7.2780229808163503e-03	0.0000000000000000e+00	2.5482908179060437e+03
7.2954762733363002e-03	0.0000000000000000e+00	2.5479876668724446e+03
7.3129295658562396e-03	0.0000000000000000e+00	2.5467941788566286e+03
7.3303828583761799e-03	0.0000000000000000e+00	2.5459355134973198e+03
7.3478361508961297e-03	0.0000000000000000e+00	2.5457427064676308e+03
7.3652894434160700e-03	0.0000000000000000e+00	2.5461656068364159e+03
7.3827427359360103e-03	0.0000000000000000e+00	2.5471413068477373e+03
7.4001960284559602e-03	0.0000000000000000e+00	2.5482056182387209e+03
7.4176493209758996e-03	0.0000000000000000e+00	2.5467903290404988e+03
7.4351026134958399e-03	0.0000000000000000e+00	2.5452595196832426e+03
7.4525559060157898e-03	0.0000000000000000e+00	2.5442533745155170e+03
7.4700091985357301e-03	0.0000000000000000e+00	2.5439217910926964e+03
7.4874624910556704e-03	0.0000000000000000e+00	2.5440311529641494e+03
7.5049157835756202e-03	0.0000000000000000e+00	2.5442890297816734e+03
7.5223690760955596e-03	0.0000000000000000e+00	2.5445594650021535e+03
7.5398223686154999e-03	0.0000000000000000e+00	2.5449879953541190e+03
7.5572756611354498e-03	0.0000000000000000e+00	2.5455532287216947e+03
7.5747289536553901e-03	0.0000000000000000e+00	2.5460715141507276e+03
7.5921822461753304e-03	0.0000000000000000e+00	2.5463136965531899e+03
7.6096355386952802e-03	0.0000000000000000e+00	2.5463295892209312e+03
7.6270888312152197e-03	0.0000000000000000e+00	2.5462724762040425e+03
7.6445421237351600e-03	0.0000000000000000e+00	2.5462357359101898e+03
7.6619954162551098e-03	0.0000000000000000e+00	2.5462003372380018e+03
7.6794487087750501e-03	0.0000000000000000e+00	2.5462447231119322e+03
7.6969020012949904e-03	0.0000000000000000e+00	2.5462104301221993e+03
7.7143552938149403e-03	0.0000000000000000e+00	2.5462018400167021e+03
7.7318085863348797e-03	0.0000000000000000e+00	2.5462297087536526e+03
7.7492618788548200e-03	0.0000000000000000e+00	2.5462851646607637e+03
7.7667151713747698e-03	0.0000000000000000e+00	2.5463335793660390e+03
7.7841684638947101e-03	0.0000000000000000e+00	2.5463454063011122e+03
7.8016217564146496e-03	0.0000000000000000e+00	2.5463445120669162e+03
7.8190750489345994e-03	0.0000000000000000e+00	2.5463119664833175e+03
7.8365283414545406e-03	0.0000000000000000e+00	2.5462646033828246e+03
7.8539816339744800e-03	0.0000000000000000e+00	2.5462344745609948e+03
7.8714349264944194e-03	0.0000000000000000e+00	2.5461642106314462e+03
7.8888882190143693e-03	0.0000000000000000e+00	2.5460852252383338e+03
7.9063415115343105e-03	0.0000000000000000e+00	2.5460004292573331e+03
7.9237948040542603e-03	0.0000000000000000e+00	2.5458796398101099e+03
7.9412480965741997e-03	0.0000000000000000e+00	2.5456624101790262e+03
7.9587013890941392e-03	0.0000000000000000e+00	2.5453564097037502e+03
7.9761546816140907e-03	0.0000000000000000e+00	2.5450210252956695e+03
7.9936079741340302e-03	0.0000000000000000e+00	2.5447198826935155e+03
8.0110612666539696e-03	0.0000000000000000e+00	2.5444870183544185e+03
8.0285145591739195e-03	0.0000000000000000e+00	2.5443430066949927e+03
8.0459678516938606e-03	0.0000000000000000e+00	2.5443302797908332e+03
8.0634211442138001e-03	0.0000000000000000e+00	2.5444792255942953e+03
8.0808744367337395e-03	0.0000000000000000e+00	2.5447789075243213e+03
8.0983277292536893e-03	0.0000000000000000e+00	2.5452409290090304e+03
8.1157810217736305e-03	0.0000000000000000e+00	2.5457567975295460e+03
8.1332343142935803e-03	0.0000000000000000e+00	2.5460375418185417e+03
8.1506876068135198e-03	0.0000000000000000e+00	2.5460263972365810e+03
8.1681408993334592e-03	0.0000000000000000e+00	2.5458155941390728e+03
8.1855941918534108e-03	0.0000000000000000e+00	2.5454960359896772e+03
8.2030474843733502e-03	0.0000000000000000e+00	2.5450890080753779e+03
8.2205007768932897e-03	0.0000000000000000e+00	2.5447018857997550e+03
8.2379540694132308e-03	0.0000000000000000e+00	2.5445187111706005e+03
8.2554073619331807e-03	0.0000000000000000e+00	2.5446239651586220e+03
8.2728606544531201e-03	0.0000000000000000e+00	2.5450604261448871e+03
8.2903139469730595e-03	0.0000000000000000e+00	2.5456533551479984e+03
8.3077672394930094e-03	0.0000000000000000e+00	2.5461344483631360e+03
8.3252205320129506e-03	0.0000000000000000e+00	2.5462598827795341e+03
8.3426738245328900e-03	0.0000000000000000e+00	2.5459435821537613e+03
8.3601271170528398e-03	0.0000000000000000e+00	2.5452709149741795e+03
8.3775804095727793e-03	0.0000000000000000e+00	2.5443834703813100e+03
8.3950337020927204e-03	0.0000000000000000e+00	2.5441359091581380e+03
8.4124869946126703e-03	0.0000000000000000e+00	2.5439357629310357e+03
8.4299402871326097e-03	0.0000000000000000e+00	2.5438509090314460e+03
8.4473935796525491e-03	0.0000000000000000e+00	2.5439628240021766e+03
8.4648468721725007e-03	0.0000000000000000e+00	2.5442182355386835e+03
8.4823001646924402e-03	0.0000000000000000e+00	2.5444423985304111e+03
8.4997534572123796e-03	0.0000000000000000e+00	2.5445390364279388e+03
8.5172067497323294e-03	0.0000000000000000e+00	2.5444269990508492e+03
8.5346600422522706e-03	0.0000000000000000e+00	2.5441261219353260e+03
8.5521133347722100e-03	0.0000000000000000e+00	2.5437215484952812e+03
8.5695666272921599e-03	0.0000000000000000e+00	2.5432614372158368e+03
8.5870199198120993e-03	0.0000000000000000e+00	2.5429070551623408e+03
8.6044732123320405e-03	0.0000000000000000e+00	2.5427452851967482e+03
8.6219265048519903e-03	0.0000000000000000e+00	2.5428196419517117e+03
8.6393797973719298e-03	0.0000000000000000e+00	2.5430466726539121e+03
8.6568330898918692e-03	0.0000000000000000e+00	2.5432548767161165e+03
8.6742863824118208e-03	0.0000000000000000e+00	2.5433831432874326e+03
8.6917396749317602e-03	0.0000000000000000e+00	2.5434525825309811e+03
8.7091929674516996e-03	0.0000000000000000e+00	2.5434433818252837e+03
8.7266462599716495e-03	0.0000000000000000e+00	2.5433578100936920e+03
8.7440995524915906e-03	0.0000000000000000e+00	2.5432598892181650e+03
8.7615528450115301e-03	0.0000000000000000e+00	2.5431720721660945e+03
8.7790061375314799e-03	0.0000000000000000e+00	2.5431056820428644e+03
8.7964594300514194e-03	0.0000000000000000e+00	2.5430767430197479e+03
8.8139127225713605e-03	0.0000000000000000e+00	2.5430595787291845e+03
8.8313660150913104e-03	0.0000000000000000e+00	2.5430482419583082e+03
8.8488193076112498e-03	0.0000000000000000e+00	2.5431206535578617e+03
8.8662726001311892e-03	0.0000000000000000e+00	2.5433430532871671e+03
8.8837258926511408e-03	0.0000000000000000e+00	2.5437452335389130e+03
8.9011791851710802e-03	0.0000000000000000e+00	2.5442469276961324e+03
8.9186324776910197e-03	0.0000000000000000e+00	2.5446468397425947e+03
8.9360857702109695e-03	0.0000000000000000e+00	2.5448899001486043e+03
8.9535390627309107e-03	0.0000000000000000e+00	2.5450000594378462e+03
8.9709923552508501e-03	0.0000000000000000e+00	2.5449611125509632e+03
8.9884456477708000e-03	0.0000000000000000e+00	2.5446656885780517e+03
9.0058989402907394e-03	0.0000000000000000e+00	2.5441321770430468e+03
9.0233522328106806e-03	0.0000000000000000e+00	2.5435738425710792e+03
9.0408055253306304e-03	0.0000000000000000e+00	2.5432142365599975e+03
9.0582588178505698e-03	0.0000000000000000e+00	2.5433307534560990e+03
9.0757121103705093e-03	0.0000000000000000e+00	2.5439897387196543e+03
9.0931654028904609e-03	0.0000000000000000e+00	1.5737196887903071e+03
9.1106186954104003e-03	0.0000000000000000e+00	1.5737519751746729e+03
9.1280719879303397e-03	0.0000000000000000e+00	1.5737909550475174e+03
9.1455252804502896e-03	0.0000000000000000e+00	1.5738361885839611e+03
9.1629785729702307e-03	0.0000000000000000e+00	1.5738723459010146e+03
9.1804318654901702e-03	0.0000000000000000e+00	1.5733848542571345e+03
9.1978851580101200e-03	0.0000000000000000e+00	1.5733889039683431e+03
9.2153384505300594e-03	0.0000000000000000e+00	1.5733960939492108e+03
9.2327917430500006e-03	0.0000000000000000e+00	1.5734051769976268e+03
9.2502450355699505e-03	0.0000000000000000e+00	1.5738959280537147e+03
9.2676983280898899e-03	0.0000000000000000e+00	1.5738485647404907e+03
9.2851516206098293e-03	0.0000000000000000e+00	1.5738032677787178e+03
9.3026049131297792e-03	0.0000000000000000e+00	1.5737623527232470e+03
9.3200582056497203e-03	0.0000000000000000e+00	1.5737285307419006e+03
9.3375114981696598e-03	0.0000000000000000e+00	1.5737016925626988e+03
9.3549647906896096e-03	0.0000000000000000e+00	1.5736833748736722e+03
9.3724180832095508e-03	0.0000000000000000e+00	1.5736734451825555e+03
9.3898713757294902e-03	0.0000000000000000e+00	1.5736728166720911e+03
9.4073246682494296e-03	0.0000000000000000e+00	1.5736815082888374e+03
9.4247779607693795e-03	0.0000000000000000e+00	1.5736991614798155e+03
9.4422312532893207e-03	0.0000000000000000e+00	1.5737249322214070e+03
9.4596845458092705e-03	0.0000000000000000e+00	1.5737585957894903e+03
9.4771378383292099e-03	0.0000000000000000e+00	1.5737989158510256e+03
9.4945911308491494e-03	0.0000000000000000e+00	1.5738450509660272e+03
9.5120444233690905e-03	0.0000000000000000e+00	1.5738776564228901e+03
9.5294977158890404e-03	0.0000000000000000e+00	1.5738770882374174e+03
9.5469510084089798e-03	0.0000000000000000e+00	1.5738794423756212e+03
9.5644043009289192e-03	0.0000000000000000e+00	1.5738848125238196e+03
9.5818575934488708e-03	0.0000000000000000e+00	1.5738922624682955e+03
9.5993108859688103e-03	0.0000000000000000e+00	1.5738905764196002e+03
9.6167641784887497e-03	0.0000000000000000e+00	1.5738442476772805e+03
9.6342174710086995e-03	0.0000000000000000e+00	1.5738001480830460e+03
9.6516707635286407e-03	0.0000000000000000e+00	1.5737604547853696e+03
9.6691240560485905e-03	0.0000000000000000e+00	1.5737275877568111e+03
9.6865773485685300e-03	0.0000000000000000e+00	1.5737012690673882e+03
9.7040306410884694e-03	0.0000000000000000e+00	1.5736830491031001e+03
9.7214839336084106e-03	0.0000000000000000e+00	1.5736727937997052e+03
9.7389372261283604e-03	0.0000000000000000e+00	1.5736714588755833e+03
9.7563905186482999e-03	0.0000000000000000e+00	1.5736790993972782e+03
9.7738438111682393e-03	0.0000000000000000e+00	1.5736952877327599e+03
9.7912971036881909e-03	0.0000000000000000e+00	1.5840297061473609e+03
9.8087503962081303e-03	0.0000000000000000e+00	1.6011479047967152e+03
9.8262036887280697e-03	0.0000000000000000e+00	1.5914323680355928e+03
9.8436569812480196e-03	0.0000000000000000e+00	1.5718396850148283e+03
9.8611102737679607e-03	0.0000000000000000e+00	1.5720003806265956e+03
9.8785635662879106e-03	0.0000000000000000e+00	1.5703958265091087e+03
9.8960168588078500e-03	0.0000000000000000e+00	1.6237624035217777e+03
9.9134701513277895e-03	0.0000000000000000e+00	1.7490292325676353e+03
9.9309234438477306e-03	0.0000000000000000e+00	1.8331618788173648e+03
9.9483767363676805e-03	0.0000000000000000e+00	1.8836040612204833e+03
9.9658300288876199e-03	0.0000000000000000e+00	1.9134637876478143e+03
9.9832833214075593e-03	0.0000000000000000e+00	1.9217417518618240e+03
1.0000736613927501e-02	0.0000000000000000e+00	1.8847914571557765e+03
1.0018189906447501e-02	0.0000000000000000e+00	1.7232767676278156e+03
1.0035643198967400e-02	0.0000000000000000e+00	1.7466008274471337e+03
1.0053096491487300e-02	0.0000000000000000e+00	2.3173542763565570e+03
1.0070549784007300e-02	0.0000000000000000e+00	2.7863454301175516e+03
1.0088003076527199e-02	0.0000000000000000e+00	2.7849428874441160e+03
1.0105456369047200e-02	0.0000000000000000e+00	2.6146331809123903e+03
1.0122909661567101e-02	0.0000000000000000e+00	1.9470285513992596e+03
1.0140362954087099e-02	0.0000000000000000e+00	1.7541466447147416e+03
1.0157816246607001e-02	0.0000000000000000e+00	1.6959000590688247e+03
1.0175269539126900e-02	0.0000000000000000e+00	1.9457837716718518e+03
1.0192722831646900e-02	0.0000000000000000e+00	2.7936155970316722e+03
1.0210176124166800e-02	0.0000000000000000e+00	2.7858184329318960e+03
1.0227629416686800e-02	0.0000000000000000e+00	2.7783312556465917e+03
1.0245082709206699e-02	0.0000000000000000e+00	2.7730111726244049e+03
1.0262536001726700e-02	0.0000000000000000e+00	2.7698601305613511e+03
1.0279989294246601e-02	0.0000000000000000e+00	2.7682119709192043e+03
1.0297442586766500e-02	0.0000000000000000e+00	2.7677096887482185e+03
1.0314895879286501e-02	0.0000000000000000e+00	2.7686408121018876e+03
1.0332349171806400e-02	0.0000000000000000e+00	2.7713781903342542e+03
1.0349802464326400e-02	0.0000000000000000e+00	2.7753779186631168e+03
1.0367255756846300e-02	0.0000000000000000e+00	2.7793506487579007e+03
1.0384709049366300e-02	0.0000000000000000e+00	2.7826065700427707e+03
1.0402162341886199e-02	0.0000000000000000e+00	2.7853652675147714e+03
1.0419615634406101e-02	0.0000000000000000e+00	2.7872956450818792e+03
1.0437068926926101e-02	0.0000000000000000e+00	2.7876792684852367e+03
1.0454522219446000e-02	0.0000000000000000e+00	2.7866145008459989e+03
1.0471975511966001e-02	0.0000000000000000e+00	2.7842229148992610e+03
1.0489428804485900e-02	0.0000000000000000e+00	2.7817253104791857e+03
1.0506882097005900e-02	0.0000000000000000e+00	2.7793252370265795e+03
1.0524335389525800e-02	0.0000000000000000e+00	2.7773616491938428e+03
1.0541788682045699e-02	0.0000000000000000e+00	2.7773767138819526e+03
1.0559241974565699e-02	0.0000000000000000e+00	2.7817303012137136e+03
1.0576695267085601e-02	0.0000000000000000e+00	2.7866279498827735e+03
1.0594148559605601e-02	0.0000000000000000e+00	2.7889648325897329e+03
1.0611601852125500e-02	0.0000000000000000e+00	2.7899679855604973e+03
1.0629055144645501e-02	0.0000000000000000e+00	2.7894329542714722e+03
1.0646508437165400e-02	0.0000000000000000e+00	2.7866169781676749e+03
1.0663961729685400e-02	0.0000000000000000e+00	2.7782638364753334e+03
1.0681415022205300e-02	0.0000000000000000e+00	2.7720493093038199e+03
1.0698868314725199e-02	0.0000000000000000e+00	2.7692857282462915e+03
1.0716321607245199e-02	0.0000000000000000e+00	2.7701600364576580e+03
1.0733774899765101e-02	0.0000000000000000e+00	2.7746895474750017e+03
1.0751228192285101e-02	0.0000000000000000e+00	2.7814630319767066e+03
1.0768681484805000e-02	0.0000000000000000e+00	2.7862456764706230e+03
1.0786134777325001e-02	0.0000000000000000e+00	2.7861918117929358e+03
1.0803588069844900e-02	0.0000000000000000e+00	2.7845669804967724e+03
1.0821041362364800e-02	0.0000000000000000e+00	2.7823308866326142e+03
1.0838494654884800e-02	0.0000000000000000e+00	2.7780071865224991e+03
1.0855947947404699e-02	0.0000000000000000e+00	2.7742856353130064e+03
1.0873401239924699e-02	0.0000000000000000e+00	2.7740966034255944e+03
1.0890854532444601e-02	0.0000000000000000e+00	2.7800442719360713e+03
1.0908307824964599e-02	0.0000000000000000e+00	2.1957710501776937e+03
1.0925761117484500e-02	0.0000000000000000e+00	1.7522359867391494e+03
1.0943214410004400e-02	0.0000000000000000e+00	1.5976016808756790e+03
1.0960667702524400e-02	0.0000000000000000e+00	1.6333672480627040e+03
1.0978120995044300e-02	0.0000000000000000e+00	1.6228591633158846e+03
1.0995574287564300e-02	0.0000000000000000e+00	1.7441428390450274e+03
1.1013027580084199e-02	0.0000000000000000e+00	2.1756079773934298e+03
1.1030480872604199e-02	0.0000000000000000e+00	2.7862095353607538e+03
1.1047934165124101e-02	0.0000000000000000e+00	2.7764518729766605e+03
1.1065387457644000e-02	0.0000000000000000e+00	2.7683014523616835e+03
1.1082840750164000e-02	0.0000000000000000e+00	2.7641264126110864e+03
1.1100294042683900e-02	0.0000000000000000e+00	2.7667309250591425e+03
1.1117747335203900e-02	0.0000000000000000e+00	2.7741954981421350e+03
1.1135200627723800e-02	0.0000000000000000e+00	1.9941980607570895e+03
1.1152653920243800e-02	0.0000000000000000e+00	1.7155580564142713e+03
1.1170107212763699e-02	0.0000000000000000e+00	1.6211044682239685e+03
1.1187560505283699e-02	0.0000000000000000e+00	1.6221073548447175e+03
1.1205013797803601e-02	0.0000000000000000e+00	1.6230040578037247e+03
1.1222467090323500e-02	0.0000000000000000e+00	1.6235502814525910e+03
1.1239920382843500e-02	0.0000000000000000e+00	1.6235506283902375e+03
1.1257373675363400e-02	0.0000000000000000e+00	1.6231837552668865e+03
1.1274826967883400e-02	0.0000000000000000e+00	1.6228074675637549e+03
1.1292280260403300e-02	0.0000000000000000e+00	1.6227976141886611e+03
1.1309733552923300e-02	0.0000000000000000e+00	1.6232888278785115e+03
1.1327186845443199e-02	0.0000000000000000e+00	1.6241230160175926e+03
1.1344640137963101e-02	0.0000000000000000e+00	1.6249952912746844e+03
1.1362093430483101e-02	0.0000000000000000e+00	1.6256119327503584e+03
1.1379546723003000e-02	0.0000000000000000e+00	1.6259135368709458e+03
1.1397000015523000e-02	0.0000000000000000e+00	1.6256706006875834e+03
1.1414453308042900e-02	0.0000000000000000e+00	1.6246448284253904e+03
1.1431906600562900e-02	0.0000000000000000e+00	1.6232064953490146e+03
1.1449359893082800e-02	0.0000000000000000e+00	1.6220152437163204e+03
1.1466813185602699e-02	0.0000000000000000e+00	1.6214847482072294e+03
1.1484266478122699e-02	0.0000000000000000e+00	1.6218211757212116e+03
1.1501719770642601e-02	0.0000000000000000e+00	1.6230765535780206e+03
1.1519173063162601e-02	0.0000000000000000e+00	1.6246444131957442e+03
1.1536626355682500e-02	0.0000000000000000e+00	1.6258548077994697e+03
1.1554079648202500e-02	0.0000000000000000e+00	1.6268372494446826e+03
1.1571532940722400e-02	0.0000000000000000e+00	1.6278178403139696e+03
1.1588986233242300e-02	0.0000000000000000e+00	1.6284760923465560e+03
1.1606439525762300e-02	0.0000000000000000e+00	1.6284010473841577e+03
1.1623892818282199e-02	0.0000000000000000e+00	1.6277929343762305e+03
1.1641346110802199e-02	0.0000000000000000e+00	1.6273041339338190e+03
1.1658799403322101e-02	0.0000000000000000e+00	1.6272671987518700e+03
1.1676252695842101e-02	0.0000000000000000e+00	1.6274962902070074e+03
1.1693705988362000e-02	0.0000000000000000e+00	1.6277250413394015e+03
1.1711159280882000e-02	0.0000000000000000e+00	1.6280412341612957e+03
1.1728612573401900e-02	0.0000000000000000e+00	1.6285416028573998e+03
1.1746065865921800e-02	0.0000000000000000e+00	1.6290326878812600e+03
1.1763519158441800e-02	0.0000000000000000e+00	1.6293206955105072e+03
1.1780972450961699e-02	0.0000000000000000e+00	1.6290087472130840e+03
1.1798425743481699e-02	0.0000000000000000e+00	1.6278930821991189e+03
1.1815879036001601e-02	0.0000000000000000e+00	1.6265977356480903e+03
1.1833332328521601e-02	0.0000000000000000e+00	1.6254055093916984e+03
1.1850785621041500e-02	0.0000000000000000e+00	1.6237921128782957e+03
1.1868238913561400e-02	0.0000000000000000e+00	1.6222165878207786e+03
1.1885692206081400e-02	0.0000000000000000e+00	1.7141644127981262e+03
1.1903145498601300e-02	0.0000000000000000e+00	1.7141967019671108e+03
1.1920598791121300e-02	0.0000000000000000e+00	1.7142356846989437e+03
1.1938052083641199e-02	0.0000000000000000e+00	1.7142809213299865e+03
1.1955505376161199e-02	0.0000000000000000e+00	1.7126685233655523e+03
1.1972958668681101e-02	0.0000000000000000e+00	1.7126692808099199e+03
1.1990411961201000e-02	0.0000000000000000e+00	1.7126733308445775e+03
1.2007865253721000e-02	0.0000000000000000e+00	1.7126805211498279e+03
1.2025318546240900e-02	0.0000000000000000e+00	1.7126896043937170e+03
1.2042771838760900e-02	0.0000000000000000e+00	1.7143406815946780e+03
1.2060225131280800e-02	0.0000000000000000e+00	1.7142933165911888e+03
1.2077678423800800e-02	0.0000000000000000e+00	1.7142480179507052e+03
1.2095131716320699e-02	0.0000000000000000e+00	1.7142071010872451e+03
1.2112585008840600e-02	0.0000000000000000e+00	1.7141732775822718e+03
1.2130038301360601e-02	0.0000000000000000e+00	1.7141464383109835e+03
1.2147491593880500e-02	0.0000000000000000e+00	1.7141281195987910e+03
1.2164944886400500e-02	0.0000000000000000e+00	1.7141181891486272e+03
1.2182398178920400e-02	0.0000000000000000e+00	1.7141175600725303e+03
1.2199851471440400e-02	0.0000000000000000e+00	1.7141262513708314e+03
1.2217304763960300e-02	0.0000000000000000e+00	1.7141439044267179e+03
1.2234758056480201e-02	0.0000000000000000e+00	1.7141696751601328e+03
1.2252211349000199e-02	0.0000000000000000e+00	1.7142033388570239e+03
1.2269664641520101e-02	0.0000000000000000e+00	1.7142436591506150e+03
1.2287117934040101e-02	0.0000000000000000e+00	1.7142897945275004e+03
1.2304571226560000e-02	0.0000000000000000e+00	1.7143224121139235e+03
1.2322024519080000e-02	0.0000000000000000e+00	1.7143218446514713e+03
1.2339477811599900e-02	0.0000000000000000e+00	1.7143241994763855e+03
1.2356931104119900e-02	0.0000000000000000e+00	1.7143295703254287e+03
1.2374384396639800e-02	0.0000000000000000e+00	1.7143370209614131e+03
1.2391837689159701e-02	0.0000000000000000e+00	1.7143353373162504e+03
1.2409290981679699e-02	0.0000000000000000e+00	1.7142890088646905e+03
1.2426744274199601e-02	0.0000000000000000e+00	1.7142449094735832e+03
1.2444197566719601e-02	0.0000000000000000e+00	1.7142052161287775e+03
1.2461650859239500e-02	0.0000000000000000e+00	1.7141723490932632e+03
1.2479104151759500e-02	0.0000000000000000e+00	1.7141460306331003e+03
1.2496557444279400e-02	0.0000000000000000e+00	1.7141278108570718e+03
1.2514010736799299e-02	0.0000000000000000e+00	1.7141175556662615e+03
1.2531464029319300e-02	0.0000000000000000e+00	1.7141162209175602e+03
1.2548917321839201e-02	0.0000000000000000e+00	1.7141238616301166e+03
1.2566370614359199e-02	0.0000000000000000e+00	1.7141400502132535e+03
1.2583823906879101e-02	0.0000000000000000e+00	1.7483743656920867e+03
1.2601277199399101e-02	0.0000000000000000e+00	1.7997519627658126e+03
1.2618730491919000e-02	0.0000000000000000e+00	1.8443628424518743e+03
1.2636183784438900e-02	0.0000000000000000e+00	1.8310097787351935e+03
1.2653637076958900e-02	0.0000000000000000e+00	1.7707299451636877e+03
1.2671090369478799e-02	0.0000000000000000e+00	1.7032403337069027e+03
1.2688543661998800e-02	0.0000000000000000e+00	1.7494098696243711e+03
1.2705996954518701e-02	0.0000000000000000e+00	1.7795885600063457e+03
1.2723450247038699e-02	0.0000000000000000e+00	1.7241659878862135e+03
1.2740903539558601e-02	0.0000000000000000e+00	1.8594197728709223e+03
1.2758356832078500e-02	0.0000000000000000e+00	1.9882020249651916e+03
1.2775810124598500e-02	0.0000000000000000e+00	2.4164122827735232e+03
1.2793263417118400e-02	0.0000000000000000e+00	1.8588578616964321e+03
1.2810716709638400e-02	0.0000000000000000e+00	1.7371655584033199e+03
1.2828170002158299e-02	0.0000000000000000e+00	2.5309092192232833e+03
1.2845623294678300e-02	0.0000000000000000e+00	2.8556357770032278e+03
1.2863076587198201e-02	0.0000000000000000e+00	2.8299089938340353e+03
1.2880529879718199e-02	0.0000000000000000e+00	2.8071885210413770e+03
1.2897983172238101e-02	0.0000000000000000e+00	2.7916075498018104e+03
1.2915436464758000e-02	0.0000000000000000e+00	2.7923351263056288e+03
1.2932889757278000e-02	0.0000000000000000e+00	2.8181503090428628e+03
1.2950343049797900e-02	0.0000000000000000e+00	2.8004879912887968e+03
1.2967796342317900e-02	0.0000000000000000e+00	1.8071481170856161e+03
1.2985249634837799e-02	0.0000000000000000e+00	1.9109118009085657e+03
1.3002702927357800e-02	0.0000000000000000e+00	1.7914230562360399e+03
1.3020156219877701e-02	0.0000000000000000e+00	2.8453438355802973e+03
1.3037609512397600e-02	0.0000000000000000e+00	2.7960264071354923e+03
1.3055062804917601e-02	0.0000000000000000e+00	2.7918964368227453e+03
1.3072516097437500e-02	0.0000000000000000e+00	2.7922069043406696e+03
1.3089969389957500e-02	0.0000000000000000e+00	2.7941099345854373e+03
1.3107422682477400e-02	0.0000000000000000e+00	2.8214722603835125e+03
1.3124875974997400e-02	0.0000000000000000e+00	2.8262779029009585e+03
1.3142329267517299e-02	0.0000000000000000e+00	1.7621534924003195e+03
1.3159782560037201e-02	0.0000000000000000e+00	2.6141137314991038e+03
1.3177235852557199e-02	0.0000000000000000e+00	2.6304215563794819e+03
1.3194689145077100e-02	0.0000000000000000e+00	2.9578866757500441e+03
1.3212142437597101e-02	0.0000000000000000e+00	2.9511386601778704e+03
1.3229595730117000e-02	0.0000000000000000e+00	2.9530566673620560e+03
1.3247049022637000e-02	0.0000000000000000e+00	2.9618289849295561e+03
1.3264502315156900e-02	0.0000000000000000e+00	2.6232368055770457e+03
1.3281955607676799e-02	0.0000000000000000e+00	2.9134798453644348e+03
1.3299408900196799e-02	0.0000000000000000e+00	2.7516296479149314e+03
1.3316862192716701e-02	0.0000000000000000e+00	2.7172842530188673e+03
1.3334315485236699e-02	0.0000000000000000e+00	2.6002755438673585e+03
1.3351768777756600e-02	0.0000000000000000e+00	2.4616725783787588e+03
1.3369222070276601e-02	0.0000000000000000e+00	2.4672445118155219e+03
1.3386675362796500e-02	0.0000000000000000e+00	2.5130600895467010e+03
1.3404128655316400e-02	0.0000000000000000e+00	2.5523851174060869e+03
1.3421581947836400e-02	0.0000000000000000e+00	2.5852117732141051e+03
1.3439035240356299e-02	0.0000000000000000e+00	2.6132613467012684e+03
1.3456488532876299e-02	0.0000000000000000e+00	2.6365799995204497e+03
1.3473941825396201e-02	0.0000000000000000e+00	2.6216088123981785e+03
1.3491395117916199e-02	0.0000000000000000e+00	2.6066027153989908e+03
1.3508848410436100e-02	0.0000000000000000e+00	1.7270838806561949e+03
1.3526301702956101e-02	0.0000000000000000e+00	1.6350920886018787e+03
1.3543754995476000e-02	0.0000000000000000e+00	1.6412803669049833e+03
1.3561208287995900e-02	0.0000000000000000e+00	1.6412704365156608e+03
1.3578661580515900e-02	0.0000000000000000e+00	1.6412698074689113e+03
1.3596114873035799e-02	0.0000000000000000e+00	1.6412784988213434e+03
1.3613568165555799e-02	0.0000000000000000e+00	1.6412961519542230e+03
1.3631021458075701e-02	0.0000000000000000e+00	1.6413219227001948e+03
1.3648474750595699e-02	0.0000000000000000e+00	2.4124816421850942e+03
1.3665928043115600e-02	0.0000000000000000e+00	2.4291894213731011e+03
1.3683381335635500e-02	0.0000000000000000e+00	2.4451782963327273e+03
1.3700834628155500e-02	0.0000000000000000e+00	2.4604834737176102e+03
1.3718287920675400e-02	0.0000000000000000e+00	2.4751331707348527e+03
1.3735741213195400e-02	0.0000000000000000e+00	2.4892061991115329e+03
1.3753194505715299e-02	0.0000000000000000e+00	2.5027408806025733e+03
1.3770647798235299e-02	0.0000000000000000e+00	2.4972758003691506e+03
1.3788101090755201e-02	0.0000000000000000e+00	2.4839890630934042e+03
1.3805554383275100e-02	0.0000000000000000e+00	1.7161113446621148e+03
1.3823007675795100e-02	0.0000000000000000e+00	1.7160672452890662e+03
1.3840460968315000e-02	0.0000000000000000e+00	1.7160275520744906e+03
1.3857914260835000e-02	0.0000000000000000e+00	1.7159946851807456e+03
1.3875367553354900e-02	0.0000000000000000e+00	1.7159683668196158e+03
1.3892820845874900e-02	0.0000000000000000e+00	1.7159501471648523e+03
1.3910274138394799e-02	0.0000000000000000e+00	1.7159398921444811e+03
1.3927727430914701e-02	0.0000000000000000e+00	1.7159385575644460e+03
1.3945180723434701e-02	0.0000000000000000e+00	1.7159461984545644e+03
1.3962634015954600e-02	0.0000000000000000e+00	1.7159623871786250e+03
1.3980087308474600e-02	0.0000000000000000e+00	1.7091992501916079e+03
1.3997540600994500e-02	0.0000000000000000e+00	1.7031113999381514e+03
1.4014993893514500e-02	0.0000000000000000e+00	1.6995538736401397e+03
1.4032447186034400e-02	0.0000000000000000e+00	1.7040947533908466e+03
1.4049900478554400e-02	0.0000000000000000e+00	1.6967788668906906e+03
1.4067353771074299e-02	0.0000000000000000e+00	1.8535272884642879e+03
1.4084807063594201e-02	0.0000000000000000e+00	1.9082654823079174e+03
1.4102260356114201e-02	0.0000000000000000e+00	1.8899424684822393e+03
1.4119713648634100e-02	0.0000000000000000e+00	1.7485532420897932e+03
1.4137166941154100e-02	0.0000000000000000e+00	1.6951747835682868e+03
1.4154620233674000e-02	0.0000000000000000e+00	1.7243488375071292e+03
1.4172073526194000e-02	0.0000000000000000e+00	1.7685112982430915e+03
1.4189526818713900e-02	0.0000000000000000e+00	1.7775920249353742e+03
1.4206980111233799e-02	0.0000000000000000e+00	1.7511417670921073e+03
1.4224433403753799e-02	0.0000000000000000e+00	1.6868901766527551e+03
1.4241886696273701e-02	0.0000000000000000e+00	1.7004122606904173e+03
1.4259339988793701e-02	0.0000000000000000e+00	1.7106217361588251e+03
1.4276793281313600e-02	0.0000000000000000e+00	1.7853328537052332e+03
1.4294246573833600e-02	0.0000000000000000e+00	1.8038367994936793e+03
1.4311699866353500e-02	0.0000000000000000e+00	1.7386293593655432e+03
1.4329153158873400e-02	0.0000000000000000e+00	1.7091538689300437e+03
1.4346606451393400e-02	0.0000000000000000e+00	1.7089938808482464e+03
1.4364059743913299e-02	0.0000000000000000e+00	1.8109295511530786e+03
1.4381513036433299e-02	0.0000000000000000e+00	1.9742409294908655e+03
1.4398966328953201e-02	0.0000000000000000e+00	2.4336098681351327e+03
1.4416419621473201e-02	0.0000000000000000e+00	2.9264378972409891e+03
1.4433872913993100e-02	0.0000000000000000e+00	2.9245749442455140e+03
1.4451326206513000e-02	0.0000000000000000e+00	2.9259734497824725e+03
1.4468779499033000e-02	0.0000000000000000e+00	2.1800779846987971e+03
1.4486232791552900e-02	0.0000000000000000e+00	2.0937245711688579e+03
1.4503686084072900e-02	0.0000000000000000e+00	2.0877654772091805e+03
1.4521139376592799e-02	0.0000000000000000e+00	2.1187759400022182e+03
1.4538592669112799e-02	0.0000000000000000e+00	2.5796059345394729e+03
1.4556045961632701e-02	0.0000000000000000e+00	2.9159466651957955e+03
1.4573499254152701e-02	0.0000000000000000e+00	2.9090017804501322e+03
1.4590952546672600e-02	0.0000000000000000e+00	2.9044711083179623e+03
1.4608405839192500e-02	0.0000000000000000e+00	2.9042719594409436e+03
1.4625859131712500e-02	0.0000000000000000e+00	2.9080822197032230e+03
1.4643312424232400e-02	0.0000000000000000e+00	2.9142980599901080e+03
1.4660765716752400e-02	0.0000000000000000e+00	2.9225032575874343e+03
1.4678219009272299e-02	0.0000000000000000e+00	2.8720637074625461e+03
1.4695672301792299e-02	0.0000000000000000e+00	2.8393435912492087e+03
1.4713125594312201e-02	0.0000000000000000e+00	2.8076082970975954e+03
1.4730578886832100e-02	0.0000000000000000e+00	2.7767936427975915e+03
1.4748032179352100e-02	0.0000000000000000e+00	2.7468265333109198e+03
1.4765485471872000e-02	0.0000000000000000e+00	2.6986394885533459e+03
1.4782938764392000e-02	0.0000000000000000e+00	2.6263386338608666e+03
1.4800392056911900e-02	0.0000000000000000e+00	2.5497913030450027e+03
1.4817845349431900e-02	0.0000000000000000e+00	2.4676885017712216e+03
1.4835298641951799e-02	0.0000000000000000e+00	2.3781594325983974e+03
1.4852751934471701e-02	0.0000000000000000e+00	2.3060683139399025e+03
1.4870205226991701e-02	0.0000000000000000e+00	2.3390949674143535e+03
1.4887658519511600e-02	0.0000000000000000e+00	2.3697610159278947e+03
1.4905111812031600e-02	0.0000000000000000e+00	2.3983837328572790e+03
1.4922565104551500e-02	0.0000000000000000e+00	2.4252186330203294e+03
1.4940018397071500e-02	0.0000000000000000e+00	2.4504777961723498e+03
1.4957471689591400e-02	0.0000000000000000e+00	2.4743365626320474e+03
1.4974924982111301e-02	0.0000000000000000e+00	2.4969436237402151e+03
1.4992378274631299e-02	0.0000000000000000e+00	2.5184246157073435e+03
1.5009831567151201e-02	0.0000000000000000e+00	2.5388868524832401e+03
1.5027284859671201e-02	0.0000000000000000e+00	2.5584224764912474e+03
1.5044738152191100e-02	0.0000000000000000e+00	2.5771121143190394e+03
1.5062191444711100e-02	0.0000000000000000e+00	2.5856524368964378e+03
1.5079644737231000e-02	0.0000000000000000e+00	2.5855952675529957e+03
1.5097098029750899e-02	0.0000000000000000e+00	2.5792597463020129e+03
1.5114551322270900e-02	0.0000000000000000e+00	2.5695752186045311e+03
1.5132004614790801e-02	0.0000000000000000e+00	2.5596732753369652e+03
1.5149457907310799e-02	0.0000000000000000e+00	2.5505107275101377e+03
1.5166911199830701e-02	0.0000000000000000e+00	2.5445859360295012e+03
1.5184364492350701e-02	0.0000000000000000e+00	2.5340784039105197e+03
1.5201817784870600e-02	0.0000000000000000e+00	2.5232643533145992e+03
1.5219271077390600e-02	0.0000000000000000e+00	2.5121772673498417e+03
1.5236724369910500e-02	0.0000000000000000e+00	2.5008048794503911e+03
1.5254177662430399e-02	0.0000000000000000e+00	2.4891339986378057e+03
1.5271630954950400e-02	0.0000000000000000e+00	2.4771474391438469e+03
1.5289084247470301e-02	0.0000000000000000e+00	2.4648283988116755e+03
1.5306537539990299e-02	0.0000000000000000e+00	2.4521567771420969e+03
1.5323990832510201e-02	0.0000000000000000e+00	2.4391117542989350e+03
1.5341444125030201e-02	0.0000000000000000e+00	2.4256695753195618e+03
1.5358897417550100e-02	0.0000000000000000e+00	2.4118037068524536e+03
1.5376350710070000e-02	0.0000000000000000e+00	2.4150165602795655e+03
1.5393804002590000e-02	0.0000000000000000e+00	2.4177491354682675e+03
1.5411257295109899e-02	0.0000000000000000e+00	2.4190670103818006e+03
1.5428710587629900e-02	0.0000000000000000e+00	2.4183341423422603e+03
1.5446163880149801e-02	0.0000000000000000e+00	2.4167069650007511e+03
1.5463617172669799e-02	0.0000000000000000e+00	2.4157855460206247e+03
1.5481070465189701e-02	0.0000000000000000e+00	2.4164626233735453e+03
1.5498523757709600e-02	0.0000000000000000e+00	2.4188492044058862e+03
1.5515977050229600e-02	0.0000000000000000e+00	2.4222022056834503e+03
1.5533430342749500e-02	0.0000000000000000e+00	2.4248700663368595e+03
1.5550883635269500e-02	0.0000000000000000e+00	2.4251049818387401e+03
1.5568336927789399e-02	0.0000000000000000e+00	2.4226013728536227e+03
1.5585790220309400e-02	0.0000000000000000e+00	2.4189285835759583e+03
1.5603243512829299e-02	0.0000000000000000e+00	2.4156408345927566e+03
1.5620696805349200e-02	0.0000000000000000e+00	2.4140040878847285e+03
1.5638150097869199e-02	0.0000000000000000e+00	2.4142835958259352e+03
1.5655603390389100e-02	0.0000000000000000e+00	2.4166852378219178e+03
1.5673056682909099e-02	0.0000000000000000e+00	2.4199451945236747e+03
1.5690509975429000e-02	0.0000000000000000e+00	2.4226301234144257e+03
1.5707963267949002e-02	0.0000000000000000e+00	2.4233469699937841e+03
1.5725416560468899e-02	0.0000000000000000e+00	2.4204787433675833e+03
1.5742869852988801e-02	0.0000000000000000e+00	2.4136698498244173e+03
1.5760323145508799e-02	0.0000000000000000e+00	2.4065645939444694e+03
1.5777776438028700e-02	0.0000000000000000e+00	2.4007937843166760e+03
1.5795229730548699e-02	0.0000000000000000e+00	2.3980688185101326e+03
1.5812683023068600e-02	0.0000000000000000e+00	2.3986136915144575e+03
1.5830136315588599e-02	0.0000000000000000e+00	2.4008456958747970e+03
1.5847589608108500e-02	0.0000000000000000e+00	2.4021336861339787e+03
1.5865042900628502e-02	0.0000000000000000e+00	2.4008346543985281e+03
1.5882496193148399e-02	0.0000000000000000e+00	2.3974376404195946e+03
1.5899949485668301e-02	0.0000000000000000e+00	2.3908235307085583e+03
1.5917402778188299e-02	0.0000000000000000e+00	2.3822896103707340e+03
1.5934856070708200e-02	0.0000000000000000e+00	2.3758399816846509e+03
1.5952309363228199e-02	0.0000000000000000e+00	2.3736300813869757e+03
1.5969762655748100e-02	0.0000000000000000e+00	2.3744015657893888e+03
1.5987215948268099e-02	0.0000000000000000e+00	2.3769583479443068e+03
1.6004669240788000e-02	0.0000000000000000e+00	2.3806571013181160e+03
1.6022122533307901e-02	0.0000000000000000e+00	2.3833097796461921e+03
1.6039575825827899e-02	0.0000000000000000e+00	2.3827154593127621e+03
1.6057029118347801e-02	0.0000000000000000e+00	2.3797498948911311e+03
1.6074482410867799e-02	0.0000000000000000e+00	2.2015130577021232e+03
1.6091935703387700e-02	0.0000000000000000e+00	2.3787032341222948e+03
1.6109388995907699e-02	0.0000000000000000e+00	2.4428249528039673e+03
1.6126842288427600e-02	0.0000000000000000e+00	2.4765187561369244e+03
1.6144295580947501e-02	0.0000000000000000e+00	2.5028908214813364e+03
1.6161748873467500e-02	0.0000000000000000e+00	2.5237741245604898e+03
1.6179202165987401e-02	0.0000000000000000e+00	2.5404748021023843e+03
1.6196655458507399e-02	0.0000000000000000e+00	2.5538918340706769e+03
1.6214108751027301e-02	0.0000000000000000e+00	2.5646827092906001e+03
1.6231562043547299e-02	0.0000000000000000e+00	2.5733341102481022e+03
1.6249015336067200e-02	0.0000000000000000e+00	2.5801828239055758e+03
1.6266468628587199e-02	0.0000000000000000e+00	2.3620802328209707e+03
1.6283921921107100e-02	0.0000000000000000e+00	1.9650758100094706e+03
1.6301375213627001e-02	0.0000000000000000e+00	1.9880944664675330e+03
1.6318828506147000e-02	0.0000000000000000e+00	2.0099795528991633e+03
1.6336281798666901e-02	0.0000000000000000e+00	2.0308424689628087e+03
1.6353735091186899e-02	0.0000000000000000e+00	2.0507776820667664e+03
1.6371188383706801e-02	0.0000000000000000e+00	2.0698671964365481e+03
1.6388641676226799e-02	0.0000000000000000e+00	2.0881823285346991e+03
1.6406094968746700e-02	0.0000000000000000e+00	2.1057859487334204e+03
1.6423548261266602e-02	0.0000000000000000e+00	2.1227332239590178e+03
1.6441001553786600e-02	0.0000000000000000e+00	2.1390735990744993e+03
1.6458454846306501e-02	0.0000000000000000e+00	2.1548498914687380e+03
1.6475908138826500e-02	0.0000000000000000e+00	2.1701000705837901e+03
1.6493361431346401e-02	0.0000000000000000e+00	2.1848380481375521e+03
1.6510814723866400e-02	0.0000000000000000e+00	2.1990730147198592e+03
1.6528268016386301e-02	0.0000000000000000e+00	2.2128782139873560e+03
1.6545721308906199e-02	0.0000000000000000e+00	2.2262933069959927e+03
1.6563174601426200e-02	0.0000000000000000e+00	2.2393363753282460e+03
1.6580627893946102e-02	0.0000000000000000e+00	2.2520058366067187e+03
1.6598081186466100e-02	0.0000000000000000e+00	2.2642852654606450e+03
1.6615534478986001e-02	0.0000000000000000e+00	2.2762429740111079e+03
1.6632987771506000e-02	0.0000000000000000e+00	2.2878998272223103e+03
1.6650441064025901e-02	0.0000000000000000e+00	2.2992745400118383e+03
1.6667894356545799e-02	0.0000000000000000e+00	2.3103816996747823e+03
1.6685347649065801e-02	0.0000000000000000e+00	2.2995552446781462e+03
1.6702800941585699e-02	0.0000000000000000e+00	2.2757770385942426e+03
1.6720254234105700e-02	0.0000000000000000e+00	2.2505868707639888e+03
1.6737707526625598e-02	0.0000000000000000e+00	2.2238062489931563e+03
1.6755160819145600e-02	0.0000000000000000e+00	2.1952209770992804e+03
1.6772614111665501e-02	0.0000000000000000e+00	2.9052830359819800e+03
1.6790067404185399e-02	0.0000000000000000e+00	2.8317542543575714e+03
1.6807520696705401e-02	0.0000000000000000e+00	2.7336309755209127e+03
1.6824973989225299e-02	0.0000000000000000e+00	2.6474181570592054e+03
1.6842427281745301e-02	0.0000000000000000e+00	2.4080456953744419e+03
1.6859880574265199e-02	0.0000000000000000e+00	1.8872107515124724e+03
1.6877333866785200e-02	0.0000000000000000e+00	1.5510594362087018e+03
1.6894787159305098e-02	0.0000000000000000e+00	1.5510666265824898e+03
1.6912240451825100e-02	0.0000000000000000e+00	1.5510757099694699e+03
1.6929693744345001e-02	0.0000000000000000e+00	1.5510782094838480e+03
1.6947147036864899e-02	0.0000000000000000e+00	1.5674015656954314e+03
1.6964600329384901e-02	0.0000000000000000e+00	1.5881811092416815e+03
1.6982053621904799e-02	0.0000000000000000e+00	1.6084748877910790e+03
1.6999506914424801e-02	0.0000000000000000e+00	1.6283081560622045e+03
1.7016960206944699e-02	0.0000000000000000e+00	1.6477018279676197e+03
1.7034413499464700e-02	0.0000000000000000e+00	1.6666770760446859e+03
1.7051866791984598e-02	0.0000000000000000e+00	1.6761724413193465e+03
1.7069320084504500e-02	0.0000000000000000e+00	1.6761718122716218e+03
1.7086773377024501e-02	0.0000000000000000e+00	1.6761805036463427e+03
1.7104226669544399e-02	0.0000000000000000e+00	1.6761981569071336e+03
1.7121679962064401e-02	0.0000000000000000e+00	1.6762239277958340e+03
1.7139133254584299e-02	0.0000000000000000e+00	1.6762575916319413e+03
1.7156586547104301e-02	0.0000000000000000e+00	1.6762979120742314e+03
1.7174039839624199e-02	0.0000000000000000e+00	1.6763440475847544e+03
1.7191493132144100e-02	0.0000000000000000e+00	1.6763766611441267e+03
1.7208946424664098e-02	0.0000000000000000e+00	1.6763760936415806e+03
1.7226399717184000e-02	0.0000000000000000e+00	1.6763784484304208e+03
1.7243853009704001e-02	0.0000000000000000e+00	1.6763838192718290e+03
1.7261306302223899e-02	0.0000000000000000e+00	1.6763912698645540e+03
1.7278759594743901e-02	0.0000000000000000e+00	1.6763895852041114e+03
1.7296212887263799e-02	0.0000000000000000e+00	1.6763432566076924e+03
1.7313666179783700e-02	0.0000000000000000e+00	1.6762991571457512e+03
1.7331119472303699e-02	0.0000000000000000e+00	1.6762594638225428e+03
1.7348572764823600e-02	0.0000000000000000e+00	1.6889543429610587e+03
1.7366026057343598e-02	0.0000000000000000e+00	1.7023729149162039e+03
1.7383479349863500e-02	0.0000000000000000e+00	1.7159501462846652e+03
1.7400932642383501e-02	0.0000000000000000e+00	1.7159398912308234e+03
1.7418385934903399e-02	0.0000000000000000e+00	1.7159385566395115e+03
1.7435839227423401e-02	0.0000000000000000e+00	1.7159461975563713e+03
1.7453292519943299e-02	0.0000000000000000e+00	1.7159623862249987e+03
1.7470745812463200e-02	0.0000000000000000e+00	1.7136255732122972e+03
1.7488199104983199e-02	0.0000000000000000e+00	1.7113464615750554e+03
1.7505652397503100e-02	0.0000000000000000e+00	1.7093052886919843e+03
1.7523105690023098e-02	0.0000000000000000e+00	1.7078677117380851e+03
1.7540558982543000e-02	0.0000000000000000e+00	1.7075748665343431e+03
1.7558012275063001e-02	0.0000000000000000e+00	1.7087400784633335e+03
1.7575465567582899e-02	0.0000000000000000e+00	1.7108705733707732e+03
1.7592918860102801e-02	0.0000000000000000e+00	1.7127130126980401e+03
1.7610372152622799e-02	0.0000000000000000e+00	1.7134704185166281e+03
1.7627825445142700e-02	0.0000000000000000e+00	1.7130814466010481e+03
1.7645278737662699e-02	0.0000000000000000e+00	1.7117205794312954e+03
1.7662732030182600e-02	0.0000000000000000e+00	1.7103076455783864e+03
1.7680185322702598e-02	0.0000000000000000e+00	1.7098268132298297e+03
1.7697638615222500e-02	0.0000000000000000e+00	1.7096814638231160e+03
1.7715091907742401e-02	0.0000000000000000e+00	1.7085006123613830e+03
1.7732545200262399e-02	0.0000000000000000e+00	1.7068733373388447e+03
1.7749998492782301e-02	0.0000000000000000e+00	1.7063222260993687e+03
1.7767451785302299e-02	0.0000000000000000e+00	1.7062018197320676e+03
1.7784905077822200e-02	0.0000000000000000e+00	1.7053666048491059e+03
1.7802358370342199e-02	0.0000000000000000e+00	1.7054734390967972e+03
1.7819811662862100e-02	0.0000000000000000e+00	1.7094955721928313e+03
1.7837264955382001e-02	0.0000000000000000e+00	1.7160256794598802e+03
1.7854718247902000e-02	0.0000000000000000e+00	1.6762979123233999e+03
1.7872171540421901e-02	0.0000000000000000e+00	1.7130280536922091e+03
1.7889624832941899e-02	0.0000000000000000e+00	1.8309019219415381e+03
1.7907078125461801e-02	0.0000000000000000e+00	1.8971844372034186e+03
1.7924531417981799e-02	0.0000000000000000e+00	1.9179918974089003e+03
1.7941984710501700e-02	0.0000000000000000e+00	1.9043432934297398e+03
1.7959438003021699e-02	0.0000000000000000e+00	1.8582239454542746e+03
1.7976891295541600e-02	0.0000000000000000e+00	1.7685884742891903e+03
1.7994344588061501e-02	0.0000000000000000e+00	1.6677392488003304e+03
1.8011797880581500e-02	0.0000000000000000e+00	1.6636216916935819e+03
1.8029251173101401e-02	0.0000000000000000e+00	1.7143118039792464e+03
1.8046704465621399e-02	0.0000000000000000e+00	1.7760212490397248e+03
1.8064157758141301e-02	0.0000000000000000e+00	1.8076999238204344e+03
1.8081611050661299e-02	0.0000000000000000e+00	1.8051884336286489e+03
1.8099064343181200e-02	0.0000000000000000e+00	1.7618137082449527e+03
1.8116517635701102e-02	0.0000000000000000e+00	1.6755343029182484e+03
1.8133970928221100e-02	0.0000000000000000e+00	1.6650027456289872e+03
1.8151424220741001e-02	0.0000000000000000e+00	1.6646821069498669e+03
1.8168877513261000e-02	0.0000000000000000e+00	1.6651568905910867e+03
1.8186330805780901e-02	0.0000000000000000e+00	1.6732473825328696e+03
1.8203784098300899e-02	0.0000000000000000e+00	1.7405368300988787e+03
1.8221237390820801e-02	0.0000000000000000e+00	1.8253824956500962e+03
1.8238690683340698e-02	0.0000000000000000e+00	1.8039179008678520e+03
1.8256143975860700e-02	0.0000000000000000e+00	1.6879835593087757e+03
1.8273597268380602e-02	0.0000000000000000e+00	1.6644792795858277e+03
1.8291050560900600e-02	0.0000000000000000e+00	1.6658158625816452e+03
1.8308503853420501e-02	0.0000000000000000e+00	1.6892977438555868e+03
1.8325957145940500e-02	0.0000000000000000e+00	1.8284708955682177e+03
1.8343410438460401e-02	0.0000000000000000e+00	2.5143025765145949e+03
1.8360863730980299e-02	0.0000000000000000e+00	2.5153379021610531e+03
1.8378317023500301e-02	0.0000000000000000e+00	2.5148385551285983e+03
1.8395770316020198e-02	0.0000000000000000e+00	1.8948912643575418e+03
1.8413223608540200e-02	0.0000000000000000e+00	1.6354280648985350e+03
1.8430676901060102e-02	0.0000000000000000e+00	1.6321443721736634e+03
1.8448130193580100e-02	0.0000000000000000e+00	1.6351839365107949e+03
1.8465583486100001e-02	0.0000000000000000e+00	1.6902555965856748e+03
1.8483036778619899e-02	0.0000000000000000e+00	2.5147318100092152e+03
1.8500490071139901e-02	0.0000000000000000e+00	2.5824857596037532e+03
1.8517943363659799e-02	0.0000000000000000e+00	2.7297291292235905e+03
1.8535396656179801e-02	0.0000000000000000e+00	2.7290672274670369e+03
1.8552849948699698e-02	0.0000000000000000e+00	2.7311565480292406e+03
1.8570303241219700e-02	0.0000000000000000e+00	1.8963197420279550e+03
1.8587756533739602e-02	0.0000000000000000e+00	1.6397109089134215e+03
1.8605209826259600e-02	0.0000000000000000e+00	1.6941167606910080e+03
1.8622663118779501e-02	0.0000000000000000e+00	1.7049829976324675e+03
1.8640116411299399e-02	0.0000000000000000e+00	2.5395799954382878e+03
1.8657569703819401e-02	0.0000000000000000e+00	2.7240749848897262e+03
1.8675022996339299e-02	0.0000000000000000e+00	2.7144194918481717e+03
1.8692476288859301e-02	0.0000000000000000e+00	2.7055402347741324e+03
1.8709929581379198e-02	0.0000000000000000e+00	2.7000853298507236e+03
1.8727382873899200e-02	0.0000000000000000e+00	2.6993420180688781e+03
1.8744836166419102e-02	0.0000000000000000e+00	2.7035627801526862e+03
1.8762289458938999e-02	0.0000000000000000e+00	2.7104108652578761e+03
1.8779742751459001e-02	0.0000000000000000e+00	2.7172633877301932e+03
1.8797196043978899e-02	0.0000000000000000e+00	2.7226261464444374e+03
1.8814649336498901e-02	0.0000000000000000e+00	2.7255783816914113e+03
1.8832102629018799e-02	0.0000000000000000e+00	2.7260776778068307e+03
1.8849555921538801e-02	0.0000000000000000e+00	2.7249059961069843e+03
1.8867009214058698e-02	0.0000000000000000e+00	2.7256420718491063e+03
1.8884462506578600e-02	0.0000000000000000e+00	2.7263649128272755e+03
1.8901915799098602e-02	0.0000000000000000e+00	2.7270076062744633e+03
1.8919369091618499e-02	0.0000000000000000e+00	2.7273692104291736e+03
1.8936822384138501e-02	0.0000000000000000e+00	2.7272739786594393e+03
1.8954275676658399e-02	0.0000000000000000e+00	2.7272300481470093e+03
1.8971728969178401e-02	0.0000000000000000e+00	2.7277880617383589e+03
1.8989182261698299e-02	0.0000000000000000e+00	2.7289432492790379e+03
1.9006635554218200e-02	0.0000000000000000e+00	2.7303344812441392e+03
1.9024088846738198e-02	0.0000000000000000e+00	2.7315182264824412e+03
1.9041542139258100e-02	0.0000000000000000e+00	2.7323595431514455e+03
1.9058995431778102e-02	0.0000000000000000e+00	2.5154294213163516e+03
1.9076448724297999e-02	0.0000000000000000e+00	2.5148478306364905e+03
1.9093902016818001e-02	0.0000000000000000e+00	2.4313974857090402e+03
1.9111355309337899e-02	0.0000000000000000e+00	2.2454485497099613e+03
1.9128808601857800e-02	0.0000000000000000e+00	2.2520609813913347e+03
1.9146261894377799e-02	0.0000000000000000e+00	2.3307569695982697e+03
1.9163715186897700e-02	0.0000000000000000e+00	2.1904080548347456e+03
1.9181168479417698e-02	0.0000000000000000e+00	1.8724334507578071e+03
1.9198621771937600e-02	0.0000000000000000e+00	1.7044646414145493e+03
1.9216075064457602e-02	0.0000000000000000e+00	1.6482738263973281e+03
1.9233528356977499e-02	0.0000000000000000e+00	1.5832634500027600e+03
1.9250981649497501e-02	0.0000000000000000e+00	1.5551835496907602e+03
1.9268434942017399e-02	0.0000000000000000e+00	1.5919152044926429e+03
1.9285888234537300e-02	0.0000000000000000e+00	1.6012561803722174e+03
1.9303341527057299e-02	0.0000000000000000e+00	1.6058104661243574e+03
1.9320794819577200e-02	0.0000000000000000e+00	1.6030903838974994e+03
1.9338248112097198e-02	0.0000000000000000e+00	1.5875996609844810e+03
1.9355701404617100e-02	0.0000000000000000e+00	1.5560591605614038e+03
1.9373154697137102e-02	0.0000000000000000e+00	1.6148053306452382e+03
1.9390607989656999e-02	0.0000000000000000e+00	1.6497389681146240e+03
1.9408061282176901e-02	0.0000000000000000e+00	1.6258022546228547e+03
1.9425514574696899e-02	0.0000000000000000e+00	1.5563482417364669e+03
1.9442967867216800e-02	0.0000000000000000e+00	1.6071486824948331e+03
1.9460421159736799e-02	0.0000000000000000e+00	1.6420859115543503e+03
1.9477874452256700e-02	0.0000000000000000e+00	1.6651043984014423e+03
1.9495327744776698e-02	0.0000000000000000e+00	1.6797825921680635e+03
1.9512781037296600e-02	0.0000000000000000e+00	1.6893735728684312e+03
1.9530234329816501e-02	0.0000000000000000e+00	1.6960545267635812e+03
1.9547687622336499e-02	0.0000000000000000e+00	1.6995847874712638e+03
1.9565140914856401e-02	0.0000000000000000e+00	1.6035408791871610e+03
1.9582594207376399e-02	0.0000000000000000e+00	1.6035731681021750e+03
1.9600047499896300e-02	0.0000000000000000e+00	1.6036121506057664e+03
1.9617500792416299e-02	0.0000000000000000e+00	1.6036573870225902e+03
1.9634954084936200e-02	0.0000000000000000e+00	1.6043589831013653e+03
1.9652407377456101e-02	0.0000000000000000e+00	1.6043597406019082e+03
1.9669860669976100e-02	0.0000000000000000e+00	1.6043637907432117e+03
1.9687313962496001e-02	0.0000000000000000e+00	1.6043709811668555e+03
1.9704767255015999e-02	0.0000000000000000e+00	1.6037146480423471e+03
1.9722220547535901e-02	0.0000000000000000e+00	1.6037171473303001e+03
1.9739673840055899e-02	0.0000000000000000e+00	1.6036697825064236e+03
1.9757127132575800e-02	0.0000000000000000e+00	1.6036244840711408e+03
1.9774580425095799e-02	0.0000000000000000e+00	1.6035835673938482e+03
1.9792033717615700e-02	0.0000000000000000e+00	1.6035497440417960e+03
1.9809487010135601e-02	0.0000000000000000e+00	1.6035229049601026e+03
1.9826940302655600e-02	0.0000000000000000e+00	1.6035045864119654e+03
1.9844393595175501e-02	0.0000000000000000e+00	1.6034946560975989e+03
1.9861846887695499e-02	0.0000000000000000e+00	1.6034940271132891e+03
1.9879300180215401e-02	0.0000000000000000e+00	1.6035027185636120e+03
1.9896753472735399e-02	0.0000000000000000e+00	1.6035203717944639e+03
1.9914206765255300e-02	0.0000000000000000e+00	1.6035461426405338e+03
1.9931660057775202e-02	0.0000000000000000e+00	1.6035798064773780e+03
1.9949113350295200e-02	0.0000000000000000e+00	1.6036201268731065e+03
1.9966566642815101e-02	0.0000000000000000e+00	1.6036662623608581e+03
1.9984019935335100e-02	0.0000000000000000e+00	1.6036988753388039e+03
2.0001473227855001e-02	0.0000000000000000e+00	1.6036983078296137e+03
2.0018926520374999e-02	0.0000000000000000e+00	1.6037006626630862e+03
2.0036379812894901e-02	0.0000000000000000e+00	1.6037060334796217e+03
2.0053833105414798e-02	0.0000000000000000e+00	1.6037134840386429e+03
2.0071286397934800e-02	0.0000000000000000e+00	1.6037117993662482e+03
2.0088739690454702e-02	0.0000000000000000e+00	1.6036654707641060e+03
2.0106192982974700e-02	0.0000000000000000e+00	1.6036213712897554e+03
2.0123646275494601e-02	0.0000000000000000e+00	1.6035816779907141e+03
2.0141099568014600e-02	0.0000000000000000e+00	1.6035488110160563e+03
2.0158552860534501e-02	0.0000000000000000e+00	1.6035224925677123e+03
2.0176006153054399e-02	0.0000000000000000e+00	1.6035042728403178e+03
2.0193459445574401e-02	0.0000000000000000e+00	1.6034940177448022e+03
2.0210912738094299e-02	0.0000000000000000e+00	1.6034926830764869e+03
2.0228366030614300e-02	0.0000000000000000e+00	1.6035003239220007e+03
2.0245819323134202e-02	0.0000000000000000e+00	1.6035165126133204e+03
2.0263272615654200e-02	0.0000000000000000e+00	1.6015774091059563e+03
2.0280725908174101e-02	0.0000000000000000e+00	1.5998872334685357e+03
2.0298179200694100e-02	0.0000000000000000e+00	1.5988955280607975e+03
2.0315632493214001e-02	0.0000000000000000e+00	1.5990687414499807e+03
2.0333085785733899e-02	0.0000000000000000e+00	1.6002221011782842e+03
2.0350539078253901e-02	0.0000000000000000e+00	1.6015075882954602e+03
2.0367992370773799e-02	0.0000000000000000e+00	1.6018119599496204e+03
2.0385445663293800e-02	0.0000000000000000e+00	1.6003358659587959e+03
2.0402898955813702e-02	0.0000000000000000e+00	1.5974548560434455e+03
2.0420352248333700e-02	0.0000000000000000e+00	1.5942718479411244e+03
2.0437805540853601e-02	0.0000000000000000e+00	1.5921118774286183e+03
2.0455258833373499e-02	0.0000000000000000e+00	1.5920048265807584e+03
2.0472712125893501e-02	0.0000000000000000e+00	1.5940685388418660e+03
2.0490165418413399e-02	0.0000000000000000e+00	1.5975096500928298e+03
2.0507618710933401e-02	0.0000000000000000e+00	1.6015452299225196e+03
2.0525072003453299e-02	0.0000000000000000e+00	1.6139136195106450e+03
2.0542525295973300e-02	0.0000000000000000e+00	1.6150765634710376e+03
2.0559978588493202e-02	0.0000000000000000e+00	1.6110313766140860e+03
2.0577431881013099e-02	0.0000000000000000e+00	1.6024293232692451e+03
2.0594885173533101e-02	0.0000000000000000e+00	1.5997547579543032e+03
2.0612338466052999e-02	0.0000000000000000e+00	1.5980588895424271e+03
2.0629791758573001e-02	0.0000000000000000e+00	1.5985446832714372e+03
2.0647245051092899e-02	0.0000000000000000e+00	1.6028544931386325e+03
2.0664698343612901e-02	0.0000000000000000e+00	1.6273685615336278e+03
2.0682151636132799e-02	0.0000000000000000e+00	1.6326285618027252e+03
2.0699604928652700e-02	0.0000000000000000e+00	1.6357082244364497e+03
2.0717058221172702e-02	0.0000000000000000e+00	1.6497257240047788e+03
2.0734511513692599e-02	0.0000000000000000e+00	1.6422311570431618e+03
2.0751964806212601e-02	0.0000000000000000e+00	1.6249941797002282e+03
2.0769418098732499e-02	0.0000000000000000e+00	1.6005743023047944e+03
2.0786871391252501e-02	0.0000000000000000e+00	1.5927115599706879e+03
2.0804324683772399e-02	0.0000000000000000e+00	1.5880546940225045e+03
2.0821777976292300e-02	0.0000000000000000e+00	1.5855636876416302e+03
2.0839231268812299e-02	0.0000000000000000e+00	1.5854018445691979e+03
2.0856684561332200e-02	0.0000000000000000e+00	1.5877147347321475e+03
2.0874137853852202e-02	0.0000000000000000e+00	1.5906564791890655e+03
2.0891591146372099e-02	0.0000000000000000e+00	1.5914970410421631e+03
2.0909044438892101e-02	0.0000000000000000e+00	1.5894310378940359e+03
2.0926497731411999e-02	0.0000000000000000e+00	1.5860837793380279e+03
2.0943951023932001e-02	0.0000000000000000e+00	1.5836104361764594e+03
