0.0000000000000000e+00	0.0000000000000000e+00	0.0000000000000000e+00
1.7453292519943300e-05	0.0000000000000000e+00	4.1387248922061302e+07
3.4906585039886600e-05	0.0000000000000000e+00	7.1524346436425686e+07
5.2359877559829903e-05	0.0000000000000000e+00	7.3519640118586972e+07
6.9813170079773199e-05	0.0000000000000000e+00	7.5717045881812900e+07
8.7266462599716496e-05	0.0000000000000000e+00	6.3409806170020454e+07
1.0471975511966000e-04	0.0000000000000000e+00	1.0457679716543929e+08
1.2217304763960301e-04	0.0000000000000000e+00	1.1295879092545471e+08
1.3962634015954599e-04	0.0000000000000000e+00	5.9309048592963941e+07
1.5707963267949001e-04	0.0000000000000000e+00	2.0858250753723353e+08
1.7453292519943299e-04	0.0000000000000000e+00	5.1559302994334531e+08
1.9198621771937600e-04	0.0000000000000000e+00	8.1635150755759251e+08
2.0943951023931999e-04	0.0000000000000000e+00	1.0447052610835809e+09
2.2689280275926300e-04	0.0000000000000000e+00	1.1467069011073463e+09
2.4434609527920601e-04	0.0000000000000000e+00	1.1082351467982042e+09
2.6179938779914903e-04	0.0000000000000000e+00	9.5562479327333713e+08
2.7925268031909301e-04	0.0000000000000000e+00	7.5220882414710271e+08
2.9670597283903603e-04	0.0000000000000000e+00	5.8657213865883887e+08
3.1415926535897898e-04	0.0000000000000000e+00	5.4100465635904193e+08
3.3161255787892303e-04	0.0000000000000000e+00	6.2193405629570365e+08
3.4906585039886598e-04	0.0000000000000000e+00	7.4048302866305697e+08
3.6651914291880900e-04	0.0000000000000000e+00	7.9889591663579869e+08
3.8397243543875201e-04	0.0000000000000000e+00	7.2690992303737152e+08
4.0142572795869599e-04	0.0000000000000000e+00	5.1809173736343968e+08
4.1887902047863901e-04	0.0000000000000000e+00	2.9723717457139623e+08
4.3633231299858202e-04	0.0000000000000000e+00	5.3200959715141261e+08
4.5378560551852601e-04	0.0000000000000000e+00	1.0202941153825636e+09
4.7123889803846902e-04	0.0000000000000000e+00	1.1950565620587149e+09
4.8869219055841203e-04	0.0000000000000000e+00	9.1300014201377738e+08
5.0614548307835602e-04	0.0000000000000000e+00	2.0343497810710853e+08
5.2359877559829903e-04	0.0000000000000000e+00	7.1253973303642130e+08
5.4105206811824204e-04	0.0000000000000000e+00	1.5918143445241575e+09
5.5850536063818505e-04	0.0000000000000000e+00	2.1191681542796373e+09
5.7595865315812904e-04	0.0000000000000000e+00	2.0485515125939596e+09
5.9341194567807205e-04	0.0000000000000000e+00	1.4852576222679260e+09
6.1086523819801496e-04	0.0000000000000000e+00	1.0121016996943935e+09
6.2831853071795905e-04	0.0000000000000000e+00	4.5038364848384523e+08
6.4577182323790196e-04	0.0000000000000000e+00	1.3633645912900455e+09
6.6322511575784497e-04	0.0000000000000000e+00	2.0386440175835791e+09
6.8067840827778798e-04	0.0000000000000000e+00	2.0742764573563979e+09
6.9813170079773197e-04	0.0000000000000000e+00	1.5178439733709331e+09
7.1558499331767498e-04	0.0000000000000000e+00	8.3696210215772362e+09
7.3303828583761799e-04	0.0000000000000000e+00	1.6900263732943436e+10
7.5049157835756198e-04	0.0000000000000000e+00	2.0704539746865715e+10
7.6794487087750499e-04	0.0000000000000000e+00	1.7678845055589275e+10
7.8539816339744800e-04	0.0000000000000000e+00	1.0153866041723196e+10
8.0285145591739199e-04	0.0000000000000000e+00	1.9738357818183107e+09
8.2030474843733500e-04	0.0000000000000000e+00	2.8887793141698575e+09
8.3775804095727801e-04	0.0000000000000000e+00	1.5654152174526556e+09
8.5521133347722102e-04	0.0000000000000000e+00	4.2108667738202181e+09
8.7266462599716501e-04	0.0000000000000000e+00	1.0267515409761875e+10
8.9011791851710802e-04	0.0000000000000000e+00	1.4739787024072071e+10
9.0757121103705104e-04	0.0000000000000000e+00	1.6153732890971338e+10
9.2502450355699502e-04	0.0000000000000000e+00	1.2515728178381348e+10
9.4247779607693804e-04	0.0000000000000000e+00	6.3124430384205589e+09
9.5993108859688105e-04	0.0000000000000000e+00	1.3350493477759960e+09
9.7738438111682406e-04	0.0000000000000000e+00	2.4106226190087762e+09
9.9483767363676805e-04	0.0000000000000000e+00	2.6161244792336841e+09
1.0122909661567101e-03	0.0000000000000000e+00	1.3700282454230323e+09
1.0297442586766500e-03	0.0000000000000000e+00	1.8501523576744308e+09
1.0471975511966000e-03	0.0000000000000000e+00	5.0266866209261627e+09
1.0646508437165401e-03	0.0000000000000000e+00	4.1235615382415538e+09
1.0821041362364800e-03	0.0000000000000000e+00	9.7212496446698725e+08
1.0995574287564300e-03	0.0000000000000000e+00	6.1169072753638315e+09
1.1170107212763701e-03	0.0000000000000000e+00	7.2984180299107523e+09
1.1344640137963100e-03	0.0000000000000000e+00	4.4460223883438168e+09
1.1519173063162600e-03	0.0000000000000000e+00	1.7973895652927451e+09
1.1693705988361999e-03	0.0000000000000000e+00	3.7382357028066974e+09
1.1868238913561400e-03	0.0000000000000000e+00	2.8160573016198554e+09
1.2042771838760900e-03	0.0000000000000000e+00	2.3319938597499762e+09
1.2217304763960299e-03	0.0000000000000000e+00	4.2165701163511500e+09
1.2391837689159700e-03	0.0000000000000000e+00	5.1179624728673201e+09
1.2566370614359201e-03	0.0000000000000000e+00	6.5933628674526107e+08
1.2740903539558599e-03	0.0000000000000000e+00	5.1965047558507957e+09
1.2915436464758000e-03	0.0000000000000000e+00	4.4796853011894407e+09
1.3089969389957501e-03	0.0000000000000000e+00	3.2520172339709063e+09
1.3264502315156899e-03	0.0000000000000000e+00	3.4187731731709332e+09
1.3439035240356300e-03	0.0000000000000000e+00	3.7702615153319378e+09
1.3613568165555801e-03	0.0000000000000000e+00	3.4577970278098502e+09
1.3788101090755199e-03	0.0000000000000000e+00	4.3338538221978817e+09
1.3962634015954600e-03	0.0000000000000000e+00	9.5124467801591110e+09
1.4137166941154101e-03	0.0000000000000000e+00	7.5403819285945190e+11
1.4311699866353500e-03	0.0000000000000000e+00	1.0662666934865662e+12
1.4486232791552900e-03	0.0000000000000000e+00	1.1555931429794272e+12
1.4660765716752401e-03	0.0000000000000000e+00	1.1989100916351272e+12
1.4835298641951800e-03	0.0000000000000000e+00	1.5831700661268992e+13
1.5009831567151201e-03	0.0000000000000000e+00	1.1415465819514827e+12
1.5184364492350699e-03	0.0000000000000000e+00	1.3845448426051882e+12
1.5358897417550100e-03	0.0000000000000000e+00	1.3555823193262148e+12
1.5533430342749501e-03	0.0000000000000000e+00	1.3972613068905632e+12
1.5707963267948999e-03	0.0000000000000000e+00	1.4280539881580764e+12
1.5882496193148400e-03	0.0000000000000000e+00	1.4544317614461194e+12
1.6057029118347801e-03	0.0000000000000000e+00	1.4767188548644597e+12
1.6231562043547299e-03	0.0000000000000000e+00	1.4774791758869312e+12
1.6406094968746700e-03	0.0000000000000000e+00	1.4736486404033296e+12
1.6580627893946101e-03	0.0000000000000000e+00	1.3501859423426763e+12
1.6755160819145599e-03	0.0000000000000000e+00	6.9974757047549060e+11
1.6929693744345000e-03	0.0000000000000000e+00	1.0684221215316188e+12
1.7104226669544401e-03	0.0000000000000000e+00	8.5848522952651538e+11
1.7278759594743899e-03	0.0000000000000000e+00	1.4605642951767253e+12
1.7453292519943300e-03	0.0000000000000000e+00	1.9112188287206951e+12
1.7627825445142699e-03	0.0000000000000000e+00	1.9133830557213228e+12
1.7802358370342200e-03	0.0000000000000000e+00	1.9143421876712686e+12
1.7976891295541600e-03	0.0000000000000000e+00	1.9151171917742183e+12
1.8151424220740999e-03	0.0000000000000000e+00	1.9158401144851326e+12
1.8325957145940500e-03	0.0000000000000000e+00	1.9165211563478130e+12
1.8500490071139900e-03	0.0000000000000000e+00	1.9170629981109099e+12
1.8675022996339299e-03	0.0000000000000000e+00	1.9171451993406165e+12
1.8849555921538800e-03	0.0000000000000000e+00	1.9164776659743191e+12
1.9024088846738201e-03	0.0000000000000000e+00	1.9163342655022361e+12
1.9198621771937599e-03	0.0000000000000000e+00	1.9178087908244270e+12
1.9373154697137100e-03	0.0000000000000000e+00	1.9194524650520249e+12
1.9547687622336499e-03	0.0000000000000000e+00	1.9205884666924160e+12
1.9722220547535902e-03	0.0000000000000000e+00	1.9214721315357944e+12
1.9896753472735400e-03	0.0000000000000000e+00	1.9222420769843450e+12
2.0071286397934799e-03	0.0000000000000000e+00	1.9228714828776870e+12
2.0245819323134202e-03	0.0000000000000000e+00	1.9230949549707434e+12
2.0420352248333700e-03	0.0000000000000000e+00	1.9223995845015945e+12
2.0594885173533099e-03	0.0000000000000000e+00	1.9208956221476780e+12
2.0769418098732502e-03	0.0000000000000000e+00	1.9199376823758599e+12
2.0943951023932000e-03	0.0000000000000000e+00	1.9204393737232417e+12
2.1118483949131399e-03	0.0000000000000000e+00	2.2443296972353071e+12
2.1293016874330802e-03	0.0000000000000000e+00	2.2443296734915322e+12
2.1467549799530201e-03	0.0000000000000000e+00	2.2443296943134390e+12
2.1642082724729699e-03	0.0000000000000000e+00	2.2824876454292559e+12
2.1816615649929102e-03	0.0000000000000000e+00	2.2824877550855063e+12
2.1991148575128501e-03	0.0000000000000000e+00	2.2824879065146616e+12
2.2165681500327999e-03	0.0000000000000000e+00	2.2824877079884062e+12
2.2340214425527402e-03	0.0000000000000000e+00	2.2824872405018511e+12
2.2514747350726801e-03	0.0000000000000000e+00	2.2824868115384448e+12
2.2689280275926299e-03	0.0000000000000000e+00	2.2824864334354268e+12
2.2863813201125698e-03	0.0000000000000000e+00	2.2443282321551509e+12
2.3038346126325101e-03	0.0000000000000000e+00	2.2443279885487700e+12
2.3212879051524599e-03	0.0000000000000000e+00	2.2443278255794292e+12
2.3387411976723998e-03	0.0000000000000000e+00	2.2443277496585840e+12
2.3561944901923401e-03	0.0000000000000000e+00	2.2443277649988169e+12
2.3736477827122899e-03	0.0000000000000000e+00	2.2443278734232588e+12
2.3911010752322298e-03	0.0000000000000000e+00	2.2443280742604590e+12
2.4085543677521701e-03	0.0000000000000000e+00	2.2443283643463218e+12
2.4260076602721200e-03	0.0000000000000000e+00	2.2443287380060913e+12
2.4434609527920598e-03	0.0000000000000000e+00	2.2443291872456519e+12
2.4609142453120001e-03	0.0000000000000000e+00	2.2443293343648223e+12
2.4783675378319500e-03	0.0000000000000000e+00	2.2443293186865366e+12
2.4958208303518898e-03	0.0000000000000000e+00	2.2443293543001353e+12
2.5132741228718301e-03	0.0000000000000000e+00	2.2443294414540273e+12
2.5307274153917800e-03	0.0000000000000000e+00	2.2443295791809858e+12
2.5481807079117198e-03	0.0000000000000000e+00	2.2443297652664209e+12
2.5656340004316601e-03	0.0000000000000000e+00	2.2443293788142939e+12
2.5830872929516100e-03	0.0000000000000000e+00	2.2443288064302896e+12
2.6005405854715499e-03	0.0000000000000000e+00	2.2443282879175620e+12
2.6179938779914902e-03	0.0000000000000000e+00	2.2443278370406079e+12
2.6354471705114400e-03	0.0000000000000000e+00	2.2443274660776665e+12
2.6529004630313799e-03	0.0000000000000000e+00	2.2443271854945156e+12
2.6703537555513202e-03	0.0000000000000000e+00	2.2443270036935469e+12
2.6878070480712700e-03	0.0000000000000000e+00	2.2443269268095596e+12
2.7052603405912099e-03	0.0000000000000000e+00	2.2443269585391021e+12
2.7227136331111502e-03	0.0000000000000000e+00	2.2443271000507866e+12
2.7401669256311000e-03	0.0000000000000000e+00	2.2443273498491592e+12
2.7576202181510399e-03	0.0000000000000000e+00	2.2443277039017021e+12
2.7750735106709802e-03	0.0000000000000000e+00	2.2443281555368359e+12
2.7925268031909300e-03	0.0000000000000000e+00	2.2443286956285439e+12
2.8099800957108699e-03	0.0000000000000000e+00	2.2270052951872168e+12
2.8274333882308102e-03	0.0000000000000000e+00	2.2101044380300054e+12
2.8448866807507600e-03	0.0000000000000000e+00	2.1955049572934187e+12
2.8623399732706999e-03	0.0000000000000000e+00	2.1860310761758633e+12
2.8797932657906402e-03	0.0000000000000000e+00	2.1920052163403386e+12
2.8972465583105901e-03	0.0000000000000000e+00	2.2073448325801987e+12
2.9146998508305299e-03	0.0000000000000000e+00	2.2191607128405195e+12
2.9321531433504698e-03	0.0000000000000000e+00	2.2199266752994307e+12
2.9496064358704201e-03	0.0000000000000000e+00	2.2057673827714365e+12
2.9670597283903599e-03	0.0000000000000000e+00	2.1756565346655315e+12
2.9845130209102998e-03	0.0000000000000000e+00	2.1734628644936672e+12
3.0019663134302501e-03	0.0000000000000000e+00	2.1869346593765105e+12
3.0194196059501899e-03	0.0000000000000000e+00	2.1943204132593989e+12
3.0368728984701298e-03	0.0000000000000000e+00	2.1982834564412593e+12
3.0543261909900801e-03	0.0000000000000000e+00	2.2002422918676816e+12
3.0717794835100200e-03	0.0000000000000000e+00	2.1994297724494746e+12
3.0892327760299598e-03	0.0000000000000000e+00	2.1960322945602644e+12
3.1066860685499101e-03	0.0000000000000000e+00	2.1912944726857922e+12
3.1241393610698500e-03	0.0000000000000000e+00	2.1875595493040330e+12
3.1415926535897898e-03	0.0000000000000000e+00	2.1887700469037988e+12
3.1590459461097401e-03	0.0000000000000000e+00	2.1966341919405012e+12
3.1764992386296800e-03	0.0000000000000000e+00	2.2071714670308008e+12
3.1939525311496198e-03	0.0000000000000000e+00	2.2144775042580923e+12
3.2114058236695701e-03	0.0000000000000000e+00	2.2201903764903418e+12
3.2288591161895100e-03	0.0000000000000000e+00	2.2263960813056904e+12
3.2463124087094499e-03	0.0000000000000000e+00	2.2335381769867559e+12
3.2637657012294001e-03	0.0000000000000000e+00	2.2425187363370840e+12
3.2812189937493400e-03	0.0000000000000000e+00	2.2519614675255991e+12
3.2986722862692799e-03	0.0000000000000000e+00	2.2597380811641855e+12
3.3161255787892301e-03	0.0000000000000000e+00	2.2658969836356099e+12
3.3335788713091700e-03	0.0000000000000000e+00	2.2688889487089331e+12
3.3510321638291099e-03	0.0000000000000000e+00	2.2664731938789414e+12
3.3684854563490602e-03	0.0000000000000000e+00	2.2566192299895244e+12
3.3859387488690000e-03	0.0000000000000000e+00	2.2419276896553359e+12
3.4033920413889399e-03	0.0000000000000000e+00	2.2365228888256914e+12
3.4208453339088902e-03	0.0000000000000000e+00	2.2474215405319038e+12
3.4382986264288300e-03	0.0000000000000000e+00	2.2431399802888057e+12
3.4557519189487699e-03	0.0000000000000000e+00	2.2478339696200508e+12
3.4732052114687202e-03	0.0000000000000000e+00	2.2456007923295439e+12
3.4906585039886600e-03	0.0000000000000000e+00	2.2340760947883008e+12
3.5081117965085999e-03	0.0000000000000000e+00	2.2267179347191226e+12
3.5255650890285502e-03	0.0000000000000000e+00	2.2555562402345918e+12
3.5430183815484901e-03	0.0000000000000000e+00	2.3191331599297739e+12
3.5604716740684299e-03	0.0000000000000000e+00	2.3542540989692046e+12
3.5779249665883698e-03	0.0000000000000000e+00	2.3381128878440654e+12
3.5953782591083201e-03	0.0000000000000000e+00	2.2691028544305747e+12
3.6128315516282599e-03	0.0000000000000000e+00	2.2142205937483032e+12
3.6302848441482102e-03	0.0000000000000000e+00	2.2380458544360952e+12
3.6477381366681501e-03	0.0000000000000000e+00	2.2382041053363828e+12
3.6651914291880900e-03	0.0000000000000000e+00	2.2268011657181924e+12
3.6826447217080398e-03	0.0000000000000000e+00	2.2161213245581973e+12
3.7000980142279801e-03	0.0000000000000000e+00	2.2675543751165679e+12
3.7175513067479200e-03	0.0000000000000000e+00	2.2953995477508765e+12
3.7350045992678598e-03	0.0000000000000000e+00	2.3017355164330059e+12
3.7524578917878101e-03	0.0000000000000000e+00	2.2969260297197686e+12
3.7699111843077500e-03	0.0000000000000000e+00	2.2561843106997578e+12
3.7873644768276998e-03	0.0000000000000000e+00	2.2391901242742915e+12
3.8048177693476401e-03	0.0000000000000000e+00	2.3950374214948149e+12
3.8222710618675800e-03	0.0000000000000000e+00	2.2883222179213916e+12
3.8397243543875199e-03	0.0000000000000000e+00	2.6751192569820337e+12
3.8571776469074701e-03	0.0000000000000000e+00	2.4030167467144326e+12
3.8746309394274100e-03	0.0000000000000000e+00	2.2447637213652144e+12
3.8920842319473499e-03	0.0000000000000000e+00	2.2022847020097441e+12
3.9095375244672997e-03	0.0000000000000000e+00	2.2935929431973560e+12
3.9269908169872400e-03	0.0000000000000000e+00	2.3532716522454824e+12
3.9444441095071803e-03	0.0000000000000000e+00	2.3699369175555859e+12
3.9618974020271302e-03	0.0000000000000000e+00	2.2978211163762544e+12
3.9793506945470696e-03	0.0000000000000000e+00	2.1202118636445630e+12
3.9968039870670099e-03	0.0000000000000000e+00	2.3884299558852661e+12
4.0142572795869597e-03	0.0000000000000000e+00	2.7339309958385942e+12
4.0317105721069000e-03	0.0000000000000000e+00	2.6430274278914531e+12
4.0491638646268403e-03	0.0000000000000000e+00	2.6109946537973960e+12
4.0666171571467902e-03	0.0000000000000000e+00	2.6732942197303345e+12
4.0840704496667296e-03	0.0000000000000000e+00	2.8148264267683706e+12
4.1015237421866699e-03	0.0000000000000000e+00	2.0921148303292444e+12
4.1189770347066198e-03	0.0000000000000000e+00	2.5083011585278608e+12
4.1364303272265601e-03	0.0000000000000000e+00	2.9620628360237505e+12
4.1538836197465004e-03	0.0000000000000000e+00	2.9844395173323223e+12
4.1713369122664502e-03	0.0000000000000000e+00	2.9824168847333237e+12
4.1887902047863896e-03	0.0000000000000000e+00	2.9767607098385073e+12
4.2062434973063299e-03	0.0000000000000000e+00	3.2944761839427852e+12
4.2236967898262798e-03	0.0000000000000000e+00	3.5813691066644438e+12
4.2411500823462201e-03	0.0000000000000000e+00	3.4216566963018989e+12
4.2586033748661604e-03	0.0000000000000000e+00	2.9689131600499526e+12
4.2760566673861102e-03	0.0000000000000000e+00	3.4585316048248296e+12
4.2935099599060497e-03	0.0000000000000000e+00	2.9636450566877969e+12
4.3109632524259900e-03	0.0000000000000000e+00	2.9559459959972456e+12
4.3284165449459398e-03	0.0000000000000000e+00	2.9518814860538403e+12
4.3458698374658801e-03	0.0000000000000000e+00	2.9480043664301606e+12
4.3633231299858204e-03	0.0000000000000000e+00	2.9441686444143711e+12
4.3807764225057702e-03	0.0000000000000000e+00	2.9403677639489766e+12
4.3982297150257097e-03	0.0000000000000000e+00	2.9366010061234302e+12
4.4156830075456500e-03	0.0000000000000000e+00	2.9328697789924165e+12
4.4331363000655998e-03	0.0000000000000000e+00	2.9291993397907427e+12
4.4505895925855401e-03	0.0000000000000000e+00	2.9291638533444219e+12
4.4680428851054804e-03	0.0000000000000000e+00	2.7411955366818340e+12
4.4854961776254303e-03	0.0000000000000000e+00	2.4864049331093066e+12
4.5029494701453697e-03	0.0000000000000000e+00	2.4179402357646909e+12
4.5204027626653100e-03	0.0000000000000000e+00	2.5373613035202412e+12
4.5378560551852598e-03	0.0000000000000000e+00	3.2943780439670737e+12
4.5553093477052001e-03	0.0000000000000000e+00	2.9338993545351016e+12
4.5727626402251396e-03	0.0000000000000000e+00	2.7929740985816021e+12
4.5902159327450903e-03	0.0000000000000000e+00	2.1176606241216631e+12
4.6076692252650297e-03	0.0000000000000000e+00	2.1188936455558706e+12
4.6251225177849700e-03	0.0000000000000000e+00	2.1232829975483123e+12
4.6425758103049199e-03	0.0000000000000000e+00	2.1322910233462683e+12
4.6600291028248602e-03	0.0000000000000000e+00	2.1412368970216282e+12
4.6774823953447996e-03	0.0000000000000000e+00	2.1501288105760139e+12
4.6949356878647503e-03	0.0000000000000000e+00	2.1589679866865649e+12
4.7123889803846897e-03	0.0000000000000000e+00	2.1677546373631204e+12
4.7298422729046300e-03	0.0000000000000000e+00	2.1764611895622903e+12
4.7472955654245799e-03	0.0000000000000000e+00	2.1850929796682358e+12
4.7647488579445202e-03	0.0000000000000000e+00	2.1936422335325984e+12
4.7822021504644596e-03	0.0000000000000000e+00	2.2014972896617173e+12
4.7996554429844103e-03	0.0000000000000000e+00	2.4165757005114580e+12
4.8171087355043498e-03	0.0000000000000000e+00	3.2067002844353145e+12
4.8345620280242901e-03	0.0000000000000000e+00	3.0190840025320879e+12
4.8520153205442399e-03	0.0000000000000000e+00	2.9500345782243960e+12
4.8694686130641802e-03	0.0000000000000000e+00	2.9334802623515396e+12
4.8869219055841196e-03	0.0000000000000000e+00	2.2403618509635483e+12
4.9043751981040704e-03	0.0000000000000000e+00	2.4831276571882466e+12
4.9218284906240098e-03	0.0000000000000000e+00	2.5869732067874868e+12
4.9392817831439501e-03	0.0000000000000000e+00	2.1426880187406594e+12
4.9567350756638999e-03	0.0000000000000000e+00	1.6458517764001158e+13
4.9741883681838402e-03	0.0000000000000000e+00	2.6659022403453643e+12
4.9916416607037797e-03	0.0000000000000000e+00	1.9945573968075254e+12
5.0090949532237304e-03	0.0000000000000000e+00	2.0462229702789939e+12
5.0265482457436698e-03	0.0000000000000000e+00	2.1289478925240881e+12
5.0440015382636101e-03	0.0000000000000000e+00	2.1551586313176538e+12
5.0614548307835600e-03	0.0000000000000000e+00	1.9167087217203579e+12
5.0789081233035003e-03	0.0000000000000000e+00	2.2419002398422207e+12
5.0963614158234397e-03	0.0000000000000000e+00	2.2418997807005942e+12
5.1138147083433904e-03	0.0000000000000000e+00	2.2418995127266821e+12
5.1312680008633298e-03	0.0000000000000000e+00	2.2418994436912402e+12
5.1487212933832701e-03	0.0000000000000000e+00	2.2418995759298765e+12
5.1661745859032200e-03	0.0000000000000000e+00	2.2418999062452925e+12
5.1836278784231603e-03	0.0000000000000000e+00	2.2419004259912168e+12
5.2010811709430997e-03	0.0000000000000000e+00	2.2419011214586079e+12
5.2185344634630504e-03	0.0000000000000000e+00	2.1551589304474739e+12
5.2359877559829899e-03	0.0000000000000000e+00	2.1551599179192473e+12
5.2534410485029302e-03	0.0000000000000000e+00	2.1551607205486047e+12
5.2708943410228696e-03	0.0000000000000000e+00	2.2443278454328018e+12
5.2883476335428203e-03	0.0000000000000000e+00	2.1910799331278428e+12
5.3058009260627597e-03	0.0000000000000000e+00	2.1551611835341355e+12
5.3232542185827000e-03	0.0000000000000000e+00	2.1910804805826572e+12
5.3407075111026499e-03	0.0000000000000000e+00	2.1910805530402598e+12
5.3581608036225902e-03	0.0000000000000000e+00	2.1662213836001219e+13
5.3756140961425296e-03	0.0000000000000000e+00	2.1791160668844469e+13
5.3930673886624803e-03	0.0000000000000000e+00	2.2467857974998506e+12
5.4105206811824198e-03	0.0000000000000000e+00	2.2467850321018311e+12
5.4279739737023601e-03	0.0000000000000000e+00	2.2443241869244233e+12
5.4454272662223099e-03	0.0000000000000000e+00	2.1938939619508254e+12
5.4628805587422502e-03	0.0000000000000000e+00	2.1910754397319543e+12
5.4803338512621896e-03	0.0000000000000000e+00	2.1910753807850552e+12
5.4977871437821403e-03	0.0000000000000000e+00	2.2418995706927490e+12
5.5152404363020798e-03	0.0000000000000000e+00	2.1910758313045198e+12
5.5326937288220201e-03	0.0000000000000000e+00	2.1910763308299458e+12
5.5501470213419699e-03	0.0000000000000000e+00	2.2298705120939004e+12
5.5676003138619102e-03	0.0000000000000000e+00	2.2443258906623545e+12
5.5850536063818497e-03	0.0000000000000000e+00	2.2443268500176636e+12
5.6025068989018004e-03	0.0000000000000000e+00	2.0349516562283394e+12
5.6199601914217398e-03	0.0000000000000000e+00	1.7897572216296060e+12
5.6374134839416801e-03	0.0000000000000000e+00	1.7327377392993833e+12
5.6548667764616299e-03	0.0000000000000000e+00	1.6847052793080964e+12
5.6723200689815702e-03	0.0000000000000000e+00	1.8512938522606758e+13
5.6897733615015097e-03	0.0000000000000000e+00	1.7012847000333218e+12
5.7072266540214604e-03	0.0000000000000000e+00	1.7096545220754619e+12
5.7246799465413998e-03	0.0000000000000000e+00	1.7180802110608955e+12
5.7421332390613401e-03	0.0000000000000000e+00	1.7265620567366426e+12
5.7595865315812900e-03	0.0000000000000000e+00	1.7351007156422996e+12
5.7770398241012303e-03	0.0000000000000000e+00	1.7436970197415786e+12
5.7944931166211697e-03	0.0000000000000000e+00	1.8462278612356343e+12
5.8119464091411204e-03	0.0000000000000000e+00	1.8600325173169648e+12
5.8293997016610598e-03	0.0000000000000000e+00	1.8739883230951887e+12
5.8468529941810002e-03	0.0000000000000000e+00	1.8880986254941602e+12
5.8643062867009500e-03	0.0000000000000000e+00	1.9023669935357834e+12
5.8817595792208903e-03	0.0000000000000000e+00	1.9239669755885481e+12
5.8992128717408297e-03	0.0000000000000000e+00	1.9369709934884646e+12
5.9166661642607796e-03	0.0000000000000000e+00	1.9501090628392314e+12
5.9341194567807199e-03	0.0000000000000000e+00	1.9633839090298621e+12
5.9515727493006602e-03	0.0000000000000000e+00	1.9767980903024492e+12
5.9690260418206100e-03	0.0000000000000000e+00	1.9915032130564763e+12
5.9864793343405503e-03	0.0000000000000000e+00	2.0069832476408926e+12
6.0039326268604898e-03	0.0000000000000000e+00	2.0226533463297244e+12
6.0213859193804396e-03	0.0000000000000000e+00	2.0385182848618477e+12
6.0388392119003799e-03	0.0000000000000000e+00	2.0545830361822766e+12
6.0562925044203202e-03	0.0000000000000000e+00	2.0708519315865098e+12
6.0737457969402700e-03	0.0000000000000000e+00	2.0873313493819514e+12
6.0911990894602103e-03	0.0000000000000000e+00	2.1040266696922998e+12
6.1086523819801498e-03	0.0000000000000000e+00	2.1209434284163560e+12
6.1261056745000996e-03	0.0000000000000000e+00	2.1380874815341990e+12
6.1435589670200399e-03	0.0000000000000000e+00	2.1554650012819851e+12
6.1610122595399802e-03	0.0000000000000000e+00	2.1948733392112925e+12
6.1784655520599301e-03	0.0000000000000000e+00	2.1981225779211472e+12
6.1959188445798704e-03	0.0000000000000000e+00	2.1981227157365598e+12
6.2133721370998098e-03	0.0000000000000000e+00	2.1981230441280156e+12
6.2308254296197596e-03	0.0000000000000000e+00	2.1981235557476731e+12
6.2482787221396999e-03	0.0000000000000000e+00	2.1981242391552544e+12
6.2657320146596402e-03	0.0000000000000000e+00	2.1981250789793665e+12
6.2831853071795901e-03	0.0000000000000000e+00	2.1981260562708743e+12
6.3006385996995304e-03	0.0000000000000000e+00	2.1783631703687334e+12
6.3180918922194698e-03	0.0000000000000000e+00	2.1599574401817358e+12
6.3355451847394197e-03	0.0000000000000000e+00	2.1472626946487463e+12
6.3529984772593600e-03	0.0000000000000000e+00	2.1457108120800571e+12
6.3704517697793003e-03	0.0000000000000000e+00	2.1532263126101089e+12
6.3879050622992501e-03	0.0000000000000000e+00	2.1590517350530239e+12
6.4053583548191904e-03	0.0000000000000000e+00	2.1546008375177920e+12
6.4228116473391298e-03	0.0000000000000000e+00	2.1351811446769321e+12
6.4402649398590797e-03	0.0000000000000000e+00	2.1058427064060479e+12
6.4577182323790200e-03	0.0000000000000000e+00	2.0847208519364272e+12
6.4751715248989603e-03	0.0000000000000000e+00	2.0796466639755710e+12
6.4926248174188997e-03	0.0000000000000000e+00	2.0871460446206167e+12
6.5100781099388504e-03	0.0000000000000000e+00	2.0968277683581428e+12
6.5275314024587899e-03	0.0000000000000000e+00	2.1062429998479270e+12
6.5449846949787302e-03	0.0000000000000000e+00	2.1178680452396069e+12
6.5624379874986800e-03	0.0000000000000000e+00	2.1222335980654924e+12
6.5798912800186203e-03	0.0000000000000000e+00	2.1090243990435742e+12
6.5973445725385597e-03	0.0000000000000000e+00	2.0829358797083958e+12
6.6147978650585096e-03	0.0000000000000000e+00	2.0386362769137166e+12
6.6322511575784499e-03	0.0000000000000000e+00	1.9898014174912129e+12
6.6497044500983902e-03	0.0000000000000000e+00	1.9631462062797195e+12
6.6671577426183400e-03	0.0000000000000000e+00	1.9868133756723855e+12
6.6846110351382803e-03	0.0000000000000000e+00	2.0543450201968831e+12
6.7020643276582198e-03	0.0000000000000000e+00	2.1282997144550093e+12
6.7195176201781696e-03	0.0000000000000000e+00	2.1962030261426533e+12
6.7369709126981099e-03	0.0000000000000000e+00	2.1899363788091536e+12
6.7544242052180502e-03	0.0000000000000000e+00	2.2017087936302148e+12
6.7718774977380001e-03	0.0000000000000000e+00	2.1997274324704824e+12
6.7893307902579404e-03	0.0000000000000000e+00	2.1973655756857109e+12
6.8067840827778798e-03	0.0000000000000000e+00	2.1712382047412810e+12
6.8242373752978296e-03	0.0000000000000000e+00	2.1411803264009143e+12
6.8416906678177699e-03	0.0000000000000000e+00	2.1194129905928625e+12
6.8591439603377102e-03	0.0000000000000000e+00	2.1037331019646897e+12
6.8765972528576601e-03	0.0000000000000000e+00	2.1067861498447275e+12
6.8940505453776004e-03	0.0000000000000000e+00	2.1271766918826064e+12
6.9115038378975398e-03	0.0000000000000000e+00	2.1542263601067402e+12
6.9289571304174897e-03	0.0000000000000000e+00	2.1797945558976028e+12
6.9464104229374300e-03	0.0000000000000000e+00	2.1647615954831858e+12
6.9638637154573703e-03	0.0000000000000000e+00	2.1587042138828513e+12
6.9813170079773201e-03	0.0000000000000000e+00	2.2077002704846143e+12
6.9987703004972604e-03	0.0000000000000000e+00	2.2310067970838872e+12
7.0162235930171998e-03	0.0000000000000000e+00	2.2255319688523057e+12
7.0336768855371497e-03	0.0000000000000000e+00	2.2260764988592061e+12
7.0511301780570900e-03	0.0000000000000000e+00	2.2263675440265361e+12
7.0685834705770303e-03	0.0000000000000000e+00	2.2224975072084419e+12
7.0860367630969801e-03	0.0000000000000000e+00	2.2276150992477041e+12
7.1034900556169204e-03	0.0000000000000000e+00	2.2342907795417324e+12
7.1209433481368599e-03	0.0000000000000000e+00	2.2093286360267041e+12
7.1383966406568097e-03	0.0000000000000000e+00	2.2113074500005474e+12
7.1558499331767500e-03	0.0000000000000000e+00	2.2263287034024097e+12
7.1733032256966903e-03	0.0000000000000000e+00	2.2389699200127305e+12
7.1907565182166401e-03	0.0000000000000000e+00	2.2485251770861172e+12
7.2082098107365796e-03	0.0000000000000000e+00	2.2691376161380391e+12
7.2256631032565199e-03	0.0000000000000000e+00	2.2600295804740942e+12
7.2431163957764697e-03	0.0000000000000000e+00	2.2308385015000244e+12
7.2605696882964100e-03	0.0000000000000000e+00	2.2037790448334814e+12
7.2780229808163503e-03	0.0000000000000000e+00	2.1228088447692578e+12
7.2954762733363002e-03	0.0000000000000000e+00	2.1003832639707319e+12
7.3129295658562396e-03	0.0000000000000000e+00	2.0869594266294495e+12
7.3303828583761799e-03	0.0000000000000000e+00	2.0799758954235154e+12
7.3478361508961297e-03	0.0000000000000000e+00	2.0823806494100371e+12
7.3652894434160700e-03	0.0000000000000000e+00	2.0917836671075933e+12
7.3827427359360103e-03	0.0000000000000000e+00	2.1066858211099482e+12
7.4001960284559602e-03	0.0000000000000000e+00	2.1449331840454958e+12
7.4176493209758996e-03	0.0000000000000000e+00	2.2889706953410298e+12
7.4351026134958399e-03	0.0000000000000000e+00	2.4041840626647705e+12
7.4525559060157898e-03	0.0000000000000000e+00	2.4645846969017480e+12
7.4700091985357301e-03	0.0000000000000000e+00	2.4781712829674429e+12
7.4874624910556704e-03	0.0000000000000000e+00	2.4648025546473091e+12
7.5049157835756202e-03	0.0000000000000000e+00	2.4441844505229429e+12
7.5223690760955596e-03	0.0000000000000000e+00	2.4264094838907480e+12
7.5398223686154999e-03	0.0000000000000000e+00	2.4057739357964683e+12
7.5572756611354498e-03	0.0000000000000000e+00	2.3792599234989131e+12
7.5747289536553901e-03	0.0000000000000000e+00	2.3551431037928140e+12
7.5921822461753304e-03	0.0000000000000000e+00	2.3475979985467700e+12
7.6096355386952802e-03	0.0000000000000000e+00	2.3517855936792480e+12
7.6270888312152197e-03	0.0000000000000000e+00	2.3543429737152021e+12
7.6445421237351600e-03	0.0000000000000000e+00	2.3469801246730767e+12
7.6619954162551098e-03	0.0000000000000000e+00	2.3339717925565303e+12
7.6794487087750501e-03	0.0000000000000000e+00	2.3141981635943774e+12
7.6969020012949904e-03	0.0000000000000000e+00	2.3110614142902715e+12
7.7143552938149403e-03	0.0000000000000000e+00	2.3088211794104780e+12
7.7318085863348797e-03	0.0000000000000000e+00	2.3075657674570049e+12
7.7492618788548200e-03	0.0000000000000000e+00	2.3066083282096631e+12
7.7667151713747698e-03	0.0000000000000000e+00	2.3051132472294009e+12
7.7841684638947101e-03	0.0000000000000000e+00	2.3031967348554897e+12
7.8016217564146496e-03	0.0000000000000000e+00	2.3004483279612012e+12
7.8190750489345994e-03	0.0000000000000000e+00	2.2943926610447773e+12
7.8365283414545406e-03	0.0000000000000000e+00	2.2595233661494009e+12
7.8539816339744800e-03	0.0000000000000000e+00	2.2147252776473872e+12
7.8714349264944194e-03	0.0000000000000000e+00	2.1993739020936641e+12
7.8888882190143693e-03	0.0000000000000000e+00	2.1963242255775002e+12
7.9063415115343105e-03	0.0000000000000000e+00	2.1946008943852668e+12
7.9237948040542603e-03	0.0000000000000000e+00	2.1933917085163645e+12
7.9412480965741997e-03	0.0000000000000000e+00	2.1902508282749417e+12
7.9587013890941392e-03	0.0000000000000000e+00	2.1848007200810974e+12
7.9761546816140907e-03	0.0000000000000000e+00	2.1788250418541328e+12
7.9936079741340302e-03	0.0000000000000000e+00	2.1733397681339500e+12
8.0110612666539696e-03	0.0000000000000000e+00	2.1687156747689211e+12
8.0285145591739195e-03	0.0000000000000000e+00	2.1667038387625361e+12
8.0459678516938606e-03	0.0000000000000000e+00	2.1686477998493782e+12
8.0634211442138001e-03	0.0000000000000000e+00	2.1742560244125771e+12
8.0808744367337395e-03	0.0000000000000000e+00	2.1822912744254668e+12
8.0983277292536893e-03	0.0000000000000000e+00	2.1919615147195100e+12
8.1157810217736305e-03	0.0000000000000000e+00	2.2004350930146436e+12
8.1332343142935803e-03	0.0000000000000000e+00	2.2017281615883784e+12
8.1506876068135198e-03	0.0000000000000000e+00	2.1947905074181716e+12
8.1681408993334592e-03	0.0000000000000000e+00	2.1820283213467710e+12
8.1855941918534108e-03	0.0000000000000000e+00	2.1664553815810229e+12
8.2030474843733502e-03	0.0000000000000000e+00	2.1498005598552063e+12
8.2205007768932897e-03	0.0000000000000000e+00	2.1355732381867827e+12
8.2379540694132308e-03	0.0000000000000000e+00	2.1285432525274790e+12
8.2554073619331807e-03	0.0000000000000000e+00	2.1326731829911240e+12
8.2728606544531201e-03	0.0000000000000000e+00	2.1473758759649832e+12
8.2903139469730595e-03	0.0000000000000000e+00	2.1654376181416401e+12
8.3077672394930094e-03	0.0000000000000000e+00	2.1822571217242190e+12
8.3252205320129506e-03	0.0000000000000000e+00	2.2373187176811377e+12
8.3426738245328900e-03	0.0000000000000000e+00	2.2002168565354492e+12
8.3601271170528398e-03	0.0000000000000000e+00	2.1677622536554260e+12
8.3775804095727793e-03	0.0000000000000000e+00	2.1487350905671855e+12
8.3950337020927204e-03	0.0000000000000000e+00	2.1511587272255461e+12
8.4124869946126703e-03	0.0000000000000000e+00	2.1706901558564985e+12
8.4299402871326097e-03	0.0000000000000000e+00	2.1819512942016011e+12
8.4473935796525491e-03	0.0000000000000000e+00	2.1817178423895466e+12
8.4648468721725007e-03	0.0000000000000000e+00	2.1721634025783708e+12
8.4823001646924402e-03	0.0000000000000000e+00	2.1644960557791189e+12
8.4997534572123796e-03	0.0000000000000000e+00	2.1691268775636169e+12
8.5172067497323294e-03	0.0000000000000000e+00	2.1885895406102788e+12
8.5346600422522706e-03	0.0000000000000000e+00	2.2162555745218423e+12
8.5521133347722100e-03	0.0000000000000000e+00	2.2446989258323286e+12
8.5695666272921599e-03	0.0000000000000000e+00	2.2690053980369683e+12
8.5870199198120993e-03	0.0000000000000000e+00	2.2838895239885840e+12
8.6044732123320405e-03	0.0000000000000000e+00	2.2880143770882158e+12
8.6219265048519903e-03	0.0000000000000000e+00	2.2821188436379097e+12
8.6393797973719298e-03	0.0000000000000000e+00	2.2710674973517017e+12
8.6568330898918692e-03	0.0000000000000000e+00	2.2662940784466543e+12
8.6742863824118208e-03	0.0000000000000000e+00	2.2760802745520894e+12
8.6917396749317602e-03	0.0000000000000000e+00	2.3000668156880659e+12
8.7091929674516996e-03	0.0000000000000000e+00	2.3319559369943369e+12
8.7266462599716495e-03	0.0000000000000000e+00	2.3624388519673037e+12
8.7440995524915906e-03	0.0000000000000000e+00	2.3859539916362412e+12
8.7615528450115301e-03	0.0000000000000000e+00	2.4000274237771831e+12
8.7790061375314799e-03	0.0000000000000000e+00	2.4016018830730635e+12
8.7964594300514194e-03	0.0000000000000000e+00	2.3880493474276587e+12
8.8139127225713605e-03	0.0000000000000000e+00	2.3590195353431953e+12
8.8313660150913104e-03	0.0000000000000000e+00	2.3264845968249810e+12
8.8488193076112498e-03	0.0000000000000000e+00	2.3100053369631030e+12
8.8662726001311892e-03	0.0000000000000000e+00	2.3166747310998740e+12
8.8837258926511408e-03	0.0000000000000000e+00	2.3430544252134424e+12
8.9011791851710802e-03	0.0000000000000000e+00	2.3808057722563813e+12
8.9186324776910197e-03	0.0000000000000000e+00	2.4211553590957515e+12
8.9360857702109695e-03	0.0000000000000000e+00	2.4551326213687666e+12
8.9535390627309107e-03	0.0000000000000000e+00	2.4751216095303149e+12
8.9709923552508501e-03	0.0000000000000000e+00	2.4791156825780488e+12
8.9884456477708000e-03	0.0000000000000000e+00	2.4652896435775347e+12
9.0058989402907394e-03	0.0000000000000000e+00	2.4299493205466543e+12
9.0233522328106806e-03	0.0000000000000000e+00	2.3817375835438618e+12
9.0408055253306304e-03	0.0000000000000000e+00	2.3335019370164941e+12
9.0582588178505698e-03	0.0000000000000000e+00	2.2886252388693149e+12
9.0757121103705093e-03	0.0000000000000000e+00	2.2509734014281665e+12
9.0931654028904609e-03	0.0000000000000000e+00	2.1381812765611702e+12
9.1106186954104003e-03	0.0000000000000000e+00	2.1381813803946199e+12
9.1280719879303397e-03	0.0000000000000000e+00	2.1381815821616765e+12
9.1455252804502896e-03	0.0000000000000000e+00	2.1381818756631243e+12
9.1629785729702307e-03	0.0000000000000000e+00	2.1381822520482073e+12
9.1804318654901702e-03	0.0000000000000000e+00	2.1551615965115232e+12
9.1978851580101200e-03	0.0000000000000000e+00	2.1551604005310867e+12
9.2153384505300594e-03	0.0000000000000000e+00	2.1551592978933572e+12
9.2327917430500006e-03	0.0000000000000000e+00	2.1551583174965593e+12
9.2502450355699505e-03	0.0000000000000000e+00	2.1381782994864375e+12
9.2676983280898899e-03	0.0000000000000000e+00	2.1381776381601511e+12
9.2851516206098293e-03	0.0000000000000000e+00	2.1381771656126116e+12
9.3026049131297792e-03	0.0000000000000000e+00	2.1381768948195156e+12
9.3200582056497203e-03	0.0000000000000000e+00	2.1381768332161838e+12
9.3375114981696598e-03	0.0000000000000000e+00	2.1381769825205461e+12
9.3549647906896096e-03	0.0000000000000000e+00	2.1381773386261829e+12
9.3724180832095508e-03	0.0000000000000000e+00	2.1381778917660203e+12
9.3898713757294902e-03	0.0000000000000000e+00	2.1381786269343003e+12
9.4073246682494296e-03	0.0000000000000000e+00	2.1381795241695383e+12
9.4247779607693795e-03	0.0000000000000000e+00	2.1381805597069624e+12
9.4422312532893207e-03	0.0000000000000000e+00	2.1381814340949417e+12
9.4596845458092705e-03	0.0000000000000000e+00	2.1381815178194192e+12
9.4771378383292099e-03	0.0000000000000000e+00	2.1381816859424604e+12
9.4945911308491494e-03	0.0000000000000000e+00	2.1381819355595901e+12
9.5120444233690905e-03	0.0000000000000000e+00	2.1381822621210640e+12
9.5294977158890404e-03	0.0000000000000000e+00	2.1381822703988311e+12
9.5469510084089798e-03	0.0000000000000000e+00	2.1381811084122627e+12
9.5644043009289192e-03	0.0000000000000000e+00	2.1381800488248582e+12
9.5818575934488708e-03	0.0000000000000000e+00	2.1381791162643318e+12
9.5993108859688103e-03	0.0000000000000000e+00	2.1381783321473147e+12
9.6167641784887497e-03	0.0000000000000000e+00	2.1381777141990945e+12
9.6342174710086995e-03	0.0000000000000000e+00	2.1381772761724688e+12
9.6516707635286407e-03	0.0000000000000000e+00	2.1381770276639739e+12
9.6691240560485905e-03	0.0000000000000000e+00	2.1381769739359514e+12
9.6865773485685300e-03	0.0000000000000000e+00	2.1381771159678115e+12
9.7040306410884694e-03	0.0000000000000000e+00	2.1381774502833853e+12
9.7214839336084106e-03	0.0000000000000000e+00	2.1381779693281428e+12
9.7389372261283604e-03	0.0000000000000000e+00	2.1381786613737415e+12
9.7563905186482999e-03	0.0000000000000000e+00	2.1381795108807395e+12
9.7738438111682393e-03	0.0000000000000000e+00	2.1381804985667920e+12
9.7912971036881909e-03	0.0000000000000000e+00	2.1868654674850120e+12
9.8087503962081303e-03	0.0000000000000000e+00	2.2184863638784512e+12
9.8262036887280697e-03	0.0000000000000000e+00	2.2131692782206206e+12
9.8436569812480196e-03	0.0000000000000000e+00	2.1345878676802908e+12
9.8611102737679607e-03	0.0000000000000000e+00	2.1328587358243684e+12
9.8785635662879106e-03	0.0000000000000000e+00	2.1360638907812976e+12
9.8960168588078500e-03	0.0000000000000000e+00	2.1841182900704607e+12
9.9134701513277895e-03	0.0000000000000000e+00	2.3620668947720342e+12
9.9309234438477306e-03	0.0000000000000000e+00	2.4959045281492441e+12
9.9483767363676805e-03	0.0000000000000000e+00	2.5753547376938291e+12
9.9658300288876199e-03	0.0000000000000000e+00	2.6188489788087896e+12
9.9832833214075593e-03	0.0000000000000000e+00	2.6213153114730347e+12
1.0000736613927501e-02	0.0000000000000000e+00	2.5381174591527246e+12
1.0018189906447501e-02	0.0000000000000000e+00	2.2506370937610649e+12
1.0035643198967400e-02	0.0000000000000000e+00	2.1429476994543523e+12
1.0053096491487300e-02	0.0000000000000000e+00	2.1772210897151794e+12
1.0070549784007300e-02	0.0000000000000000e+00	2.2767495092610864e+12
1.0088003076527199e-02	0.0000000000000000e+00	2.2108358559311987e+12
1.0105456369047200e-02	0.0000000000000000e+00	2.1989271289994836e+12
1.0122909661567101e-02	0.0000000000000000e+00	2.1742011334939814e+12
1.0140362954087099e-02	0.0000000000000000e+00	2.1466582323742942e+12
1.0157816246607001e-02	0.0000000000000000e+00	2.1206159488293955e+12
1.0175269539126900e-02	0.0000000000000000e+00	2.1234188338789319e+12
1.0192722831646900e-02	0.0000000000000000e+00	2.3275076047849116e+12
1.0210176124166800e-02	0.0000000000000000e+00	2.1787741378406492e+12
1.0227629416686800e-02	0.0000000000000000e+00	2.1999277097693486e+12
1.0245082709206699e-02	0.0000000000000000e+00	2.2142128026023232e+12
1.0262536001726700e-02	0.0000000000000000e+00	2.2221578787141846e+12
1.0279989294246601e-02	0.0000000000000000e+00	2.2255863416713584e+12
1.0297442586766500e-02	0.0000000000000000e+00	2.2253011939829849e+12
1.0314895879286501e-02	0.0000000000000000e+00	2.2206576013373301e+12
1.0332349171806400e-02	0.0000000000000000e+00	2.2111490964691270e+12
1.0349802464326400e-02	0.0000000000000000e+00	2.1984410147997332e+12
1.0367255756846300e-02	0.0000000000000000e+00	2.1861148596879043e+12
1.0384709049366300e-02	0.0000000000000000e+00	2.1761921857142617e+12
1.0402162341886199e-02	0.0000000000000000e+00	2.1673653464595852e+12
1.0419615634406101e-02	0.0000000000000000e+00	2.1595674084175854e+12
1.0437068926926101e-02	0.0000000000000000e+00	2.1582442166111047e+12
1.0454522219446000e-02	0.0000000000000000e+00	2.1628886788490525e+12
1.0471975511966001e-02	0.0000000000000000e+00	2.1724143542709707e+12
1.0489428804485900e-02	0.0000000000000000e+00	2.2900545813893203e+12
1.0506882097005900e-02	0.0000000000000000e+00	2.3850378367315249e+12
1.0524335389525800e-02	0.0000000000000000e+00	2.4531699056063911e+12
1.0541788682045699e-02	0.0000000000000000e+00	2.4529758981800889e+12
1.0559241974565699e-02	0.0000000000000000e+00	2.2920720302947773e+12
1.0576695267085601e-02	0.0000000000000000e+00	2.0812691815611624e+12
1.0594148559605601e-02	0.0000000000000000e+00	2.0627882854777720e+12
1.0611601852125500e-02	0.0000000000000000e+00	2.0627378057310388e+12
1.0629055144645501e-02	0.0000000000000000e+00	2.0626250455662312e+12
1.0646508437165400e-02	0.0000000000000000e+00	2.1344480044584434e+12
1.0663961729685400e-02	0.0000000000000000e+00	2.3900236502125557e+12
1.0681415022205300e-02	0.0000000000000000e+00	2.5825824468736108e+12
1.0698868314725199e-02	0.0000000000000000e+00	2.6539306274120825e+12
1.0716321607245199e-02	0.0000000000000000e+00	2.6354166984548052e+12
1.0733774899765101e-02	0.0000000000000000e+00	2.5195539140171294e+12
1.0751228192285101e-02	0.0000000000000000e+00	2.2957713214080571e+12
1.0768681484805000e-02	0.0000000000000000e+00	2.1309386112249326e+12
1.0786134777325001e-02	0.0000000000000000e+00	2.1321831574821340e+12
1.0803588069844900e-02	0.0000000000000000e+00	2.1426286655433059e+12
1.0821041362364800e-02	0.0000000000000000e+00	2.2863589412437905e+12
1.0838494654884800e-02	0.0000000000000000e+00	2.4362649986417930e+12
1.0855947947404699e-02	0.0000000000000000e+00	2.5365299334737178e+12
1.0873401239924699e-02	0.0000000000000000e+00	2.5286744621571348e+12
1.0890854532444601e-02	0.0000000000000000e+00	2.3087831129632212e+12
1.0908307824964599e-02	0.0000000000000000e+00	2.1291008807071321e+12
1.0925761117484500e-02	0.0000000000000000e+00	2.1142903450615288e+12
1.0943214410004400e-02	0.0000000000000000e+00	1.8805026143999553e+12
1.0960667702524400e-02	0.0000000000000000e+00	1.7334587479639221e+12
1.0978120995044300e-02	0.0000000000000000e+00	1.7329430508211443e+12
1.0995574287564300e-02	0.0000000000000000e+00	1.8393642470300615e+12
1.1013027580084199e-02	0.0000000000000000e+00	2.1099850839836777e+12
1.1030480872604199e-02	0.0000000000000000e+00	2.1239204945247981e+12
1.1047934165124101e-02	0.0000000000000000e+00	2.3584905094247720e+12
1.1065387457644000e-02	0.0000000000000000e+00	2.6042453385768691e+12
1.1082840750164000e-02	0.0000000000000000e+00	2.7011964496339336e+12
1.1100294042683900e-02	0.0000000000000000e+00	2.6431063233033252e+12
1.1117747335203900e-02	0.0000000000000000e+00	2.5898543023123184e+12
1.1135200627723800e-02	0.0000000000000000e+00	2.0369277351487683e+12
1.1152653920243800e-02	0.0000000000000000e+00	1.9022422787446655e+12
1.1170107212763699e-02	0.0000000000000000e+00	1.1680211798886724e+12
1.1187560505283699e-02	0.0000000000000000e+00	1.1680134178950010e+12
1.1205013797803601e-02	0.0000000000000000e+00	1.1680062580470012e+12
1.1222467090323500e-02	0.0000000000000000e+00	1.1680026900169016e+12
1.1239920382843500e-02	0.0000000000000000e+00	1.1680042304303474e+12
1.1257373675363400e-02	0.0000000000000000e+00	1.1680092365547761e+12
1.1274826967883400e-02	0.0000000000000000e+00	1.1680139588944128e+12
1.1292280260403300e-02	0.0000000000000000e+00	1.1680138589379165e+12
1.1309733552923300e-02	0.0000000000000000e+00	1.1680089682530735e+12
1.1327186845443199e-02	0.0000000000000000e+00	1.1680004936352122e+12
1.1344640137963101e-02	0.0000000000000000e+00	1.1679907696443894e+12
1.1362093430483101e-02	0.0000000000000000e+00	1.1679819680329197e+12
1.1379546723003000e-02	0.0000000000000000e+00	1.1679763231416099e+12
1.1397000015523000e-02	0.0000000000000000e+00	1.1679772146023049e+12
1.1414453308042900e-02	0.0000000000000000e+00	1.1679865413677466e+12
1.1431906600562900e-02	0.0000000000000000e+00	1.1680005882510410e+12
1.1449359893082800e-02	0.0000000000000000e+00	1.1680136986359995e+12
1.1466813185602699e-02	0.0000000000000000e+00	1.1680208205596501e+12
1.1484266478122699e-02	0.0000000000000000e+00	1.1680193930202075e+12
1.1501719770642601e-02	0.0000000000000000e+00	1.1680098061005049e+12
1.1519173063162601e-02	0.0000000000000000e+00	1.1679976514713408e+12
1.1536626355682500e-02	0.0000000000000000e+00	1.1679888143302798e+12
1.1554079648202500e-02	0.0000000000000000e+00	1.1679826614114456e+12
1.1571532940722400e-02	0.0000000000000000e+00	1.1679776359361313e+12
1.1588986233242300e-02	0.0000000000000000e+00	1.1679756781992266e+12
1.1606439525762300e-02	0.0000000000000000e+00	1.1679807639078997e+12
1.1623892818282199e-02	0.0000000000000000e+00	1.1679898698879373e+12
1.1641346110802199e-02	0.0000000000000000e+00	1.1679949042570947e+12
1.1658799403322101e-02	0.0000000000000000e+00	1.1679923437437100e+12
1.1676252695842101e-02	0.0000000000000000e+00	1.1679842283182312e+12
1.1693705988362000e-02	0.0000000000000000e+00	1.1679758816400488e+12
1.1711159280882000e-02	0.0000000000000000e+00	1.1679685209302019e+12
1.1728612573401900e-02	0.0000000000000000e+00	1.1679625675454175e+12
1.1746065865921800e-02	0.0000000000000000e+00	1.1679593510197341e+12
1.1763519158441800e-02	0.0000000000000000e+00	1.1679598181933428e+12
1.1780972450961699e-02	0.0000000000000000e+00	1.1679658599333606e+12
1.1798425743481699e-02	0.0000000000000000e+00	1.1679792487322698e+12
1.1815879036001601e-02	0.0000000000000000e+00	1.1679957132967280e+12
1.1833332328521601e-02	0.0000000000000000e+00	1.1680121866742705e+12
1.1850785621041500e-02	0.0000000000000000e+00	1.1680321235339197e+12
1.1868238913561400e-02	0.0000000000000000e+00	1.1680505262488245e+12
1.1885692206081400e-02	0.0000000000000000e+00	2.2467877550028330e+12
1.1903145498601300e-02	0.0000000000000000e+00	2.2467878588474102e+12
1.1920598791121300e-02	0.0000000000000000e+00	2.2467880606274707e+12
1.1938052083641199e-02	0.0000000000000000e+00	2.2467883541416636e+12
1.1955505376161199e-02	0.0000000000000000e+00	2.2735806161116343e+12
1.1972958668681101e-02	0.0000000000000000e+00	2.2735807745535181e+12
1.1990411961201000e-02	0.0000000000000000e+00	2.2735795785205410e+12
1.2007865253721000e-02	0.0000000000000000e+00	2.2735784758377900e+12
1.2025318546240900e-02	0.0000000000000000e+00	2.2735774954056475e+12
1.2042771838760900e-02	0.0000000000000000e+00	2.2467847777248022e+12
1.2060225131280800e-02	0.0000000000000000e+00	2.2467841163760366e+12
1.2077678423800800e-02	0.0000000000000000e+00	2.2467836438136304e+12
1.2095131716320699e-02	0.0000000000000000e+00	2.2467833730053330e+12
1.2112585008840600e-02	0.0000000000000000e+00	2.2467833114080527e+12
1.2130038301360601e-02	0.0000000000000000e+00	2.2467834607093882e+12
1.2147491593880500e-02	0.0000000000000000e+00	2.2467838168192266e+12
1.2164944886400500e-02	0.0000000000000000e+00	2.2467843699558374e+12
1.2182398178920400e-02	0.0000000000000000e+00	2.2467851051359243e+12
1.2199851471440400e-02	0.0000000000000000e+00	2.2467860024191787e+12
1.2217304763960300e-02	0.0000000000000000e+00	2.2467870379567856e+12
1.2234758056480201e-02	0.0000000000000000e+00	2.2467879125525942e+12
1.2252211349000199e-02	0.0000000000000000e+00	2.2467879962925215e+12
1.2269664641520101e-02	0.0000000000000000e+00	2.2467881644293794e+12
1.2287117934040101e-02	0.0000000000000000e+00	2.2467884140597021e+12
1.2304571226560000e-02	0.0000000000000000e+00	2.2467887406331802e+12
1.2322024519080000e-02	0.0000000000000000e+00	2.2467887489686299e+12
1.2339477811599900e-02	0.0000000000000000e+00	2.2467875869731621e+12
1.2356931104119900e-02	0.0000000000000000e+00	2.2467865273799204e+12
1.2374384396639800e-02	0.0000000000000000e+00	2.2467855948218550e+12
1.2391837689159701e-02	0.0000000000000000e+00	2.2467848107009292e+12
1.2409290981679699e-02	0.0000000000000000e+00	2.2467841927544746e+12
1.2426744274199601e-02	0.0000000000000000e+00	2.2467837547317139e+12
1.2444197566719601e-02	0.0000000000000000e+00	2.2467835062195103e+12
1.2461650859239500e-02	0.0000000000000000e+00	2.2467834525123647e+12
1.2479104151759500e-02	0.0000000000000000e+00	2.2467835945320654e+12
1.2496557444279400e-02	0.0000000000000000e+00	2.2467839288535635e+12
1.2514010736799299e-02	0.0000000000000000e+00	2.2467844479122388e+12
1.2531464029319300e-02	0.0000000000000000e+00	2.2467851399576025e+12
1.2548917321839201e-02	0.0000000000000000e+00	2.2467859894644917e+12
1.2566370614359199e-02	0.0000000000000000e+00	2.2467869771366938e+12
1.2583823906879101e-02	0.0000000000000000e+00	2.2186269056892471e+12
1.2601277199399101e-02	0.0000000000000000e+00	2.1830393668595894e+12
1.2618730491919000e-02	0.0000000000000000e+00	2.1625687763577559e+12
1.2636183784438900e-02	0.0000000000000000e+00	2.1925878435571902e+12
1.2653637076958900e-02	0.0000000000000000e+00	2.2487182894467837e+12
1.2671090369478799e-02	0.0000000000000000e+00	2.2479797978179092e+12
1.2688543661998800e-02	0.0000000000000000e+00	2.2371187709921333e+12
1.2705996954518701e-02	0.0000000000000000e+00	2.2398904803527222e+12
1.2723450247038699e-02	0.0000000000000000e+00	2.2699304263574263e+12
1.2740903539558601e-02	0.0000000000000000e+00	2.2628968217999624e+12
1.2758356832078500e-02	0.0000000000000000e+00	2.1984629382733379e+12
1.2775810124598500e-02	0.0000000000000000e+00	2.1511530735546294e+12
1.2793263417118400e-02	0.0000000000000000e+00	2.1795795343518079e+12
1.2810716709638400e-02	0.0000000000000000e+00	2.2750280470073545e+12
1.2828170002158299e-02	0.0000000000000000e+00	2.3811765790800996e+12
1.2845623294678300e-02	0.0000000000000000e+00	2.8467141197013613e+12
1.2863076587198201e-02	0.0000000000000000e+00	2.7896528907065962e+12
1.2880529879718199e-02	0.0000000000000000e+00	2.7683951882989141e+12
1.2897983172238101e-02	0.0000000000000000e+00	2.7579223911514624e+12
1.2915436464758000e-02	0.0000000000000000e+00	2.7519681944987808e+12
1.2932889757278000e-02	0.0000000000000000e+00	2.7425115208911924e+12
1.2950343049797900e-02	0.0000000000000000e+00	2.4781491929769082e+12
1.2967796342317900e-02	0.0000000000000000e+00	2.2799687694967065e+12
1.2985249634837799e-02	0.0000000000000000e+00	2.2865057212261436e+12
1.3002702927357800e-02	0.0000000000000000e+00	2.3127601957952446e+12
1.3020156219877701e-02	0.0000000000000000e+00	2.8196016076118271e+12
1.3037609512397600e-02	0.0000000000000000e+00	2.7450971388255166e+12
1.3055062804917601e-02	0.0000000000000000e+00	2.7594745746993872e+12
1.3072516097437500e-02	0.0000000000000000e+00	2.7972508868715796e+12
1.3089969389957500e-02	0.0000000000000000e+00	2.8190300915372095e+12
1.3107422682477400e-02	0.0000000000000000e+00	2.8573309671400469e+12
1.3124875974997400e-02	0.0000000000000000e+00	2.9626708668163760e+12
1.3142329267517299e-02	0.0000000000000000e+00	2.4440910137792568e+12
1.3159782560037201e-02	0.0000000000000000e+00	1.8885457103511990e+12
1.3177235852557199e-02	0.0000000000000000e+00	1.9078966664747461e+12
1.3194689145077100e-02	0.0000000000000000e+00	2.1993142766710200e+12
1.3212142437597101e-02	0.0000000000000000e+00	2.2749452478984380e+12
1.3229595730117000e-02	0.0000000000000000e+00	2.2000321915551040e+12
1.3247049022637000e-02	0.0000000000000000e+00	2.1957951714732725e+12
1.3264502315156900e-02	0.0000000000000000e+00	1.9161248495195559e+12
1.3281955607676799e-02	0.0000000000000000e+00	2.9599259889556826e+12
1.3299408900196799e-02	0.0000000000000000e+00	3.1212655403833740e+12
1.3316862192716701e-02	0.0000000000000000e+00	3.2099600044728813e+12
1.3334315485236699e-02	0.0000000000000000e+00	3.2783198560557568e+12
1.3351768777756600e-02	0.0000000000000000e+00	3.4169174293587896e+12
1.3369222070276601e-02	0.0000000000000000e+00	3.5298719629988062e+12
1.3386675362796500e-02	0.0000000000000000e+00	3.6239799779722383e+12
1.3404128655316400e-02	0.0000000000000000e+00	3.7072368617031665e+12
1.3421581947836400e-02	0.0000000000000000e+00	3.7331650973530610e+12
1.3439035240356299e-02	0.0000000000000000e+00	3.7170106861069868e+12
1.3456488532876299e-02	0.0000000000000000e+00	3.6850754261041670e+12
1.3473941825396201e-02	0.0000000000000000e+00	3.6051134785943540e+12
1.3491395117916199e-02	0.0000000000000000e+00	3.5078254774292896e+12
1.3508848410436100e-02	0.0000000000000000e+00	2.1399383710787327e+12
1.3526301702956101e-02	0.0000000000000000e+00	2.1995473964995293e+12
1.3543754995476000e-02	0.0000000000000000e+00	2.2133478077648926e+12
1.3561208287995900e-02	0.0000000000000000e+00	2.2133483609035693e+12
1.3578661580515900e-02	0.0000000000000000e+00	2.2133490960743813e+12
1.3596114873035799e-02	0.0000000000000000e+00	2.2133499933718945e+12
1.3613568165555799e-02	0.0000000000000000e+00	2.2133510289093643e+12
1.3631021458075701e-02	0.0000000000000000e+00	2.2133519034176460e+12
1.3648474750595699e-02	0.0000000000000000e+00	2.1928086503282996e+12
1.3665928043115600e-02	0.0000000000000000e+00	2.1928088184649875e+12
1.3683381335635500e-02	0.0000000000000000e+00	2.2655299296271201e+12
1.3700834628155500e-02	0.0000000000000000e+00	2.2839151610002012e+12
1.3718287920675400e-02	0.0000000000000000e+00	2.3020836214941914e+12
1.3735741213195400e-02	0.0000000000000000e+00	2.3200558451291899e+12
1.3753194505715299e-02	0.0000000000000000e+00	2.3378527599059468e+12
1.3770647798235299e-02	0.0000000000000000e+00	2.3551393087781431e+12
1.3788101090755201e-02	0.0000000000000000e+00	2.3721188707024526e+12
1.3805554383275100e-02	0.0000000000000000e+00	2.2764960612920952e+12
1.3823007675795100e-02	0.0000000000000000e+00	2.2764956232743975e+12
1.3840460968315000e-02	0.0000000000000000e+00	2.2764953747651230e+12
1.3857914260835000e-02	0.0000000000000000e+00	2.2764953210601973e+12
1.3875367553354900e-02	0.0000000000000000e+00	2.2764954630874775e+12
1.3892820845874900e-02	0.0000000000000000e+00	2.2764957974079854e+12
1.3910274138394799e-02	0.0000000000000000e+00	2.2764963164703252e+12
1.3927727430914701e-02	0.0000000000000000e+00	2.2764970085181084e+12
1.3945180723434701e-02	0.0000000000000000e+00	2.2764978580282168e+12
1.3962634015954600e-02	0.0000000000000000e+00	2.2764988457126538e+12
1.3980087308474600e-02	0.0000000000000000e+00	2.2127680985156152e+12
1.3997540600994500e-02	0.0000000000000000e+00	2.2353337459460259e+12
1.4014993893514500e-02	0.0000000000000000e+00	2.2809881980914717e+12
1.4032447186034400e-02	0.0000000000000000e+00	2.2521095288743896e+12
1.4049900478554400e-02	0.0000000000000000e+00	2.2642128295565879e+12
1.4067353771074299e-02	0.0000000000000000e+00	2.3674561138161030e+12
1.4084807063594201e-02	0.0000000000000000e+00	2.4319962508535610e+12
1.4102260356114201e-02	0.0000000000000000e+00	2.4313530706543896e+12
1.4119713648634100e-02	0.0000000000000000e+00	2.3234864521064902e+12
1.4137166941154100e-02	0.0000000000000000e+00	2.2745026407013911e+12
1.4154620233674000e-02	0.0000000000000000e+00	2.4483463296877446e+12
1.4172073526194000e-02	0.0000000000000000e+00	2.5286078996548677e+12
1.4189526818713900e-02	0.0000000000000000e+00	2.5428435307453667e+12
1.4206980111233799e-02	0.0000000000000000e+00	2.4884424858272930e+12
1.4224433403753799e-02	0.0000000000000000e+00	2.3555841229028721e+12
1.4241886696273701e-02	0.0000000000000000e+00	2.2133421423409717e+12
1.4259339988793701e-02	0.0000000000000000e+00	2.2259880290689883e+12
1.4276793281313600e-02	0.0000000000000000e+00	2.3774012193989307e+12
1.4294246573833600e-02	0.0000000000000000e+00	2.4059904826717261e+12
1.4311699866353500e-02	0.0000000000000000e+00	2.3221753650915859e+12
1.4329153158873400e-02	0.0000000000000000e+00	2.2280959363235728e+12
1.4346606451393400e-02	0.0000000000000000e+00	2.2240993739263423e+12
1.4364059743913299e-02	0.0000000000000000e+00	2.4006524928400117e+12
1.4381513036433299e-02	0.0000000000000000e+00	2.5000998756092744e+12
1.4398966328953201e-02	0.0000000000000000e+00	2.5425463422476729e+12
1.4416419621473201e-02	0.0000000000000000e+00	2.9631145934270024e+12
1.4433872913993100e-02	0.0000000000000000e+00	2.9809422788937642e+12
1.4451326206513000e-02	0.0000000000000000e+00	3.0341897976290293e+12
1.4468779499033000e-02	0.0000000000000000e+00	2.5384992672977051e+12
1.4486232791552900e-02	0.0000000000000000e+00	2.5187525985643467e+12
1.4503686084072900e-02	0.0000000000000000e+00	2.5350459056405986e+12
1.4521139376592799e-02	0.0000000000000000e+00	2.5826810686312422e+12
1.4538592669112799e-02	0.0000000000000000e+00	2.6372152953110098e+12
1.4556045961632701e-02	0.0000000000000000e+00	3.0525583223988394e+12
1.4573499254152701e-02	0.0000000000000000e+00	3.0289839995250469e+12
1.4590952546672600e-02	0.0000000000000000e+00	2.9153715848077915e+12
1.4608405839192500e-02	0.0000000000000000e+00	2.8819625752997808e+12
1.4625859131712500e-02	0.0000000000000000e+00	2.8634096751520654e+12
1.4643312424232400e-02	0.0000000000000000e+00	2.9443042694291323e+12
1.4660765716752400e-02	0.0000000000000000e+00	2.9815931801494238e+12
1.4678219009272299e-02	0.0000000000000000e+00	2.8370236502959761e+12
1.4695672301792299e-02	0.0000000000000000e+00	2.9501443547355835e+12
1.4713125594312201e-02	0.0000000000000000e+00	3.0389439238481953e+12
1.4730578886832100e-02	0.0000000000000000e+00	3.1047992257761187e+12
1.4748032179352100e-02	0.0000000000000000e+00	3.1231287263462705e+12
1.4765485471872000e-02	0.0000000000000000e+00	3.1282242865860859e+12
1.4782938764392000e-02	0.0000000000000000e+00	3.1176791530665063e+12
1.4800392056911900e-02	0.0000000000000000e+00	3.0859744361128140e+12
1.4817845349431900e-02	0.0000000000000000e+00	3.0214188433843354e+12
1.4835298641951799e-02	0.0000000000000000e+00	2.8894299025647778e+12
1.4852751934471701e-02	0.0000000000000000e+00	2.6919530502096973e+12
1.4870205226991701e-02	0.0000000000000000e+00	2.5747927191205850e+12
1.4887658519511600e-02	0.0000000000000000e+00	2.4516611737737554e+12
1.4905111812031600e-02	0.0000000000000000e+00	2.3380095789998525e+12
1.4922565104551500e-02	0.0000000000000000e+00	2.2086764990123145e+12
1.4940018397071500e-02	0.0000000000000000e+00	2.2064796856993691e+12
1.4957471689591400e-02	0.0000000000000000e+00	2.2042868466334419e+12
1.4974924982111301e-02	0.0000000000000000e+00	2.2020979538256602e+12
1.4992378274631299e-02	0.0000000000000000e+00	2.1999129744901699e+12
1.5009831567151201e-02	0.0000000000000000e+00	2.1977318719849529e+12
1.5027284859671201e-02	0.0000000000000000e+00	2.1955543343106895e+12
1.5044738152191100e-02	0.0000000000000000e+00	2.1933797191713118e+12
1.5062191444711100e-02	0.0000000000000000e+00	2.1912088892187517e+12
1.5079644737231000e-02	0.0000000000000000e+00	2.1890418289861230e+12
1.5097098029750899e-02	0.0000000000000000e+00	2.1868785212435093e+12
1.5114551322270900e-02	0.0000000000000000e+00	2.1847185581923125e+12
1.5132004614790801e-02	0.0000000000000000e+00	2.1825610753324658e+12
1.5149457907310799e-02	0.0000000000000000e+00	2.1804073329135522e+12
1.5166911199830701e-02	0.0000000000000000e+00	2.1782573433427378e+12
1.5184364492350701e-02	0.0000000000000000e+00	2.1761111159948044e+12
1.5201817784870600e-02	0.0000000000000000e+00	2.1739686566805854e+12
1.5219271077390600e-02	0.0000000000000000e+00	2.1718299671836746e+12
1.5236724369910500e-02	0.0000000000000000e+00	2.1696950450421494e+12
1.5254177662430399e-02	0.0000000000000000e+00	2.1675638835161479e+12
1.5271630954950400e-02	0.0000000000000000e+00	2.1654364715795305e+12
1.5289084247470301e-02	0.0000000000000000e+00	2.1633127937647244e+12
1.5306537539990299e-02	0.0000000000000000e+00	2.1611928306279155e+12
1.5323990832510201e-02	0.0000000000000000e+00	2.1590765587578000e+12
1.5341444125030201e-02	0.0000000000000000e+00	2.1569639509307419e+12
1.5358897417550100e-02	0.0000000000000000e+00	2.1548549762154048e+12
1.5376350710070000e-02	0.0000000000000000e+00	2.1188470286913008e+12
1.5393804002590000e-02	0.0000000000000000e+00	2.0850312660135947e+12
1.5411257295109899e-02	0.0000000000000000e+00	2.0664559450779863e+12
1.5428710587629900e-02	0.0000000000000000e+00	2.0733270765551936e+12
1.5446163880149801e-02	0.0000000000000000e+00	2.0916134112030930e+12
1.5463617172669799e-02	0.0000000000000000e+00	2.1029135996374336e+12
1.5481070465189701e-02	0.0000000000000000e+00	2.0968881895356868e+12
1.5498523757709600e-02	0.0000000000000000e+00	2.0689913970073279e+12
1.5515977050229600e-02	0.0000000000000000e+00	2.0236057586489485e+12
1.5533430342749500e-02	0.0000000000000000e+00	1.9988482796912607e+12
1.5550883635269500e-02	0.0000000000000000e+00	1.9989081266559019e+12
1.5568336927789399e-02	0.0000000000000000e+00	2.0042630190266072e+12
1.5585790220309400e-02	0.0000000000000000e+00	2.0482602687442532e+12
1.5603243512829299e-02	0.0000000000000000e+00	2.0854717183848555e+12
1.5620696805349200e-02	0.0000000000000000e+00	2.1070848449459912e+12
1.5638150097869199e-02	0.0000000000000000e+00	2.1070122775778420e+12
1.5655603390389100e-02	0.0000000000000000e+00	2.0869568355127314e+12
1.5673056682909099e-02	0.0000000000000000e+00	2.0542893016179868e+12
1.5690509975429000e-02	0.0000000000000000e+00	2.0224880351281287e+12
1.5707963267949002e-02	0.0000000000000000e+00	2.0128927457077058e+12
1.5725416560468899e-02	0.0000000000000000e+00	2.0480233794849736e+12
1.5742869852988801e-02	0.0000000000000000e+00	2.1559336826131626e+12
1.5760323145508799e-02	0.0000000000000000e+00	2.1556524685752861e+12
1.5777776438028700e-02	0.0000000000000000e+00	2.1862430302377727e+12
1.5795229730548699e-02	0.0000000000000000e+00	2.2029845894662896e+12
1.5812683023068600e-02	0.0000000000000000e+00	2.2052565755762510e+12
1.5830136315588599e-02	0.0000000000000000e+00	2.2006386891729575e+12
1.5847589608108500e-02	0.0000000000000000e+00	2.2461309703068833e+12
1.5865042900628502e-02	0.0000000000000000e+00	2.2523050371834302e+12
1.5882496193148399e-02	0.0000000000000000e+00	2.2288471112882974e+12
1.5899949485668301e-02	0.0000000000000000e+00	2.2529620096089253e+12
1.5917402778188299e-02	0.0000000000000000e+00	2.2792909199441851e+12
1.5934856070708200e-02	0.0000000000000000e+00	2.2968616825398589e+12
1.5952309363228199e-02	0.0000000000000000e+00	2.3178190393850752e+12
1.5969762655748100e-02	0.0000000000000000e+00	2.3130465697289463e+12
1.5987215948268099e-02	0.0000000000000000e+00	2.2963531136500010e+12
1.6004669240788000e-02	0.0000000000000000e+00	2.2755037734563877e+12
1.6022122533307901e-02	0.0000000000000000e+00	2.2682584674348345e+12
1.6039575825827899e-02	0.0000000000000000e+00	2.2733534213170273e+12
1.6057029118347801e-02	0.0000000000000000e+00	2.2871910296444756e+12
1.6074482410867799e-02	0.0000000000000000e+00	2.5838164244501694e+12
1.6091935703387700e-02	0.0000000000000000e+00	2.7013236366998696e+12
1.6109388995907699e-02	0.0000000000000000e+00	2.7381804100433232e+12
1.6126842288427600e-02	0.0000000000000000e+00	2.7523102555911899e+12
1.6144295580947501e-02	0.0000000000000000e+00	2.8561418665873613e+12
1.6161748873467500e-02	0.0000000000000000e+00	2.9810083473059722e+12
1.6179202165987401e-02	0.0000000000000000e+00	3.0882085949793784e+12
1.6196655458507399e-02	0.0000000000000000e+00	3.1609098650290693e+12
1.6214108751027301e-02	0.0000000000000000e+00	3.2106052106780669e+12
1.6231562043547299e-02	0.0000000000000000e+00	3.2553094425298452e+12
1.6249015336067200e-02	0.0000000000000000e+00	3.2590882822759639e+12
1.6266468628587199e-02	0.0000000000000000e+00	3.1680722687694160e+12
1.6283921921107100e-02	0.0000000000000000e+00	2.1604855865038796e+12
1.6301375213627001e-02	0.0000000000000000e+00	2.1604855249144734e+12
1.6318828506147000e-02	0.0000000000000000e+00	2.1604856742153787e+12
1.6336281798666901e-02	0.0000000000000000e+00	2.1604860303300447e+12
1.6353735091186899e-02	0.0000000000000000e+00	2.1604865834699707e+12
1.6371188383706801e-02	0.0000000000000000e+00	2.2029733468701709e+12
1.6388641676226799e-02	0.0000000000000000e+00	2.2074534952590601e+12
1.6406094968746700e-02	0.0000000000000000e+00	2.2074545307985444e+12
1.6423548261266602e-02	0.0000000000000000e+00	2.2074554053067041e+12
1.6441001553786600e-02	0.0000000000000000e+00	2.2074554890461934e+12
1.6458454846306501e-02	0.0000000000000000e+00	2.2074556571826343e+12
1.6475908138826500e-02	0.0000000000000000e+00	2.2074559068124482e+12
1.6493361431346401e-02	0.0000000000000000e+00	2.2074562333855576e+12
1.6510814723866400e-02	0.0000000000000000e+00	2.2074562416856299e+12
1.6528268016386301e-02	0.0000000000000000e+00	2.2074550796908672e+12
1.6545721308906199e-02	0.0000000000000000e+00	2.2074540200981602e+12
1.6563174601426200e-02	0.0000000000000000e+00	2.2074530875406904e+12
1.6580627893946102e-02	0.0000000000000000e+00	2.2074523034221567e+12
1.6598081186466100e-02	0.0000000000000000e+00	2.2074516854772173e+12
1.6615534478986001e-02	0.0000000000000000e+00	2.2074512474551836e+12
1.6632987771506000e-02	0.0000000000000000e+00	2.2543900591945400e+12
1.6650441064025901e-02	0.0000000000000000e+00	2.2543900055045586e+12
1.6667894356545799e-02	0.0000000000000000e+00	2.2543901474958794e+12
1.6685347649065801e-02	0.0000000000000000e+00	2.2543904818442681e+12
1.6702800941585699e-02	0.0000000000000000e+00	2.5041298651980967e+12
1.6720254234105700e-02	0.0000000000000000e+00	2.5528177896153228e+12
1.6737707526625598e-02	0.0000000000000000e+00	2.5377380120826250e+12
1.6755160819145600e-02	0.0000000000000000e+00	2.5214131370054487e+12
1.6772614111665501e-02	0.0000000000000000e+00	3.4166482368685923e+12
1.6790067404185399e-02	0.0000000000000000e+00	3.8108765047234819e+12
1.6807520696705401e-02	0.0000000000000000e+00	3.9739698962912109e+12
1.6824973989225299e-02	0.0000000000000000e+00	3.8560957668425405e+12
1.6842427281745301e-02	0.0000000000000000e+00	2.6802678150491895e+12
1.6859880574265199e-02	0.0000000000000000e+00	2.3902940054961846e+12
1.6877333866785200e-02	0.0000000000000000e+00	2.1359470694459436e+12
1.6894787159305098e-02	0.0000000000000000e+00	2.1359459667670876e+12
1.6912240451825100e-02	0.0000000000000000e+00	2.1359449863230186e+12
1.6929693744345001e-02	0.0000000000000000e+00	2.1359441542075034e+12
1.6947147036864899e-02	0.0000000000000000e+00	2.1359434928705317e+12
1.6964600329384901e-02	0.0000000000000000e+00	2.1359430203088455e+12
1.6982053621904799e-02	0.0000000000000000e+00	2.1359427494992312e+12
1.6999506914424801e-02	0.0000000000000000e+00	2.1359426879144329e+12
1.7016960206944699e-02	0.0000000000000000e+00	2.1359428372232244e+12
1.7034413499464700e-02	0.0000000000000000e+00	2.1359431933282947e+12
1.7051866791984598e-02	0.0000000000000000e+00	2.1359437464717729e+12
1.7069320084504500e-02	0.0000000000000000e+00	2.1359444816120320e+12
1.7086773377024501e-02	0.0000000000000000e+00	2.1359453789567607e+12
1.7104226669544399e-02	0.0000000000000000e+00	2.1401990390936250e+12
1.7121679962064401e-02	0.0000000000000000e+00	2.1682783393509778e+12
1.7139133254584299e-02	0.0000000000000000e+00	2.2133519871593174e+12
1.7156586547104301e-02	0.0000000000000000e+00	2.2133521552971875e+12
1.7174039839624199e-02	0.0000000000000000e+00	2.2133524049264873e+12
1.7191493132144100e-02	0.0000000000000000e+00	2.2133527315014849e+12
1.7208946424664098e-02	0.0000000000000000e+00	2.2133527398002158e+12
1.7226399717184000e-02	0.0000000000000000e+00	2.2133515778140962e+12
1.7243853009704001e-02	0.0000000000000000e+00	2.2133505182113320e+12
1.7261306302223899e-02	0.0000000000000000e+00	2.2133495856600522e+12
1.7278759594743901e-02	0.0000000000000000e+00	2.2133488015410288e+12
1.7296212887263799e-02	0.0000000000000000e+00	2.2133481835938379e+12
1.7313666179783700e-02	0.0000000000000000e+00	2.2133477455695537e+12
1.7331119472303699e-02	0.0000000000000000e+00	2.2133474970763760e+12
1.7348572764823600e-02	0.0000000000000000e+00	2.2133474433656016e+12
1.7366026057343598e-02	0.0000000000000000e+00	2.2425169464010703e+12
1.7383479349863500e-02	0.0000000000000000e+00	2.2764957973989854e+12
1.7400932642383501e-02	0.0000000000000000e+00	2.2764963164478213e+12
1.7418385934903399e-02	0.0000000000000000e+00	2.2764970085328843e+12
1.7435839227423401e-02	0.0000000000000000e+00	2.2764978579752012e+12
1.7453292519943299e-02	0.0000000000000000e+00	2.2764988456580054e+12
1.7470745812463200e-02	0.0000000000000000e+00	2.2479607435658481e+12
1.7488199104983199e-02	0.0000000000000000e+00	2.2177624779164219e+12
1.7505652397503100e-02	0.0000000000000000e+00	2.1883944370748882e+12
1.7523105690023098e-02	0.0000000000000000e+00	2.1662730778903967e+12
1.7540558982543000e-02	0.0000000000000000e+00	2.1621194718576453e+12
1.7558012275063001e-02	0.0000000000000000e+00	2.1828004807664885e+12
1.7575465567582899e-02	0.0000000000000000e+00	2.2197251735872954e+12
1.7592918860102801e-02	0.0000000000000000e+00	2.2537891071250942e+12
1.7610372152622799e-02	0.0000000000000000e+00	2.2709513850781655e+12
1.7627825445142700e-02	0.0000000000000000e+00	2.2701201630597632e+12
1.7645278737662699e-02	0.0000000000000000e+00	2.2662505888006445e+12
1.7662732030182600e-02	0.0000000000000000e+00	2.2520846495157046e+12
1.7680185322702598e-02	0.0000000000000000e+00	2.2472521208596450e+12
1.7697638615222500e-02	0.0000000000000000e+00	2.2419788576537065e+12
1.7715091907742401e-02	0.0000000000000000e+00	2.2173552901940088e+12
1.7732545200262399e-02	0.0000000000000000e+00	2.1861469572062285e+12
1.7749998492782301e-02	0.0000000000000000e+00	2.1828930711575359e+12
1.7767451785302299e-02	0.0000000000000000e+00	2.1978469008945476e+12
1.7784905077822200e-02	0.0000000000000000e+00	2.2074725812604429e+12
1.7802358370342199e-02	0.0000000000000000e+00	2.2340429671859517e+12
1.7819811662862100e-02	0.0000000000000000e+00	2.2625407253013872e+12
1.7837264955382001e-02	0.0000000000000000e+00	2.2764998648406577e+12
1.7854718247902000e-02	0.0000000000000000e+00	2.2083809417302109e+12
1.7872171540421901e-02	0.0000000000000000e+00	2.2734614244445098e+12
1.7889624832941899e-02	0.0000000000000000e+00	2.3483271488385264e+12
1.7907078125461801e-02	0.0000000000000000e+00	2.4009249633207646e+12
1.7924531417981799e-02	0.0000000000000000e+00	2.4195423883502744e+12
1.7941984710501700e-02	0.0000000000000000e+00	2.3959364328399082e+12
1.7959438003021699e-02	0.0000000000000000e+00	2.3661498398625615e+12
1.7976891295541600e-02	0.0000000000000000e+00	2.3086896722322656e+12
1.7994344588061501e-02	0.0000000000000000e+00	2.2230321429167700e+12
1.8011797880581500e-02	0.0000000000000000e+00	2.1855028304024526e+12
1.8029251173101401e-02	0.0000000000000000e+00	2.2407288751970229e+12
1.8046704465621399e-02	0.0000000000000000e+00	2.2818796828748579e+12
1.8064157758141301e-02	0.0000000000000000e+00	2.3202325377760044e+12
1.8081611050661299e-02	0.0000000000000000e+00	2.3250349482090332e+12
1.8099064343181200e-02	0.0000000000000000e+00	2.2960888906154546e+12
1.8116517635701102e-02	0.0000000000000000e+00	2.2315337501279663e+12
1.8133970928221100e-02	0.0000000000000000e+00	2.1554355811745898e+12
1.8151424220741001e-02	0.0000000000000000e+00	2.1967750102972317e+12
1.8168877513261000e-02	0.0000000000000000e+00	2.2799304378235513e+12
1.8186330805780901e-02	0.0000000000000000e+00	2.3839981335345640e+12
1.8203784098300899e-02	0.0000000000000000e+00	2.4541071521968037e+12
1.8221237390820801e-02	0.0000000000000000e+00	2.4905686610374614e+12
1.8238690683340698e-02	0.0000000000000000e+00	2.4757329081774634e+12
1.8256143975860700e-02	0.0000000000000000e+00	2.4098452767197417e+12
1.8273597268380602e-02	0.0000000000000000e+00	2.3542268629017476e+12
1.8291050560900600e-02	0.0000000000000000e+00	2.3641243672575840e+12
1.8308503853420501e-02	0.0000000000000000e+00	2.4205627117791592e+12
1.8325957145940500e-02	0.0000000000000000e+00	2.4906685850014233e+12
1.8343410438460401e-02	0.0000000000000000e+00	2.5530619673407896e+12
1.8360863730980299e-02	0.0000000000000000e+00	2.5823713608783940e+12
1.8378317023500301e-02	0.0000000000000000e+00	2.5507353034036401e+12
1.8395770316020198e-02	0.0000000000000000e+00	2.4440308691710283e+12
1.8413223608540200e-02	0.0000000000000000e+00	2.2799265532675034e+12
1.8430676901060102e-02	0.0000000000000000e+00	2.1848145031677454e+12
1.8448130193580100e-02	0.0000000000000000e+00	2.2609906086266040e+12
1.8465583486100001e-02	0.0000000000000000e+00	2.4437638950781382e+12
1.8483036778619899e-02	0.0000000000000000e+00	2.5878296486921006e+12
1.8500490071139901e-02	0.0000000000000000e+00	2.6823249362516943e+12
1.8517943363659799e-02	0.0000000000000000e+00	2.8338934455907227e+12
1.8535396656179801e-02	0.0000000000000000e+00	2.8055926827109282e+12
1.8552849948699698e-02	0.0000000000000000e+00	2.7961343704856177e+12
1.8570303241219700e-02	0.0000000000000000e+00	2.4299911534436680e+12
1.8587756533739602e-02	0.0000000000000000e+00	2.2872310336121167e+12
1.8605209826259600e-02	0.0000000000000000e+00	2.2805068273399526e+12
1.8622663118779501e-02	0.0000000000000000e+00	2.3504409839826738e+12
1.8640116411299399e-02	0.0000000000000000e+00	2.6449887037609829e+12
1.8657569703819401e-02	0.0000000000000000e+00	2.7372259118765542e+12
1.8675022996339299e-02	0.0000000000000000e+00	2.9540731333721646e+12
1.8692476288859301e-02	0.0000000000000000e+00	3.1034421715064751e+12
1.8709929581379198e-02	0.0000000000000000e+00	1.6608747793111689e+13
1.8727382873899200e-02	0.0000000000000000e+00	1.6249334719883209e+13
1.8744836166419102e-02	0.0000000000000000e+00	3.1340398041872114e+12
1.8762289458938999e-02	0.0000000000000000e+00	3.0302952924681514e+12
1.8779742751459001e-02	0.0000000000000000e+00	2.9014972490350059e+12
1.8797196043978899e-02	0.0000000000000000e+00	2.8187378385583931e+12
1.8814649336498901e-02	0.0000000000000000e+00	2.8188344758982017e+12
1.8832102629018799e-02	0.0000000000000000e+00	2.8061731547247393e+12
1.8849555921538801e-02	0.0000000000000000e+00	2.7812433332456748e+12
1.8867009214058698e-02	0.0000000000000000e+00	2.7838904518837681e+12
1.8884462506578600e-02	0.0000000000000000e+00	2.7864212246399980e+12
1.8901915799098602e-02	0.0000000000000000e+00	2.7884345012348535e+12
1.8919369091618499e-02	0.0000000000000000e+00	2.7889954639319370e+12
1.8936822384138501e-02	0.0000000000000000e+00	2.7872702276781494e+12
1.8954275676658399e-02	0.0000000000000000e+00	2.7841764920965898e+12
1.8971728969178401e-02	0.0000000000000000e+00	2.7824468630319727e+12
1.8989182261698299e-02	0.0000000000000000e+00	2.7848198271325322e+12
1.9006635554218200e-02	0.0000000000000000e+00	2.7688849315545010e+12
1.9024088846738198e-02	0.0000000000000000e+00	2.7686735926213320e+12
1.9041542139258100e-02	0.0000000000000000e+00	2.7791251198493276e+12
1.9058995431778102e-02	0.0000000000000000e+00	2.5638903920706108e+12
1.9076448724297999e-02	0.0000000000000000e+00	2.6031612196706318e+12
1.9093902016818001e-02	0.0000000000000000e+00	2.2413653678828257e+12
1.9111355309337899e-02	0.0000000000000000e+00	2.2195718844853682e+12
1.9128808601857800e-02	0.0000000000000000e+00	2.2417753193148652e+12
1.9146261894377799e-02	0.0000000000000000e+00	2.3150946194531240e+12
1.9163715186897700e-02	0.0000000000000000e+00	2.3434499204123315e+12
1.9181168479417698e-02	0.0000000000000000e+00	2.3028613158159600e+12
1.9198621771937600e-02	0.0000000000000000e+00	2.2053760371240298e+12
1.9216075064457602e-02	0.0000000000000000e+00	2.0615591290131172e+12
1.9233528356977499e-02	0.0000000000000000e+00	2.0269856991963047e+12
1.9250981649497501e-02	0.0000000000000000e+00	2.0417989054489507e+12
1.9268434942017399e-02	0.0000000000000000e+00	2.0494431703466428e+12
1.9285888234537300e-02	0.0000000000000000e+00	2.0506569398907830e+12
1.9303341527057299e-02	0.0000000000000000e+00	2.0479183957122947e+12
1.9320794819577200e-02	0.0000000000000000e+00	2.0447075789642075e+12
1.9338248112097198e-02	0.0000000000000000e+00	2.0409463286718135e+12
1.9355701404617100e-02	0.0000000000000000e+00	2.2346490841809033e+12
1.9373154697137102e-02	0.0000000000000000e+00	2.3141433824102563e+12
1.9390607989656999e-02	0.0000000000000000e+00	2.3381973855534634e+12
1.9408061282176901e-02	0.0000000000000000e+00	2.3209351873463589e+12
1.9425514574696899e-02	0.0000000000000000e+00	2.2563553687173525e+12
1.9442967867216800e-02	0.0000000000000000e+00	2.1109882486514568e+12
1.9460421159736799e-02	0.0000000000000000e+00	2.0302420223900911e+12
1.9477874452256700e-02	0.0000000000000000e+00	2.0825137017714722e+12
1.9495327744776698e-02	0.0000000000000000e+00	2.1229471805355872e+12
1.9512781037296600e-02	0.0000000000000000e+00	2.1504243864018528e+12
1.9530234329816501e-02	0.0000000000000000e+00	2.1684314493985559e+12
1.9547687622336499e-02	0.0000000000000000e+00	2.1808323446905649e+12
1.9565140914856401e-02	0.0000000000000000e+00	2.1811382302642371e+12
1.9582594207376399e-02	0.0000000000000000e+00	2.1811383341120984e+12
1.9600047499896300e-02	0.0000000000000000e+00	2.1811385358940498e+12
1.9617500792416299e-02	0.0000000000000000e+00	2.1811388294100366e+12
1.9634954084936200e-02	0.0000000000000000e+00	2.1564722610675017e+12
1.9652407377456101e-02	0.0000000000000000e+00	2.1564724195235354e+12
1.9669860669976100e-02	0.0000000000000000e+00	2.1564712234927546e+12
1.9687313962496001e-02	0.0000000000000000e+00	2.1564701208162590e+12
1.9704767255015999e-02	0.0000000000000000e+00	2.1811360851273433e+12
1.9722220547535901e-02	0.0000000000000000e+00	2.1811352530197495e+12
1.9739673840055899e-02	0.0000000000000000e+00	2.1811345916753318e+12
1.9757127132575800e-02	0.0000000000000000e+00	2.1811341191183210e+12
1.9774580425095799e-02	0.0000000000000000e+00	2.1811338483081499e+12
1.9792033717615700e-02	0.0000000000000000e+00	2.1811337867185320e+12
1.9809487010135601e-02	0.0000000000000000e+00	2.1811339360255471e+12
1.9826940302655600e-02	0.0000000000000000e+00	2.1811342921342236e+12
1.9844393595175501e-02	0.0000000000000000e+00	2.1811348452737737e+12
1.9861846887695499e-02	0.0000000000000000e+00	2.1811355804410686e+12
1.9879300180215401e-02	0.0000000000000000e+00	2.1811364777510842e+12
1.9896753472735399e-02	0.0000000000000000e+00	2.1811375132895859e+12
1.9914206765255300e-02	0.0000000000000000e+00	2.1811383877927703e+12
1.9931660057775202e-02	0.0000000000000000e+00	2.1811384715325068e+12
1.9949113350295200e-02	0.0000000000000000e+00	2.1811386396685605e+12
1.9966566642815101e-02	0.0000000000000000e+00	2.1811388892991074e+12
1.9984019935335100e-02	0.0000000000000000e+00	2.1811392158736421e+12
2.0001473227855001e-02	0.0000000000000000e+00	2.1811392241761277e+12
2.0018926520374999e-02	0.0000000000000000e+00	2.1811380621837061e+12
2.0036379812894901e-02	0.0000000000000000e+00	2.1811370025841335e+12
2.0053833105414798e-02	0.0000000000000000e+00	2.1811360700314834e+12
2.0071286397934800e-02	0.0000000000000000e+00	2.1811352859107939e+12
2.0088739690454702e-02	0.0000000000000000e+00	2.1811346679639033e+12
2.0106192982974700e-02	0.0000000000000000e+00	2.1811342299453386e+12
2.0123646275494601e-02	0.0000000000000000e+00	2.1811339814366567e+12
2.0141099568014600e-02	0.0000000000000000e+00	2.1811339277249348e+12
2.0158552860534501e-02	0.0000000000000000e+00	2.1811340697585923e+12
2.0176006153054399e-02	0.0000000000000000e+00	2.1811344040654626e+12
2.0193459445574401e-02	0.0000000000000000e+00	2.1811349231340085e+12
2.0210912738094299e-02	0.0000000000000000e+00	2.1811356152182456e+12
2.0228366030614300e-02	0.0000000000000000e+00	2.1811364647016702e+12
2.0245819323134202e-02	0.0000000000000000e+00	2.1811374523816458e+12
2.0263272615654200e-02	0.0000000000000000e+00	2.1588442719721301e+12
2.0280725908174101e-02	0.0000000000000000e+00	2.1380629181460613e+12
2.0298179200694100e-02	0.0000000000000000e+00	2.1249139553354128e+12
2.0315632493214001e-02	0.0000000000000000e+00	2.1262719321448623e+12
2.0333085785733899e-02	0.0000000000000000e+00	2.1400511726363687e+12
2.0350539078253901e-02	0.0000000000000000e+00	2.1554822901653728e+12
2.0367992370773799e-02	0.0000000000000000e+00	2.1591762571277354e+12
2.0385445663293800e-02	0.0000000000000000e+00	2.1420092888980935e+12
2.0402898955813702e-02	0.0000000000000000e+00	2.1057763051754324e+12
2.0420352248333700e-02	0.0000000000000000e+00	2.0652559298985381e+12
2.0437805540853601e-02	0.0000000000000000e+00	2.0548510320274404e+12
2.0455258833373499e-02	0.0000000000000000e+00	2.0504062348940674e+12
2.0472712125893501e-02	0.0000000000000000e+00	2.0615268075425994e+12
2.0490165418413399e-02	0.0000000000000000e+00	2.1106506338941448e+12
2.0507618710933401e-02	0.0000000000000000e+00	2.1610151060975271e+12
2.0525072003453299e-02	0.0000000000000000e+00	2.1878601734801230e+12
2.0542525295973300e-02	0.0000000000000000e+00	2.1887156574461086e+12
2.0559978588493202e-02	0.0000000000000000e+00	2.1860180674299370e+12
2.0577431881013099e-02	0.0000000000000000e+00	2.1680117462962112e+12
2.0594885173533101e-02	0.0000000000000000e+00	2.1378720538821707e+12
2.0612338466052999e-02	0.0000000000000000e+00	2.1311746004261555e+12
2.0629791758573001e-02	0.0000000000000000e+00	2.1393153627371702e+12
2.0647245051092899e-02	0.0000000000000000e+00	2.1668771430193342e+12
2.0664698343612901e-02	0.0000000000000000e+00	2.1962918658086963e+12
2.0682151636132799e-02	0.0000000000000000e+00	2.1997797621427622e+12
2.0699604928652700e-02	0.0000000000000000e+00	2.2018699325660171e+12
2.0717058221172702e-02	0.0000000000000000e+00	2.2026747586850171e+12
2.0734511513692599e-02	0.0000000000000000e+00	2.2009060665793169e+12
2.0751964806212601e-02	0.0000000000000000e+00	2.1947913365033477e+12
2.0769418098732499e-02	0.0000000000000000e+00	2.1307227840584436e+12
2.0786871391252501e-02	0.0000000000000000e+00	2.1350986046967053e+12
2.0804324683772399e-02	0.0000000000000000e+00	1.9990797869590283e+12
2.0821777976292300e-02	0.0000000000000000e+00	1.9439808211786807e+12
2.0839231268812299e-02	0.0000000000000000e+00	2.0106256462176682e+12
2.0856684561332200e-02	0.0000000000000000e+00	2.1330464797206968e+12
2.0874137853852202e-02	0.0000000000000000e+00	2.1393112952842698e+12
2.0891591146372099e-02	0.0000000000000000e+00	2.1393118143458848e+12
2.0909044438892101e-02	0.0000000000000000e+00	2.1377832898721597e+12
2.0926497731411999e-02	0.0000000000000000e+00	2.0567792229277920e+12
2.0943951023932001e-02	0.0000000000000000e+00	1.8495271028033452e+12
