0.0000000000000000e+00	0.0000000000000000e+00	0.0000000000000000e+00
1.7453292519943300e-05	0.0000000000000000e+00	1.6038184966205016e-07
3.4906585039886600e-05	0.0000000000000000e+00	3.8435731063851675e-07
5.2359877559829903e-05	0.0000000000000000e+00	6.1128249084427266e-07
6.9813170079773199e-05	0.0000000000000000e+00	7.4836067468983525e-07
8.7266462599716496e-05	0.0000000000000000e+00	6.9495819385659297e-07
1.0471975511966000e-04	0.0000000000000000e+00	5.0027911554367810e-07
1.2217304763960301e-04	0.0000000000000000e+00	3.8377729693825358e-07
1.3962634015954599e-04	0.0000000000000000e+00	5.4675405705695290e-07
1.5707963267949001e-04	0.0000000000000000e+00	1.0718068785761647e-06
1.7453292519943299e-04	0.0000000000000000e+00	1.8760825779388923e-06
1.9198621771937600e-04	0.0000000000000000e+00	2.8225751783454711e-06
2.0943951023931999e-04	0.0000000000000000e+00	3.7242169185595919e-06
2.2689280275926300e-04	0.0000000000000000e+00	4.3385726451912465e-06
2.4434609527920601e-04	0.0000000000000000e+00	4.5763804250621709e-06
2.6179938779914903e-04	0.0000000000000000e+00	4.3995491519586982e-06
2.7925268031909301e-04	0.0000000000000000e+00	3.8944945817478982e-06
2.9670597283903603e-04	0.0000000000000000e+00	3.4238428004672306e-06
3.1415926535897898e-04	0.0000000000000000e+00	3.4495873850529102e-06
3.3161255787892303e-04	0.0000000000000000e+00	4.0940603935647746e-06
3.4906585039886598e-04	0.0000000000000000e+00	5.0233395806620340e-06
3.6651914291880900e-04	0.0000000000000000e+00	5.8928571515584616e-06
3.8397243543875201e-04	0.0000000000000000e+00	6.2314937782949331e-06
4.0142572795869599e-04	0.0000000000000000e+00	5.5836103467314657e-06
4.1887902047863901e-04	0.0000000000000000e+00	3.7628151227236950e-06
4.3633231299858202e-04	0.0000000000000000e+00	9.1221994447110433e-07
4.5378560551852601e-04	0.0000000000000000e+00	2.0207061525931436e-06
4.7123889803846902e-04	0.0000000000000000e+00	3.7826553002107133e-06
4.8869219055841203e-04	0.0000000000000000e+00	3.5545703646749915e-06
5.0614548307835602e-04	0.0000000000000000e+00	1.1194495976307728e-06
5.2359877559829903e-04	0.0000000000000000e+00	2.8806968750579032e-06
5.4105206811824204e-04	0.0000000000000000e+00	7.3225736170398625e-06
5.5850536063818505e-04	0.0000000000000000e+00	1.0726748657000074e-05
5.7595865315812904e-04	0.0000000000000000e+00	1.2039061850609850e-05
5.9341194567807205e-04	0.0000000000000000e+00	1.0996861663330193e-05
6.1086523819801496e-04	0.0000000000000000e+00	7.9434229195360362e-06
6.2831853071795905e-04	0.0000000000000000e+00	2.9673760264213589e-06
6.4577182323790196e-04	0.0000000000000000e+00	2.9268268123307239e-06
6.6322511575784497e-04	0.0000000000000000e+00	7.6968170454952411e-06
6.8067840827778798e-04	0.0000000000000000e+00	9.7417282868793309e-06
6.9813170079773197e-04	0.0000000000000000e+00	8.9190072975614543e-06
7.1558499331767498e-04	0.0000000000000000e+00	3.3227214769011859e-05
7.3303828583761799e-04	0.0000000000000000e+00	6.8318073526550671e-05
7.5049157835756198e-04	0.0000000000000000e+00	8.3502009910828290e-05
7.6794487087750499e-04	0.0000000000000000e+00	7.0306532253636145e-05
7.8539816339744800e-04	0.0000000000000000e+00	3.8597763548024744e-05
8.0285145591739199e-04	0.0000000000000000e+00	4.2394156507946645e-06
8.2030474843733500e-04	0.0000000000000000e+00	1.5665347932194984e-05
8.3775804095727801e-04	0.0000000000000000e+00	7.4861484139973622e-06
8.5521133347722102e-04	0.0000000000000000e+00	1.9743944187879808e-05
8.7266462599716501e-04	0.0000000000000000e+00	4.6325402008304956e-05
8.9011791851710802e-04	0.0000000000000000e+00	6.4250838694587808e-05
9.0757121103705104e-04	0.0000000000000000e+00	6.7794366233261960e-05
9.2502450355699502e-04	0.0000000000000000e+00	4.9222338287826378e-05
9.4247779607693804e-04	0.0000000000000000e+00	1.9594543814085291e-05
9.5993108859688105e-04	0.0000000000000000e+00	4.0150996092752633e-06
9.7738438111682406e-04	0.0000000000000000e+00	1.6705574613525703e-05
9.9483767363676805e-04	0.0000000000000000e+00	1.7382251172762958e-05
1.0122909661567101e-03	0.0000000000000000e+00	5.3582516872374697e-06
1.0297442586766500e-03	0.0000000000000000e+00	1.5973191583522339e-05
1.0471975511966000e-03	0.0000000000000000e+00	3.5608763719895825e-05
1.0646508437165401e-03	0.0000000000000000e+00	3.4700434840086170e-05
1.0821041362364800e-03	0.0000000000000000e+00	1.0668078490389671e-05
1.0995574287564300e-03	0.0000000000000000e+00	1.8544197426986764e-05
1.1170107212763701e-03	0.0000000000000000e+00	3.1375135016453032e-05
1.1344640137963100e-03	0.0000000000000000e+00	2.6122636749947858e-05
1.1519173063162600e-03	0.0000000000000000e+00	1.1937757561499701e-05
1.1693705988361999e-03	0.0000000000000000e+00	3.6460301373122950e-06
1.1868238913561400e-03	0.0000000000000000e+00	7.4084195200684044e-06
1.2042771838760900e-03	0.0000000000000000e+00	4.6779192939133685e-06
1.2217304763960299e-03	0.0000000000000000e+00	8.6908872203306231e-06
1.2391837689159700e-03	0.0000000000000000e+00	1.4671994926423321e-05
1.2566370614359201e-03	0.0000000000000000e+00	8.5606810512929565e-06
1.2740903539558599e-03	0.0000000000000000e+00	4.0568843937948545e-05
1.2915436464758000e-03	0.0000000000000000e+00	4.5449176145937603e-05
1.3089969389957501e-03	0.0000000000000000e+00	3.7197079038851083e-05
1.3264502315156899e-03	0.0000000000000000e+00	4.0929008992121596e-05
1.3439035240356300e-03	0.0000000000000000e+00	4.5958065745761723e-05
1.3613568165555801e-03	0.0000000000000000e+00	4.4447922991623645e-05
1.3788101090755199e-03	0.0000000000000000e+00	5.2179035783209149e-05
1.3962634015954600e-03	0.0000000000000000e+00	8.0755624622706051e-05
1.4137166941154101e-03	0.0000000000000000e+00	4.8770478672349044e-04
1.4311699866353500e-03	0.0000000000000000e+00	1.0549805617951213e-03
1.4486232791552900e-03	0.0000000000000000e+00	1.6176395603059099e-03
1.4660765716752401e-03	0.0000000000000000e+00	2.1591189647567968e-03
1.4835298641951800e-03	0.0000000000000000e+00	2.4911406753858993e-03
1.5009831567151201e-03	0.0000000000000000e+00	1.4627007747895909e-03
1.5184364492350699e-03	0.0000000000000000e+00	2.5030958085480795e-03
1.5358897417550100e-03	0.0000000000000000e+00	2.5042628000860982e-03
1.5533430342749501e-03	0.0000000000000000e+00	2.5023217412535985e-03
1.5707963267948999e-03	0.0000000000000000e+00	2.5002450825561996e-03
1.5882496193148400e-03	0.0000000000000000e+00	2.4980824885296980e-03
1.6057029118347801e-03	0.0000000000000000e+00	2.4958876316845992e-03
1.6231562043547299e-03	0.0000000000000000e+00	2.4937168761771968e-03
1.6406094968746700e-03	0.0000000000000000e+00	2.4916278539268977e-03
1.6580627893946101e-03	0.0000000000000000e+00	2.4896779696994970e-03
1.6755160819145599e-03	0.0000000000000000e+00	3.6554939931317948e-04
1.6929693744345000e-03	0.0000000000000000e+00	1.2347954358875868e-03
1.7104226669544401e-03	0.0000000000000000e+00	5.1859575256685622e-04
1.7278759594743899e-03	0.0000000000000000e+00	2.4843248276566997e-03
1.7453292519943300e-03	0.0000000000000000e+00	2.4838181605370997e-03
1.7627825445142699e-03	0.0000000000000000e+00	2.4837072452664997e-03
1.7802358370342200e-03	0.0000000000000000e+00	2.4840080926751967e-03
1.7976891295541600e-03	0.0000000000000000e+00	2.4847265165771973e-03
1.8151424220740999e-03	0.0000000000000000e+00	2.4858576511716975e-03
1.8325957145940500e-03	0.0000000000000000e+00	2.4873857378931996e-03
1.8500490071139900e-03	0.0000000000000000e+00	2.4892841816826980e-03
1.8675022996339299e-03	0.0000000000000000e+00	2.4915158922790975e-03
1.8849555921538800e-03	0.0000000000000000e+00	2.4940339145115981e-03
1.9024088846738201e-03	0.0000000000000000e+00	2.4967823402390968e-03
1.9198621771937599e-03	0.0000000000000000e+00	2.4996974937460982e-03
1.9373154697137100e-03	0.0000000000000000e+00	2.5027093683859976e-03
1.9547687622336499e-03	0.0000000000000000e+00	2.5057432868729988e-03
1.9722220547535902e-03	0.0000000000000000e+00	2.5087217495222969e-03
1.9896753472735400e-03	0.0000000000000000e+00	2.5115664257618978e-03
2.0071286397934799e-03	0.0000000000000000e+00	2.5142002386398001e-03
2.0245819323134202e-03	0.0000000000000000e+00	2.5165494833627976e-03
2.0420352248333700e-03	0.0000000000000000e+00	2.5185459227401973e-03
2.0594885173533099e-03	0.0000000000000000e+00	2.5201287907885978e-03
2.0769418098732502e-03	0.0000000000000000e+00	2.5212466439791976e-03
2.0943951023932000e-03	0.0000000000000000e+00	2.5218590014847060e-03
2.1118483949131399e-03	0.0000000000000000e+00	2.4780622767533976e-03
2.1293016874330802e-03	0.0000000000000000e+00	2.4785319593278975e-03
2.1467549799530201e-03	0.0000000000000000e+00	2.4795507332300987e-03
2.1642082724729699e-03	0.0000000000000000e+00	2.5188951088179999e-03
2.1816615649929102e-03	0.0000000000000000e+00	2.5168335756754999e-03
2.1991148575128501e-03	0.0000000000000000e+00	2.5143064931546985e-03
2.2165681500327999e-03	0.0000000000000000e+00	2.5113686273955972e-03
2.2340214425527402e-03	0.0000000000000000e+00	2.5080864423140982e-03
2.2514747350726801e-03	0.0000000000000000e+00	2.5045365297727967e-03
2.2689280275926299e-03	0.0000000000000000e+00	2.5008037540931970e-03
2.2863813201125698e-03	0.0000000000000000e+00	2.5030208352725992e-03
2.3038346126325101e-03	0.0000000000000000e+00	2.5068422656358003e-03
2.3212879051524599e-03	0.0000000000000000e+00	2.5105640170066980e-03
2.3387411976723998e-03	0.0000000000000000e+00	2.5140904507372983e-03
2.3561944901923401e-03	0.0000000000000000e+00	2.5173292303765984e-03
2.3736477827122899e-03	0.0000000000000000e+00	2.5201936776378976e-03
2.3911010752322298e-03	0.0000000000000000e+00	2.5226050090545980e-03
2.4085543677521701e-03	0.0000000000000000e+00	2.5244944023649005e-03
2.4260076602721200e-03	0.0000000000000000e+00	2.5258048439367985e-03
2.4434609527920598e-03	0.0000000000000000e+00	2.5264927397203978e-03
2.4609142453120001e-03	0.0000000000000000e+00	2.5265292253177987e-03
2.4783675378319500e-03	0.0000000000000000e+00	2.5259011216729986e-03
2.4958208303518898e-03	0.0000000000000000e+00	2.5246115903036007e-03
2.5132741228718301e-03	0.0000000000000000e+00	2.5226804043823985e-03
2.5307274153917800e-03	0.0000000000000000e+00	2.5201438132223981e-03
2.5481807079117198e-03	0.0000000000000000e+00	2.5170540221602991e-03
2.5656340004316601e-03	0.0000000000000000e+00	2.5134782648500997e-03
2.5830872929516100e-03	0.0000000000000000e+00	2.5094974731945975e-03
2.6005405854715499e-03	0.0000000000000000e+00	2.5052045655191979e-03
2.6179938779914902e-03	0.0000000000000000e+00	2.5007023676245979e-03
2.6354471705114400e-03	0.0000000000000000e+00	2.4961012104771987e-03
2.6529004630313799e-03	0.0000000000000000e+00	2.4915162494094992e-03
2.6703537555513202e-03	0.0000000000000000e+00	2.4870645662108982e-03
2.6878070480712700e-03	0.0000000000000000e+00	2.4828621239407975e-03
2.7052603405912099e-03	0.0000000000000000e+00	2.4790206609562986e-03
2.7227136331111502e-03	0.0000000000000000e+00	2.4756446092563979e-03
2.7401669256311000e-03	0.0000000000000000e+00	2.4728281337749007e-03
2.7576202181510399e-03	0.0000000000000000e+00	2.4706523864603987e-03
2.7750735106709802e-03	0.0000000000000000e+00	2.4691830756260989e-03
2.7925268031909300e-03	0.0000000000000000e+00	2.4684684166198963e-03
2.8099800957108699e-03	0.0000000000000000e+00	2.4475771365639956e-03
2.8274333882308102e-03	0.0000000000000000e+00	2.4290619877474287e-03
2.8448866807507600e-03	0.0000000000000000e+00	2.4156992888429499e-03
2.8623399732706999e-03	0.0000000000000000e+00	2.4118714653287160e-03
2.8797932657906402e-03	0.0000000000000000e+00	2.4217381654046792e-03
2.8972465583105901e-03	0.0000000000000000e+00	2.4397919457362152e-03
2.9146998508305299e-03	0.0000000000000000e+00	2.4542601672863165e-03
2.9321531433504698e-03	0.0000000000000000e+00	2.4571981888716551e-03
2.9496064358704201e-03	0.0000000000000000e+00	2.4452834670251090e-03
2.9670597283903599e-03	0.0000000000000000e+00	2.4199938436486844e-03
2.9845130209102998e-03	0.0000000000000000e+00	2.3916694086966728e-03
3.0019663134302501e-03	0.0000000000000000e+00	2.3716584169618492e-03
3.0194196059501899e-03	0.0000000000000000e+00	2.3624807936467977e-03
3.0368728984701298e-03	0.0000000000000000e+00	2.3586145981466765e-03
3.0543261909900801e-03	0.0000000000000000e+00	2.3571648370257180e-03
3.0717794835100200e-03	0.0000000000000000e+00	2.3602788013018620e-03
3.0892327760299598e-03	0.0000000000000000e+00	2.3661144758535778e-03
3.1066860685499101e-03	0.0000000000000000e+00	2.3713672931805693e-03
3.1241393610698500e-03	0.0000000000000000e+00	2.3734039430492494e-03
3.1415926535897898e-03	0.0000000000000000e+00	2.3681890502508102e-03
3.1590459461097401e-03	0.0000000000000000e+00	2.3565298734031723e-03
3.1764992386296800e-03	0.0000000000000000e+00	2.3476076979432534e-03
3.1939525311496198e-03	0.0000000000000000e+00	2.3488546917838672e-03
3.2114058236695701e-03	0.0000000000000000e+00	2.3535428265175351e-03
3.2288591161895100e-03	0.0000000000000000e+00	2.3568451183697027e-03
3.2463124087094499e-03	0.0000000000000000e+00	2.3589925211114325e-03
3.2637657012294001e-03	0.0000000000000000e+00	2.3564529609784654e-03
3.2812189937493400e-03	0.0000000000000000e+00	2.3443830621079770e-03
3.2986722862692799e-03	0.0000000000000000e+00	2.3219577187439423e-03
3.3161255787892301e-03	0.0000000000000000e+00	2.2910750155153078e-03
3.3335788713091700e-03	0.0000000000000000e+00	2.2634453909044089e-03
3.3510321638291099e-03	0.0000000000000000e+00	2.2511710226871297e-03
3.3684854563490602e-03	0.0000000000000000e+00	2.2590536246852345e-03
3.3859387488690000e-03	0.0000000000000000e+00	2.2791477069792031e-03
3.4033920413889399e-03	0.0000000000000000e+00	2.2902544407100225e-03
3.4208453339088902e-03	0.0000000000000000e+00	2.2837666377771640e-03
3.4382986264288300e-03	0.0000000000000000e+00	2.2700554998413836e-03
3.4557519189487699e-03	0.0000000000000000e+00	2.2601742192293363e-03
3.4732052114687202e-03	0.0000000000000000e+00	2.2623371838828496e-03
3.4906585039886600e-03	0.0000000000000000e+00	2.2846943409541749e-03
3.5081117965085999e-03	0.0000000000000000e+00	2.2833580930946944e-03
3.5255650890285502e-03	0.0000000000000000e+00	2.2844302695542440e-03
3.5430183815484901e-03	0.0000000000000000e+00	2.2883550587703798e-03
3.5604716740684299e-03	0.0000000000000000e+00	2.2936316196611496e-03
3.5779249665883698e-03	0.0000000000000000e+00	2.2986999992335583e-03
3.5953782591083201e-03	0.0000000000000000e+00	2.3033738471829011e-03
3.6128315516282599e-03	0.0000000000000000e+00	2.3073146414843843e-03
3.6302848441482102e-03	0.0000000000000000e+00	2.3095079952585203e-03
3.6477381366681501e-03	0.0000000000000000e+00	2.3111478914757989e-03
3.6651914291880900e-03	0.0000000000000000e+00	2.3157578834625200e-03
3.6826447217080398e-03	0.0000000000000000e+00	2.3228234873214453e-03
3.7000980142279801e-03	0.0000000000000000e+00	2.3282714268093065e-03
3.7175513067479200e-03	0.0000000000000000e+00	2.3323093799109025e-03
3.7350045992678598e-03	0.0000000000000000e+00	2.3363015595999070e-03
3.7524578917878101e-03	0.0000000000000000e+00	2.3399992824188094e-03
3.7699111843077500e-03	0.0000000000000000e+00	2.3412817795498350e-03
3.7873644768276998e-03	0.0000000000000000e+00	2.3395273316896316e-03
3.8048177693476401e-03	0.0000000000000000e+00	2.3402756573421384e-03
3.8222710618675800e-03	0.0000000000000000e+00	2.3483244495925253e-03
3.8397243543875199e-03	0.0000000000000000e+00	2.3618984322787522e-03
3.8571776469074701e-03	0.0000000000000000e+00	2.3776501239609893e-03
3.8746309394274100e-03	0.0000000000000000e+00	2.3913421013200126e-03
3.8920842319473499e-03	0.0000000000000000e+00	2.4005527586056508e-03
3.9095375244672997e-03	0.0000000000000000e+00	2.4045726858236659e-03
3.9269908169872400e-03	0.0000000000000000e+00	2.3990646233775052e-03
3.9444441095071803e-03	0.0000000000000000e+00	2.3795321691229172e-03
3.9618974020271302e-03	0.0000000000000000e+00	2.3452981673359290e-03
3.9793506945470696e-03	0.0000000000000000e+00	2.3041617918094712e-03
3.9968039870670099e-03	0.0000000000000000e+00	2.2667029897339291e-03
4.0142572795869597e-03	0.0000000000000000e+00	2.2360380780925872e-03
4.0317105721069000e-03	0.0000000000000000e+00	2.2133359816804317e-03
4.0491638646268403e-03	0.0000000000000000e+00	2.2004685167361891e-03
4.0666171571467902e-03	0.0000000000000000e+00	2.1988725610127442e-03
4.0840704496667296e-03	0.0000000000000000e+00	2.2106290583280980e-03
4.1015237421866699e-03	0.0000000000000000e+00	2.2322423929958500e-03
4.1189770347066198e-03	0.0000000000000000e+00	2.2567496246956517e-03
4.1364303272265601e-03	0.0000000000000000e+00	2.2803845582103112e-03
4.1538836197465004e-03	0.0000000000000000e+00	2.3019171175260034e-03
4.1713369122664502e-03	0.0000000000000000e+00	2.3183417600461803e-03
4.1887902047863896e-03	0.0000000000000000e+00	2.3227719839793402e-03
4.2062434973063299e-03	0.0000000000000000e+00	5.9587069078108693e-04
4.2236967898262798e-03	0.0000000000000000e+00	1.1292230856987072e-03
4.2411500823462201e-03	0.0000000000000000e+00	2.5403529869333988e-03
4.2586033748661604e-03	0.0000000000000000e+00	2.5367598272596978e-03
4.2760566673861102e-03	0.0000000000000000e+00	2.5322456840971980e-03
4.2935099599060497e-03	0.0000000000000000e+00	2.5269232486406987e-03
4.3109632524259900e-03	0.0000000000000000e+00	2.5209257007834975e-03
4.3284165449459398e-03	0.0000000000000000e+00	2.5144030150110984e-03
4.3458698374658801e-03	0.0000000000000000e+00	2.5075179085065971e-03
4.3633231299858204e-03	0.0000000000000000e+00	2.5004415254248000e-03
4.3807764225057702e-03	0.0000000000000000e+00	2.4933490101655999e-03
4.3982297150257097e-03	0.0000000000000000e+00	2.4864151036190982e-03
4.4156830075456500e-03	0.0000000000000000e+00	2.4798098782935971e-03
4.4331363000655998e-03	0.0000000000000000e+00	2.4736947191242968e-03
4.4505895925855401e-03	0.0000000000000000e+00	2.4682186084822970e-03
4.4680428851054804e-03	0.0000000000000000e+00	2.5364852077801002e-03
4.4854961776254303e-03	0.0000000000000000e+00	2.5403021188336004e-03
4.5029494701453697e-03	0.0000000000000000e+00	2.5431386367077008e-03
4.5204027626653100e-03	0.0000000000000000e+00	2.5449243889868987e-03
4.5378560551852598e-03	0.0000000000000000e+00	7.0250335330390365e-04
4.5553093477052001e-03	0.0000000000000000e+00	2.4548138071950991e-03
4.5727626402251396e-03	0.0000000000000000e+00	2.5436482033412006e-03
4.5902159327450903e-03	0.0000000000000000e+00	2.5410319321362007e-03
4.6076692252650297e-03	0.0000000000000000e+00	2.5373953600547998e-03
4.6251225177849700e-03	0.0000000000000000e+00	2.5328211835617988e-03
4.6425758103049199e-03	0.0000000000000000e+00	2.5274152348560008e-03
4.6600291028248602e-03	0.0000000000000000e+00	2.5213043762131009e-03
4.6774823953447996e-03	0.0000000000000000e+00	2.5146338578803003e-03
4.6949356878647503e-03	0.0000000000000000e+00	2.5075641664099001e-03
4.7123889803846897e-03	0.0000000000000000e+00	2.5002673806137979e-03
4.7298422729046300e-03	0.0000000000000000e+00	2.4929231201450998e-03
4.7472955654245799e-03	0.0000000000000000e+00	2.4857141482172995e-03
4.7647488579445202e-03	0.0000000000000000e+00	2.4788217420909989e-03
4.7822021504644596e-03	0.0000000000000000e+00	2.4724209484527984e-03
4.7996554429844103e-03	0.0000000000000000e+00	2.4666758704196996e-03
4.8171087355043498e-03	0.0000000000000000e+00	2.5382648737356968e-03
4.8345620280242901e-03	0.0000000000000000e+00	2.5422723628398987e-03
4.8520153205442399e-03	0.0000000000000000e+00	2.5452410812197984e-03
4.8694686130641802e-03	0.0000000000000000e+00	2.5470920210101979e-03
4.8869219055841196e-03	0.0000000000000000e+00	2.4522249510229681e-03
4.9043751981040704e-03	0.0000000000000000e+00	2.4527296289201979e-03
4.9218284906240098e-03	0.0000000000000000e+00	2.4544108430525000e-03
4.9392817831439501e-03	0.0000000000000000e+00	2.4572267442352982e-03
4.9567350756638999e-03	0.0000000000000000e+00	2.4611060581995990e-03
4.9741883681838402e-03	0.0000000000000000e+00	2.4659501582789990e-03
4.9916416607037797e-03	0.0000000000000000e+00	2.5099003611406615e-04
5.0090949532237304e-03	0.0000000000000000e+00	1.1638696533421491e-04
5.0265482457436698e-03	0.0000000000000000e+00	2.5150610315415982e-03
5.0440015382636101e-03	0.0000000000000000e+00	2.5077783966818978e-03
5.0614548307835600e-03	0.0000000000000000e+00	2.5003144274604976e-03
5.0789081233035003e-03	0.0000000000000000e+00	2.4928538791057983e-03
5.0963614158234397e-03	0.0000000000000000e+00	2.4855801005969000e-03
5.1138147083433904e-03	0.0000000000000000e+00	2.4786705971328975e-03
5.1312680008633298e-03	0.0000000000000000e+00	2.4722928989349968e-03
5.1487212933832701e-03	0.0000000000000000e+00	2.4666007672358992e-03
5.1661745859032200e-03	0.0000000000000000e+00	2.4617308393777987e-03
5.1836278784231603e-03	0.0000000000000000e+00	2.4577997475500983e-03
5.2010811709430997e-03	0.0000000000000000e+00	2.4549016731011987e-03
5.2185344634630504e-03	0.0000000000000000e+00	2.4531064337230991e-03
5.2359877559829899e-03	0.0000000000000000e+00	2.4524580818862975e-03
5.2534410485029302e-03	0.0000000000000000e+00	2.4529739558149972e-03
5.2708943410228696e-03	0.0000000000000000e+00	2.4546442594614998e-03
5.2883476335428203e-03	0.0000000000000000e+00	2.4574321392619967e-03
5.3058009260627597e-03	0.0000000000000000e+00	2.4612743275295966e-03
5.3232542185827000e-03	0.0000000000000000e+00	2.4660822624095989e-03
5.3407075111026499e-03	0.0000000000000000e+00	2.4717437612676967e-03
5.3581608036225902e-03	0.0000000000000000e+00	2.5218747136672992e-03
5.3756140961425296e-03	0.0000000000000000e+00	2.5149252954906991e-03
5.3930673886624803e-03	0.0000000000000000e+00	2.5075754093972988e-03
5.4105206811824198e-03	0.0000000000000000e+00	2.5000039782499990e-03
5.4279739737023601e-03	0.0000000000000000e+00	2.5076027818075990e-03
5.4454272662223099e-03	0.0000000000000000e+00	2.5150559136488983e-03
5.4628805587422502e-03	0.0000000000000000e+00	2.5221685017382985e-03
5.4803338512621896e-03	0.0000000000000000e+00	2.5287605576315986e-03
5.4977871437821403e-03	0.0000000000000000e+00	2.5346638673724997e-03
5.5152404363020798e-03	0.0000000000000000e+00	2.5397266401417998e-03
5.5326937288220201e-03	0.0000000000000000e+00	2.5438177987199967e-03
5.5501470213419699e-03	0.0000000000000000e+00	2.5468307425107993e-03
5.5676003138619102e-03	0.0000000000000000e+00	2.5486864867746983e-03
5.5850536063818497e-03	0.0000000000000000e+00	2.5493359758191995e-03
5.6025068989018004e-03	0.0000000000000000e+00	1.5371497406566591e-03
5.6199601914217398e-03	0.0000000000000000e+00	5.2375368858706764e-04
5.6374134839416801e-03	0.0000000000000000e+00	4.9080526373110334e-04
5.6548667764616299e-03	0.0000000000000000e+00	1.5064478408769004e-03
5.6723200689815702e-03	0.0000000000000000e+00	2.4650274889766004e-03
5.6897733615015097e-03	0.0000000000000000e+00	2.4709041105655978e-03
5.7072266540214604e-03	0.0000000000000000e+00	2.4774870297256009e-03
5.7246799465413998e-03	0.0000000000000000e+00	2.4846096830276991e-03
5.7421332390613401e-03	0.0000000000000000e+00	2.4920931603126008e-03
5.7595865315812900e-03	0.0000000000000000e+00	2.4997509656025999e-03
5.7770398241012303e-03	0.0000000000000000e+00	2.5073938478973982e-03
5.7944931166211697e-03	0.0000000000000000e+00	2.5148345244567979e-03
5.8119464091411204e-03	0.0000000000000000e+00	2.5218921876970987e-03
5.8293997016610598e-03	0.0000000000000000e+00	2.5283966840346991e-03
5.8468529941810002e-03	0.0000000000000000e+00	2.5341923214091990e-03
5.8643062867009500e-03	0.0000000000000000e+00	2.5391412192375985e-03
5.8817595792208903e-03	0.0000000000000000e+00	2.5431261683141991e-03
5.8992128717408297e-03	0.0000000000000000e+00	2.5460530369693993e-03
5.9166661642607796e-03	0.0000000000000000e+00	2.5478526234768983e-03
5.9341194567807199e-03	0.0000000000000000e+00	2.5484820206129986e-03
5.9515727493006602e-03	0.0000000000000000e+00	2.5479254919793005e-03
5.9690260418206100e-03	0.0000000000000000e+00	2.5461948352699000e-03
5.9864793343405503e-03	0.0000000000000000e+00	2.5433292258237976e-03
6.0039326268604898e-03	0.0000000000000000e+00	2.5393945733911995e-03
6.0213859193804396e-03	0.0000000000000000e+00	2.5344822613458003e-03
6.0388392119003799e-03	0.0000000000000000e+00	2.5287074517233998e-03
6.0562925044203202e-03	0.0000000000000000e+00	2.5222067756603996e-03
6.0737457969402700e-03	0.0000000000000000e+00	2.5151354867814987e-03
6.0911990894602103e-03	0.0000000000000000e+00	2.5076640951324988e-03
6.1086523819801498e-03	0.0000000000000000e+00	2.4999745218490001e-03
6.1261056745000996e-03	0.0000000000000000e+00	2.4922558196242006e-03
6.1435589670200399e-03	0.0000000000000000e+00	2.4846995585035003e-03
6.1610122595399802e-03	0.0000000000000000e+00	2.4774949854405003e-03
6.1784655520599301e-03	0.0000000000000000e+00	2.4708240768821985e-03
6.1959188445798704e-03	0.0000000000000000e+00	2.4648566450455982e-03
6.2133721370998098e-03	0.0000000000000000e+00	2.4597456482665994e-03
6.2308254296197596e-03	0.0000000000000000e+00	2.4556228762138976e-03
6.2482787221396999e-03	0.0000000000000000e+00	2.4525951571135983e-03
6.2657320146596402e-03	0.0000000000000000e+00	2.4507412524615996e-03
6.2831853071795901e-03	0.0000000000000000e+00	2.4501095158755981e-03
6.3006385996995304e-03	0.0000000000000000e+00	2.4507164824363985e-03
6.3180918922194698e-03	0.0000000000000000e+00	2.4525464205030004e-03
6.3355451847394197e-03	0.0000000000000000e+00	2.4555517962521999e-03
6.3529984772593600e-03	0.0000000000000000e+00	2.4596547069537997e-03
6.3704517697793003e-03	0.0000000000000000e+00	2.4647492301113003e-03
6.3879050622992501e-03	0.0000000000000000e+00	2.4707045023958998e-03
6.4053583548191904e-03	0.0000000000000000e+00	2.4773684910000988e-03
6.4228116473391298e-03	0.0000000000000000e+00	2.4845723189343000e-03
6.4402649398590797e-03	0.0000000000000000e+00	2.4921348788897006e-03
6.4577182323790200e-03	0.0000000000000000e+00	2.4998676673491996e-03
6.4751715248989603e-03	0.0000000000000000e+00	2.5075796526284992e-03
6.4926248174188997e-03	0.0000000000000000e+00	2.5150820418720007e-03
6.5100781099388504e-03	0.0000000000000000e+00	2.5221928051701002e-03
6.5275314024587899e-03	0.0000000000000000e+00	2.5287408702427995e-03
6.5449846949787302e-03	0.0000000000000000e+00	2.5345699284967001e-03
6.5624379874986800e-03	0.0000000000000000e+00	2.5395417761788983e-03
6.5798912800186203e-03	0.0000000000000000e+00	2.5435391579748008e-03
6.5973445725385597e-03	0.0000000000000000e+00	2.5464681501676002e-03
6.6147978650585096e-03	0.0000000000000000e+00	2.5482599858084980e-03
6.6322511575784499e-03	0.0000000000000000e+00	2.5488723930820988e-03
6.6497044500983902e-03	0.0000000000000000e+00	2.5482904415837990e-03
6.6671577426183400e-03	0.0000000000000000e+00	2.5465268772687996e-03
6.6846110351382803e-03	0.0000000000000000e+00	2.5436219378167993e-03
6.7020643276582198e-03	0.0000000000000000e+00	2.5396426832485983e-03
6.7195176201781696e-03	0.0000000000000000e+00	2.5346817088936976e-03
6.7369709126981099e-03	0.0000000000000000e+00	2.5288554266033984e-03
6.7544242052180502e-03	0.0000000000000000e+00	2.5223017296798003e-03
6.7718774977380001e-03	0.0000000000000000e+00	2.5151771226911979e-03
6.7893307902579404e-03	0.0000000000000000e+00	2.5076533320333994e-03
6.8067840827778798e-03	0.0000000000000000e+00	2.4999134357447002e-03
6.8242373752978296e-03	0.0000000000000000e+00	2.4921475618921995e-03
6.8416906678177699e-03	0.0000000000000000e+00	2.4845482508412987e-03
6.8591439603377102e-03	0.0000000000000000e+00	2.4773055940379984e-03
6.8765972528576601e-03	0.0000000000000000e+00	2.4706022676298997e-03
6.8940505453776004e-03	0.0000000000000000e+00	2.4646086229592988e-03
6.9115038378975398e-03	0.0000000000000000e+00	2.4594779843526982e-03
6.9289571304174897e-03	0.0000000000000000e+00	2.4553423279844999e-03
6.9464104229374300e-03	0.0000000000000000e+00	2.4523084859392995e-03
6.9638637154573703e-03	0.0000000000000000e+00	2.4504550444597005e-03
6.9813170079773201e-03	0.0000000000000000e+00	2.4498300120111005e-03
6.9987703004972604e-03	0.0000000000000000e+00	2.4485748873365777e-03
7.0162235930171998e-03	0.0000000000000000e+00	2.4490409653386662e-03
7.0336768855371497e-03	0.0000000000000000e+00	2.4516754258947261e-03
7.0511301780570900e-03	0.0000000000000000e+00	2.4565977050301190e-03
7.0685834705770303e-03	0.0000000000000000e+00	2.4630033124636401e-03
7.0860367630969801e-03	0.0000000000000000e+00	2.4696325318960821e-03
7.1034900556169204e-03	0.0000000000000000e+00	2.4757527271504973e-03
7.1209433481368599e-03	0.0000000000000000e+00	2.4814793012723560e-03
7.1383966406568097e-03	0.0000000000000000e+00	2.4872529282307064e-03
7.1558499331767500e-03	0.0000000000000000e+00	2.4933546591162266e-03
7.1733032256966903e-03	0.0000000000000000e+00	2.4997681769129004e-03
7.1907565182166401e-03	0.0000000000000000e+00	2.5069814550710591e-03
7.2082098107365796e-03	0.0000000000000000e+00	2.5158760250082665e-03
7.2256631032565199e-03	0.0000000000000000e+00	2.5259549393390167e-03
7.2431163957764697e-03	0.0000000000000000e+00	2.5346459420457976e-03
7.2605696882964100e-03	0.0000000000000000e+00	2.5396275643977985e-03
7.2780229808163503e-03	0.0000000000000000e+00	2.5436311066333976e-03
7.2954762733363002e-03	0.0000000000000000e+00	2.5465627456772999e-03
7.3129295658562396e-03	0.0000000000000000e+00	2.5477496383089875e-03
7.3303828583761799e-03	0.0000000000000000e+00	2.5447412211664078e-03
7.3478361508961297e-03	0.0000000000000000e+00	2.5392314064940566e-03
7.3652894434160700e-03	0.0000000000000000e+00	2.5328563907938938e-03
7.3827427359360103e-03	0.0000000000000000e+00	2.5259399642491125e-03
7.4001960284559602e-03	0.0000000000000000e+00	2.5184097468635494e-03
7.4176493209758996e-03	0.0000000000000000e+00	2.5102518248780355e-03
7.4351026134958399e-03	0.0000000000000000e+00	2.5029476521803602e-03
7.4525559060157898e-03	0.0000000000000000e+00	2.4982128967744287e-03
7.4700091985357301e-03	0.0000000000000000e+00	2.4947535780871256e-03
7.4874624910556704e-03	0.0000000000000000e+00	2.4895931088096367e-03
7.5049157835756202e-03	0.0000000000000000e+00	2.4810884975964460e-03
7.5223690760955596e-03	0.0000000000000000e+00	2.4702020336860968e-03
7.5398223686154999e-03	0.0000000000000000e+00	2.4604270128386133e-03
7.5572756611354498e-03	0.0000000000000000e+00	2.4548145297045645e-03
7.5747289536553901e-03	0.0000000000000000e+00	2.4537449359551058e-03
7.5921822461753304e-03	0.0000000000000000e+00	2.4547898732194540e-03
7.6096355386952802e-03	0.0000000000000000e+00	2.4576643953839600e-03
7.6270888312152197e-03	0.0000000000000000e+00	2.4552657987106999e-03
7.6445421237351600e-03	0.0000000000000000e+00	2.4522339053459005e-03
7.6619954162551098e-03	0.0000000000000000e+00	2.4503844413055996e-03
7.6794487087750501e-03	0.0000000000000000e+00	2.4497652707753982e-03
7.6969020012949904e-03	0.0000000000000000e+00	2.4437563717822595e-03
7.7143552938149403e-03	0.0000000000000000e+00	2.4403155622002501e-03
7.7318085863348797e-03	0.0000000000000000e+00	2.4415875769214362e-03
7.7492618788548200e-03	0.0000000000000000e+00	2.4476364147209551e-03
7.7667151713747698e-03	0.0000000000000000e+00	2.4561393084598163e-03
7.7841684638947101e-03	0.0000000000000000e+00	2.4663916306392822e-03
7.8016217564146496e-03	0.0000000000000000e+00	2.4772632889789002e-03
7.8190750489345994e-03	0.0000000000000000e+00	2.4845093113737005e-03
7.8365283414545406e-03	0.0000000000000000e+00	2.4921126712951006e-03
7.8539816339744800e-03	0.0000000000000000e+00	2.4998839091377005e-03
7.8714349264944194e-03	0.0000000000000000e+00	2.5076311725425009e-03
7.8888882190143693e-03	0.0000000000000000e+00	2.5151649912000980e-03
7.9063415115343105e-03	0.0000000000000000e+00	2.5223028130846002e-03
7.9237948040542603e-03	0.0000000000000000e+00	2.5288731972872985e-03
7.9412480965741997e-03	0.0000000000000000e+00	2.5347196181190988e-03
7.9587013890941392e-03	0.0000000000000000e+00	2.5226846107862973e-03
7.9761546816140907e-03	0.0000000000000000e+00	2.4832959979122285e-03
7.9936079741340302e-03	0.0000000000000000e+00	2.4427114184165308e-03
8.0110612666539696e-03	0.0000000000000000e+00	2.4103838379956020e-03
8.0285145591739195e-03	0.0000000000000000e+00	2.3878730394062964e-03
8.0459678516938606e-03	0.0000000000000000e+00	2.3809025352898965e-03
8.0634211442138001e-03	0.0000000000000000e+00	2.3921432544530795e-03
8.0808744367337395e-03	0.0000000000000000e+00	2.4182079075244049e-03
8.0983277292536893e-03	0.0000000000000000e+00	2.4577524642327986e-03
8.1157810217736305e-03	0.0000000000000000e+00	2.5037701696199940e-03
8.1332343142935803e-03	0.0000000000000000e+00	2.5289226588447976e-03
8.1506876068135198e-03	0.0000000000000000e+00	2.5223479961783979e-03
8.1681408993334592e-03	0.0000000000000000e+00	2.4957458030952645e-03
8.1855941918534108e-03	0.0000000000000000e+00	2.4536040729796864e-03
8.2030474843733502e-03	0.0000000000000000e+00	2.4113551301729493e-03
8.2205007768932897e-03	0.0000000000000000e+00	2.3835289260232158e-03
8.2379540694132308e-03	0.0000000000000000e+00	2.3812497744341021e-03
8.2554073619331807e-03	0.0000000000000000e+00	2.4085399618140185e-03
8.2728606544531201e-03	0.0000000000000000e+00	2.4636526015081525e-03
8.2903139469730595e-03	0.0000000000000000e+00	2.4645290352095992e-03
8.3077672394930094e-03	0.0000000000000000e+00	2.4593929966447992e-03
8.3252205320129506e-03	0.0000000000000000e+00	2.4552547522867993e-03
8.3426738245328900e-03	0.0000000000000000e+00	2.4522210759316994e-03
8.3601271170528398e-03	0.0000000000000000e+00	2.4292645117897291e-03
8.3775804095727793e-03	0.0000000000000000e+00	2.3354149238574429e-03
8.3950337020927204e-03	0.0000000000000000e+00	2.3407663776116201e-03
8.4124869946126703e-03	0.0000000000000000e+00	2.3466486746345216e-03
8.4299402871326097e-03	0.0000000000000000e+00	2.3523037922818305e-03
8.4473935796525491e-03	0.0000000000000000e+00	2.3569086756808355e-03
8.4648468721725007e-03	0.0000000000000000e+00	2.3607941770402707e-03
8.4823001646924402e-03	0.0000000000000000e+00	2.3662075570434968e-03
8.4997534572123796e-03	0.0000000000000000e+00	2.3748685282708841e-03
8.5172067497323294e-03	0.0000000000000000e+00	2.3868099358548903e-03
8.5346600422522706e-03	0.0000000000000000e+00	2.4007667722642130e-03
8.5521133347722100e-03	0.0000000000000000e+00	2.4157369073933843e-03
8.5695666272921599e-03	0.0000000000000000e+00	2.4305244907606265e-03
8.5870199198120993e-03	0.0000000000000000e+00	2.4428934949143263e-03
8.6044732123320405e-03	0.0000000000000000e+00	2.4517243857454241e-03
8.6219265048519903e-03	0.0000000000000000e+00	2.4569744493444894e-03
8.6393797973719298e-03	0.0000000000000000e+00	2.4600862578521183e-03
8.6568330898918692e-03	0.0000000000000000e+00	2.4641123647951811e-03
8.6742863824118208e-03	0.0000000000000000e+00	2.4712091459618175e-03
8.6917396749317602e-03	0.0000000000000000e+00	2.4816566661277316e-03
8.7091929674516996e-03	0.0000000000000000e+00	2.4940297271693543e-03
8.7266462599716495e-03	0.0000000000000000e+00	2.5056486160100269e-03
8.7440995524915906e-03	0.0000000000000000e+00	2.5144181954428711e-03
8.7615528450115301e-03	0.0000000000000000e+00	2.5186230714377006e-03
8.7790061375314799e-03	0.0000000000000000e+00	2.5162038065769665e-03
8.7964594300514194e-03	0.0000000000000000e+00	2.5057241805535903e-03
8.8139127225713605e-03	0.0000000000000000e+00	2.4876553109884972e-03
8.8313660150913104e-03	0.0000000000000000e+00	2.4680364864848592e-03
8.8488193076112498e-03	0.0000000000000000e+00	2.4549518245098184e-03
8.8662726001311892e-03	0.0000000000000000e+00	2.4513768903277576e-03
8.8837258926511408e-03	0.0000000000000000e+00	2.4565653377157486e-03
8.9011791851710802e-03	0.0000000000000000e+00	2.4674395770567688e-03
8.9186324776910197e-03	0.0000000000000000e+00	2.4800005015289846e-03
8.9360857702109695e-03	0.0000000000000000e+00	2.4844749264073991e-03
8.9535390627309107e-03	0.0000000000000000e+00	2.4772185933352002e-03
8.9709923552508501e-03	0.0000000000000000e+00	2.4705043448394991e-03
8.9884456477708000e-03	0.0000000000000000e+00	2.4645027128662005e-03
9.0058989402907394e-03	0.0000000000000000e+00	2.4393611556162050e-03
9.0233522328106806e-03	0.0000000000000000e+00	2.4047788935224156e-03
9.0408055253306304e-03	0.0000000000000000e+00	2.3750878744341966e-03
9.0582588178505698e-03	0.0000000000000000e+00	2.3535973077995556e-03
9.0757121103705093e-03	0.0000000000000000e+00	2.3415481453057975e-03
9.0931654028904609e-03	0.0000000000000000e+00	2.4503571022726003e-03
9.1106186954104003e-03	0.0000000000000000e+00	2.4522155057030981e-03
9.1280719879303397e-03	0.0000000000000000e+00	2.4552553475485003e-03
9.1455252804502896e-03	0.0000000000000000e+00	2.4593975049931986e-03
9.1629785729702307e-03	0.0000000000000000e+00	2.4645347510722990e-03
9.1804318654901702e-03	0.0000000000000000e+00	2.5294651018620967e-03
9.1978851580101200e-03	0.0000000000000000e+00	2.5227553837864972e-03
9.2153384505300594e-03	0.0000000000000000e+00	2.5155062148286000e-03
9.2327917430500006e-03	0.0000000000000000e+00	2.5078998494022994e-03
9.2502450355699505e-03	0.0000000000000000e+00	2.4998741780635006e-03
9.2676983280898899e-03	0.0000000000000000e+00	2.5076239544589984e-03
9.2851516206098293e-03	0.0000000000000000e+00	2.5151599619029977e-03
9.3026049131297792e-03	0.0000000000000000e+00	2.5222996162768997e-03
9.3200582056497203e-03	0.0000000000000000e+00	2.5288714573196980e-03
9.3375114981696598e-03	0.0000000000000000e+00	2.5347189535124999e-03
9.3549647906896096e-03	0.0000000000000000e+00	2.5397038349000006e-03
9.3724180832095508e-03	0.0000000000000000e+00	2.5437089192033996e-03
9.3898713757294902e-03	0.0000000000000000e+00	2.5466404818824985e-03
9.4073246682494296e-03	0.0000000000000000e+00	2.5484300684763990e-03
9.4247779607693795e-03	0.0000000000000000e+00	2.5490358056214982e-03
9.4422312532893207e-03	0.0000000000000000e+00	2.5484432385659977e-03
9.4596845458092705e-03	0.0000000000000000e+00	2.5466656450942003e-03
9.4771378383292099e-03	0.0000000000000000e+00	2.5437438386256006e-03
9.4945911308491494e-03	0.0000000000000000e+00	2.5397454792405981e-03
9.5120444233690905e-03	0.0000000000000000e+00	2.5347637803148984e-03
9.5294977158890404e-03	0.0000000000000000e+00	2.5289157698528998e-03
9.5469510084089798e-03	0.0000000000000000e+00	2.5223399491701992e-03
9.5644043009289192e-03	0.0000000000000000e+00	2.5151934105858004e-03
9.5818575934488708e-03	0.0000000000000000e+00	2.5076484351992979e-03
9.5993108859688103e-03	0.0000000000000000e+00	2.4998886167731001e-03
9.6167641784887497e-03	0.0000000000000000e+00	2.4921045459368983e-03
9.6342174710086995e-03	0.0000000000000000e+00	2.4844891673680980e-03
9.6516707635286407e-03	0.0000000000000000e+00	2.4772329086605975e-03
9.6691240560485905e-03	0.0000000000000000e+00	2.4705187080673006e-03
9.6865773485685300e-03	0.0000000000000000e+00	2.4645170987842996e-03
9.7040306410884694e-03	0.0000000000000000e+00	2.4593815060294996e-03
9.7214839336084106e-03	0.0000000000000000e+00	2.4552439189757976e-03
9.7389372261283604e-03	0.0000000000000000e+00	2.4522111049004001e-03
9.7563905186482999e-03	0.0000000000000000e+00	2.4503615000163979e-03
9.7738438111682393e-03	0.0000000000000000e+00	2.4497429013413986e-03
9.7912971036881909e-03	0.0000000000000000e+00	2.4444527390487143e-03
9.8087503962081303e-03	0.0000000000000000e+00	2.4439277599814652e-03
9.8262036887280697e-03	0.0000000000000000e+00	2.4516697592663929e-03
9.8436569812480196e-03	0.0000000000000000e+00	2.4594107655501983e-03
9.8611102737679607e-03	0.0000000000000000e+00	2.4645476896066991e-03
9.8785635662879106e-03	0.0000000000000000e+00	2.4677922373406297e-03
9.8960168588078500e-03	0.0000000000000000e+00	2.4406463064782745e-03
9.9134701513277895e-03	0.0000000000000000e+00	2.4021797717793496e-03
9.9309234438477306e-03	0.0000000000000000e+00	2.3688406781718629e-03
9.9483767363676805e-03	0.0000000000000000e+00	2.3453428068654011e-03
9.9658300288876199e-03	0.0000000000000000e+00	2.3290754501237056e-03
9.9832833214075593e-03	0.0000000000000000e+00	2.3223813362026266e-03
1.0000736613927501e-02	0.0000000000000000e+00	2.3430113659293761e-03
1.0018189906447501e-02	0.0000000000000000e+00	2.4253279529702736e-03
1.0035643198967400e-02	0.0000000000000000e+00	2.5205776986242760e-03
1.0053096491487300e-02	0.0000000000000000e+00	2.5397101128853995e-03
1.0070549784007300e-02	0.0000000000000000e+00	2.5437143614459000e-03
1.0088003076527199e-02	0.0000000000000000e+00	2.5466450599254987e-03
1.0105456369047200e-02	0.0000000000000000e+00	2.5484337598753980e-03
1.0122909661567101e-02	0.0000000000000000e+00	2.5490386043494004e-03
1.0140362954087099e-02	0.0000000000000000e+00	2.5199577569787780e-03
1.0157816246607001e-02	0.0000000000000000e+00	2.4670687822891529e-03
1.0175269539126900e-02	0.0000000000000000e+00	2.4858465276803021e-03
1.0192722831646900e-02	0.0000000000000000e+00	2.5258219158824889e-03
1.0210176124166800e-02	0.0000000000000000e+00	2.5347621376628007e-03
1.0227629416686800e-02	0.0000000000000000e+00	2.5289132774708005e-03
1.0245082709206699e-02	0.0000000000000000e+00	2.5223366344520985e-03
1.0262536001726700e-02	0.0000000000000000e+00	2.5151893003440007e-03
1.0279989294246601e-02	0.0000000000000000e+00	2.5076435641370985e-03
1.0297442586766500e-02	0.0000000000000000e+00	2.4998830214384982e-03
1.0314895879286501e-02	0.0000000000000000e+00	2.4920982650382985e-03
1.0332349171806400e-02	0.0000000000000000e+00	2.4844822446317000e-03
1.0349802464326400e-02	0.0000000000000000e+00	2.4772253884415979e-03
1.0367255756846300e-02	0.0000000000000000e+00	2.4705106372930989e-03
1.0384709049366300e-02	0.0000000000000000e+00	2.4578226363708537e-03
1.0402162341886199e-02	0.0000000000000000e+00	2.4297756271537754e-03
1.0419615634406101e-02	0.0000000000000000e+00	2.4087168287505664e-03
1.0437068926926101e-02	0.0000000000000000e+00	2.3993133522806943e-03
1.0454522219446000e-02	0.0000000000000000e+00	2.4017682918555695e-03
1.0471975511966001e-02	0.0000000000000000e+00	2.4157204103431272e-03
1.0489428804485900e-02	0.0000000000000000e+00	2.4170867706595940e-03
1.0506882097005900e-02	0.0000000000000000e+00	2.4201883472035474e-03
1.0524335389525800e-02	0.0000000000000000e+00	2.4263788859298571e-03
1.0541788682045699e-02	0.0000000000000000e+00	2.4388769184712847e-03
1.0559241974565699e-02	0.0000000000000000e+00	2.4520922245369024e-03
1.0576695267085601e-02	0.0000000000000000e+00	2.4598459724612040e-03
1.0594148559605601e-02	0.0000000000000000e+00	2.4723161104171255e-03
1.0611601852125500e-02	0.0000000000000000e+00	2.4844949021358004e-03
1.0629055144645501e-02	0.0000000000000000e+00	2.4921009165062985e-03
1.0646508437165400e-02	0.0000000000000000e+00	2.4998745804731999e-03
1.0663961729685400e-02	0.0000000000000000e+00	2.5076239801323993e-03
1.0681415022205300e-02	0.0000000000000000e+00	2.5151595978308988e-03
1.0698868314725199e-02	0.0000000000000000e+00	2.5222988503905003e-03
1.0716321607245199e-02	0.0000000000000000e+00	2.5288702791343987e-03
1.0733774899765101e-02	0.0000000000000000e+00	2.5347173547042995e-03
1.0751228192285101e-02	0.0000000000000000e+00	2.5397018099307007e-03
1.0768681484805000e-02	0.0000000000000000e+00	2.5437064655333998e-03
1.0786134777325001e-02	0.0000000000000000e+00	2.5119866826629235e-03
1.0803588069844900e-02	0.0000000000000000e+00	2.4853175800305417e-03
1.0821041362364800e-02	0.0000000000000000e+00	2.4805966629390976e-03
1.0838494654884800e-02	0.0000000000000000e+00	2.5012666048319955e-03
1.0855947947404699e-02	0.0000000000000000e+00	2.5466611318288000e-03
1.0873401239924699e-02	0.0000000000000000e+00	2.5437389554890978e-03
1.0890854532444601e-02	0.0000000000000000e+00	2.5397402477876987e-03
1.0908307824964599e-02	0.0000000000000000e+00	2.5347582257028989e-03
1.0925761117484500e-02	0.0000000000000000e+00	2.5289099196115980e-03
1.0943214410004400e-02	0.0000000000000000e+00	2.5223338332737988e-03
1.0960667702524400e-02	0.0000000000000000e+00	2.5151870613373990e-03
1.0978120995044300e-02	0.0000000000000000e+00	2.5076418863973979e-03
1.0995574287564300e-02	0.0000000000000000e+00	2.4998819039907978e-03
1.1013027580084199e-02	0.0000000000000000e+00	2.4920977054259975e-03
1.1030480872604199e-02	0.0000000000000000e+00	2.4844822365920997e-03
1.1047934165124101e-02	0.0000000000000000e+00	2.4772259250144986e-03
1.1065387457644000e-02	0.0000000000000000e+00	2.4705117090757997e-03
1.1082840750164000e-02	0.0000000000000000e+00	2.4645101213890998e-03
1.1100294042683900e-02	0.0000000000000000e+00	2.4593745866735989e-03
1.1117747335203900e-02	0.0000000000000000e+00	2.4552370926855006e-03
1.1135200627723800e-02	0.0000000000000000e+00	2.4522044058774978e-03
1.1152653920243800e-02	0.0000000000000000e+00	2.4503549603671002e-03
1.1170107212763699e-02	0.0000000000000000e+00	2.4497365520452993e-03
1.1187560505283699e-02	0.0000000000000000e+00	2.4497622821532394e-03
1.1205013797803601e-02	0.0000000000000000e+00	2.4510706713794413e-03
1.1222467090323500e-02	0.0000000000000000e+00	2.4537935140573862e-03
1.1239920382843500e-02	0.0000000000000000e+00	2.4579995706805399e-03
1.1257373675363400e-02	0.0000000000000000e+00	2.4634175527314221e-03
1.1274826967883400e-02	0.0000000000000000e+00	2.4696254615068254e-03
1.1292280260403300e-02	0.0000000000000000e+00	2.4762559806866986e-03
1.1309733552923300e-02	0.0000000000000000e+00	2.4830656152609321e-03
1.1327186845443199e-02	0.0000000000000000e+00	2.4900036547830864e-03
1.1344640137963101e-02	0.0000000000000000e+00	2.4971318728712055e-03
1.1362093430483101e-02	0.0000000000000000e+00	2.5045295072904580e-03
1.1379546723003000e-02	0.0000000000000000e+00	2.5121537294414860e-03
1.1397000015523000e-02	0.0000000000000000e+00	2.5199846422796594e-03
1.1414453308042900e-02	0.0000000000000000e+00	2.5279430083410027e-03
1.1431906600562900e-02	0.0000000000000000e+00	2.5347245992698997e-03
1.1449359893082800e-02	0.0000000000000000e+00	2.5397090209307999e-03
1.1466813185602699e-02	0.0000000000000000e+00	2.5437136142150985e-03
1.1484266478122699e-02	0.0000000000000000e+00	2.5466446590858977e-03
1.1501719770642601e-02	0.0000000000000000e+00	2.5484337058824975e-03
1.1519173063162601e-02	0.0000000000000000e+00	2.5477955960842603e-03
1.1536626355682500e-02	0.0000000000000000e+00	2.5455085128913701e-03
1.1554079648202500e-02	0.0000000000000000e+00	2.5424134293395920e-03
1.1571532940722400e-02	0.0000000000000000e+00	2.5386178227162701e-03
1.1588986233242300e-02	0.0000000000000000e+00	2.5343702409355746e-03
1.1606439525762300e-02	0.0000000000000000e+00	2.5299235707318610e-03
1.1623892818282199e-02	0.0000000000000000e+00	2.5252357078885158e-03
1.1641346110802199e-02	0.0000000000000000e+00	2.5198442127183050e-03
1.1658799403322101e-02	0.0000000000000000e+00	2.5134416293436587e-03
1.1676252695842101e-02	0.0000000000000000e+00	2.5061757326222539e-03
1.1693705988362000e-02	0.0000000000000000e+00	2.4983713545150797e-03
1.1711159280882000e-02	0.0000000000000000e+00	2.4904633665796851e-03
1.1728612573401900e-02	0.0000000000000000e+00	2.4828476889970259e-03
1.1746065865921800e-02	0.0000000000000000e+00	2.4758321605554724e-03
1.1763519158441800e-02	0.0000000000000000e+00	2.4696514576451715e-03
1.1780972450961699e-02	0.0000000000000000e+00	2.4645125081151978e-03
1.1798425743481699e-02	0.0000000000000000e+00	2.4593765865565005e-03
1.1815879036001601e-02	0.0000000000000000e+00	2.4552387050057987e-03
1.1833332328521601e-02	0.0000000000000000e+00	2.4522056290853002e-03
1.1850785621041500e-02	0.0000000000000000e+00	2.4503557970269978e-03
1.1868238913561400e-02	0.0000000000000000e+00	2.4497369977583040e-03
1.1885692206081400e-02	0.0000000000000000e+00	2.4503649939887004e-03
1.1903145498601300e-02	0.0000000000000000e+00	2.4522230782282987e-03
1.1920598791121300e-02	0.0000000000000000e+00	2.4552625924760992e-03
1.1938052083641199e-02	0.0000000000000000e+00	2.4594044025294977e-03
1.1955505376161199e-02	0.0000000000000000e+00	2.5354587133315995e-03
1.1972958668681101e-02	0.0000000000000000e+00	2.5294589499647996e-03
1.1990411961201000e-02	0.0000000000000000e+00	2.5227496360826981e-03
1.2007865253721000e-02	0.0000000000000000e+00	2.5155008968223980e-03
1.2025318546240900e-02	0.0000000000000000e+00	2.5078949907478970e-03
1.2042771838760900e-02	0.0000000000000000e+00	2.4998785509711997e-03
1.2060225131280800e-02	0.0000000000000000e+00	2.5076278129991005e-03
1.2077678423800800e-02	0.0000000000000000e+00	2.5151632778819995e-03
1.2095131716320699e-02	0.0000000000000000e+00	2.5223023633851004e-03
1.2112585008840600e-02	0.0000000000000000e+00	2.5288736138442992e-03
1.2130038301360601e-02	0.0000000000000000e+00	2.5347205005643997e-03
1.2147491593880500e-02	0.0000000000000000e+00	2.5397047564885006e-03
1.2164944886400500e-02	0.0000000000000000e+00	2.5437092085750998e-03
1.2182398178920400e-02	0.0000000000000000e+00	2.5466401251407998e-03
1.2199851471440400e-02	0.0000000000000000e+00	2.5484290604845979e-03
1.2217304763960300e-02	0.0000000000000000e+00	2.5490341546015004e-03
1.2234758056480201e-02	0.0000000000000000e+00	2.5484409475216990e-03
1.2252211349000199e-02	0.0000000000000000e+00	2.5466627229918000e-03
1.2269664641520101e-02	0.0000000000000000e+00	2.5437403040888991e-03
1.2287117934040101e-02	0.0000000000000000e+00	2.5397413492446001e-03
1.2304571226560000e-02	0.0000000000000000e+00	2.5347590834835995e-03
1.2322024519080000e-02	0.0000000000000000e+00	2.5289105316935005e-03
1.2339477811599900e-02	0.0000000000000000e+00	2.5223342032709983e-03
1.2356931104119900e-02	0.0000000000000000e+00	2.5151871903487978e-03
1.2374384396639800e-02	0.0000000000000000e+00	2.5076417792448992e-03
1.2391837689159701e-02	0.0000000000000000e+00	2.4998815645767003e-03
1.2409290981679699e-02	0.0000000000000000e+00	2.4920971384545000e-03
1.2426744274199601e-02	0.0000000000000000e+00	2.4844814490058986e-03
1.2444197566719601e-02	0.0000000000000000e+00	2.4772249232390998e-03
1.2461650859239500e-02	0.0000000000000000e+00	2.4705105007089001e-03
1.2479104151759500e-02	0.0000000000000000e+00	2.4645087145667988e-03
1.2496557444279400e-02	0.0000000000000000e+00	2.4593729904563988e-03
1.2514010736799299e-02	0.0000000000000000e+00	2.4552353161859976e-03
1.2531464029319300e-02	0.0000000000000000e+00	2.4522024646865988e-03
1.2548917321839201e-02	0.0000000000000000e+00	2.4503528610973976e-03
1.2566370614359199e-02	0.0000000000000000e+00	2.4497343037010004e-03
1.2583823906879101e-02	0.0000000000000000e+00	2.4503625408883976e-03
1.2601277199399101e-02	0.0000000000000000e+00	2.4522208766955995e-03
1.2618730491919000e-02	0.0000000000000000e+00	2.4552606482846004e-03
1.2636183784438900e-02	0.0000000000000000e+00	2.4594027219492984e-03
1.2653637076958900e-02	0.0000000000000000e+00	2.4645398727585997e-03
1.2671090369478799e-02	0.0000000000000000e+00	2.4329410662262685e-03
1.2688543661998800e-02	0.0000000000000000e+00	2.4052979561373991e-03
1.2705996954518701e-02	0.0000000000000000e+00	2.3995161254857927e-03
1.2723450247038699e-02	0.0000000000000000e+00	2.4270108049226150e-03
1.2740903539558601e-02	0.0000000000000000e+00	2.4896522691674576e-03
1.2758356832078500e-02	0.0000000000000000e+00	2.5076279816706980e-03
1.2775810124598500e-02	0.0000000000000000e+00	2.5151636990615005e-03
1.2793263417118400e-02	0.0000000000000000e+00	2.5223030331469991e-03
1.2810716709638400e-02	0.0000000000000000e+00	2.4125844591482981e-03
1.2828170002158299e-02	0.0000000000000000e+00	2.2823482282876527e-03
1.2845623294678300e-02	0.0000000000000000e+00	2.1973571737722609e-03
1.2863076587198201e-02	0.0000000000000000e+00	2.1353644239472704e-03
1.2880529879718199e-02	0.0000000000000000e+00	2.0781511204310057e-03
1.2897983172238101e-02	0.0000000000000000e+00	2.0202092222186448e-03
1.2915436464758000e-02	0.0000000000000000e+00	2.0083570322197673e-03
1.2932889757278000e-02	0.0000000000000000e+00	2.1063368331831096e-03
1.2950343049797900e-02	0.0000000000000000e+00	2.2834512034052880e-03
1.2967796342317900e-02	0.0000000000000000e+00	2.4124912072634661e-03
1.2985249634837799e-02	0.0000000000000000e+00	2.4605908593752258e-03
1.3002702927357800e-02	0.0000000000000000e+00	2.4187514062060482e-03
1.3020156219877701e-02	0.0000000000000000e+00	2.2504677070884910e-03
1.3037609512397600e-02	0.0000000000000000e+00	1.9940337155703973e-03
1.3055062804917601e-02	0.0000000000000000e+00	1.8593238768875968e-03
1.3072516097437500e-02	0.0000000000000000e+00	1.8214301392691402e-03
1.3089969389957500e-02	0.0000000000000000e+00	1.8274970911390589e-03
1.3107422682477400e-02	0.0000000000000000e+00	1.9115016459949272e-03
1.3124875974997400e-02	0.0000000000000000e+00	2.0837156420154788e-03
1.3142329267517299e-02	0.0000000000000000e+00	2.3110149928880601e-03
1.3159782560037201e-02	0.0000000000000000e+00	2.4705138651959987e-03
1.3177235852557199e-02	0.0000000000000000e+00	2.4645120603177008e-03
1.3194689145077100e-02	0.0000000000000000e+00	2.4593763038931009e-03
1.3212142437597101e-02	0.0000000000000000e+00	2.4552385859316003e-03
1.3229595730117000e-02	0.0000000000000000e+00	2.4522056766209978e-03
1.3247049022637000e-02	0.0000000000000000e+00	2.4503560040166975e-03
1.3264502315156900e-02	0.0000000000000000e+00	2.4497373613900954e-03
1.3281955607676799e-02	0.0000000000000000e+00	2.4503655047682996e-03
1.3299408900196799e-02	0.0000000000000000e+00	2.4522237368852992e-03
1.3316862192716701e-02	0.0000000000000000e+00	2.4552633927991986e-03
1.3334315485236699e-02	0.0000000000000000e+00	2.4594053432315001e-03
1.3351768777756600e-02	0.0000000000000000e+00	2.4645423556476989e-03
1.3369222070276601e-02	0.0000000000000000e+00	2.4705422399316987e-03
1.3386675362796500e-02	0.0000000000000000e+00	2.4772516665088999e-03
1.3404128655316400e-02	0.0000000000000000e+00	2.4845005148191983e-03
1.3421581947836400e-02	0.0000000000000000e+00	2.4921065240369987e-03
1.3439035240356299e-02	0.0000000000000000e+00	2.4998801604360979e-03
1.3456488532876299e-02	0.0000000000000000e+00	2.5076295088303988e-03
1.3473941825396201e-02	0.0000000000000000e+00	2.5151650508793005e-03
1.3491395117916199e-02	0.0000000000000000e+00	2.5223042051828008e-03
1.3508848410436100e-02	0.0000000000000000e+00	2.5288755167378989e-03
1.3526301702956101e-02	0.0000000000000000e+00	2.5347224549247989e-03
1.3543754995476000e-02	0.0000000000000000e+00	2.5397067537860987e-03
1.3561208287995900e-02	0.0000000000000000e+00	2.5437112421091007e-03
1.3578661580515900e-02	0.0000000000000000e+00	2.5466421849899001e-03
1.3596114873035799e-02	0.0000000000000000e+00	2.5484311355045974e-03
1.3613568165555799e-02	0.0000000000000000e+00	2.5490362352710988e-03
1.3631021458075701e-02	0.0000000000000000e+00	2.5484430293858003e-03
1.3648474750595699e-02	0.0000000000000000e+00	2.4533352049388966e-03
1.3665928043115600e-02	0.0000000000000000e+00	2.4562576344889994e-03
1.3683381335635500e-02	0.0000000000000000e+00	2.4602566117240994e-03
1.3700834628155500e-02	0.0000000000000000e+00	2.4652389140953981e-03
1.3718287920675400e-02	0.0000000000000000e+00	2.4710875071322982e-03
1.3735741213195400e-02	0.0000000000000000e+00	2.4776638834742987e-03
1.3753194505715299e-02	0.0000000000000000e+00	2.4848109521975990e-03
1.3770647798235299e-02	0.0000000000000000e+00	2.4923564250012992e-03
1.3788101090755201e-02	0.0000000000000000e+00	2.5001167072305971e-03
1.3805554383275100e-02	0.0000000000000000e+00	2.4920987931865979e-03
1.3823007675795100e-02	0.0000000000000000e+00	2.4844830250275000e-03
1.3840460968315000e-02	0.0000000000000000e+00	2.4772264156476993e-03
1.3857914260835000e-02	0.0000000000000000e+00	2.4705119049492977e-03
1.3875367553354900e-02	0.0000000000000000e+00	2.4645100270375003e-03
1.3892820845874900e-02	0.0000000000000000e+00	2.4593742069353997e-03
1.3910274138394799e-02	0.0000000000000000e+00	2.4552364334757999e-03
1.3927727430914701e-02	0.0000000000000000e+00	2.4522034785975991e-03
1.3945180723434701e-02	0.0000000000000000e+00	2.4503537712394982e-03
1.3962634015954600e-02	0.0000000000000000e+00	2.4497351053059981e-03
1.3980087308474600e-02	0.0000000000000000e+00	2.4336075603357959e-03
1.3997540600994500e-02	0.0000000000000000e+00	2.4193850366004341e-03
1.4014993893514500e-02	0.0000000000000000e+00	2.4101269386102124e-03
1.4032447186034400e-02	0.0000000000000000e+00	2.4200331312735669e-03
1.4049900478554400e-02	0.0000000000000000e+00	2.4624420464413911e-03
1.4067353771074299e-02	0.0000000000000000e+00	2.4705400391493992e-03
1.4084807063594201e-02	0.0000000000000000e+00	2.4772495125441989e-03
1.4102260356114201e-02	0.0000000000000000e+00	2.4844984099683005e-03
1.4119713648634100e-02	0.0000000000000000e+00	2.4921044746154981e-03
1.4137166941154100e-02	0.0000000000000000e+00	2.4604314393783799e-03
1.4154620233674000e-02	0.0000000000000000e+00	2.4144348137917944e-03
1.4172073526194000e-02	0.0000000000000000e+00	2.3889225451677078e-03
1.4189526818713900e-02	0.0000000000000000e+00	2.3857376316829201e-03
1.4206980111233799e-02	0.0000000000000000e+00	2.4072732769081541e-03
1.4224433403753799e-02	0.0000000000000000e+00	2.4517099679422470e-03
1.4241886696273701e-02	0.0000000000000000e+00	2.5040677806874509e-03
1.4259339988793701e-02	0.0000000000000000e+00	2.5437098813614993e-03
1.4276793281313600e-02	0.0000000000000000e+00	2.5466409334104975e-03
1.4294246573833600e-02	0.0000000000000000e+00	2.5484300001328009e-03
1.4311699866353500e-02	0.0000000000000000e+00	2.5490352177840979e-03
1.4329153158873400e-02	0.0000000000000000e+00	2.5484421286261008e-03
1.4346606451393400e-02	0.0000000000000000e+00	2.5453787699973932e-03
1.4364059743913299e-02	0.0000000000000000e+00	2.5437417028330994e-03
1.4381513036433299e-02	0.0000000000000000e+00	2.5397428458645982e-03
1.4398966328953201e-02	0.0000000000000000e+00	2.5347606693377003e-03
1.4416419621473201e-02	0.0000000000000000e+00	2.5289122001989975e-03
1.4433872913993100e-02	0.0000000000000000e+00	2.5223359455077005e-03
1.4451326206513000e-02	0.0000000000000000e+00	2.5151889990788975e-03
1.4468779499033000e-02	0.0000000000000000e+00	2.5076436449540974e-03
1.4486232791552900e-02	0.0000000000000000e+00	2.4998834791595988e-03
1.4503686084072900e-02	0.0000000000000000e+00	2.4920990940705996e-03
1.4521139376592799e-02	0.0000000000000000e+00	2.4844834358570995e-03
1.4538592669112799e-02	0.0000000000000000e+00	2.4772269332184980e-03
1.4556045961632701e-02	0.0000000000000000e+00	2.4705125247917008e-03
1.4573499254152701e-02	0.0000000000000000e+00	2.4645107446251979e-03
1.4590952546672600e-02	0.0000000000000000e+00	2.4593750170043976e-03
1.4608405839192500e-02	0.0000000000000000e+00	2.4552373397172984e-03
1.4625859131712500e-02	0.0000000000000000e+00	2.4522044728944002e-03
1.4643312424232400e-02	0.0000000000000000e+00	2.4503548476661995e-03
1.4660765716752400e-02	0.0000000000000000e+00	2.4497362529195994e-03
1.4678219009272299e-02	0.0000000000000000e+00	2.4503644482704000e-03
1.4695672301792299e-02	0.0000000000000000e+00	2.4522227362695978e-03
1.4713125594312201e-02	0.0000000000000000e+00	2.4552624508689981e-03
1.4730578886832100e-02	0.0000000000000000e+00	2.4594044630242978e-03
1.4748032179352100e-02	0.0000000000000000e+00	2.4645415398838987e-03
1.4765485471872000e-02	0.0000000000000000e+00	2.4705414894192999e-03
1.4782938764392000e-02	0.0000000000000000e+00	2.4772509841790996e-03
1.4800392056911900e-02	0.0000000000000000e+00	2.4844999033435990e-03
1.4817845349431900e-02	0.0000000000000000e+00	2.4921059846871978e-03
1.4835298641951799e-02	0.0000000000000000e+00	2.4998796948184007e-03
1.4852751934471701e-02	0.0000000000000000e+00	2.5076291174396977e-03
1.4870205226991701e-02	0.0000000000000000e+00	2.5151647346912005e-03
1.4887658519511600e-02	0.0000000000000000e+00	2.5223039636581984e-03
1.4905111812031600e-02	0.0000000000000000e+00	2.5288753492306998e-03
1.4922565104551500e-02	0.0000000000000000e+00	2.5347223614738991e-03
1.4940018397071500e-02	0.0000000000000000e+00	2.5397067329538982e-03
1.4957471689591400e-02	0.0000000000000000e+00	2.5437112925533988e-03
1.4974924982111301e-02	0.0000000000000000e+00	2.5466423052872000e-03
1.4992378274631299e-02	0.0000000000000000e+00	2.5484313250943996e-03
1.5009831567151201e-02	0.0000000000000000e+00	2.5490364926150991e-03
1.5027284859671201e-02	0.0000000000000000e+00	2.5484433512432993e-03
1.5044738152191100e-02	0.0000000000000000e+00	2.5466651796680999e-03
1.5062191444711100e-02	0.0000000000000000e+00	2.5437428108170991e-03
1.5079644737231000e-02	0.0000000000000000e+00	2.5397438908410994e-03
1.5097098029750899e-02	0.0000000000000000e+00	2.5347616428734003e-03
1.5114551322270900e-02	0.0000000000000000e+00	2.5289131009059995e-03
1.5132004614790801e-02	0.0000000000000000e+00	2.5223367724354975e-03
1.5149457907310799e-02	0.0000000000000000e+00	2.5151897478761995e-03
1.5166911199830701e-02	0.0000000000000000e+00	2.5076443159675992e-03
1.5184364492350701e-02	0.0000000000000000e+00	2.4998840704359981e-03
1.5201817784870600e-02	0.0000000000000000e+00	2.4920996044719979e-03
1.5219271077390600e-02	0.0000000000000000e+00	2.4844838658058983e-03
1.5236724369910500e-02	0.0000000000000000e+00	2.4772272820907000e-03
1.5254177662430399e-02	0.0000000000000000e+00	2.4705127930645006e-03
1.5271630954950400e-02	0.0000000000000000e+00	2.4645109330914995e-03
1.5289084247470301e-02	0.0000000000000000e+00	2.4593751263269001e-03
1.5306537539990299e-02	0.0000000000000000e+00	2.4552373634317004e-03
1.5323990832510201e-02	0.0000000000000000e+00	2.4522044129106982e-03
1.5341444125030201e-02	0.0000000000000000e+00	2.4503547089462993e-03
1.5358897417550100e-02	0.0000000000000000e+00	2.4497360415503995e-03
1.5376350710070000e-02	0.0000000000000000e+00	2.4503641643361974e-03
1.5393804002590000e-02	0.0000000000000000e+00	2.4522223792786992e-03
1.5411257295109899e-02	0.0000000000000000e+00	2.4552620251681000e-03
1.5428710587629900e-02	0.0000000000000000e+00	2.4594039678526997e-03
1.5446163880149801e-02	0.0000000000000000e+00	2.4645409858770999e-03
1.5463617172669799e-02	0.0000000000000000e+00	2.4705408802449987e-03
1.5481070465189701e-02	0.0000000000000000e+00	2.4772503264096982e-03
1.5498523757709600e-02	0.0000000000000000e+00	2.4844991939148992e-03
1.5515977050229600e-02	0.0000000000000000e+00	2.4921052259761975e-03
1.5533430342749500e-02	0.0000000000000000e+00	2.4998788905229996e-03
1.5550883635269500e-02	0.0000000000000000e+00	2.5076282720854978e-03
1.5568336927789399e-02	0.0000000000000000e+00	2.5151638527332980e-03
1.5585790220309400e-02	0.0000000000000000e+00	2.5223030507997984e-03
1.5603243512829299e-02	0.0000000000000000e+00	2.5288744089514981e-03
1.5620696805349200e-02	0.0000000000000000e+00	2.5347213986397985e-03
1.5638150097869199e-02	0.0000000000000000e+00	2.5397057528383990e-03
1.5655603390389100e-02	0.0000000000000000e+00	2.5437102954910980e-03
1.5673056682909099e-02	0.0000000000000000e+00	2.5466412982759999e-03
1.5690509975429000e-02	0.0000000000000000e+00	2.5484303149774998e-03
1.5707963267949002e-02	0.0000000000000000e+00	2.5490354822561984e-03
1.5725416560468899e-02	0.0000000000000000e+00	2.5474102570731232e-03
1.5742869852988801e-02	0.0000000000000000e+00	2.5437871838523141e-03
1.5760323145508799e-02	0.0000000000000000e+00	2.5396599375372524e-03
1.5777776438028700e-02	0.0000000000000000e+00	2.5361389406995498e-03
1.5795229730548699e-02	0.0000000000000000e+00	2.5327666188742423e-03
1.5812683023068600e-02	0.0000000000000000e+00	2.5289121639501984e-03
1.5830136315588599e-02	0.0000000000000000e+00	2.5223358613820981e-03
1.5847589608108500e-02	0.0000000000000000e+00	2.5151888681472986e-03
1.5865042900628502e-02	0.0000000000000000e+00	2.5076434683782983e-03
1.5882496193148399e-02	0.0000000000000000e+00	2.4998832585316003e-03
1.5899949485668301e-02	0.0000000000000000e+00	2.4920988308580992e-03
1.5917402778188299e-02	0.0000000000000000e+00	2.4844831319393995e-03
1.5934856070708200e-02	0.0000000000000000e+00	2.4772265903969005e-03
1.5952309363228199e-02	0.0000000000000000e+00	2.4696742089419486e-03
1.5969762655748100e-02	0.0000000000000000e+00	2.4602091564973373e-03
1.5987215948268099e-02	0.0000000000000000e+00	2.4529428428945281e-03
1.6004669240788000e-02	0.0000000000000000e+00	2.4478114212650205e-03
1.6022122533307901e-02	0.0000000000000000e+00	2.4447693419101663e-03
1.6039575825827899e-02	0.0000000000000000e+00	2.4443437957274473e-03
1.6057029118347801e-02	0.0000000000000000e+00	2.4470550204190623e-03
1.6074482410867799e-02	0.0000000000000000e+00	2.1818906256366281e-03
1.6091935703387700e-02	0.0000000000000000e+00	1.9179563231715296e-03
1.6109388995907699e-02	0.0000000000000000e+00	1.6552034539107432e-03
1.6126842288427600e-02	0.0000000000000000e+00	1.3935529177619942e-03
1.6144295580947501e-02	0.0000000000000000e+00	1.1328974947917847e-03
1.6161748873467500e-02	0.0000000000000000e+00	8.7310496985771799e-04
1.6179202165987401e-02	0.0000000000000000e+00	6.1402180186798105e-04
1.6196655458507399e-02	0.0000000000000000e+00	3.5547779801003987e-04
1.6214108751027301e-02	0.0000000000000000e+00	9.7290989574661674e-05
1.6231562043547299e-02	0.0000000000000000e+00	1.6072811406280321e-04
1.6249015336067200e-02	0.0000000000000000e+00	4.1877140416706274e-04
1.6266468628587199e-02	0.0000000000000000e+00	6.7702838260480167e-04
1.6283921921107100e-02	0.0000000000000000e+00	9.3568159499203898e-04
1.6301375213627001e-02	0.0000000000000000e+00	1.1949023598899419e-03
1.6318828506147000e-02	0.0000000000000000e+00	1.4548470617156278e-03
1.6336281798666901e-02	0.0000000000000000e+00	1.7156544479770240e-03
1.6353735091186899e-02	0.0000000000000000e+00	1.9774426165246432e-03
1.6371188383706801e-02	0.0000000000000000e+00	2.2403046405196046e-03
1.6388641676226799e-02	0.0000000000000000e+00	2.4515691791667966e-03
1.6406094968746700e-02	0.0000000000000000e+00	2.4509639859750972e-03
1.6423548261266602e-02	0.0000000000000000e+00	2.4515571020544968e-03
1.6441001553786600e-02	0.0000000000000000e+00	2.4533352457852993e-03
1.6458454846306501e-02	0.0000000000000000e+00	2.4562575938785990e-03
1.6475908138826500e-02	0.0000000000000000e+00	2.4602564863084979e-03
1.6493361431346401e-02	0.0000000000000000e+00	2.4652386990683985e-03
1.6510814723866400e-02	0.0000000000000000e+00	2.4710872076986988e-03
1.6528268016386301e-02	0.0000000000000000e+00	2.4776635027373983e-03
1.6545721308906199e-02	0.0000000000000000e+00	2.4848104917622980e-03
1.6563174601426200e-02	0.0000000000000000e+00	2.4923558891165980e-03
1.6580627893946102e-02	0.0000000000000000e+00	2.5001160994445985e-03
1.6598081186466100e-02	0.0000000000000000e+00	2.5079005306709000e-03
1.6615534478986001e-02	0.0000000000000000e+00	2.5155162348554985e-03
1.6632987771506000e-02	0.0000000000000000e+00	2.5227727845532968e-03
1.6650441064025901e-02	0.0000000000000000e+00	2.5294872399830998e-03
1.6667894356545799e-02	0.0000000000000000e+00	2.5354890677988969e-03
1.6685347649065801e-02	0.0000000000000000e+00	2.5406248420096998e-03
1.6702800941585699e-02	0.0000000000000000e+00	2.5447625701213970e-03
1.6720254234105700e-02	0.0000000000000000e+00	2.5477954826576971e-03
1.6737707526625598e-02	0.0000000000000000e+00	2.5496451576845977e-03
1.6755160819145600e-02	0.0000000000000000e+00	2.5502637987919984e-03
1.6772614111665501e-02	0.0000000000000000e+00	2.5496356561207981e-03
1.6790067404185399e-02	0.0000000000000000e+00	2.5477774225681968e-03
1.6807520696705401e-02	0.0000000000000000e+00	2.5447377591172986e-03
1.6824973989225299e-02	0.0000000000000000e+00	2.5405957992075991e-03
1.6842427281745301e-02	0.0000000000000000e+00	2.5354587726749978e-03
1.6859880574265199e-02	0.0000000000000000e+00	2.5294588681244977e-03
1.6877333866785200e-02	0.0000000000000000e+00	2.5227494107356967e-03
1.6894787159305098e-02	0.0000000000000000e+00	2.5155005270035974e-03
1.6912240451825100e-02	0.0000000000000000e+00	2.5078944764296979e-03
1.6929693744345001e-02	0.0000000000000000e+00	2.5001207937530995e-03
1.6947147036864899e-02	0.0000000000000000e+00	2.4923713973483974e-03
1.6964600329384901e-02	0.0000000000000000e+00	2.4848358054823973e-03
1.6982053621904799e-02	0.0000000000000000e+00	2.4776966038113982e-03
1.6999506914424801e-02	0.0000000000000000e+00	2.4711252395042994e-03
1.7016960206944699e-02	0.0000000000000000e+00	2.4652782459423997e-03
1.7034413499464700e-02	0.0000000000000000e+00	2.4602938913718987e-03
1.7051866791984598e-02	0.0000000000000000e+00	2.4562893430096974e-03
1.7069320084504500e-02	0.0000000000000000e+00	2.4533583379714972e-03
1.7086773377024501e-02	0.0000000000000000e+00	2.4515693256383989e-03
1.7104226669544399e-02	0.0000000000000000e+00	2.4509641696027970e-03
1.7121679962064401e-02	0.0000000000000000e+00	2.4515573171401996e-03
1.7139133254584299e-02	0.0000000000000000e+00	2.4533354878146993e-03
1.7156586547104301e-02	0.0000000000000000e+00	2.4562578630705975e-03
1.7174039839624199e-02	0.0000000000000000e+00	2.4602567800084997e-03
1.7191493132144100e-02	0.0000000000000000e+00	2.4652390207577993e-03
1.7208946424664098e-02	0.0000000000000000e+00	2.4710875517416978e-03
1.7226399717184000e-02	0.0000000000000000e+00	2.4776638680885990e-03
1.7243853009704001e-02	0.0000000000000000e+00	2.4848108763570985e-03
1.7261306302223899e-02	0.0000000000000000e+00	2.4923562897812973e-03
1.7278759594743901e-02	0.0000000000000000e+00	2.5001165148804995e-03
1.7296212887263799e-02	0.0000000000000000e+00	2.5079009576199976e-03
1.7313666179783700e-02	0.0000000000000000e+00	2.5155166714837980e-03
1.7331119472303699e-02	0.0000000000000000e+00	2.5227732285999990e-03
1.7348572764823600e-02	0.0000000000000000e+00	2.5294876894649994e-03
1.7366026057343598e-02	0.0000000000000000e+00	2.5354895202882970e-03
1.7383479349863500e-02	0.0000000000000000e+00	2.5406252944037977e-03
1.7400932642383501e-02	0.0000000000000000e+00	2.5447630172515980e-03
1.7418385934903399e-02	0.0000000000000000e+00	2.5477959268783990e-03
1.7435839227423401e-02	0.0000000000000000e+00	2.5496455915830982e-03
1.7453292519943299e-02	0.0000000000000000e+00	2.5502642288769868e-03
1.7470745812463200e-02	0.0000000000000000e+00	2.5224594809666427e-03
1.7488199104983199e-02	0.0000000000000000e+00	2.4942610305766361e-03
1.7505652397503100e-02	0.0000000000000000e+00	2.4682044181053853e-03
1.7523105690023098e-02	0.0000000000000000e+00	2.4488462812830222e-03
1.7540558982543000e-02	0.0000000000000000e+00	2.4413026900361422e-03
1.7558012275063001e-02	0.0000000000000000e+00	2.4459125074130818e-03
1.7575465567582899e-02	0.0000000000000000e+00	2.4536619513591679e-03
1.7592918860102801e-02	0.0000000000000000e+00	2.4523090105364256e-03
1.7610372152622799e-02	0.0000000000000000e+00	2.4392669933937829e-03
1.7627825445142700e-02	0.0000000000000000e+00	2.4186553566348593e-03
1.7645278737662699e-02	0.0000000000000000e+00	2.3948900612123722e-03
1.7662732030182600e-02	0.0000000000000000e+00	2.3778076504534749e-03
1.7680185322702598e-02	0.0000000000000000e+00	2.3789335416977628e-03
1.7697638615222500e-02	0.0000000000000000e+00	2.3924684531798045e-03
1.7715091907742401e-02	0.0000000000000000e+00	2.3976602518878537e-03
1.7732545200262399e-02	0.0000000000000000e+00	2.3920401373863122e-03
1.7749998492782301e-02	0.0000000000000000e+00	2.3857851811714230e-03
1.7767451785302299e-02	0.0000000000000000e+00	2.3718080773940595e-03
1.7784905077822200e-02	0.0000000000000000e+00	2.3393661629307547e-03
1.7802358370342199e-02	0.0000000000000000e+00	2.3097321923714956e-03
1.7819811662862100e-02	0.0000000000000000e+00	2.3201273269542119e-03
1.7837264955382001e-02	0.0000000000000000e+00	2.3781508334791250e-03
1.7854718247902000e-02	0.0000000000000000e+00	2.4562577781339981e-03
1.7872171540421901e-02	0.0000000000000000e+00	2.4602566704505988e-03
1.7889624832941899e-02	0.0000000000000000e+00	2.4652388893524994e-03
1.7907078125461801e-02	0.0000000000000000e+00	2.4710873993741000e-03
1.7924531417981799e-02	0.0000000000000000e+00	2.4776636948101970e-03
1.7941984710501700e-02	0.0000000000000000e+00	2.4848106848074994e-03
1.7959438003021699e-02	0.0000000000000000e+00	2.4923560804726991e-03
1.7976891295541600e-02	0.0000000000000000e+00	2.5001162889943980e-03
1.7994344588061501e-02	0.0000000000000000e+00	2.5079007165348978e-03
1.8011797880581500e-02	0.0000000000000000e+00	2.5155164162703990e-03
1.8029251173101401e-02	0.0000000000000000e+00	2.5227729604900967e-03
1.8046704465621399e-02	0.0000000000000000e+00	2.5294874096219999e-03
1.8064157758141301e-02	0.0000000000000000e+00	2.5354892293309970e-03
1.8081611050661299e-02	0.0000000000000000e+00	2.5406249956171981e-03
1.8099064343181200e-02	0.0000000000000000e+00	2.5447627182598985e-03
1.8116517635701102e-02	0.0000000000000000e+00	2.5477956282485975e-03
1.8133970928221100e-02	0.0000000000000000e+00	2.5496452923811988e-03
1.8151424220741001e-02	0.0000000000000000e+00	2.5502639204962978e-03
1.8168877513261000e-02	0.0000000000000000e+00	2.3277398916921738e-03
1.8186330805780901e-02	0.0000000000000000e+00	2.1148417658001274e-03
1.8203784098300899e-02	0.0000000000000000e+00	1.9310325962988428e-03
1.8221237390820801e-02	0.0000000000000000e+00	1.8145704502042642e-03
1.8238690683340698e-02	0.0000000000000000e+00	1.8338077015195957e-03
1.8256143975860700e-02	0.0000000000000000e+00	1.9933885577340937e-03
1.8273597268380602e-02	0.0000000000000000e+00	2.1282543238418418e-03
1.8291050560900600e-02	0.0000000000000000e+00	2.1185173612618367e-03
1.8308503853420501e-02	0.0000000000000000e+00	1.9891970877892393e-03
1.8325957145940500e-02	0.0000000000000000e+00	1.7886120126172425e-03
1.8343410438460401e-02	0.0000000000000000e+00	1.5576859801673427e-03
1.8360863730980299e-02	0.0000000000000000e+00	1.3822524730153218e-03
1.8378317023500301e-02	0.0000000000000000e+00	1.3973806264420234e-03
1.8395770316020198e-02	0.0000000000000000e+00	1.6467692283233491e-03
1.8413223608540200e-02	0.0000000000000000e+00	2.0070998949464833e-03
1.8430676901060102e-02	0.0000000000000000e+00	2.2191510991411943e-03
1.8448130193580100e-02	0.0000000000000000e+00	2.1382163540716835e-03
1.8465583486100001e-02	0.0000000000000000e+00	1.8560548313129276e-03
1.8483036778619899e-02	0.0000000000000000e+00	1.5459195487804896e-03
1.8500490071139901e-02	0.0000000000000000e+00	1.2445379023415526e-03
1.8517943363659799e-02	0.0000000000000000e+00	9.6998940706677708e-04
1.8535396656179801e-02	0.0000000000000000e+00	8.5192623844947482e-04
1.8552849948699698e-02	0.0000000000000000e+00	1.0180991082196049e-03
1.8570303241219700e-02	0.0000000000000000e+00	1.4634904102131183e-03
1.8587756533739602e-02	0.0000000000000000e+00	1.7889766152819481e-03
1.8605209826259600e-02	0.0000000000000000e+00	1.7816343291521021e-03
1.8622663118779501e-02	0.0000000000000000e+00	1.4876347231407155e-03
1.8640116411299399e-02	0.0000000000000000e+00	8.9888107057837369e-04
1.8657569703819401e-02	0.0000000000000000e+00	2.5615445352209637e-05
1.8675022996339299e-02	0.0000000000000000e+00	1.0246938737952516e-03
1.8692476288859301e-02	0.0000000000000000e+00	1.9885877327766761e-03
1.8709929581379198e-02	0.0000000000000000e+00	2.4844835331093995e-03
1.8727382873899200e-02	0.0000000000000000e+00	2.4772269723301980e-03
1.8744836166419102e-02	0.0000000000000000e+00	2.1524579258162986e-03
1.8762289458938999e-02	0.0000000000000000e+00	1.3626162066487611e-03
1.8779742751459001e-02	0.0000000000000000e+00	5.8378570023187928e-04
1.8797196043978899e-02	0.0000000000000000e+00	1.2431497400638286e-05
1.8814649336498901e-02	0.0000000000000000e+00	3.3638063301496407e-04
1.8832102629018799e-02	0.0000000000000000e+00	3.8443776777996250e-04
1.8849555921538801e-02	0.0000000000000000e+00	2.3579089211639773e-04
1.8867009214058698e-02	0.0000000000000000e+00	3.0433034792249833e-04
1.8884462506578600e-02	0.0000000000000000e+00	3.6910731436024316e-04
1.8901915799098602e-02	0.0000000000000000e+00	4.2346938945949861e-04
1.8919369091618499e-02	0.0000000000000000e+00	4.4719713222748231e-04
1.8936822384138501e-02	0.0000000000000000e+00	4.2115722873521666e-04
1.8954275676658399e-02	0.0000000000000000e+00	3.9890698916453943e-04
1.8971728969178401e-02	0.0000000000000000e+00	4.4002650249166247e-04
1.8989182261698299e-02	0.0000000000000000e+00	5.5062913708363304e-04
1.9006635554218200e-02	0.0000000000000000e+00	6.9263678584534361e-04
1.9024088846738198e-02	0.0000000000000000e+00	8.1244587049706524e-04
1.9041542139258100e-02	0.0000000000000000e+00	8.9706466125376999e-04
1.9058995431778102e-02	0.0000000000000000e+00	9.5959056908180226e-04
1.9076448724297999e-02	0.0000000000000000e+00	1.0061201471219111e-03
1.9093902016818001e-02	0.0000000000000000e+00	1.0337412596571824e-03
1.9111355309337899e-02	0.0000000000000000e+00	1.0325278984864503e-03
1.9128808601857800e-02	0.0000000000000000e+00	9.9579631688229836e-04
1.9146261894377799e-02	0.0000000000000000e+00	9.4315211005956828e-04
1.9163715186897700e-02	0.0000000000000000e+00	9.3582496686981168e-04
1.9181168479417698e-02	0.0000000000000000e+00	1.0180749182102343e-03
1.9198621771937600e-02	0.0000000000000000e+00	1.1630495876517738e-03
1.9216075064457602e-02	0.0000000000000000e+00	1.3295531200810291e-03
1.9233528356977499e-02	0.0000000000000000e+00	1.4982195940093403e-03
1.9250981649497501e-02	0.0000000000000000e+00	1.6381366005914777e-03
1.9268434942017399e-02	0.0000000000000000e+00	1.7336049072671431e-03
1.9285888234537300e-02	0.0000000000000000e+00	1.7915787478537705e-03
1.9303341527057299e-02	0.0000000000000000e+00	1.8137344227656983e-03
1.9320794819577200e-02	0.0000000000000000e+00	1.7886071240008281e-03
1.9338248112097198e-02	0.0000000000000000e+00	1.6873004312985447e-03
1.9355701404617100e-02	0.0000000000000000e+00	1.5041907416096616e-03
1.9373154697137102e-02	0.0000000000000000e+00	1.3089341535635381e-03
1.9390607989656999e-02	0.0000000000000000e+00	1.2058644153382959e-03
1.9408061282176901e-02	0.0000000000000000e+00	1.2666019784385411e-03
1.9425514574696899e-02	0.0000000000000000e+00	1.4883922742620972e-03
1.9442967867216800e-02	0.0000000000000000e+00	1.7977317964412778e-03
1.9460421159736799e-02	0.0000000000000000e+00	2.0998453342051838e-03
1.9477874452256700e-02	0.0000000000000000e+00	2.3596622669150198e-03
1.9495327744776698e-02	0.0000000000000000e+00	2.5447628895541967e-03
1.9512781037296600e-02	0.0000000000000000e+00	2.5477958034550996e-03
1.9530234329816501e-02	0.0000000000000000e+00	2.5496454749890998e-03
1.9547687622336499e-02	0.0000000000000000e+00	2.5502641070840326e-03
1.9565140914856401e-02	0.0000000000000000e+00	2.4503640520352997e-03
1.9582594207376399e-02	0.0000000000000000e+00	2.4522223062173991e-03
1.9600047499896300e-02	0.0000000000000000e+00	2.4552619899164997e-03
1.9617500792416299e-02	0.0000000000000000e+00	2.4594039745891999e-03
1.9634954084936200e-02	0.0000000000000000e+00	2.5354589718682985e-03
1.9652407377456101e-02	0.0000000000000000e+00	2.5294590410484992e-03
1.9669860669976100e-02	0.0000000000000000e+00	2.5227495641920970e-03
1.9687313962496001e-02	0.0000000000000000e+00	2.5155006626674976e-03
1.9704767255015999e-02	0.0000000000000000e+00	2.4921054039190003e-03
1.9722220547535901e-02	0.0000000000000000e+00	2.4998791007701977e-03
1.9739673840055899e-02	0.0000000000000000e+00	2.5076285128411979e-03
1.9757127132575800e-02	0.0000000000000000e+00	2.5151641211131996e-03
1.9774580425095799e-02	0.0000000000000000e+00	2.5223033449842981e-03
1.9792033717615700e-02	0.0000000000000000e+00	2.5288747292367998e-03
1.9809487010135601e-02	0.0000000000000000e+00	2.5347217418640981e-03
1.9826940302655600e-02	0.0000000000000000e+00	2.5397061176134980e-03
1.9844393595175501e-02	0.0000000000000000e+00	2.5437106839328975e-03
1.9861846887695499e-02	0.0000000000000000e+00	2.5466417083319995e-03
1.9879300180215401e-02	0.0000000000000000e+00	2.5484307385163982e-03
1.9896753472735399e-02	0.0000000000000000e+00	2.5490359176310977e-03
1.9914206765255300e-02	0.0000000000000000e+00	2.5484427930108008e-03
1.9931660057775202e-02	0.0000000000000000e+00	2.5466646386765983e-03
1.9949113350295200e-02	0.0000000000000000e+00	2.5437422864624006e-03
1.9966566642815101e-02	0.0000000000000000e+00	2.5397433870173007e-03
1.9984019935335100e-02	0.0000000000000000e+00	2.5347611611179002e-03
2.0001473227855001e-02	0.0000000000000000e+00	2.5289126429761007e-03
2.0018926520374999e-02	0.0000000000000000e+00	2.5223363397560983e-03
2.0036379812894901e-02	0.0000000000000000e+00	2.5151893416839981e-03
2.0053833105414798e-02	0.0000000000000000e+00	2.5076439379005007e-03
2.0071286397934800e-02	0.0000000000000000e+00	2.4998837211277977e-03
2.0088739690454702e-02	0.0000000000000000e+00	2.4920992855030979e-03
2.0106192982974700e-02	0.0000000000000000e+00	2.4844835776555996e-03
2.0123646275494601e-02	0.0000000000000000e+00	2.4772270256786001e-03
2.0141099568014600e-02	0.0000000000000000e+00	2.4705125688533995e-03
2.0158552860534501e-02	0.0000000000000000e+00	2.4645107417036981e-03
2.0176006153054399e-02	0.0000000000000000e+00	2.4593749678820977e-03
2.0193459445574401e-02	0.0000000000000000e+00	2.4552372386677998e-03
2.0210912738094299e-02	0.0000000000000000e+00	2.4522043198563978e-03
2.0228366030614300e-02	0.0000000000000000e+00	2.4503546472518997e-03
2.0245819323134202e-02	0.0000000000000000e+00	2.4497360110221009e-03
2.0263272615654200e-02	0.0000000000000000e+00	2.4248991915554949e-03
2.0280725908174101e-02	0.0000000000000000e+00	2.4055067801519760e-03
2.0298179200694100e-02	0.0000000000000000e+00	2.3995044890711865e-03
2.0315632493214001e-02	0.0000000000000000e+00	2.4124521287237598e-03
2.0333085785733899e-02	0.0000000000000000e+00	2.4410767879111082e-03
2.0350539078253901e-02	0.0000000000000000e+00	2.4705410359321979e-03
2.0367992370773799e-02	0.0000000000000000e+00	2.4772505098538990e-03
2.0385445663293800e-02	0.0000000000000000e+00	2.4844994039903978e-03
2.0402898955813702e-02	0.0000000000000000e+00	2.4665261292318164e-03
2.0420352248333700e-02	0.0000000000000000e+00	2.4421875096930848e-03
2.0437805540853601e-02	0.0000000000000000e+00	2.4341784367129422e-03
2.0455258833373499e-02	0.0000000000000000e+00	2.4603519977014210e-03
2.0472712125893501e-02	0.0000000000000000e+00	2.5223033703025977e-03
2.0490165418413399e-02	0.0000000000000000e+00	2.5288747458178003e-03
2.0507618710933401e-02	0.0000000000000000e+00	2.5347217510785988e-03
2.0525072003453299e-02	0.0000000000000000e+00	2.5397061187535999e-03
2.0542525295973300e-02	0.0000000000000000e+00	2.5437106751573998e-03
2.0559978588493202e-02	0.0000000000000000e+00	2.5466416886975006e-03
2.0577431881013099e-02	0.0000000000000000e+00	2.5484307133221001e-03
2.0594885173533101e-02	0.0000000000000000e+00	2.5209188164247234e-03
2.0612338466052999e-02	0.0000000000000000e+00	2.5484427537313982e-03
2.0629791758573001e-02	0.0000000000000000e+00	2.5466645933812995e-03
2.0647245051092899e-02	0.0000000000000000e+00	2.5437422302986984e-03
2.0664698343612901e-02	0.0000000000000000e+00	2.5397433218263994e-03
2.0682151636132799e-02	0.0000000000000000e+00	2.5347610935539007e-03
2.0699604928652700e-02	0.0000000000000000e+00	2.5289125706116980e-03
2.0717058221172702e-02	0.0000000000000000e+00	2.5223362622928992e-03
2.0734511513692599e-02	0.0000000000000000e+00	2.5151892607808979e-03
2.0751964806212601e-02	0.0000000000000000e+00	2.5076438525362989e-03
2.0769418098732499e-02	0.0000000000000000e+00	2.4998836322559989e-03
2.0786871391252501e-02	0.0000000000000000e+00	2.4920991922626999e-03
2.0804324683772399e-02	0.0000000000000000e+00	2.4844834808372997e-03
2.0821777976292300e-02	0.0000000000000000e+00	2.4772269251834983e-03
2.0839231268812299e-02	0.0000000000000000e+00	2.4705124651329992e-03
2.0856684561332200e-02	0.0000000000000000e+00	2.4645106344101976e-03
2.0874137853852202e-02	0.0000000000000000e+00	2.4593748582707985e-03
2.0891591146372099e-02	0.0000000000000000e+00	2.4552371250879008e-03
2.0909044438892101e-02	0.0000000000000000e+00	2.4522042077494005e-03
2.0926497731411999e-02	0.0000000000000000e+00	2.4503545334668975e-03
2.0943951023932001e-02	0.0000000000000000e+00	2.4497358933337002e-03
