0.0000000000000000e+00	0.0000000000000000e+00	1.9325478439443786e-05
1.7453292519943300e-05	0.0000000000000000e+00	1.9362256750829407e-05
3.4906585039886600e-05	0.0000000000000000e+00	1.9398965544050644e-05
5.2359877559829903e-05	0.0000000000000000e+00	1.9435626956840823e-05
6.9813170079773199e-05	0.0000000000000000e+00	1.9472468735907547e-05
8.7266462599716496e-05	0.0000000000000000e+00	1.9510533063589947e-05
1.0471975511966000e-04	0.0000000000000000e+00	1.9552814276355180e-05
1.2217304763960301e-04	0.0000000000000000e+00	1.9605802874105482e-05
1.3962634015954599e-04	0.0000000000000000e+00	1.9681206968419267e-05
1.5707963267949001e-04	0.0000000000000000e+00	1.9797594180424742e-05
1.7453292519943299e-04	0.0000000000000000e+00	1.9981682527344450e-05
1.9198621771937600e-04	0.0000000000000000e+00	2.0269029822535627e-05
2.0943951023931999e-04	0.0000000000000000e+00	2.0706972980048765e-05
2.2689280275926300e-04	0.0000000000000000e+00	2.1348250807548344e-05
2.4434609527920601e-04	0.0000000000000000e+00	2.2502275092821375e-05
2.6179938779914903e-04	0.0000000000000000e+00	2.5210541085673358e-05
2.7925268031909301e-04	0.0000000000000000e+00	2.8002991931222925e-05
2.9670597283903603e-04	0.0000000000000000e+00	3.0740606278009445e-05
3.1415926535897898e-04	0.0000000000000000e+00	3.3256065479308256e-05
3.3161255787892303e-04	0.0000000000000000e+00	3.5358110938868426e-05
3.4906585039886598e-04	0.0000000000000000e+00	3.6837703321366404e-05
3.6651914291880900e-04	0.0000000000000000e+00	3.9659347070582405e-05
3.8397243543875201e-04	0.0000000000000000e+00	4.3934462152279123e-05
4.0142572795869599e-04	0.0000000000000000e+00	4.8640384525924890e-05
4.1887902047863901e-04	0.0000000000000000e+00	5.3749518390517547e-05
4.3633231299858202e-04	0.0000000000000000e+00	5.9203458557652728e-05
4.5378560551852601e-04	0.0000000000000000e+00	6.4847757832773448e-05
4.7123889803846902e-04	0.0000000000000000e+00	7.0360237292547737e-05
4.8869219055841203e-04	0.0000000000000000e+00	7.5215504633991187e-05
5.0614548307835602e-04	0.0000000000000000e+00	7.8709315550035884e-05
5.2359877559829903e-04	0.0000000000000000e+00	8.0086767733579650e-05
5.4105206811824204e-04	0.0000000000000000e+00	7.8647797981775704e-05
5.5850536063818505e-04	0.0000000000000000e+00	7.3838922347439182e-05
5.7595865315812904e-04	0.0000000000000000e+00	6.9725357449661451e-05
5.9341194567807205e-04	0.0000000000000000e+00	8.6408539362791358e-05
6.1086523819801496e-04	0.0000000000000000e+00	1.0280023864116697e-04
6.2831853071795905e-04	0.0000000000000000e+00	1.1834298003318392e-04
6.4577182323790196e-04	0.0000000000000000e+00	1.3244645689956249e-04
6.6322511575784497e-04	0.0000000000000000e+00	1.4450520533293266e-04
6.8067840827778798e-04	0.0000000000000000e+00	1.5393316952740793e-04
6.9813170079773197e-04	0.0000000000000000e+00	1.6170496117339146e-04
7.1558499331767498e-04	0.0000000000000000e+00	1.9949254650916662e-04
7.3303828583761799e-04	0.0000000000000000e+00	2.5361175094420330e-04
7.5049157835756198e-04	0.0000000000000000e+00	3.0986504760623454e-04
7.6794487087750499e-04	0.0000000000000000e+00	3.6682806900220492e-04
7.8539816339744800e-04	0.0000000000000000e+00	4.2286741367030954e-04
8.0285145591739199e-04	0.0000000000000000e+00	4.7617326548306184e-04
8.2030474843733500e-04	0.0000000000000000e+00	5.2480113649008343e-04
8.3775804095727801e-04	0.0000000000000000e+00	5.6672264768260424e-04
8.5521133347722102e-04	0.0000000000000000e+00	5.9988401949331437e-04
8.7266462599716501e-04	0.0000000000000000e+00	6.2227113625268544e-04
8.9011791851710802e-04	0.0000000000000000e+00	6.3197882095833620e-04
9.0757121103705104e-04	0.0000000000000000e+00	6.2728264430686768e-04
9.2502450355699502e-04	0.0000000000000000e+00	6.0671249932656916e-04
9.4247779607693804e-04	0.0000000000000000e+00	5.6912153825422820e-04
9.5993108859688105e-04	0.0000000000000000e+00	5.1375305158529597e-04
9.7738438111682406e-04	0.0000000000000000e+00	4.4029898379313825e-04
9.9483767363676805e-04	0.0000000000000000e+00	3.4894875287157782e-04
1.0122909661567101e-03	0.0000000000000000e+00	3.3103764420419775e-04
1.0297442586766500e-03	0.0000000000000000e+00	3.5324169979049705e-04
1.0471975511966000e-03	0.0000000000000000e+00	3.6813292998980334e-04
1.0646508437165401e-03	0.0000000000000000e+00	3.7487372324998520e-04
1.0821041362364800e-03	0.0000000000000000e+00	3.7526936763136520e-04
1.0995574287564300e-03	0.0000000000000000e+00	4.9541568491512334e-04
1.1170107212763701e-03	0.0000000000000000e+00	6.6097107456673874e-04
1.1344640137963100e-03	0.0000000000000000e+00	8.2382104968185170e-04
1.1519173063162600e-03	0.0000000000000000e+00	9.7955647776724257e-04
1.1693705988361999e-03	0.0000000000000000e+00	1.1236379758728539e-03
1.1868238913561400e-03	0.0000000000000000e+00	1.2515174554449506e-03
1.2042771838760900e-03	0.0000000000000000e+00	1.3587676504182857e-03
1.2217304763960299e-03	0.0000000000000000e+00	1.4412162911736617e-03
1.2391837689159700e-03	0.0000000000000000e+00	1.4950810708375182e-03
1.2566370614359201e-03	0.0000000000000000e+00	1.5171014081877150e-03
1.2740903539558599e-03	0.0000000000000000e+00	1.5046628845084612e-03
1.2915436464758000e-03	0.0000000000000000e+00	1.4559102458310219e-03
1.3089969389957501e-03	0.0000000000000000e+00	1.3698450166126021e-03
1.3264502315156899e-03	0.0000000000000000e+00	1.2464040201633961e-03
1.3439035240356300e-03	0.0000000000000000e+00	1.0865150868725505e-03
1.3613568165555801e-03	0.0000000000000000e+00	8.9212901315597248e-04
1.3788101090755199e-03	0.0000000000000000e+00	6.6622311454135749e-04
1.3962634015954600e-03	0.0000000000000000e+00	5.3596075183790881e-04
1.4137166941154101e-03	0.0000000000000000e+00	5.4342245529045931e-04
1.4311699866353500e-03	0.0000000000000000e+00	5.4187664500959137e-04
1.4486232791552900e-03	0.0000000000000000e+00	5.4578617986236159e-04
1.4660765716752401e-03	0.0000000000000000e+00	7.6571177695039050e-04
1.4835298641951800e-03	0.0000000000000000e+00	1.0675985044115621e-03
1.5009831567151201e-03	0.0000000000000000e+00	1.3571733695095204e-03
1.5184364492350699e-03	0.0000000000000000e+00	1.6265077874942425e-03
1.5358897417550100e-03	0.0000000000000000e+00	1.8678168386106904e-03
1.5533430342749501e-03	0.0000000000000000e+00	2.0736752895492592e-03
1.5707963267948999e-03	0.0000000000000000e+00	2.2372336025806416e-03
1.5882496193148400e-03	0.0000000000000000e+00	2.3524278998297821e-03
1.6057029118347801e-03	0.0000000000000000e+00	2.4141777369962184e-03
1.6231562043547299e-03	0.0000000000000000e+00	2.4185656462583135e-03
1.6406094968746700e-03	0.0000000000000000e+00	2.3629926144735159e-03
1.6580627893946101e-03	0.0000000000000000e+00	2.2463043813260846e-03
1.6755160819145599e-03	0.0000000000000000e+00	2.0688839014369464e-03
1.6929693744345000e-03	0.0000000000000000e+00	1.8327053602049195e-03
1.7104226669544401e-03	0.0000000000000000e+00	1.5413471989919262e-03
1.7278759594743899e-03	0.0000000000000000e+00	1.1999630173725516e-03
1.7453292519943300e-03	0.0000000000000000e+00	8.2589534348824066e-04
1.7627825445142699e-03	0.0000000000000000e+00	8.3149585670955954e-04
1.7802358370342200e-03	0.0000000000000000e+00	8.1649129597110735e-04
1.7976891295541600e-03	0.0000000000000000e+00	8.0297604654850079e-04
1.8151424220740999e-03	0.0000000000000000e+00	9.7946953968435575e-04
1.8325957145940500e-03	0.0000000000000000e+00	1.4390639957484735e-03
1.8500490071139900e-03	0.0000000000000000e+00	1.8798088738037721e-03
1.8675022996339299e-03	0.0000000000000000e+00	2.2898757643061160e-03
1.8849555921538800e-03	0.0000000000000000e+00	2.6578015885341832e-03
1.9024088846738201e-03	0.0000000000000000e+00	2.9728016566145858e-03
1.9198621771937599e-03	0.0000000000000000e+00	3.2250754950352112e-03
1.9373154697137100e-03	0.0000000000000000e+00	3.4060967100557203e-03
1.9547687622336499e-03	0.0000000000000000e+00	3.5088785786058173e-03
1.9722220547535902e-03	0.0000000000000000e+00	3.5282074076578452e-03
1.9896753472735400e-03	0.0000000000000000e+00	3.4608364181251631e-03
2.0071286397934799e-03	0.0000000000000000e+00	3.3056333727006894e-03
2.0245819323134202e-03	0.0000000000000000e+00	3.0636774421311363e-03
2.0420352248333700e-03	0.0000000000000000e+00	2.7383003858863783e-03
2.0594885173533099e-03	0.0000000000000000e+00	2.3350685005926099e-03
2.0769418098732502e-03	0.0000000000000000e+00	1.8617067572596934e-03
2.0943951023932000e-03	0.0000000000000000e+00	1.3279635935479585e-03
2.1118483949131399e-03	0.0000000000000000e+00	1.0788119774243542e-03
2.1293016874330802e-03	0.0000000000000000e+00	1.0576606275942129e-03
2.1467549799530201e-03	0.0000000000000000e+00	1.0413160185065540e-03
2.1642082724729699e-03	0.0000000000000000e+00	1.1572673045115473e-03
2.1816615649929102e-03	0.0000000000000000e+00	1.7921872883311554e-03
2.1991148575128501e-03	0.0000000000000000e+00	2.4007056749132242e-03
2.2165681500327999e-03	0.0000000000000000e+00	2.9668626685734338e-03
2.2340214425527402e-03	0.0000000000000000e+00	3.4753372332046281e-03
2.2514747350726801e-03	0.0000000000000000e+00	3.9118575024725709e-03
2.2689280275926299e-03	0.0000000000000000e+00	4.2635947089183597e-03
2.2863813201125698e-03	0.0000000000000000e+00	4.5195295715512729e-03
2.3038346126325101e-03	0.0000000000000000e+00	4.6707808816503320e-03
2.3212879051524599e-03	0.0000000000000000e+00	4.7108867640166452e-03
2.3387411976723998e-03	0.0000000000000000e+00	4.6360299505907605e-03
2.3561944901923401e-03	0.0000000000000000e+00	4.4451999196261534e-03
2.3736477827122899e-03	0.0000000000000000e+00	4.1402868851468716e-03
2.3911010752322298e-03	0.0000000000000000e+00	3.7261022390273220e-03
2.4085543677521701e-03	0.0000000000000000e+00	3.2103242091503495e-03
2.4260076602721200e-03	0.0000000000000000e+00	2.6033676192576379e-03
2.4434609527920598e-03	0.0000000000000000e+00	1.9181857529201650e-03
2.4609142453120001e-03	0.0000000000000000e+00	1.3456576021045722e-03
2.4783675378319500e-03	0.0000000000000000e+00	1.3142507682284033e-03
2.4958208303518898e-03	0.0000000000000000e+00	1.2753386592375064e-03
2.5132741228718301e-03	0.0000000000000000e+00	1.2739356891003416e-03
2.5307274153917800e-03	0.0000000000000000e+00	2.0895976201074896e-03
2.5481807079117198e-03	0.0000000000000000e+00	2.8717711186078991e-03
2.5656340004316601e-03	0.0000000000000000e+00	3.6003564091880731e-03
2.5830872929516100e-03	0.0000000000000000e+00	4.2561784646991578e-03
2.6005405854715499e-03	0.0000000000000000e+00	4.8214933621596829e-03
2.6179938779914902e-03	0.0000000000000000e+00	5.2804688564787160e-03
2.6354471705114400e-03	0.0000000000000000e+00	5.6196259383078581e-03
2.6529004630313799e-03	0.0000000000000000e+00	5.8282287999226129e-03
2.6703537555513202e-03	0.0000000000000000e+00	5.8986124288951921e-03
2.6878070480712700e-03	0.0000000000000000e+00	5.8264368593544825e-03
2.7052603405912099e-03	0.0000000000000000e+00	5.6108605448825137e-03
2.7227136331111502e-03	0.0000000000000000e+00	5.2546295360623805e-03
2.7401669256311000e-03	0.0000000000000000e+00	4.7640716567823472e-03
2.7576202181510399e-03	0.0000000000000000e+00	4.1490014526363896e-03
2.7750735106709802e-03	0.0000000000000000e+00	3.4225319851144873e-03
2.7925268031909300e-03	0.0000000000000000e+00	2.6008015411745316e-03
2.8099800957108699e-03	0.0000000000000000e+00	1.7026154294868228e-03
2.8274333882308102e-03	0.0000000000000000e+00	1.5097548545708365e-03
2.8448866807507600e-03	0.0000000000000000e+00	1.4617208199179089e-03
2.8623399732706999e-03	0.0000000000000000e+00	1.4432572842118271e-03
2.8797932657906402e-03	0.0000000000000000e+00	2.2111091839531619e-03
2.8972465583105901e-03	0.0000000000000000e+00	3.1496047914010223e-03
2.9146998508305299e-03	0.0000000000000000e+00	4.0236667695279105e-03
2.9321531433504698e-03	0.0000000000000000e+00	4.8105918137812910e-03
2.9496064358704201e-03	0.0000000000000000e+00	5.4895103591386437e-03
2.9670597283903599e-03	0.0000000000000000e+00	6.0419406557474381e-03
2.9845130209102998e-03	0.0000000000000000e+00	6.4522900278394706e-03
3.0019663134302501e-03	0.0000000000000000e+00	6.7082892839781206e-03
3.0194196059501899e-03	0.0000000000000000e+00	6.8013484006706308e-03
3.0368728984701298e-03	0.0000000000000000e+00	6.7268234600531647e-03
3.0543261909900801e-03	0.0000000000000000e+00	6.4841865904287617e-03
3.0717794835100200e-03	0.0000000000000000e+00	6.0770948481991827e-03
3.0892327760299598e-03	0.0000000000000000e+00	5.5133554010871151e-03
3.1066860685499101e-03	0.0000000000000000e+00	4.8047800485281006e-03
3.1241393610698500e-03	0.0000000000000000e+00	3.9669450356679646e-03
3.1415926535897898e-03	0.0000000000000000e+00	3.0188470226285478e-03
3.1590459461097401e-03	0.0000000000000000e+00	1.9824806991978459e-03
3.1764992386296800e-03	0.0000000000000000e+00	1.7383332125155942e-03
3.1939525311496198e-03	0.0000000000000000e+00	1.6704048753214307e-03
3.2114058236695701e-03	0.0000000000000000e+00	1.6425986882513401e-03
3.2288591161895100e-03	0.0000000000000000e+00	2.5314316506984949e-03
3.2463124087094499e-03	0.0000000000000000e+00	3.6136295117910906e-03
3.2637657012294001e-03	0.0000000000000000e+00	4.6218272470720115e-03
3.2812189937493400e-03	0.0000000000000000e+00	5.5301673772060042e-03
3.2986722862692799e-03	0.0000000000000000e+00	6.3149554935195010e-03
3.3161255787892301e-03	0.0000000000000000e+00	6.9552823799548021e-03
3.3335788713091700e-03	0.0000000000000000e+00	7.4335841612846341e-03
3.3510321638291099e-03	0.0000000000000000e+00	7.7361256170607948e-03
3.3684854563490602e-03	0.0000000000000000e+00	7.8533936748364768e-03
3.3859387488690000e-03	0.0000000000000000e+00	7.7803865319993623e-03
3.4033920413889399e-03	0.0000000000000000e+00	7.5167924473680051e-03
3.4208453339088902e-03	0.0000000000000000e+00	7.0670530959798762e-03
3.4382986264288300e-03	0.0000000000000000e+00	6.4403051529143543e-03
3.4557519189487699e-03	0.0000000000000000e+00	5.6501966863405188e-03
3.4732052114687202e-03	0.0000000000000000e+00	4.7145953818505688e-03
3.4906585039886600e-03	0.0000000000000000e+00	3.6551804385924411e-03
3.5081117965085999e-03	0.0000000000000000e+00	2.4969374379218996e-03
3.5255650890285502e-03	0.0000000000000000e+00	1.8861151339718859e-03
3.5430183815484901e-03	0.0000000000000000e+00	1.8109620247562161e-03
3.5604716740684299e-03	0.0000000000000000e+00	1.7711569567195155e-03
3.5779249665883698e-03	0.0000000000000000e+00	2.5442664733317795e-03
3.5953782591083201e-03	0.0000000000000000e+00	3.7515778622249671e-03
3.6128315516282599e-03	0.0000000000000000e+00	4.8759749632835058e-03
3.6302848441482102e-03	0.0000000000000000e+00	5.8889321085663030e-03
3.6477381366681501e-03	0.0000000000000000e+00	6.7644509165036785e-03
3.6651914291880900e-03	0.0000000000000000e+00	7.4797319450692684e-03
3.6826447217080398e-03	0.0000000000000000e+00	8.0157705794876785e-03
3.7000980142279801e-03	0.0000000000000000e+00	8.3578608419919466e-03
3.7175513067479200e-03	0.0000000000000000e+00	8.4959933342934908e-03
3.7350045992678598e-03	0.0000000000000000e+00	8.4251394544737328e-03
3.7524578917878101e-03	0.0000000000000000e+00	8.1454081936641973e-03
3.7699111843077500e-03	0.0000000000000000e+00	7.6620806181879877e-03
3.7873644768276998e-03	0.0000000000000000e+00	6.9855092667543478e-03
3.8048177693476401e-03	0.0000000000000000e+00	6.1308980293605679e-03
3.8222710618675800e-03	0.0000000000000000e+00	5.1179539239768791e-03
3.8397243543875199e-03	0.0000000000000000e+00	3.9704343194543268e-03
3.8571776469074701e-03	0.0000000000000000e+00	2.7155905912715915e-03
3.8746309394274100e-03	0.0000000000000000e+00	2.0223806954465786e-03
3.8920842319473499e-03	0.0000000000000000e+00	1.9303532469223911e-03
3.9095375244672997e-03	0.0000000000000000e+00	1.8816568678649481e-03
3.9269908169872400e-03	0.0000000000000000e+00	2.7479820370037060e-03
3.9444441095071803e-03	0.0000000000000000e+00	4.0574261113835459e-03
3.9618974020271302e-03	0.0000000000000000e+00	5.2777822571499758e-03
3.9793506945470696e-03	0.0000000000000000e+00	6.3783613778984434e-03
3.9968039870670099e-03	0.0000000000000000e+00	7.3312116386366989e-03
4.0142572795869597e-03	0.0000000000000000e+00	8.1118337550564520e-03
4.0317105721069000e-03	0.0000000000000000e+00	8.6998209721567618e-03
4.0491638646268403e-03	0.0000000000000000e+00	9.0794003174804998e-03
4.0666171571467902e-03	0.0000000000000000e+00	9.2398628822150976e-03
4.0840704496667296e-03	0.0000000000000000e+00	9.1758708999923715e-03
4.1015237421866699e-03	0.0000000000000000e+00	8.8876290284517611e-03
4.1189770347066198e-03	0.0000000000000000e+00	8.3809174638366634e-03
4.1364303272265601e-03	0.0000000000000000e+00	7.6669851310252127e-03
4.1538836197465004e-03	0.0000000000000000e+00	6.7623028619128896e-03
4.1713369122664502e-03	0.0000000000000000e+00	5.6881820887522147e-03
4.1887902047863896e-03	0.0000000000000000e+00	4.4702667924468378e-03
4.2062434973063299e-03	0.0000000000000000e+00	3.1379180281766866e-03
4.2236967898262798e-03	0.0000000000000000e+00	2.1232019065135885e-03
4.2411500823462201e-03	0.0000000000000000e+00	2.0255895494341882e-03
4.2586033748661604e-03	0.0000000000000000e+00	1.9657964078597582e-03
4.2760566673861102e-03	0.0000000000000000e+00	2.6606741019611613e-03
4.2935099599060497e-03	0.0000000000000000e+00	4.0486504229072327e-03
4.3109632524259900e-03	0.0000000000000000e+00	5.3412855692681728e-03
4.3284165449459398e-03	0.0000000000000000e+00	6.5061937963247487e-03
4.3458698374658801e-03	0.0000000000000000e+00	7.5140193363851162e-03
4.3633231299858204e-03	0.0000000000000000e+00	8.3391803874664217e-03
4.3807764225057702e-03	0.0000000000000000e+00	8.9605207723667570e-03
4.3982297150257097e-03	0.0000000000000000e+00	9.3618522959377764e-03
4.4156830075456500e-03	0.0000000000000000e+00	9.5323717506855671e-03
4.4331363000655998e-03	0.0000000000000000e+00	9.4669399835246616e-03
4.4505895925855401e-03	0.0000000000000000e+00	9.1662278955533093e-03
4.4680428851054804e-03	0.0000000000000000e+00	8.6367135796313488e-03
4.4854961776254303e-03	0.0000000000000000e+00	7.8905309319464295e-03
4.5029494701453697e-03	0.0000000000000000e+00	6.9451941382950109e-03
4.5204027626653100e-03	0.0000000000000000e+00	5.8231793351687256e-03
4.5378560551852598e-03	0.0000000000000000e+00	4.5513797882600739e-03
4.5553093477052001e-03	0.0000000000000000e+00	3.1604626728001265e-03
4.5727626402251396e-03	0.0000000000000000e+00	2.2065010826190401e-03
4.5902159327450903e-03	0.0000000000000000e+00	2.0989334120709371e-03
4.6076692252650297e-03	0.0000000000000000e+00	2.0366234651338156e-03
4.6251225177849700e-03	0.0000000000000000e+00	2.8920287795992563e-03
4.6425758103049199e-03	0.0000000000000000e+00	4.3415716846654344e-03
4.6600291028248602e-03	0.0000000000000000e+00	5.6923600151546332e-03
4.6774823953447996e-03	0.0000000000000000e+00	6.9107689676858172e-03
4.6949356878647503e-03	0.0000000000000000e+00	7.9662886152520283e-03
4.7123889803846897e-03	0.0000000000000000e+00	8.8322949184834586e-03
4.7298422729046300e-03	0.0000000000000000e+00	9.4867308038612420e-03
4.7472955654245799e-03	0.0000000000000000e+00	9.9126778553827420e-03
4.7647488579445202e-03	0.0000000000000000e+00	1.0098804224014666e-02
4.7822021504644596e-03	0.0000000000000000e+00	1.0039674440621283e-02
4.7996554429844103e-03	0.0000000000000000e+00	9.7359105294280643e-03
4.8171087355043498e-03	0.0000000000000000e+00	9.1942057777381469e-03
4.8345620280242901e-03	0.0000000000000000e+00	8.4271821194738371e-03
4.8520153205442399e-03	0.0000000000000000e+00	7.4530910961178734e-03
4.8694686130641802e-03	0.0000000000000000e+00	6.2953803857160240e-03
4.8869219055841196e-03	0.0000000000000000e+00	4.9821268207167306e-03
4.9043751981040704e-03	0.0000000000000000e+00	3.5453414417015417e-03
4.9218284906240098e-03	0.0000000000000000e+00	2.2547980264945649e-03
4.9392817831439501e-03	0.0000000000000000e+00	2.1439242955131848e-03
4.9567350756638999e-03	0.0000000000000000e+00	2.0718874708786339e-03
4.9741883681838402e-03	0.0000000000000000e+00	2.7052628233834174e-03
4.9916416607037797e-03	0.0000000000000000e+00	4.2007555447866433e-03
5.0090949532237304e-03	0.0000000000000000e+00	5.5935348297492292e-03
5.0265482457436698e-03	0.0000000000000000e+00	6.8490223353941011e-03
5.0440015382636101e-03	0.0000000000000000e+00	7.9359771697076979e-03
5.0614548307835600e-03	0.0000000000000000e+00	8.8272801900317992e-03
5.0789081233035003e-03	0.0000000000000000e+00	9.5006126254017047e-03
5.0963614158234397e-03	0.0000000000000000e+00	9.9390118479394732e-03
5.1138147083433904e-03	0.0000000000000000e+00	1.0131298738556865e-02
5.1312680008633298e-03	0.0000000000000000e+00	1.0072345613466569e-02
5.1487212933832701e-03	0.0000000000000000e+00	9.7632122840097448e-03
5.1661745859032200e-03	0.0000000000000000e+00	9.2111166911641226e-03
5.1836278784231603e-03	0.0000000000000000e+00	8.4292511753130978e-03
5.2010811709430997e-03	0.0000000000000000e+00	7.4364701733852555e-03
5.2185344634630504e-03	0.0000000000000000e+00	6.2568253203250058e-03
5.2359877559829899e-03	0.0000000000000000e+00	4.9189729395176683e-03
5.2534410485029302e-03	0.0000000000000000e+00	3.4554864461984300e-03
5.2708943410228696e-03	0.0000000000000000e+00	2.2927530385013629e-03
5.2883476335428203e-03	0.0000000000000000e+00	2.1750068723552602e-03
5.3058009260627597e-03	0.0000000000000000e+00	2.1028003225751759e-03
5.3232542185827000e-03	0.0000000000000000e+00	2.9122919906133010e-03
5.3407075111026499e-03	0.0000000000000000e+00	4.4370371805684625e-03
5.3581608036225902e-03	0.0000000000000000e+00	5.8579539776402560e-03
5.3756140961425296e-03	0.0000000000000000e+00	7.1398792109518602e-03
5.3930673886624803e-03	0.0000000000000000e+00	8.2509759540353427e-03
5.4105206811824198e-03	0.0000000000000000e+00	9.1635305790229906e-03
5.4279739737023601e-03	0.0000000000000000e+00	9.8546531859435692e-03
5.4454272662223099e-03	0.0000000000000000e+00	1.0306862903575803e-02
5.4628805587422502e-03	0.0000000000000000e+00	1.0508541143574380e-02
5.4803338512621896e-03	0.0000000000000000e+00	1.0454241116008716e-02
5.4977871437821403e-03	0.0000000000000000e+00	1.0144843194844795e-02
5.5152404363020798e-03	0.0000000000000000e+00	9.5875496954900327e-03
5.5326937288220201e-03	0.0000000000000000e+00	8.7957212883986273e-03
5.5501470213419699e-03	0.0000000000000000e+00	7.7885553820848438e-03
5.5676003138619102e-03	0.0000000000000000e+00	6.5906230703319489e-03
5.5850536063818497e-03	0.0000000000000000e+00	5.2312608058051610e-03
5.6025068989018004e-03	0.0000000000000000e+00	3.7438483827022125e-03
5.6199601914217398e-03	0.0000000000000000e+00	2.3234302542541134e-03
5.6374134839416801e-03	0.0000000000000000e+00	2.2053712233457276e-03
5.6548667764616299e-03	0.0000000000000000e+00	2.1265174204088662e-03
5.6723200689815702e-03	0.0000000000000000e+00	2.7256628278811944e-03
5.6897733615015097e-03	0.0000000000000000e+00	4.2729437822768956e-03
5.7072266540214604e-03	0.0000000000000000e+00	5.7137791866776590e-03
5.7246799465413998e-03	0.0000000000000000e+00	7.0125277403408296e-03
5.7421332390613401e-03	0.0000000000000000e+00	8.1370475830874495e-03
5.7595865315812900e-03	0.0000000000000000e+00	9.0594965631820706e-03
5.7770398241012303e-03	0.0000000000000000e+00	9.7570210128174722e-03
5.7944931166211697e-03	0.0000000000000000e+00	1.0212321009272178e-02
5.8119464091411204e-03	0.0000000000000000e+00	1.0414073715854521e-02
5.8293997016610598e-03	0.0000000000000000e+00	1.0357200140107763e-02
5.8468529941810002e-03	0.0000000000000000e+00	1.0042989477930349e-02
5.8643062867009500e-03	0.0000000000000000e+00	9.4790559668497861e-03
5.8817595792208903e-03	0.0000000000000000e+00	8.6791386938967468e-03
5.8992128717408297e-03	0.0000000000000000e+00	7.6627685390997131e-03
5.9166661642607796e-03	0.0000000000000000e+00	6.4547773012764657e-03
5.9341194567807199e-03	0.0000000000000000e+00	5.0846871414254799e-03
5.9515727493006602e-03	0.0000000000000000e+00	3.5859947093625695e-03
5.9690260418206100e-03	0.0000000000000000e+00	2.3353790179104707e-03
5.9864793343405503e-03	0.0000000000000000e+00	2.2132718311192886e-03
6.0039326268604898e-03	0.0000000000000000e+00	2.1369403229177268e-03
6.0213859193804396e-03	0.0000000000000000e+00	2.9331366441401373e-03
6.0388392119003799e-03	0.0000000000000000e+00	4.4937128099394649e-03
6.0562925044203202e-03	0.0000000000000000e+00	5.9479781561444902e-03
6.0737457969402700e-03	0.0000000000000000e+00	7.2600698023819136e-03
6.0911990894602103e-03	0.0000000000000000e+00	8.3975533245480918e-03
6.1086523819801498e-03	0.0000000000000000e+00	9.3322313307701212e-03
6.1261056745000996e-03	0.0000000000000000e+00	1.0040852117668584e-02
6.1435589670200399e-03	0.0000000000000000e+00	1.0505698445201869e-02
6.1610122595399802e-03	0.0000000000000000e+00	1.0715044273555760e-02
6.1784655520599301e-03	0.0000000000000000e+00	1.0663459942922223e-02
6.1959188445798704e-03	0.0000000000000000e+00	1.0351964038046198e-02
6.2133721370998098e-03	0.0000000000000000e+00	9.7880101919943022e-03
6.2308254296197596e-03	0.0000000000000000e+00	8.9853123204978753e-03
6.2482787221396999e-03	0.0000000000000000e+00	7.9635128835616568e-03
6.2657320146596402e-03	0.0000000000000000e+00	6.7476985222405146e-03
6.2831853071795901e-03	0.0000000000000000e+00	5.3677841178717250e-03
6.3006385996995304e-03	0.0000000000000000e+00	3.8577678080843466e-03
6.3180918922194698e-03	0.0000000000000000e+00	2.3466386839205550e-03
6.3355451847394197e-03	0.0000000000000000e+00	2.2248832771024295e-03
6.3529984772593600e-03	0.0000000000000000e+00	2.1422200089399449e-03
6.3704517697793003e-03	0.0000000000000000e+00	2.7098163571402894e-03
6.3879050622992501e-03	0.0000000000000000e+00	4.2804290818800371e-03
6.4053583548191904e-03	0.0000000000000000e+00	5.7430104852570852e-03
6.4228116473391298e-03	0.0000000000000000e+00	7.0614635151282842e-03
6.4402649398590797e-03	0.0000000000000000e+00	8.2032656010588793e-03
6.4577182323790200e-03	0.0000000000000000e+00	9.1402726269499118e-03
6.4751715248989603e-03	0.0000000000000000e+00	9.8494112071908415e-03
6.4926248174188997e-03	0.0000000000000000e+00	1.0313249935990754e-02
6.5100781099388504e-03	0.0000000000000000e+00	1.0520415262161294e-02
6.5275314024587899e-03	0.0000000000000000e+00	1.0465860264122110e-02
6.5449846949787302e-03	0.0000000000000000e+00	1.0150981837893843e-02
6.5624379874986800e-03	0.0000000000000000e+00	9.5835708671638091e-03
6.5798912800186203e-03	0.0000000000000000e+00	8.7776041279823223e-03
6.5973445725385597e-03	0.0000000000000000e+00	7.7529016882751465e-03
6.6147978650585096e-03	0.0000000000000000e+00	6.5346256958195154e-03
6.6322511575784499e-03	0.0000000000000000e+00	5.1526601136011535e-03
6.6497044500983902e-03	0.0000000000000000e+00	3.6408840667132569e-03
6.6671577426183400e-03	0.0000000000000000e+00	2.3525414926548597e-03
6.6846110351382803e-03	0.0000000000000000e+00	2.2281966926392407e-03
6.7020643276582198e-03	0.0000000000000000e+00	2.1496402687467154e-03
6.7195176201781696e-03	0.0000000000000000e+00	2.9348538823011742e-03
6.7369709126981099e-03	0.0000000000000000e+00	4.5087873976524676e-03
6.7544242052180502e-03	0.0000000000000000e+00	5.9754295677031232e-03
6.7718774977380001e-03	0.0000000000000000e+00	7.2986465058212753e-03
6.7893307902579404e-03	0.0000000000000000e+00	8.4457759828420534e-03
6.8067840827778798e-03	0.0000000000000000e+00	9.3884395543554801e-03
6.8242373752978296e-03	0.0000000000000000e+00	1.0103253915515994e-02
6.8416906678177699e-03	0.0000000000000000e+00	1.0572420690523696e-02
6.8591439603377102e-03	0.0000000000000000e+00	1.0784183160084115e-02
6.8765972528576601e-03	0.0000000000000000e+00	1.0733130278679984e-02
6.8940505453776004e-03	0.0000000000000000e+00	1.0420345705097683e-02
6.9115038378975398e-03	0.0000000000000000e+00	9.8533914802978462e-03
6.9289571304174897e-03	0.0000000000000000e+00	9.0461281373721506e-03
6.9464104229374300e-03	0.0000000000000000e+00	8.0183780131341739e-03
6.9638637154573703e-03	0.0000000000000000e+00	6.7954346923291501e-03
6.9813170079773201e-03	0.0000000000000000e+00	5.4074405904119592e-03
6.9987703004972604e-03	0.0000000000000000e+00	3.8886350158234477e-03
7.0162235930171998e-03	0.0000000000000000e+00	2.3585696402588108e-03
7.0336768855371497e-03	0.0000000000000000e+00	2.2357060071495822e-03
7.0511301780570900e-03	0.0000000000000000e+00	2.1519838564420433e-03
7.0685834705770303e-03	0.0000000000000000e+00	2.7162695923057660e-03
7.0860367630969801e-03	0.0000000000000000e+00	4.2955816972207496e-03
7.1034900556169204e-03	0.0000000000000000e+00	5.7661975498450634e-03
7.1209433481368599e-03	0.0000000000000000e+00	7.0918547640971873e-03
7.1383966406568097e-03	0.0000000000000000e+00	8.2398941662815556e-03
7.1558499331767500e-03	0.0000000000000000e+00	9.1820653706469087e-03
7.1733032256966903e-03	0.0000000000000000e+00	9.8952214980848469e-03
7.1907565182166401e-03	0.0000000000000000e+00	1.0361887459168811e-02
7.2082098107365796e-03	0.0000000000000000e+00	1.0570681667862080e-02
7.2256631032565199e-03	0.0000000000000000e+00	1.0516577416439609e-02
7.2431163957764697e-03	0.0000000000000000e+00	1.0201016867354121e-02
7.2605696882964100e-03	0.0000000000000000e+00	9.6318640036794235e-03
7.2780229808163503e-03	0.0000000000000000e+00	8.8231910017146798e-03
7.2954762733363002e-03	0.0000000000000000e+00	7.7949240358696822e-03
7.3129295658562396e-03	0.0000000000000000e+00	6.5723524582259911e-03
7.3303828583761799e-03	0.0000000000000000e+00	5.1854985861446512e-03
7.3478361508961297e-03	0.0000000000000000e+00	3.6683828509458203e-03
7.3652894434160700e-03	0.0000000000000000e+00	2.3568153553280720e-03
7.3827427359360103e-03	0.0000000000000000e+00	2.2316864581647501e-03
7.4001960284559602e-03	0.0000000000000000e+00	2.1523117808695171e-03
7.4176493209758996e-03	0.0000000000000000e+00	2.9303631059969604e-03
7.4351026134958399e-03	0.0000000000000000e+00	4.5097830004767192e-03
7.4525559060157898e-03	0.0000000000000000e+00	5.9815669024640573e-03
7.4700091985357301e-03	0.0000000000000000e+00	7.3094837373365662e-03
7.4874624910556704e-03	0.0000000000000000e+00	8.4607903694760359e-03
7.5049157835756202e-03	0.0000000000000000e+00	9.4070443950441639e-03
7.5223690760955596e-03	0.0000000000000000e+00	1.0124815158205522e-02
7.5398223686154999e-03	0.0000000000000000e+00	1.0596276474530739e-02
7.5572756611354498e-03	0.0000000000000000e+00	1.0809659496216017e-02
7.5747289536553901e-03	0.0000000000000000e+00	1.0759559811379802e-02
7.5921822461753304e-03	0.0000000000000000e+00	1.0447082741930123e-02
7.6096355386952802e-03	0.0000000000000000e+00	9.8798268910254474e-03
7.6270888312152197e-03	0.0000000000000000e+00	9.0717035054533254e-03
7.6445421237351600e-03	0.0000000000000000e+00	8.0425948510079916e-03
7.6619954162551098e-03	0.0000000000000000e+00	6.8178659001413800e-03
7.6794487087750501e-03	0.0000000000000000e+00	5.4277339279552748e-03
7.6969020012949904e-03	0.0000000000000000e+00	3.9065196867351043e-03
7.7143552938149403e-03	0.0000000000000000e+00	2.3604399141473800e-03
7.7318085863348797e-03	0.0000000000000000e+00	2.2368736268720585e-03
7.7492618788548200e-03	0.0000000000000000e+00	2.1523236346844164e-03
7.7667151713747698e-03	0.0000000000000000e+00	2.7090871827627418e-03
7.7841684638947101e-03	0.0000000000000000e+00	4.2909537450874450e-03
7.8016217564146496e-03	0.0000000000000000e+00	5.7639406689982695e-03
7.8190750489345994e-03	0.0000000000000000e+00	7.0917328737854233e-03
7.8365283414545406e-03	0.0000000000000000e+00	8.2416266359407880e-03
7.8539816339744800e-03	0.0000000000000000e+00	9.1853386482752056e-03
7.8714349264944194e-03	0.0000000000000000e+00	9.8996995535853005e-03
7.8888882190143693e-03	0.0000000000000000e+00	1.0367222666755169e-02
7.9063415115343105e-03	0.0000000000000000e+00	1.0576523218588027e-02
7.9237948040542603e-03	0.0000000000000000e+00	1.0522581098556322e-02
7.9412480965741997e-03	0.0000000000000000e+00	1.0206856605147953e-02
7.9587013890941392e-03	0.0000000000000000e+00	9.6372375741819415e-03
7.9761546816140907e-03	0.0000000000000000e+00	8.8278247559713339e-03
7.9936079741340302e-03	0.0000000000000000e+00	7.7985855408011602e-03
8.0110612666539696e-03	0.0000000000000000e+00	6.5748493516142367e-03
8.0285145591739195e-03	0.0000000000000000e+00	5.1866784450225866e-03
8.0459678516938606e-03	0.0000000000000000e+00	3.6681393933150203e-03
8.0634211442138001e-03	0.0000000000000000e+00	2.3606859159907021e-03
8.0808744367337395e-03	0.0000000000000000e+00	2.2354190483092119e-03
8.0983277292536893e-03	0.0000000000000000e+00	2.1560436408568700e-03
8.1157810217736305e-03	0.0000000000000000e+00	2.9364733121360126e-03
8.1332343142935803e-03	0.0000000000000000e+00	4.5172003877545653e-03
8.1506876068135198e-03	0.0000000000000000e+00	5.9901575424414029e-03
8.1681408993334592e-03	0.0000000000000000e+00	7.3190871832514853e-03
8.1855941918534108e-03	0.0000000000000000e+00	8.4712236480303672e-03
8.2030474843733502e-03	0.0000000000000000e+00	9.4181086323322488e-03
8.2205007768932897e-03	0.0000000000000000e+00	1.0136300497854748e-02
8.2379540694132308e-03	0.0000000000000000e+00	1.0607968024646601e-02
8.2554073619331807e-03	0.0000000000000000e+00	1.0821342506507377e-02
8.2728606544531201e-03	0.0000000000000000e+00	1.0771025371494589e-02
8.2903139469730595e-03	0.0000000000000000e+00	1.0458130581012396e-02
8.3077672394930094e-03	0.0000000000000000e+00	9.8902731461809144e-03
8.3252205320129506e-03	0.0000000000000000e+00	9.0813817359933317e-03
8.3426738245328900e-03	0.0000000000000000e+00	8.0513616774481218e-03
8.3601271170528398e-03	0.0000000000000000e+00	6.8256012914135042e-03
8.3775804095727793e-03	0.0000000000000000e+00	5.4343435167052761e-03
8.3950337020927204e-03	0.0000000000000000e+00	3.9119351974255213e-03
8.4124869946126703e-03	0.0000000000000000e+00	2.3605720178965376e-03
8.4299402871326097e-03	0.0000000000000000e+00	2.2369038323950667e-03
8.4473935796525491e-03	0.0000000000000000e+00	2.1522121954909309e-03
8.4648468721725007e-03	0.0000000000000000e+00	2.7086150530774684e-03
8.4823001646924402e-03	0.0000000000000000e+00	4.2916392071371580e-03
8.4997534572123796e-03	0.0000000000000000e+00	5.7657111736518331e-03
8.5172067497323294e-03	0.0000000000000000e+00	7.0945001913123463e-03
8.5346600422522706e-03	0.0000000000000000e+00	8.2452894932064751e-03
8.5521133347722100e-03	0.0000000000000000e+00	9.1897859252130475e-03
8.5695666272921599e-03	0.0000000000000000e+00	9.9048146568581352e-03
8.5870199198120993e-03	0.0000000000000000e+00	1.0372883771513680e-02
8.6044732123320405e-03	0.0000000000000000e+00	1.0582610130315633e-02
8.6219265048519903e-03	0.0000000000000000e+00	1.0528974749327496e-02
8.6393797973719298e-03	0.0000000000000000e+00	1.0213443003576839e-02
8.6568330898918692e-03	0.0000000000000000e+00	9.6439094836690380e-03
8.6742863824118208e-03	0.0000000000000000e+00	8.8344836368948881e-03
8.6917396749317602e-03	0.0000000000000000e+00	7.8051418439397018e-03
8.7091929674516996e-03	0.0000000000000000e+00	6.5812254375478317e-03
8.7266462599716495e-03	0.0000000000000000e+00	5.1928085244974170e-03
8.7440995524915906e-03	0.0000000000000000e+00	3.6739695134934244e-03
8.7615528450115301e-03	0.0000000000000000e+00	2.3606490005138999e-03
8.7790061375314799e-03	0.0000000000000000e+00	2.2352324992541569e-03
8.7964594300514194e-03	0.0000000000000000e+00	2.1556926133718983e-03
8.8139127225713605e-03	0.0000000000000000e+00	2.9321412863426172e-03
8.8313660150913104e-03	0.0000000000000000e+00	4.5132622433030458e-03
8.8488193076112498e-03	0.0000000000000000e+00	5.9866022703694670e-03
8.8662726001311892e-03	0.0000000000000000e+00	7.3158960136797142e-03
8.8837258926511408e-03	0.0000000000000000e+00	8.4683719437320722e-03
8.9011791851710802e-03	0.0000000000000000e+00	9.4155665536393030e-03
8.9186324776910197e-03	0.0000000000000000e+00	1.0134034949953569e-02
8.9360857702109695e-03	0.0000000000000000e+00	1.0605943217186501e-02
8.9535390627309107e-03	0.0000000000000000e+00	1.0819522526509832e-02
8.9709923552508501e-03	0.0000000000000000e+00	1.0769373362400216e-02
8.9884456477708000e-03	0.0000000000000000e+00	1.0456613765540249e-02
9.0058989402907394e-03	0.0000000000000000e+00	9.8888587934598711e-03
9.0233522328106806e-03	0.0000000000000000e+00	9.0800415852642404e-03
9.0408055253306304e-03	0.0000000000000000e+00	8.0500698256702301e-03
9.0582588178505698e-03	0.0000000000000000e+00	6.8243365558758248e-03
9.0757121103705093e-03	0.0000000000000000e+00	5.4330903542479676e-03
9.0931654028904609e-03	0.0000000000000000e+00	3.9106828742057238e-03
9.1106186954104003e-03	0.0000000000000000e+00	2.3608125441568996e-03
9.1280719879303397e-03	0.0000000000000000e+00	2.2370542407293250e-03
9.1455252804502896e-03	0.0000000000000000e+00	2.1522355455251929e-03
9.1629785729702307e-03	0.0000000000000000e+00	2.7098613585329221e-03
9.1804318654901702e-03	0.0000000000000000e+00	4.2928598727176850e-03
9.1978851580101200e-03	0.0000000000000000e+00	5.7668890010637765e-03
9.2153384505300594e-03	0.0000000000000000e+00	7.0956150225183747e-03
9.2327917430500006e-03	0.0000000000000000e+00	8.2463191463897963e-03
9.2502450355699505e-03	0.0000000000000000e+00	9.1907069824424641e-03
9.2676983280898899e-03	0.0000000000000000e+00	9.9056023810754658e-03
9.2851516206098293e-03	0.0000000000000000e+00	1.0373514714828476e-02
9.3026049131297792e-03	0.0000000000000000e+00	1.0583060094051846e-02
9.3200582056497203e-03	0.0000000000000000e+00	1.0529221843141819e-02
9.3375114981696598e-03	0.0000000000000000e+00	1.0213467046204608e-02
9.3549647906896096e-03	0.0000000000000000e+00	9.6436928837971957e-03
9.3724180832095508e-03	0.0000000000000000e+00	8.8340118257376286e-03
9.3898713757294902e-03	0.0000000000000000e+00	7.8044047373766893e-03
9.4073246682494296e-03	0.0000000000000000e+00	6.5802154954143948e-03
9.4247779607693795e-03	0.0000000000000000e+00	5.1915221757297637e-03
9.4422312532893207e-03	0.0000000000000000e+00	3.6724072833811553e-03
9.4596845458092705e-03	0.0000000000000000e+00	2.3619587978613737e-03
9.4771378383292099e-03	0.0000000000000000e+00	2.2366570570380032e-03
9.4945911308491494e-03	0.0000000000000000e+00	2.1573265341500556e-03
9.5120444233690905e-03	0.0000000000000000e+00	2.9347298718671718e-03
9.5294977158890404e-03	0.0000000000000000e+00	4.5160714646823924e-03
9.5469510084089798e-03	0.0000000000000000e+00	5.9896118808661783e-03
9.5644043009289192e-03	0.0000000000000000e+00	7.3190836956781762e-03
9.5818575934488708e-03	0.0000000000000000e+00	8.4717135729148133e-03
9.5993108859688103e-03	0.0000000000000000e+00	9.4190364575212297e-03
9.6167641784887497e-03	0.0000000000000000e+00	1.0137606907063253e-02
9.6342174710086995e-03	0.0000000000000000e+00	1.0609590009069195e-02
9.6516707635286407e-03	0.0000000000000000e+00	1.0823217358687217e-02
9.6691240560485905e-03	0.0000000000000000e+00	1.0773089783115437e-02
9.6865773485685300e-03	0.0000000000000000e+00	1.0460325982766529e-02
9.7040306410884694e-03	0.0000000000000000e+00	9.8925423756186948e-03
9.7214839336084106e-03	0.0000000000000000e+00	9.0836732190914191e-03
9.7389372261283604e-03	0.0000000000000000e+00	8.0536283195285861e-03
9.7563905186482999e-03	0.0000000000000000e+00	6.8278021813282918e-03
9.7738438111682393e-03	0.0000000000000000e+00	5.4364451107397028e-03
9.7912971036881909e-03	0.0000000000000000e+00	3.9139116691816172e-03
9.8087503962081303e-03	0.0000000000000000e+00	2.3593179937211745e-03
9.8262036887280697e-03	0.0000000000000000e+00	2.2354450794099183e-03
9.8436569812480196e-03	0.0000000000000000e+00	2.1504515166693187e-03
9.8611102737679607e-03	0.0000000000000000e+00	2.7072442144232991e-03
9.8785635662879106e-03	0.0000000000000000e+00	4.2904138471515025e-03
9.8960168588078500e-03	0.0000000000000000e+00	5.7646179159472691e-03
9.9134701513277895e-03	0.0000000000000000e+00	7.0935203912477606e-03
9.9309234438477306e-03	0.0000000000000000e+00	8.2444021791085453e-03
9.9483767363676805e-03	0.0000000000000000e+00	9.1889675336881763e-03
9.9658300288876199e-03	0.0000000000000000e+00	9.9040387068754614e-03
9.9832833214075593e-03	0.0000000000000000e+00	1.0372124431341813e-02
1.0000736613927501e-02	0.0000000000000000e+00	1.0581840885294812e-02
1.0018189906447501e-02	0.0000000000000000e+00	1.0528172523962150e-02
1.0035643198967400e-02	0.0000000000000000e+00	1.0212584586239554e-02
1.0053096491487300e-02	0.0000000000000000e+00	9.6429746890416331e-03
1.0070549784007300e-02	0.0000000000000000e+00	8.8334575384320536e-03
1.0088003076527199e-02	0.0000000000000000e+00	7.8040092651272186e-03
1.0105456369047200e-02	0.0000000000000000e+00	6.5799742352177712e-03
1.0122909661567101e-02	0.0000000000000000e+00	5.1914338001892366e-03
1.0140362954087099e-02	0.0000000000000000e+00	3.6724693643851590e-03
1.0157816246607001e-02	0.0000000000000000e+00	2.3628838674260941e-03
1.0175269539126900e-02	0.0000000000000000e+00	2.2375902489182530e-03
1.0192722831646900e-02	0.0000000000000000e+00	2.1583028330768770e-03
1.0210176124166800e-02	0.0000000000000000e+00	2.9340956760769699e-03
1.0227629416686800e-02	0.0000000000000000e+00	4.5153010637249205e-03
1.0245082709206699e-02	0.0000000000000000e+00	5.9887086751767944e-03
1.0262536001726700e-02	0.0000000000000000e+00	7.3180508833152252e-03
1.0279989294246601e-02	0.0000000000000000e+00	8.4705550174758604e-03
1.0297442586766500e-02	0.0000000000000000e+00	9.4177564131499390e-03
1.0314895879286501e-02	0.0000000000000000e+00	1.0136209651632181e-02
1.0332349171806400e-02	0.0000000000000000e+00	1.0608081212368241e-02
1.0349802464326400e-02	0.0000000000000000e+00	1.0821602130404362e-02
1.0367255756846300e-02	0.0000000000000000e+00	1.0771374705140772e-02
1.0384709049366300e-02	0.0000000000000000e+00	1.0458517286143661e-02
1.0402162341886199e-02	0.0000000000000000e+00	9.8906471988425230e-03
1.0419615634406101e-02	0.0000000000000000e+00	9.0816992019420190e-03
1.0437068926926101e-02	0.0000000000000000e+00	8.0515831069404974e-03
1.0454522219446000e-02	0.0000000000000000e+00	6.8256945144041670e-03
1.0471975511966001e-02	0.0000000000000000e+00	5.4342833885915615e-03
1.0489428804485900e-02	0.0000000000000000e+00	3.9117044150226215e-03
1.0506882097005900e-02	0.0000000000000000e+00	2.3589048802764630e-03
1.0524335389525800e-02	0.0000000000000000e+00	2.2350206351274150e-03
1.0541788682045699e-02	0.0000000000000000e+00	2.1500112246207064e-03
1.0559241974565699e-02	0.0000000000000000e+00	2.7095483568152340e-03
1.0576695267085601e-02	0.0000000000000000e+00	4.2927196853983227e-03
1.0594148559605601e-02	0.0000000000000000e+00	5.7669164713657012e-03
1.0611601852125500e-02	0.0000000000000000e+00	7.0958036723860014e-03
1.0629055144645501e-02	0.0000000000000000e+00	8.2466614285273462e-03
1.0646508437165400e-02	0.0000000000000000e+00	9.1911944823199476e-03
1.0663961729685400e-02	0.0000000000000000e+00	9.9062260673440216e-03
1.0681415022205300e-02	0.0000000000000000e+00	1.0374265230404410e-02
1.0698868314725199e-02	0.0000000000000000e+00	1.0583927886029446e-02
1.0716321607245199e-02	0.0000000000000000e+00	1.0530197388809850e-02
1.0733774899765101e-02	0.0000000000000000e+00	1.0214540986630586e-02
1.0751228192285101e-02	0.0000000000000000e+00	9.6448562008008450e-03
1.0768681484805000e-02	0.0000000000000000e+00	8.8352558830423755e-03
1.0786134777325001e-02	0.0000000000000000e+00	7.8057213464238955e-03
1.0803588069844900e-02	0.0000000000000000e+00	6.5815970817429993e-03
1.0821041362364800e-02	0.0000000000000000e+00	5.1929616585595631e-03
1.0838494654884800e-02	0.0000000000000000e+00	3.6738981652902716e-03
1.0855947947404699e-02	0.0000000000000000e+00	2.3636273146273438e-03
1.0873401239924699e-02	0.0000000000000000e+00	2.2383970448153615e-03
1.0890854532444601e-02	0.0000000000000000e+00	2.1591974298891940e-03
1.0908307824964599e-02	0.0000000000000000e+00	2.9330877274297900e-03
1.0925761117484500e-02	0.0000000000000000e+00	4.5144027953658798e-03
1.0943214410004400e-02	0.0000000000000000e+00	5.9879204568121947e-03
1.0960667702524400e-02	0.0000000000000000e+00	7.3173730289691763e-03
1.0978120995044300e-02	0.0000000000000000e+00	8.4699869271722752e-03
1.0995574287564300e-02	0.0000000000000000e+00	9.4172970043106697e-03
1.1013027580084199e-02	0.0000000000000000e+00	1.0135857564870355e-02
1.1030480872604199e-02	0.0000000000000000e+00	1.0607833832390751e-02
1.1047934165124101e-02	0.0000000000000000e+00	1.0821457202861543e-02
1.1065387457644000e-02	0.0000000000000000e+00	1.0771328574717579e-02
1.1082840750164000e-02	0.0000000000000000e+00	1.0458566684157155e-02
1.1100294042683900e-02	0.0000000000000000e+00	9.8907878592397643e-03
1.1117747335203900e-02	0.0000000000000000e+00	9.0819265281765933e-03
1.1135200627723800e-02	0.0000000000000000e+00	8.0518924101167580e-03
1.1152653920243800e-02	0.0000000000000000e+00	6.8260801569882462e-03
1.1170107212763699e-02	0.0000000000000000e+00	5.4347400403214931e-03
1.1187560505283699e-02	0.0000000000000000e+00	3.9122267005032184e-03
1.1205013797803601e-02	0.0000000000000000e+00	2.3575700660246313e-03
1.1222467090323500e-02	0.0000000000000000e+00	2.2335804743386909e-03
1.1239920382843500e-02	0.0000000000000000e+00	2.1484434087229876e-03
1.1257373675363400e-02	0.0000000000000000e+00	2.7088162466459859e-03
1.1274826967883400e-02	0.0000000000000000e+00	4.2919496337304967e-03
1.1292280260403300e-02	0.0000000000000000e+00	5.7661140437428688e-03
1.1309733552923300e-02	0.0000000000000000e+00	7.0949737859042645e-03
1.1327186845443199e-02	0.0000000000000000e+00	8.2458093130399531e-03
1.1344640137963101e-02	0.0000000000000000e+00	9.1903254477213071e-03
1.1362093430483101e-02	0.0000000000000000e+00	9.9053459013228075e-03
1.1379546723003000e-02	0.0000000000000000e+00	1.0373381241377974e-02
1.1397000015523000e-02	0.0000000000000000e+00	1.0583043393310501e-02
1.1414453308042900e-02	0.0000000000000000e+00	1.0529317415461748e-02
1.1431906600562900e-02	0.0000000000000000e+00	1.0213671229812841e-02
1.1449359893082800e-02	0.0000000000000000e+00	9.6439997033600094e-03
1.1466813185602699e-02	0.0000000000000000e+00	8.8344180976453884e-03
1.1484266478122699e-02	0.0000000000000000e+00	7.8049081728619879e-03
1.1501719770642601e-02	0.0000000000000000e+00	6.5808143284668795e-03
1.1519173063162601e-02	0.0000000000000000e+00	5.1922153401889898e-03
1.1536626355682500e-02	0.0000000000000000e+00	3.6731929398570108e-03
1.1554079648202500e-02	0.0000000000000000e+00	2.3651230322259331e-03
1.1571532940722400e-02	0.0000000000000000e+00	2.2399619328323161e-03
1.1588986233242300e-02	0.0000000000000000e+00	2.1608634465906805e-03
1.1606439525762300e-02	0.0000000000000000e+00	2.9335812975692789e-03
1.1623892818282199e-02	0.0000000000000000e+00	4.5148333655620565e-03
1.1641346110802199e-02	0.0000000000000000e+00	5.9882852592267419e-03
1.1658799403322101e-02	0.0000000000000000e+00	7.3176689006861674e-03
1.1676252695842101e-02	0.0000000000000000e+00	8.4702111811016875e-03
1.1693705988362000e-02	0.0000000000000000e+00	9.4174469885320491e-03
1.1711159280882000e-02	0.0000000000000000e+00	1.0135930964769765e-02
1.1728612573401900e-02	0.0000000000000000e+00	1.0607829015125480e-02
1.1746065865921800e-02	0.0000000000000000e+00	1.0821372395604675e-02
1.1763519158441800e-02	0.0000000000000000e+00	1.0771162311378268e-02
1.1780972450961699e-02	0.0000000000000000e+00	1.0458317633910166e-02
1.1798425743481699e-02	0.0000000000000000e+00	9.8904562602045876e-03
1.1815879036001601e-02	0.0000000000000000e+00	9.0815119081907661e-03
1.1833332328521601e-02	0.0000000000000000e+00	8.0513954127168254e-03
1.1850785621041500e-02	0.0000000000000000e+00	6.8255013450150498e-03
1.1868238913561400e-02	0.0000000000000000e+00	5.4340813026724786e-03
1.1885692206081400e-02	0.0000000000000000e+00	3.9114889964541825e-03
1.1903145498601300e-02	0.0000000000000000e+00	2.3563348769276089e-03
1.1920598791121300e-02	0.0000000000000000e+00	2.2323098639015111e-03
1.1938052083641199e-02	0.0000000000000000e+00	2.1471490409155896e-03
1.1955505376161199e-02	0.0000000000000000e+00	2.7098503004236610e-03
1.1972958668681101e-02	0.0000000000000000e+00	4.2930513332787058e-03
1.1990411961201000e-02	0.0000000000000000e+00	5.7672808143638841e-03
1.2007865253721000e-02	0.0000000000000000e+00	7.0962029992503702e-03
1.2025318546240900e-02	0.0000000000000000e+00	8.2470989400822356e-03
1.2042771838760900e-02	0.0000000000000000e+00	9.1916716823237203e-03
1.2060225131280800e-02	0.0000000000000000e+00	9.9067451682274977e-03
1.2077678423800800e-02	0.0000000000000000e+00	1.0374827877141992e-02
1.2095131716320699e-02	0.0000000000000000e+00	1.0584535442000602e-02
1.2112585008840600e-02	0.0000000000000000e+00	1.0530852274438372e-02
1.2130038301360601e-02	0.0000000000000000e+00	1.0215244948054826e-02
1.2147491593880500e-02	0.0000000000000000e+00	9.6456105998270810e-03
1.2164944886400500e-02	0.0000000000000000e+00	8.8360637941753487e-03
1.2182398178920400e-02	0.0000000000000000e+00	7.8065817112556038e-03
1.2199851471440400e-02	0.0000000000000000e+00	6.5825101151075604e-03
1.2217304763960300e-02	0.0000000000000000e+00	5.1939297519047588e-03
1.2234758056480201e-02	0.0000000000000000e+00	3.6749212695800439e-03
1.2252211349000199e-02	0.0000000000000000e+00	2.3662080012757641e-03
1.2269664641520101e-02	0.0000000000000000e+00	2.2410729885234369e-03
1.2287117934040101e-02	0.0000000000000000e+00	2.1619827504375561e-03
1.2304571226560000e-02	0.0000000000000000e+00	2.9318412555273217e-03
1.2322024519080000e-02	0.0000000000000000e+00	4.5131000407042992e-03
1.2339477811599900e-02	0.0000000000000000e+00	5.9865620105387131e-03
1.2356931104119900e-02	0.0000000000000000e+00	7.3159590456441173e-03
1.2374384396639800e-02	0.0000000000000000e+00	8.4685183359940706e-03
1.2391837689159701e-02	0.0000000000000000e+00	9.4157747343921513e-03
1.2409290981679699e-02	0.0000000000000000e+00	1.0134282432468118e-02
1.2426744274199601e-02	0.0000000000000000e+00	1.0606207612998903e-02
1.2444197566719601e-02	0.0000000000000000e+00	1.0819780958492752e-02
1.2461650859239500e-02	0.0000000000000000e+00	1.0769604610424846e-02
1.2479104151759500e-02	0.0000000000000000e+00	1.0456796658783738e-02
1.2496557444279400e-02	0.0000000000000000e+00	9.8889738170245250e-03
1.2514010736799299e-02	0.0000000000000000e+00	9.0800707379924978e-03
1.2531464029319300e-02	0.0000000000000000e+00	8.0499961563835314e-03
1.2548917321839201e-02	0.0000000000000000e+00	6.8241466622933900e-03
1.2566370614359199e-02	0.0000000000000000e+00	5.4327721590573148e-03
1.2583823906879101e-02	0.0000000000000000e+00	3.9102271632209641e-03
1.2601277199399101e-02	0.0000000000000000e+00	2.3550398259560333e-03
1.2618730491919000e-02	0.0000000000000000e+00	2.2309640360140587e-03
1.2636183784438900e-02	0.0000000000000000e+00	2.1457730093243066e-03
1.2653637076958900e-02	0.0000000000000000e+00	2.7109187811001096e-03
1.2671090369478799e-02	0.0000000000000000e+00	4.2940709276372462e-03
1.2688543661998800e-02	0.0000000000000000e+00	5.7682515967517481e-03
1.2705996954518701e-02	0.0000000000000000e+00	7.0971256605892163e-03
1.2723450247038699e-02	0.0000000000000000e+00	8.2479735522456524e-03
1.2740903539558601e-02	0.0000000000000000e+00	9.1924993085074572e-03
1.2758356832078500e-02	0.0000000000000000e+00	9.9075273520717790e-03
1.2775810124598500e-02	0.0000000000000000e+00	1.0375564888540804e-02
1.2793263417118400e-02	0.0000000000000000e+00	1.0585229516781680e-02
1.2810716709638400e-02	0.0000000000000000e+00	1.0531504012815452e-02
1.2828170002158299e-02	0.0000000000000000e+00	1.0215855980767229e-02
1.2845623294678300e-02	0.0000000000000000e+00	9.6461827659851881e-03
1.2863076587198201e-02	0.0000000000000000e+00	8.8365973263409975e-03
1.2880529879718199e-02	0.0000000000000000e+00	7.8070796863663038e-03
1.2897983172238101e-02	0.0000000000000000e+00	6.5829753881809453e-03
1.2915436464758000e-02	0.0000000000000000e+00	5.1943631318751952e-03
1.2932889757278000e-02	0.0000000000000000e+00	3.6753254179654948e-03
1.2950343049797900e-02	0.0000000000000000e+00	2.3678134320836023e-03
1.2967796342317900e-02	0.0000000000000000e+00	2.2427331596426565e-03
1.2985249634837799e-02	0.0000000000000000e+00	2.1636834208093435e-03
1.3002702927357800e-02	0.0000000000000000e+00	2.9315292976117404e-03
1.3020156219877701e-02	0.0000000000000000e+00	4.5128047190317487e-03
1.3037609512397600e-02	0.0000000000000000e+00	5.9862803345922767e-03
1.3055062804917601e-02	0.0000000000000000e+00	7.3156884373069067e-03
1.3072516097437500e-02	0.0000000000000000e+00	8.4682556473984396e-03
1.3089969389957500e-02	0.0000000000000000e+00	9.4155170640792159e-03
1.3107422682477400e-02	0.0000000000000000e+00	1.0134027068263241e-02
1.3124875974997400e-02	0.0000000000000000e+00	1.0605951256577881e-02
1.3142329267517299e-02	0.0000000000000000e+00	1.0819521057373434e-02
1.3159782560037201e-02	0.0000000000000000e+00	1.0769337720107812e-02
1.3177235852557199e-02	0.0000000000000000e+00	1.0456520268184017e-02
1.3194689145077100e-02	0.0000000000000000e+00	9.8886852650432958e-03
1.3212142437597101e-02	0.0000000000000000e+00	9.0797670895351908e-03
1.3229595730117000e-02	0.0000000000000000e+00	8.0496752638776047e-03
1.3247049022637000e-02	0.0000000000000000e+00	6.8238061327299138e-03
1.3264502315156900e-02	0.0000000000000000e+00	5.4324103990413619e-03
1.3281955607676799e-02	0.0000000000000000e+00	3.9098417945799945e-03
1.3299408900196799e-02	0.0000000000000000e+00	2.3533437604843369e-03
1.3316862192716701e-02	0.0000000000000000e+00	2.2292301018122453e-03
1.3334315485236699e-02	0.0000000000000000e+00	2.1440338503515492e-03
1.3351768777756600e-02	0.0000000000000000e+00	2.7114152672336384e-03
1.3369222070276601e-02	0.0000000000000000e+00	4.2945986192042462e-03
1.3386675362796500e-02	0.0000000000000000e+00	5.7688121963751461e-03
1.3404128655316400e-02	0.0000000000000000e+00	7.0977203517772940e-03
1.3421581947836400e-02	0.0000000000000000e+00	8.2486033323325870e-03
1.3439035240356299e-02	0.0000000000000000e+00	9.1931650250233806e-03
1.3456488532876299e-02	0.0000000000000000e+00	9.9082281603957295e-03
1.3473941825396201e-02	0.0000000000000000e+00	1.0376301761971794e-02
1.3491395117916199e-02	0.0000000000000000e+00	1.0586001880268724e-02
1.3508848410436100e-02	0.0000000000000000e+00	1.0532313238142771e-02
1.3526301702956101e-02	0.0000000000000000e+00	1.0216701516119005e-02
1.3543754995476000e-02	0.0000000000000000e+00	9.6470644015477086e-03
1.3561208287995900e-02	0.0000000000000000e+00	8.8375170548430568e-03
1.3578661580515900e-02	0.0000000000000000e+00	7.8080355235568338e-03
1.3596114873035799e-02	0.0000000000000000e+00	6.5839652158455860e-03
1.3613568165555799e-02	0.0000000000000000e+00	5.1953875377924183e-03
1.3631021458075701e-02	0.0000000000000000e+00	3.6763840363615886e-03
1.3648474750595699e-02	0.0000000000000000e+00	2.3694161014548567e-03
1.3665928043115600e-02	0.0000000000000000e+00	2.2443471419028821e-03
1.3683381335635500e-02	0.0000000000000000e+00	2.1652590564031375e-03
1.3700834628155500e-02	0.0000000000000000e+00	2.9303463085486774e-03
1.3718287920675400e-02	0.0000000000000000e+00	4.5115935821247411e-03
1.3735741213195400e-02	0.0000000000000000e+00	5.9850426053284743e-03
1.3753194505715299e-02	0.0000000000000000e+00	7.3144254147373602e-03
1.3770647798235299e-02	0.0000000000000000e+00	8.4669690468379792e-03
1.3788101090755201e-02	0.0000000000000000e+00	9.4142085124536076e-03
1.3805554383275100e-02	0.0000000000000000e+00	1.0132698142811154e-02
1.3823007675795100e-02	0.0000000000000000e+00	1.0604604169937235e-02
1.3840460968315000e-02	0.0000000000000000e+00	1.0818157297284938e-02
1.3857914260835000e-02	0.0000000000000000e+00	1.0767959874905130e-02
1.3875367553354900e-02	0.0000000000000000e+00	1.0455129924659938e-02
1.3892820845874900e-02	0.0000000000000000e+00	9.8872847669846074e-03
1.3910274138394799e-02	0.0000000000000000e+00	9.0783588119126343e-03
1.3927727430914701e-02	0.0000000000000000e+00	8.0482612837485725e-03
1.3945180723434701e-02	0.0000000000000000e+00	6.8223882565872640e-03
1.3962634015954600e-02	0.0000000000000000e+00	5.4309904796439497e-03
1.3980087308474600e-02	0.0000000000000000e+00	3.9084220202124931e-03
1.3997540600994500e-02	0.0000000000000000e+00	2.3517655582373435e-03
1.4014993893514500e-02	0.0000000000000000e+00	2.2276492860074542e-03
1.4032447186034400e-02	0.0000000000000000e+00	2.1425076869182871e-03
1.4049900478554400e-02	0.0000000000000000e+00	2.7128155211857963e-03
1.4067353771074299e-02	0.0000000000000000e+00	4.2959897452027737e-03
1.4084807063594201e-02	0.0000000000000000e+00	5.7701919178882403e-03
1.4102260356114201e-02	0.0000000000000000e+00	7.0990866336047504e-03
1.4119713648634100e-02	0.0000000000000000e+00	8.2499548423350267e-03
1.4137166941154100e-02	0.0000000000000000e+00	9.1944999060381942e-03
1.4154620233674000e-02	0.0000000000000000e+00	9.9095460003060434e-03
1.4172073526194000e-02	0.0000000000000000e+00	1.0377601520177925e-02
1.4189526818713900e-02	0.0000000000000000e+00	1.0587282982009826e-02
1.4206980111233799e-02	0.0000000000000000e+00	1.0533574059692068e-02
1.4224433403753799e-02	0.0000000000000000e+00	1.0217941625595256e-02
1.4241886696273701e-02	0.0000000000000000e+00	9.6482830663889140e-03
1.4259339988793701e-02	0.0000000000000000e+00	8.8387121142807206e-03
1.4276793281313600e-02	0.0000000000000000e+00	7.8092072306629309e-03
1.4294246573833600e-02	0.0000000000000000e+00	6.5851140884362665e-03
1.4311699866353500e-02	0.0000000000000000e+00	5.1965126408466825e-03
1.4329153158873400e-02	0.0000000000000000e+00	3.6774842022723841e-03
1.4346606451393400e-02	0.0000000000000000e+00	2.3711331935266783e-03
1.4364059743913299e-02	0.0000000000000000e+00	2.2460717948311693e-03
1.4381513036433299e-02	0.0000000000000000e+00	2.1669236467645962e-03
1.4398966328953201e-02	0.0000000000000000e+00	2.9293464922447846e-03
1.4416419621473201e-02	0.0000000000000000e+00	4.5106192409278319e-03
1.4433872913993100e-02	0.0000000000000000e+00	5.9840935838938389e-03
1.4451326206513000e-02	0.0000000000000000e+00	7.3135017568274237e-03
1.4468779499033000e-02	0.0000000000000000e+00	8.4660704130155653e-03
1.4486232791552900e-02	0.0000000000000000e+00	9.4133345461170082e-03
1.4503686084072900e-02	0.0000000000000000e+00	1.0131848736457479e-02
1.4521139376592799e-02	0.0000000000000000e+00	1.0603778190323649e-02
1.4538592669112799e-02	0.0000000000000000e+00	1.0817354580711711e-02
1.4556045961632701e-02	0.0000000000000000e+00	1.0767179358926061e-02
1.4573499254152701e-02	0.0000000000000000e+00	1.0454370819863038e-02
1.4590952546672600e-02	0.0000000000000000e+00	9.8865461064175549e-03
1.4608405839192500e-02	0.0000000000000000e+00	9.0776374292619449e-03
1.4625859131712500e-02	0.0000000000000000e+00	8.0475569708357095e-03
1.4643312424232400e-02	0.0000000000000000e+00	6.8217003594489385e-03
1.4660765716752400e-02	0.0000000000000000e+00	5.4303184978691278e-03
1.4678219009272299e-02	0.0000000000000000e+00	3.9077645237580892e-03
1.4695672301792299e-02	0.0000000000000000e+00	2.3498851472705221e-03
1.4713125594312201e-02	0.0000000000000000e+00	2.2257689745617845e-03
1.4730578886832100e-02	0.0000000000000000e+00	2.1406952790951573e-03
1.4748032179352100e-02	0.0000000000000000e+00	2.7134272673964796e-03
1.4765485471872000e-02	0.0000000000000000e+00	4.2965929690057620e-03
1.4782938764392000e-02	0.0000000000000000e+00	5.7707886292547184e-03
1.4800392056911900e-02	0.0000000000000000e+00	7.0996786317760723e-03
1.4817845349431900e-02	0.0000000000000000e+00	8.2505433876920217e-03
1.4835298641951799e-02	0.0000000000000000e+00	9.1950859919164418e-03
1.4852751934471701e-02	0.0000000000000000e+00	9.9101303006372925e-03
1.4870205226991701e-02	0.0000000000000000e+00	1.0378185247724265e-02
1.4887658519511600e-02	0.0000000000000000e+00	1.0587866197556575e-02
1.4905111812031600e-02	0.0000000000000000e+00	1.0534158161966048e-02
1.4922565104551500e-02	0.0000000000000000e+00	1.0218527326274282e-02
1.4940018397071500e-02	0.0000000000000000e+00	9.6488709087372230e-03
1.4957471689591400e-02	0.0000000000000000e+00	8.8393042910327058e-03
1.4974924982111301e-02	0.0000000000000000e+00	7.8098036543867459e-03
1.4992378274631299e-02	0.0000000000000000e+00	6.5857148101426720e-03
1.5009831567151201e-02	0.0000000000000000e+00	5.1971189195276742e-03
1.5027284859671201e-02	0.0000000000000000e+00	3.6780973062892582e-03
1.5044738152191100e-02	0.0000000000000000e+00	2.3730647299662045e-03
1.5062191444711100e-02	0.0000000000000000e+00	2.2479892618804511e-03
1.5079644737231000e-02	0.0000000000000000e+00	2.1687414229569490e-03
1.5097098029750899e-02	0.0000000000000000e+00	2.9287008346697858e-03
1.5114551322270900e-02	0.0000000000000000e+00	4.5099638422887774e-03
1.5132004614790801e-02	0.0000000000000000e+00	5.9834280449858144e-03
1.5149457907310799e-02	0.0000000000000000e+00	7.3128253986218042e-03
1.5166911199830701e-02	0.0000000000000000e+00	8.4653830211003350e-03
1.5184364492350701e-02	0.0000000000000000e+00	9.4126356874171622e-03
1.5201817784870600e-02	0.0000000000000000e+00	1.0131138043562077e-02
1.5219271077390600e-02	0.0000000000000000e+00	1.0603056037122777e-02
1.5236724369910500e-02	0.0000000000000000e+00	1.0816620392827856e-02
1.5254177662430399e-02	0.0000000000000000e+00	1.0766433680775662e-02
1.5271630954950400e-02	0.0000000000000000e+00	1.0453613576035662e-02
1.5289084247470301e-02	0.0000000000000000e+00	9.8857777723328575e-03
1.5306537539990299e-02	0.0000000000000000e+00	9.0768602048347611e-03
1.5323990832510201e-02	0.0000000000000000e+00	8.0467708513469235e-03
1.5341444125030201e-02	0.0000000000000000e+00	6.8209048035178252e-03
1.5358897417550100e-02	0.0000000000000000e+00	5.4295135512732557e-03
1.5376350710070000e-02	0.0000000000000000e+00	3.9069510908763304e-03
1.5393804002590000e-02	0.0000000000000000e+00	2.3479775035560491e-03
1.5411257295109899e-02	0.0000000000000000e+00	2.2238989849480517e-03
1.5428710587629900e-02	0.0000000000000000e+00	2.1389498556133989e-03
1.5446163880149801e-02	0.0000000000000000e+00	2.7142673428086398e-03
1.5463617172669799e-02	0.0000000000000000e+00	4.2974380743280183e-03
1.5481070465189701e-02	0.0000000000000000e+00	5.7716372418554780e-03
1.5498523757709600e-02	0.0000000000000000e+00	7.1005293466519272e-03
1.5515977050229600e-02	0.0000000000000000e+00	8.2513953651860844e-03
1.5533430342749500e-02	0.0000000000000000e+00	9.1959385793114676e-03
1.5550883635269500e-02	0.0000000000000000e+00	9.9109831130516270e-03
1.5568336927789399e-02	0.0000000000000000e+00	1.0379037279892553e-02
1.5585790220309400e-02	0.0000000000000000e+00	1.0588717344855081e-02
1.5603243512829299e-02	0.0000000000000000e+00	1.0535007072227386e-02
1.5620696805349200e-02	0.0000000000000000e+00	1.0219373399682621e-02
1.5638150097869199e-02	0.0000000000000000e+00	9.6497136256756769e-03
1.5655603390389100e-02	0.0000000000000000e+00	8.8401414315184609e-03
1.5673056682909099e-02	0.0000000000000000e+00	7.8106352944698129e-03
1.5690509975429000e-02	0.0000000000000000e+00	6.5865408704619058e-03
1.5707963267949002e-02	0.0000000000000000e+00	5.1979381283766375e-03
1.5725416560468899e-02	0.0000000000000000e+00	3.6789083038517817e-03
1.5742869852988801e-02	0.0000000000000000e+00	2.3749878011913839e-03
1.5760323145508799e-02	0.0000000000000000e+00	2.2498719560226314e-03
1.5777776438028700e-02	0.0000000000000000e+00	2.1704746927297407e-03
1.5795229730548699e-02	0.0000000000000000e+00	2.9279294122296598e-03
1.5812683023068600e-02	0.0000000000000000e+00	4.5092044935879112e-03
1.5830136315588599e-02	0.0000000000000000e+00	5.9826815165086615e-03
1.5847589608108500e-02	0.0000000000000000e+00	7.3120927247954798e-03
1.5865042900628502e-02	0.0000000000000000e+00	8.4646648074022165e-03
1.5882496193148399e-02	0.0000000000000000e+00	9.4119328639800000e-03
1.5899949485668301e-02	0.0000000000000000e+00	1.0130451424102462e-02
1.5917402778188299e-02	0.0000000000000000e+00	1.0602385839844271e-02
1.5934856070708200e-02	0.0000000000000000e+00	1.0815967710647077e-02
1.5952309363228199e-02	0.0000000000000000e+00	1.0765798353383696e-02
1.5969762655748100e-02	0.0000000000000000e+00	1.0452996521173581e-02
1.5987215948268099e-02	0.0000000000000000e+00	9.8851791655301426e-03
1.6004669240788000e-02	0.0000000000000000e+00	9.0762798192996451e-03
1.6022122533307901e-02	0.0000000000000000e+00	8.0462088737748953e-03
1.6039575825827899e-02	0.0000000000000000e+00	6.8203617483980940e-03
1.6057029118347801e-02	0.0000000000000000e+00	5.4289901436473994e-03
1.6074482410867799e-02	0.0000000000000000e+00	3.9064467099004596e-03
1.6091935703387700e-02	0.0000000000000000e+00	2.3459731212664460e-03
1.6109388995907699e-02	0.0000000000000000e+00	2.2219490580458589e-03
1.6126842288427600e-02	0.0000000000000000e+00	2.1371505734618969e-03
1.6144295580947501e-02	0.0000000000000000e+00	2.7146953864789301e-03
1.6161748873467500e-02	0.0000000000000000e+00	4.2978469826659019e-03
1.6179202165987401e-02	0.0000000000000000e+00	5.7720280959828235e-03
1.6196655458507399e-02	0.0000000000000000e+00	7.1009030990508582e-03
1.6214108751027301e-02	0.0000000000000000e+00	8.2517522243504473e-03
1.6231562043547299e-02	0.0000000000000000e+00	9.1962782226381306e-03
1.6249015336067200e-02	0.0000000000000000e+00	9.9113054873794307e-03
1.6266468628587199e-02	0.0000000000000000e+00	1.0379342694033693e-02
1.6283921921107100e-02	0.0000000000000000e+00	1.0589005483065033e-02
1.6301375213627001e-02	0.0000000000000000e+00	1.0535278425452333e-02
1.6318828506147000e-02	0.0000000000000000e+00	1.0219628064528289e-02
1.6336281798666901e-02	0.0000000000000000e+00	9.6499516056144895e-03
1.6353735091186899e-02	0.0000000000000000e+00	8.8403640329369811e-03
1.6371188383706801e-02	0.0000000000000000e+00	7.8108421276069035e-03
1.6388641676226799e-02	0.0000000000000000e+00	6.5867317526758264e-03
1.6406094968746700e-02	0.0000000000000000e+00	5.1981139180902478e-03
1.6423548261266602e-02	0.0000000000000000e+00	3.6790695368509809e-03
1.6441001553786600e-02	0.0000000000000000e+00	2.3770715431328847e-03
1.6458454846306501e-02	0.0000000000000000e+00	2.2519007827603390e-03
1.6475908138826500e-02	0.0000000000000000e+00	2.1723287319103499e-03
1.6493361431346401e-02	0.0000000000000000e+00	2.9278224166345724e-03
1.6510814723866400e-02	0.0000000000000000e+00	4.5091096979672091e-03
1.6528268016386301e-02	0.0000000000000000e+00	5.9825985448067392e-03
1.6545721308906199e-02	0.0000000000000000e+00	7.3120208872203760e-03
1.6563174601426200e-02	0.0000000000000000e+00	8.4646037743653646e-03
1.6580627893946102e-02	0.0000000000000000e+00	9.4118821512619594e-03
1.6598081186466100e-02	0.0000000000000000e+00	1.0130410282717361e-02
1.6615534478986001e-02	0.0000000000000000e+00	1.0602354185186342e-02
1.6632987771506000e-02	0.0000000000000000e+00	1.0815944853298631e-02
1.6650441064025901e-02	0.0000000000000000e+00	1.0765784000218477e-02
1.6667894356545799e-02	0.0000000000000000e+00	1.0452990375355327e-02
1.6685347649065801e-02	0.0000000000000000e+00	9.8851804870377664e-03
1.6702800941585699e-02	0.0000000000000000e+00	9.0762881480525893e-03
1.6720254234105700e-02	0.0000000000000000e+00	8.0462232845710073e-03
1.6737707526625598e-02	0.0000000000000000e+00	6.8203833671964132e-03
1.6755160819145600e-02	0.0000000000000000e+00	5.4290182604577178e-03
1.6772614111665501e-02	0.0000000000000000e+00	3.9064821581208725e-03
1.6790067404185399e-02	0.0000000000000000e+00	2.3438624938404932e-03
1.6807520696705401e-02	0.0000000000000000e+00	2.2199187045578552e-03
1.6824973989225299e-02	0.0000000000000000e+00	2.1353049365926938e-03
1.6842427281745301e-02	0.0000000000000000e+00	2.7146351084166372e-03
1.6859880574265199e-02	0.0000000000000000e+00	4.2977822516049253e-03
1.6877333866785200e-02	0.0000000000000000e+00	5.7719594761304659e-03
1.6894787159305098e-02	0.0000000000000000e+00	7.1008310171552964e-03
1.6912240451825100e-02	0.0000000000000000e+00	8.2516767858104179e-03
1.6929693744345001e-02	0.0000000000000000e+00	9.1961992517310756e-03
1.6947147036864899e-02	0.0000000000000000e+00	9.9112228114526940e-03
1.6964600329384901e-02	0.0000000000000000e+00	1.0379255735525119e-02
1.6982053621904799e-02	0.0000000000000000e+00	1.0588911678792529e-02
1.6999506914424801e-02	0.0000000000000000e+00	1.0535179978330225e-02
1.7016960206944699e-02	0.0000000000000000e+00	1.0219524640314346e-02
1.7034413499464700e-02	0.0000000000000000e+00	9.6498424437275934e-03
1.7051866791984598e-02	0.0000000000000000e+00	8.8402503225169828e-03
1.7069320084504500e-02	0.0000000000000000e+00	7.8107234833620087e-03
1.7086773377024501e-02	0.0000000000000000e+00	6.5866063418090160e-03
1.7104226669544399e-02	0.0000000000000000e+00	5.1979795009822524e-03
1.7121679962064401e-02	0.0000000000000000e+00	3.6789268287559834e-03
1.7139133254584299e-02	0.0000000000000000e+00	2.3791772653468397e-03
1.7156586547104301e-02	0.0000000000000000e+00	2.2539251599058467e-03
1.7174039839624199e-02	0.0000000000000000e+00	2.1741370890601126e-03
1.7191493132144100e-02	0.0000000000000000e+00	2.9280042222450935e-03
1.7208946424664098e-02	0.0000000000000000e+00	4.5093026906276928e-03
1.7226399717184000e-02	0.0000000000000000e+00	5.9828029701924097e-03
1.7243853009704001e-02	0.0000000000000000e+00	7.3122372705892828e-03
1.7261306302223899e-02	0.0000000000000000e+00	8.4648325822232768e-03
1.7278759594743901e-02	0.0000000000000000e+00	9.4121234710785855e-03
1.7296212887263799e-02	0.0000000000000000e+00	1.0130664873560525e-02
1.7313666179783700e-02	0.0000000000000000e+00	1.0602622328894338e-02
1.7331119472303699e-02	0.0000000000000000e+00	1.0816226710965174e-02
1.7348572764823600e-02	0.0000000000000000e+00	1.0766080443248059e-02
1.7366026057343598e-02	0.0000000000000000e+00	1.0453301449280370e-02
1.7383479349863500e-02	0.0000000000000000e+00	9.8855063983367755e-03
1.7400932642383501e-02	0.0000000000000000e+00	9.0766285028137921e-03
1.7418385934903399e-02	0.0000000000000000e+00	8.0465796919483787e-03
1.7435839227423401e-02	0.0000000000000000e+00	6.8207554544227385e-03
1.7453292519943299e-02	0.0000000000000000e+00	5.4294075939220884e-03
1.7470745812463200e-02	0.0000000000000000e+00	3.9068877584557352e-03
1.7488199104983199e-02	0.0000000000000000e+00	2.3417394502188082e-03
1.7505652397503100e-02	0.0000000000000000e+00	2.2178990254097569e-03
1.7523105690023098e-02	0.0000000000000000e+00	2.1334984183117795e-03
1.7540558982543000e-02	0.0000000000000000e+00	2.7141569738829458e-03
1.7558012275063001e-02	0.0000000000000000e+00	4.2972835361979132e-03
1.7575465567582899e-02	0.0000000000000000e+00	5.7714395772127365e-03
1.7592918860102801e-02	0.0000000000000000e+00	7.1002896929999561e-03
1.7610372152622799e-02	0.0000000000000000e+00	8.2511127895658690e-03
1.7627825445142700e-02	0.0000000000000000e+00	9.1956131872382267e-03
1.7645278737662699e-02	0.0000000000000000e+00	9.9106147756201860e-03
1.7662732030182600e-02	0.0000000000000000e+00	1.0378624623247869e-02
1.7680185322702598e-02	0.0000000000000000e+00	1.0588259836589009e-02
1.7697638615222500e-02	0.0000000000000000e+00	1.0534506134569270e-02
1.7715091907742401e-02	0.0000000000000000e+00	1.0218828511979351e-02
1.7732545200262399e-02	0.0000000000000000e+00	9.6491247332300672e-03
1.7749998492782301e-02	0.0000000000000000e+00	8.8395099966454768e-03
1.7767451785302299e-02	0.0000000000000000e+00	7.8099615955418691e-03
1.7784905077822200e-02	0.0000000000000000e+00	6.5858220020075624e-03
1.7802358370342199e-02	0.0000000000000000e+00	5.1971741321391153e-03
1.7819811662862100e-02	0.0000000000000000e+00	3.6781004876899354e-03
1.7837264955382001e-02	0.0000000000000000e+00	2.3813425139686275e-03
1.7854718247902000e-02	0.0000000000000000e+00	2.2559945399098068e-03
1.7872171540421901e-02	0.0000000000000000e+00	2.1759708551472774e-03
1.7889624832941899e-02	0.0000000000000000e+00	2.9289152269486346e-03
1.7907078125461801e-02	0.0000000000000000e+00	4.5102345060526860e-03
1.7924531417981799e-02	0.0000000000000000e+00	5.9837556060174718e-03
1.7941984710501700e-02	0.0000000000000000e+00	7.3132104094484835e-03
1.7959438003021699e-02	0.0000000000000000e+00	8.4658261442268415e-03
1.7976891295541600e-02	0.0000000000000000e+00	9.4131373380789366e-03
1.7994344588061501e-02	0.0000000000000000e+00	1.0131698838706420e-02
1.8011797880581500e-02	0.0000000000000000e+00	1.0603676322559560e-02
1.8029251173101401e-02	0.0000000000000000e+00	1.0817300545659238e-02
1.8046704465621399e-02	0.0000000000000000e+00	1.0767173879754229e-02
1.8064157758141301e-02	0.0000000000000000e+00	1.0454414120622710e-02
1.8081611050661299e-02	0.0000000000000000e+00	9.8866389182103200e-03
1.8099064343181200e-02	0.0000000000000000e+00	9.0777821941589298e-03
1.8116517635701102e-02	0.0000000000000000e+00	8.0477537664392588e-03
1.8133970928221100e-02	0.0000000000000000e+00	6.8219488665612346e-03
1.8151424220741001e-02	0.0000000000000000e+00	5.4306188907936549e-03
1.8168877513261000e-02	0.0000000000000000e+00	3.9081178394474100e-03
1.8186330805780901e-02	0.0000000000000000e+00	2.3395463504937595e-03
1.8203784098300899e-02	0.0000000000000000e+00	2.2158268595480709e-03
1.8221237390820801e-02	0.0000000000000000e+00	2.1316559221339309e-03
1.8238690683340698e-02	0.0000000000000000e+00	2.7128544736469110e-03
1.8256143975860700e-02	0.0000000000000000e+00	4.2959635617191259e-03
1.8273597268380602e-02	0.0000000000000000e+00	5.7701010729154052e-03
1.8291050560900600e-02	0.0000000000000000e+00	7.0989315746934969e-03
1.8308503853420501e-02	0.0000000000000000e+00	8.2497359217929330e-03
1.8325957145940500e-02	0.0000000000000000e+00	9.1942175279292587e-03
1.8343410438460401e-02	0.0000000000000000e+00	9.9092005875961106e-03
1.8360863730980299e-02	0.0000000000000000e+00	1.0377193142058311e-02
1.8378317023500301e-02	0.0000000000000000e+00	1.0586811605724656e-02
1.8395770316020198e-02	0.0000000000000000e+00	1.0533039577570237e-02
1.8413223608540200e-02	0.0000000000000000e+00	1.0217344259725940e-02
1.8430676901060102e-02	0.0000000000000000e+00	9.6476228440479303e-03
1.8448130193580100e-02	0.0000000000000000e+00	8.8379891652247775e-03
1.8465583486100001e-02	0.0000000000000000e+00	7.8084215410452453e-03
1.8483036778619899e-02	0.0000000000000000e+00	6.5842656556552486e-03
1.8500490071139901e-02	0.0000000000000000e+00	5.1956016803116354e-03
1.8517943363659799e-02	0.0000000000000000e+00	3.6765106639210440e-03
1.8535396656179801e-02	0.0000000000000000e+00	2.3835376649995101e-03
1.8552849948699698e-02	0.0000000000000000e+00	2.2580759962697113e-03
1.8570303241219700e-02	0.0000000000000000e+00	2.1777968549908039e-03
1.8587756533739602e-02	0.0000000000000000e+00	2.9305713620114754e-03
1.8605209826259600e-02	0.0000000000000000e+00	4.5119073988589388e-03
1.8622663118779501e-02	0.0000000000000000e+00	5.9854453091736795e-03
1.8640116411299399e-02	0.0000000000000000e+00	7.3149173552724449e-03
1.8657569703819401e-02	0.0000000000000000e+00	8.4675500646363266e-03
1.8675022996339299e-02	0.0000000000000000e+00	9.4148788070089508e-03
1.8692476288859301e-02	0.0000000000000000e+00	1.0133457711707691e-02
1.8709929581379198e-02	0.0000000000000000e+00	1.0605452966386460e-02
1.8727382873899200e-02	0.0000000000000000e+00	1.0819095352241882e-02
1.8744836166419102e-02	0.0000000000000000e+00	1.0768987062830006e-02
1.8762289458938999e-02	0.0000000000000000e+00	1.0456246213590863e-02
1.8779742751459001e-02	0.0000000000000000e+00	9.8884898649078158e-03
1.8797196043978899e-02	0.0000000000000000e+00	9.0796526765628237e-03
1.8814649336498901e-02	0.0000000000000000e+00	8.0496443872486376e-03
1.8832102629018799e-02	0.0000000000000000e+00	6.8238605336104893e-03
1.8849555921538801e-02	0.0000000000000000e+00	5.4325510265778483e-03
1.8867009214058698e-02	0.0000000000000000e+00	3.9100705921799386e-03
1.8884462506578600e-02	0.0000000000000000e+00	2.3373597210334710e-03
1.8901915799098602e-02	0.0000000000000000e+00	2.2137796883931154e-03
1.8919369091618499e-02	0.0000000000000000e+00	2.1298531250960851e-03
1.8936822384138501e-02	0.0000000000000000e+00	2.7108178760638433e-03
1.8954275676658399e-02	0.0000000000000000e+00	4.2939052405583994e-03
1.8971728969178401e-02	0.0000000000000000e+00	5.7680206846745614e-03
1.8989182261698299e-02	0.0000000000000000e+00	7.0968291136686724e-03
1.9006635554218200e-02	0.0000000000000000e+00	8.2476105203738142e-03
1.9024088846738198e-02	0.0000000000000000e+00	9.1920695344361592e-03
1.9041542139258100e-02	0.0000000000000000e+00	9.9070295247372184e-03
1.9058995431778102e-02	0.0000000000000000e+00	1.0374999058248310e-02
1.9076448724297999e-02	0.0000000000000000e+00	1.0584594300136183e-02
1.9093902016818001e-02	0.0000000000000000e+00	1.0530798443637638e-02
1.9111355309337899e-02	0.0000000000000000e+00	1.0215078605447535e-02
1.9128808601857800e-02	0.0000000000000000e+00	9.6453323725945918e-03
1.9146261894377799e-02	0.0000000000000000e+00	8.8356724485021652e-03
1.9163715186897700e-02	0.0000000000000000e+00	7.8060799055843641e-03
1.9181168479417698e-02	0.0000000000000000e+00	6.5818994232224627e-03
1.9198621771937600e-02	0.0000000000000000e+00	5.1932093271276391e-03
1.9216075064457602e-02	0.0000000000000000e+00	3.6740926622391662e-03
1.9233528356977499e-02	0.0000000000000000e+00	2.3857279777540932e-03
1.9250981649497501e-02	0.0000000000000000e+00	2.2601395200960721e-03
1.9268434942017399e-02	0.0000000000000000e+00	2.1795967292907417e-03
1.9285888234537300e-02	0.0000000000000000e+00	2.9330928926854863e-03
1.9303341527057299e-02	0.0000000000000000e+00	4.5144552378169273e-03
1.9320794819577200e-02	0.0000000000000000e+00	5.9880194909953648e-03
1.9338248112097198e-02	0.0000000000000000e+00	7.3175181258190187e-03
1.9355701404617100e-02	0.0000000000000000e+00	8.4701777441595592e-03
1.9373154697137102e-02	0.0000000000000000e+00	9.4175335577415826e-03
1.9390607989656999e-02	0.0000000000000000e+00	1.0136139862236384e-02
1.9408061282176901e-02	0.0000000000000000e+00	1.0608162516774390e-02
1.9425514574696899e-02	0.0000000000000000e+00	1.0821832814983275e-02
1.9442967867216800e-02	0.0000000000000000e+00	1.0771752023341723e-02
1.9460421159736799e-02	0.0000000000000000e+00	1.0459039166303998e-02
1.9477874452256700e-02	0.0000000000000000e+00	9.8913106433233828e-03
1.9495327744776698e-02	0.0000000000000000e+00	9.0825014916477709e-03
1.9512781037296600e-02	0.0000000000000000e+00	8.0525213157492462e-03
1.9530234329816501e-02	0.0000000000000000e+00	6.8267655802696676e-03
1.9547687622336499e-02	0.0000000000000000e+00	5.4354845605490499e-03
1.9565140914856401e-02	0.0000000000000000e+00	3.9130323897461810e-03
1.9582594207376399e-02	0.0000000000000000e+00	2.3351580317036509e-03
1.9600047499896300e-02	0.0000000000000000e+00	2.2117262441924534e-03
1.9617500792416299e-02	0.0000000000000000e+00	2.1280429358209924e-03
1.9634954084936200e-02	0.0000000000000000e+00	2.7077424357521197e-03
1.9652407377456101e-02	0.0000000000000000e+00	4.2908012973163594e-03
1.9669860669976100e-02	0.0000000000000000e+00	5.7648886578223089e-03
1.9687313962496001e-02	0.0000000000000000e+00	7.0936690891697917e-03
1.9704767255015999e-02	0.0000000000000000e+00	8.2444227911760044e-03
1.9722220547535901e-02	0.0000000000000000e+00	9.1888541730850808e-03
1.9739673840055899e-02	0.0000000000000000e+00	9.9037855541721925e-03
1.9757127132575800e-02	0.0000000000000000e+00	1.0371725871089997e-02
1.9774580425095799e-02	0.0000000000000000e+00	1.0581291931929400e-02
1.9792033717615700e-02	0.0000000000000000e+00	1.0527468489799264e-02
1.9809487010135601e-02	0.0000000000000000e+00	1.0211720721715049e-02
1.9826940302655600e-02	0.0000000000000000e+00	9.6419468402383218e-03
1.9844393595175501e-02	0.0000000000000000e+00	8.8322617122428351e-03
1.9861846887695499e-02	0.0000000000000000e+00	7.8026422609061780e-03
1.9879300180215401e-02	0.0000000000000000e+00	6.5784323458887156e-03
1.9896753472735399e-02	0.0000000000000000e+00	5.1897141371723670e-03
1.9914206765255300e-02	0.0000000000000000e+00	3.6705697184585277e-03
1.9931660057775202e-02	0.0000000000000000e+00	2.3879337396549168e-03
1.9949113350295200e-02	0.0000000000000000e+00	2.2622124791801031e-03
1.9966566642815101e-02	0.0000000000000000e+00	2.1814112070738909e-03
1.9984019935335100e-02	0.0000000000000000e+00	2.9367315066041845e-03
2.0001473227855001e-02	0.0000000000000000e+00	4.5181226921638560e-03
2.0018926520374999e-02	0.0000000000000000e+00	5.9917159840049443e-03
2.0036379812894901e-02	0.0000000000000000e+00	7.3212432372545830e-03
2.0053833105414798e-02	0.0000000000000000e+00	8.4739316995136559e-03
2.0071286397934800e-02	0.0000000000000000e+00	9.4213158908190361e-03
2.0088739690454702e-02	0.0000000000000000e+00	1.0139950728478333e-02
2.0106192982974700e-02	0.0000000000000000e+00	1.0612001782612363e-02
2.0123646275494601e-02	0.0000000000000000e+00	1.0825700063642699e-02
2.0141099568014600e-02	0.0000000000000000e+00	1.0775647870545668e-02
2.0158552860534501e-02	0.0000000000000000e+00	1.0462962871965863e-02
2.0176006153054399e-02	0.0000000000000000e+00	9.8952628701699762e-03
2.0193459445574401e-02	0.0000000000000000e+00	9.0864815633067662e-03
2.0210912738094299e-02	0.0000000000000000e+00	8.0565293985527132e-03
2.0228366030614300e-02	0.0000000000000000e+00	6.8308010183549261e-03
2.0245819323134202e-02	0.0000000000000000e+00	5.4395478182079531e-03
2.0263272615654200e-02	0.0000000000000000e+00	3.9171235919976963e-03
2.0280725908174101e-02	0.0000000000000000e+00	2.3329607634341907e-03
2.0298179200694100e-02	0.0000000000000000e+00	2.2096830413641912e-03
2.0315632493214001e-02	0.0000000000000000e+00	2.1262345883308990e-03
2.0333085785733899e-02	0.0000000000000000e+00	2.7035376522772420e-03
2.0350539078253901e-02	0.0000000000000000e+00	4.2865681310036543e-03
2.0367992370773799e-02	0.0000000000000000e+00	5.7606266562198020e-03
2.0385445663293800e-02	0.0000000000000000e+00	7.0893776900208989e-03
2.0402898955813702e-02	0.0000000000000000e+00	8.2401023087696583e-03
2.0420352248333700e-02	0.0000000000000000e+00	9.1845037155132269e-03
2.0437805540853601e-02	0.0000000000000000e+00	9.8994059834429313e-03
2.0455258833373499e-02	0.0000000000000000e+00	1.0367317632221209e-02
2.0472712125893501e-02	0.0000000000000000e+00	1.0576854701094675e-02
2.0490165418413399e-02	0.0000000000000000e+00	1.0523001397800633e-02
2.0507618710933401e-02	0.0000000000000000e+00	1.0207224311330407e-02
2.0525072003453299e-02	0.0000000000000000e+00	9.6374207022944559e-03
2.0542525295973300e-02	0.0000000000000000e+00	8.8277050705705355e-03
2.0559978588493202e-02	0.0000000000000000e+00	7.7980547771936519e-03
2.0577431881013099e-02	0.0000000000000000e+00	6.5738156003444835e-03
2.0594885173533101e-02	0.0000000000000000e+00	5.1850681894325635e-03
2.0612338466052999e-02	0.0000000000000000e+00	3.6658933228595372e-03
2.0629791758573001e-02	0.0000000000000000e+00	2.3901149233331066e-03
2.0647245051092899e-02	0.0000000000000000e+00	2.2642570454745200e-03
2.0664698343612901e-02	0.0000000000000000e+00	2.1832107924809967e-03
2.0682151636132799e-02	0.0000000000000000e+00	2.9415273888330241e-03
2.0699604928652700e-02	0.0000000000000000e+00	4.5229486814169799e-03
2.0717058221172702e-02	0.0000000000000000e+00	5.9965722854217812e-03
2.0734511513692599e-02	0.0000000000000000e+00	7.3261300782961345e-03
2.0751964806212601e-02	0.0000000000000000e+00	8.4788492527658639e-03
2.0769418098732499e-02	0.0000000000000000e+00	9.4262646786059147e-03
2.0786871391252501e-02	0.0000000000000000e+00	1.0144930590176385e-02
2.0804324683772399e-02	0.0000000000000000e+00	1.0617013212767477e-02
2.0821777976292300e-02	0.0000000000000000e+00	1.0830743224323452e-02
2.0839231268812299e-02	0.0000000000000000e+00	1.0780722897174352e-02
2.0856684561332200e-02	0.0000000000000000e+00	1.0468070270592057e-02
2.0874137853852202e-02	0.0000000000000000e+00	9.9004024598123557e-03
2.0891591146372099e-02	0.0000000000000000e+00	9.0916540057320982e-03
2.0909044438892101e-02	0.0000000000000000e+00	8.0617338697618890e-03
2.0926497731411999e-02	0.0000000000000000e+00	6.8360384343897915e-03
2.0943951023932001e-02	0.0000000000000000e+00	5.4448187117342867e-03
