0.0000000000000000e+00	0.0000000000000000e+00	1.3391995293880672e+02
1.7453292519943300e-05	0.0000000000000000e+00	1.3398233767229053e+02
3.4906585039886600e-05	0.0000000000000000e+00	1.3404478551519850e+02
5.2359877559829903e-05	0.0000000000000000e+00	1.3410722539013139e+02
6.9813170079773199e-05	0.0000000000000000e+00	1.3416874720020715e+02
8.7266462599716496e-05	0.0000000000000000e+00	1.3422492814970269e+02
1.0471975511966000e-04	0.0000000000000000e+00	1.3426340012554709e+02
1.2217304763960301e-04	0.0000000000000000e+00	1.3425922062618287e+02
1.3962634015954599e-04	0.0000000000000000e+00	1.3417152332899491e+02
1.5707963267949001e-04	0.0000000000000000e+00	1.3394233022646179e+02
1.7453292519943299e-04	0.0000000000000000e+00	1.3349803499515770e+02
1.9198621771937600e-04	0.0000000000000000e+00	1.3275361438280007e+02
2.0943951023931999e-04	0.0000000000000000e+00	1.3161940091532480e+02
2.2689280275926300e-04	0.0000000000000000e+00	1.3001001261563212e+02
2.4434609527920601e-04	0.0000000000000000e+00	1.2825475280628979e+02
2.6179938779914903e-04	0.0000000000000000e+00	1.2653007322387546e+02
2.7925268031909301e-04	0.0000000000000000e+00	1.2414608966521996e+02
2.9670597283903603e-04	0.0000000000000000e+00	1.2017438730785400e+02
3.1415926535897898e-04	0.0000000000000000e+00	1.1409585101799534e+02
3.3161255787892303e-04	0.0000000000000000e+00	1.0884500590727174e+02
3.4906585039886598e-04	0.0000000000000000e+00	1.0410986169036306e+02
3.6651914291880900e-04	0.0000000000000000e+00	9.9590499335823964e+01
3.8397243543875201e-04	0.0000000000000000e+00	9.5637409956603790e+01
4.0142572795869599e-04	0.0000000000000000e+00	9.9832531484194647e+01
4.1887902047863901e-04	0.0000000000000000e+00	1.3944803343419571e+02
4.3633231299858202e-04	0.0000000000000000e+00	1.7756082248534398e+02
4.5378560551852601e-04	0.0000000000000000e+00	2.1238384013557817e+02
4.7123889803846902e-04	0.0000000000000000e+00	2.4206119206549170e+02
4.8869219055841203e-04	0.0000000000000000e+00	2.6473937516708605e+02
5.0614548307835602e-04	0.0000000000000000e+00	2.7864380314821835e+02
5.2359877559829903e-04	0.0000000000000000e+00	2.8215782629189988e+02
5.4105206811824204e-04	0.0000000000000000e+00	2.7729804919003504e+02
5.5850536063818505e-04	0.0000000000000000e+00	2.6748581244840318e+02
5.7595865315812904e-04	0.0000000000000000e+00	2.5597747389162095e+02
5.9341194567807205e-04	0.0000000000000000e+00	2.4475025057853907e+02
6.1086523819801496e-04	0.0000000000000000e+00	2.6438266971704240e+02
6.2831853071795905e-04	0.0000000000000000e+00	2.9744301276589965e+02
6.4577182323790196e-04	0.0000000000000000e+00	3.3106438197606428e+02
6.6322511575784497e-04	0.0000000000000000e+00	3.6411653297503221e+02
6.8067840827778798e-04	0.0000000000000000e+00	3.9533708911199847e+02
6.9813170079773197e-04	0.0000000000000000e+00	4.2336464441257328e+02
7.1558499331767498e-04	0.0000000000000000e+00	4.6941420703446096e+02
7.3303828583761799e-04	0.0000000000000000e+00	5.7663477107901974e+02
7.5049157835756198e-04	0.0000000000000000e+00	6.7808606546096439e+02
7.6794487087750499e-04	0.0000000000000000e+00	7.6996029151987398e+02
7.8539816339744800e-04	0.0000000000000000e+00	8.4846768630941278e+02
8.0285145591739199e-04	0.0000000000000000e+00	9.0996588562989598e+02
8.2030474843733500e-04	0.0000000000000000e+00	9.5109199220616085e+02
8.3775804095727801e-04	0.0000000000000000e+00	9.7059094506748283e+02
8.5521133347722102e-04	0.0000000000000000e+00	9.7218417421804054e+02
8.7266462599716501e-04	0.0000000000000000e+00	9.6233745956974155e+02
8.9011791851710802e-04	0.0000000000000000e+00	9.4609340002500892e+02
9.0757121103705104e-04	0.0000000000000000e+00	9.2252490683473525e+02
9.2502450355699502e-04	0.0000000000000000e+00	8.9008732333716671e+02
9.4247779607693804e-04	0.0000000000000000e+00	8.4822412922250021e+02
9.5993108859688105e-04	0.0000000000000000e+00	7.9753271638956176e+02
9.7738438111682406e-04	0.0000000000000000e+00	7.3999317264509989e+02
9.9483767363676805e-04	0.0000000000000000e+00	6.7941279614385599e+02
1.0122909661567101e-03	0.0000000000000000e+00	6.2283124099566191e+02
1.0297442586766500e-03	0.0000000000000000e+00	6.1454604594169257e+02
1.0471975511966000e-03	0.0000000000000000e+00	7.4077896064030233e+02
1.0646508437165401e-03	0.0000000000000000e+00	9.5888945952420363e+02
1.0821041362364800e-03	0.0000000000000000e+00	1.1634608246156176e+03
1.0995574287564300e-03	0.0000000000000000e+00	1.3478373639684610e+03
1.1170107212763701e-03	0.0000000000000000e+00	1.5055731459322810e+03
1.1344640137963100e-03	0.0000000000000000e+00	1.6306334511406371e+03
1.1519173063162600e-03	0.0000000000000000e+00	1.7175947157361486e+03
1.1693705988361999e-03	0.0000000000000000e+00	1.7618367346715058e+03
1.1868238913561400e-03	0.0000000000000000e+00	1.7631254382617715e+03
1.2042771838760900e-03	0.0000000000000000e+00	1.7350825203009242e+03
1.2217304763960299e-03	0.0000000000000000e+00	1.6848825602248185e+03
1.2391837689159700e-03	0.0000000000000000e+00	1.6182396088958078e+03
1.2566370614359201e-03	0.0000000000000000e+00	1.5360917161048169e+03
1.2740903539558599e-03	0.0000000000000000e+00	1.4400722406000054e+03
1.2915436464758000e-03	0.0000000000000000e+00	1.3342209206106936e+03
1.3089969389957501e-03	0.0000000000000000e+00	1.2265301904244063e+03
1.3264502315156899e-03	0.0000000000000000e+00	1.1326642441933152e+03
1.3439035240356300e-03	0.0000000000000000e+00	1.0988564030610075e+03
1.3613568165555801e-03	0.0000000000000000e+00	1.2977492610247837e+03
1.3788101090755199e-03	0.0000000000000000e+00	1.4783448006695769e+03
1.3962634015954600e-03	0.0000000000000000e+00	1.6348898942627277e+03
1.4137166941154101e-03	0.0000000000000000e+00	1.7781946383627962e+03
1.4311699866353500e-03	0.0000000000000000e+00	2.0936568743314947e+03
1.4486232791552900e-03	0.0000000000000000e+00	2.3678280061035716e+03
1.4660765716752401e-03	0.0000000000000000e+00	2.5914418698753225e+03
1.4835298641951800e-03	0.0000000000000000e+00	2.7562759789511970e+03
1.5009831567151201e-03	0.0000000000000000e+00	2.8554241499077561e+03
1.5184364492350699e-03	0.0000000000000000e+00	2.8920862398520494e+03
1.5358897417550100e-03	0.0000000000000000e+00	2.8795012156140833e+03
1.5533430342749501e-03	0.0000000000000000e+00	2.8295723859356967e+03
1.5707963267948999e-03	0.0000000000000000e+00	2.7495812182238537e+03
1.5882496193148400e-03	0.0000000000000000e+00	2.6391055167832369e+03
1.6057029118347801e-03	0.0000000000000000e+00	2.4977404616613358e+03
1.6231562043547299e-03	0.0000000000000000e+00	2.3280562462707330e+03
1.6406094968746700e-03	0.0000000000000000e+00	2.1357060391394339e+03
1.6580627893946101e-03	0.0000000000000000e+00	1.9302871690884342e+03
1.6755160819145599e-03	0.0000000000000000e+00	1.7273100746608686e+03
1.6929693744345000e-03	0.0000000000000000e+00	1.5533344083435804e+03
1.7104226669544401e-03	0.0000000000000000e+00	1.5663970638621518e+03
1.7278759594743899e-03	0.0000000000000000e+00	1.8521807212928306e+03
1.7453292519943300e-03	0.0000000000000000e+00	2.1826291891801397e+03
1.7627825445142699e-03	0.0000000000000000e+00	2.6711396424136574e+03
1.7802358370342200e-03	0.0000000000000000e+00	3.1077009435946916e+03
1.7976891295541600e-03	0.0000000000000000e+00	3.4792174687334336e+03
1.8151424220740999e-03	0.0000000000000000e+00	3.7738594987803012e+03
1.8325957145940500e-03	0.0000000000000000e+00	3.9814126430917863e+03
1.8500490071139900e-03	0.0000000000000000e+00	4.0936015454737462e+03
1.8675022996339299e-03	0.0000000000000000e+00	4.1119211567718348e+03
1.8849555921538800e-03	0.0000000000000000e+00	4.0633520493406286e+03
1.9024088846738201e-03	0.0000000000000000e+00	3.9586682762234173e+03
1.9198621771937599e-03	0.0000000000000000e+00	3.8069796095984984e+03
1.9373154697137100e-03	0.0000000000000000e+00	3.6108001679591021e+03
1.9547687622336499e-03	0.0000000000000000e+00	3.3724175364304547e+03
1.9722220547535902e-03	0.0000000000000000e+00	3.0989829050440085e+03
1.9896753472735400e-03	0.0000000000000000e+00	2.8022020393556750e+03
2.0071286397934799e-03	0.0000000000000000e+00	2.5015081766493672e+03
2.0245819323134202e-03	0.0000000000000000e+00	2.2311555221710264e+03
2.0420352248333700e-03	0.0000000000000000e+00	2.0650716683197106e+03
2.0594885173533099e-03	0.0000000000000000e+00	2.4955118664101942e+03
2.0769418098732502e-03	0.0000000000000000e+00	2.8959969732057798e+03
2.0943951023932000e-03	0.0000000000000000e+00	3.2389258576100606e+03
2.1118483949131399e-03	0.0000000000000000e+00	3.6401680344120705e+03
2.1293016874330802e-03	0.0000000000000000e+00	4.1988426254626675e+03
2.1467549799530201e-03	0.0000000000000000e+00	4.6631126866870427e+03
2.1642082724729699e-03	0.0000000000000000e+00	5.0185949370771305e+03
2.1816615649929102e-03	0.0000000000000000e+00	5.2535117663584570e+03
2.1991148575128501e-03	0.0000000000000000e+00	5.3670020808072295e+03
2.2165681500327999e-03	0.0000000000000000e+00	5.3846878552908138e+03
2.2340214425527402e-03	0.0000000000000000e+00	5.3225554573903382e+03
2.2514747350726801e-03	0.0000000000000000e+00	5.1937734297588795e+03
2.2689280275926299e-03	0.0000000000000000e+00	5.0004153514218824e+03
2.2863813201125698e-03	0.0000000000000000e+00	4.7417757896986604e+03
2.3038346126325101e-03	0.0000000000000000e+00	4.4220374453891809e+03
2.3212879051524599e-03	0.0000000000000000e+00	4.0507529580889468e+03
2.3387411976723998e-03	0.0000000000000000e+00	3.6432761909136530e+03
2.3561944901923401e-03	0.0000000000000000e+00	3.2232835808498135e+03
2.3736477827122899e-03	0.0000000000000000e+00	2.8275741238438727e+03
2.3911010752322298e-03	0.0000000000000000e+00	2.5234853358784712e+03
2.4085543677521701e-03	0.0000000000000000e+00	2.8260718593193183e+03
2.4260076602721200e-03	0.0000000000000000e+00	3.3457818206482843e+03
2.4434609527920598e-03	0.0000000000000000e+00	3.8541900205078123e+03
2.4609142453120001e-03	0.0000000000000000e+00	4.6236531693505231e+03
2.4783675378319500e-03	0.0000000000000000e+00	5.2935748404603391e+03
2.4958208303518898e-03	0.0000000000000000e+00	5.8451649566004626e+03
2.5132741228718301e-03	0.0000000000000000e+00	6.2621726878331237e+03
2.5307274153917800e-03	0.0000000000000000e+00	6.5313396022872257e+03
2.5481807079117198e-03	0.0000000000000000e+00	6.6428032874796409e+03
2.5656340004316601e-03	0.0000000000000000e+00	6.6322174760055568e+03
2.5830872929516100e-03	0.0000000000000000e+00	6.5185887315846649e+03
2.6005405854715499e-03	0.0000000000000000e+00	6.3180145942342879e+03
2.6179938779914902e-03	0.0000000000000000e+00	6.0374613831684474e+03
2.6354471705114400e-03	0.0000000000000000e+00	5.6800466833538003e+03
2.6529004630313799e-03	0.0000000000000000e+00	5.2532780447243667e+03
2.6703537555513202e-03	0.0000000000000000e+00	4.7706799091340035e+03
2.6878070480712700e-03	0.0000000000000000e+00	4.2534118507680905e+03
2.7052603405912099e-03	0.0000000000000000e+00	3.7346911602835057e+03
2.7227136331111502e-03	0.0000000000000000e+00	3.2701454913955822e+03
2.7401669256311000e-03	0.0000000000000000e+00	2.9808497547682623e+03
2.7576202181510399e-03	0.0000000000000000e+00	3.6908869502857488e+03
2.7750735106709802e-03	0.0000000000000000e+00	4.3273424569301887e+03
2.7925268031909300e-03	0.0000000000000000e+00	4.8691561447828417e+03
2.8099800957108699e-03	0.0000000000000000e+00	5.5206852165565051e+03
2.8274333882308102e-03	0.0000000000000000e+00	6.2968232499601709e+03
2.8448866807507600e-03	0.0000000000000000e+00	6.9230278466782929e+03
2.8623399732706999e-03	0.0000000000000000e+00	7.3811982700369144e+03
2.8797932657906402e-03	0.0000000000000000e+00	7.6574970541832836e+03
2.8972465583105901e-03	0.0000000000000000e+00	7.7786265913609541e+03
2.9146998508305299e-03	0.0000000000000000e+00	7.7690386356928911e+03
2.9321531433504698e-03	0.0000000000000000e+00	7.6497714871569769e+03
2.9496064358704201e-03	0.0000000000000000e+00	7.4293807049985935e+03
2.9670597283903599e-03	0.0000000000000000e+00	7.1068317279238490e+03
2.9845130209102998e-03	0.0000000000000000e+00	6.6848815101165674e+03
3.0019663134302501e-03	0.0000000000000000e+00	6.1721713607351612e+03
3.0194196059501899e-03	0.0000000000000000e+00	5.5866938067937053e+03
3.0368728984701298e-03	0.0000000000000000e+00	4.9539058874789616e+03
3.0543261909900801e-03	0.0000000000000000e+00	4.3118609952553952e+03
3.0717794835100200e-03	0.0000000000000000e+00	3.7200370735194028e+03
3.0892327760299598e-03	0.0000000000000000e+00	3.2910723189764549e+03
3.1066860685499101e-03	0.0000000000000000e+00	3.8800142314422410e+03
3.1241393610698500e-03	0.0000000000000000e+00	4.6151723084692658e+03
3.1415926535897898e-03	0.0000000000000000e+00	5.3777426419641224e+03
3.1590459461097401e-03	0.0000000000000000e+00	6.3789173352284570e+03
3.1764992386296800e-03	0.0000000000000000e+00	7.2362279433372196e+03
3.1939525311496198e-03	0.0000000000000000e+00	7.9268583370995129e+03
3.2114058236695701e-03	0.0000000000000000e+00	8.4316756068921040e+03
3.2288591161895100e-03	0.0000000000000000e+00	8.7357389805143484e+03
3.2463124087094499e-03	0.0000000000000000e+00	8.8389174388670417e+03
3.2637657012294001e-03	0.0000000000000000e+00	8.7961025900648619e+03
3.2812189937493400e-03	0.0000000000000000e+00	8.6197027903424369e+03
3.2986722862692799e-03	0.0000000000000000e+00	8.3269643689578897e+03
3.3161255787892301e-03	0.0000000000000000e+00	7.9235626945531121e+03
3.3335788713091700e-03	0.0000000000000000e+00	7.4155915137951060e+03
3.3510321638291099e-03	0.0000000000000000e+00	6.8158345792520086e+03
3.3684854563490602e-03	0.0000000000000000e+00	6.1436293430711512e+03
3.3859387488690000e-03	0.0000000000000000e+00	5.4296984711500945e+03
3.4033920413889399e-03	0.0000000000000000e+00	4.7189564710165214e+03
3.4208453339088902e-03	0.0000000000000000e+00	4.0859810422405135e+03
3.4382986264288300e-03	0.0000000000000000e+00	3.7374446160303960e+03
3.4557519189487699e-03	0.0000000000000000e+00	4.6737970490784683e+03
3.4732052114687202e-03	0.0000000000000000e+00	5.5052238010799592e+03
3.4906585039886600e-03	0.0000000000000000e+00	6.2097596849044494e+03
3.5081117965085999e-03	0.0000000000000000e+00	7.0445524600612189e+03
3.5255650890285502e-03	0.0000000000000000e+00	7.9814150353453679e+03
3.5430183815484901e-03	0.0000000000000000e+00	8.7221756317435120e+03
3.5604716740684299e-03	0.0000000000000000e+00	9.2466084739484031e+03
3.5779249665883698e-03	0.0000000000000000e+00	9.5474048426762711e+03
3.5953782591083201e-03	0.0000000000000000e+00	9.6697121076753756e+03
3.6128315516282599e-03	0.0000000000000000e+00	9.6359493459582372e+03
3.6302848441482102e-03	0.0000000000000000e+00	9.4668428014730325e+03
3.6477381366681501e-03	0.0000000000000000e+00	9.1662830394972752e+03
3.6651914291880900e-03	0.0000000000000000e+00	8.7323760081275941e+03
3.6826447217080398e-03	0.0000000000000000e+00	8.1716721313681019e+03
3.7000980142279801e-03	0.0000000000000000e+00	7.4976868388454714e+03
3.7175513067479200e-03	0.0000000000000000e+00	6.7343238403585601e+03
3.7350045992678598e-03	0.0000000000000000e+00	5.9165358886279864e+03
3.7524578917878101e-03	0.0000000000000000e+00	5.0944736785208042e+03
3.7699111843077500e-03	0.0000000000000000e+00	4.3462520979699430e+03
3.7873644768276998e-03	0.0000000000000000e+00	3.8264733285906136e+03
3.8048177693476401e-03	0.0000000000000000e+00	4.6649267547629152e+03
3.8222710618675800e-03	0.0000000000000000e+00	5.5642203748485454e+03
3.8397243543875199e-03	0.0000000000000000e+00	6.5086220765060543e+03
3.8571776469074701e-03	0.0000000000000000e+00	7.6686436447752621e+03
3.8746309394274100e-03	0.0000000000000000e+00	8.6511954615929408e+03
3.8920842319473499e-03	0.0000000000000000e+00	9.4311428624507244e+03
3.9095375244672997e-03	0.0000000000000000e+00	9.9878601823981335e+03
3.9269908169872400e-03	0.0000000000000000e+00	1.0305775263120100e+04
3.9444441095071803e-03	0.0000000000000000e+00	1.0400229130258032e+04
3.9618974020271302e-03	0.0000000000000000e+00	1.0327093083279235e+04
3.9793506945470696e-03	0.0000000000000000e+00	1.0099076469692362e+04
3.9968039870670099e-03	0.0000000000000000e+00	9.7322056810382473e+03
4.0142572795869597e-03	0.0000000000000000e+00	9.2320134468005817e+03
4.0317105721069000e-03	0.0000000000000000e+00	8.6084007490281692e+03
4.0491638646268403e-03	0.0000000000000000e+00	7.8764035029862653e+03
4.0666171571467902e-03	0.0000000000000000e+00	7.0622090600240090e+03
4.0840704496667296e-03	0.0000000000000000e+00	6.2017222993867554e+03
4.1015237421866699e-03	0.0000000000000000e+00	5.3491168951765158e+03
4.1189770347066198e-03	0.0000000000000000e+00	4.5928234137906857e+03
4.1364303272265601e-03	0.0000000000000000e+00	4.2134559967391215e+03
4.1538836197465004e-03	0.0000000000000000e+00	5.3070809455199123e+03
4.1713369122664502e-03	0.0000000000000000e+00	6.2757811596490264e+03
4.1887902047863896e-03	0.0000000000000000e+00	7.0945267046505578e+03
4.2062434973063299e-03	0.0000000000000000e+00	8.0834780305261565e+03
4.2236967898262798e-03	0.0000000000000000e+00	9.1198625953877454e+03
4.2411500823462201e-03	0.0000000000000000e+00	9.9282677285640002e+03
4.2586033748661604e-03	0.0000000000000000e+00	1.0487545328138000e+04
4.2760566673861102e-03	0.0000000000000000e+00	1.0802591112510454e+04
4.2935099599060497e-03	0.0000000000000000e+00	1.0922981439526326e+04
4.3109632524259900e-03	0.0000000000000000e+00	1.0871866059902686e+04
4.3284165449459398e-03	0.0000000000000000e+00	1.0666034703769221e+04
4.3458698374658801e-03	0.0000000000000000e+00	1.0307415552238324e+04
4.3633231299858204e-03	0.0000000000000000e+00	9.7941079985935958e+03
4.3807764225057702e-03	0.0000000000000000e+00	9.1347559043162364e+03
4.3982297150257097e-03	0.0000000000000000e+00	8.3469915216443715e+03
4.4156830075456500e-03	0.0000000000000000e+00	7.4602987804338782e+03
4.4331363000655998e-03	0.0000000000000000e+00	6.5144398423433140e+03
4.4505895925855401e-03	0.0000000000000000e+00	5.5691127012637571e+03
4.4680428851054804e-03	0.0000000000000000e+00	4.7146081041012594e+03
4.4854961776254303e-03	0.0000000000000000e+00	4.1351189479383411e+03
4.5029494701453697e-03	0.0000000000000000e+00	5.1449415039246624e+03
4.5204027626653100e-03	0.0000000000000000e+00	6.1473999784084017e+03
4.5378560551852598e-03	0.0000000000000000e+00	7.2243335778491455e+03
4.5553093477052001e-03	0.0000000000000000e+00	8.4774083010825198e+03
4.5727626402251396e-03	0.0000000000000000e+00	9.5315169206846567e+03
4.5902159327450903e-03	0.0000000000000000e+00	1.0360425617490231e+04
4.6076692252650297e-03	0.0000000000000000e+00	1.0942928233516592e+04
4.6251225177849700e-03	0.0000000000000000e+00	1.1263392158350945e+04
4.6425758103049199e-03	0.0000000000000000e+00	1.1350944792112759e+04
4.6600291028248602e-03	0.0000000000000000e+00	1.1255979911396033e+04
4.6774823953447996e-03	0.0000000000000000e+00	1.0993993205574534e+04
4.6949356878647503e-03	0.0000000000000000e+00	1.0577917082591273e+04
4.7123889803846897e-03	0.0000000000000000e+00	1.0015673006240620e+04
4.7298422729046300e-03	0.0000000000000000e+00	9.3173923405606292e+03
4.7472955654245799e-03	0.0000000000000000e+00	8.5022306419217475e+03
4.7647488579445202e-03	0.0000000000000000e+00	7.5987671592900160e+03
4.7822021504644596e-03	0.0000000000000000e+00	6.6472528489178794e+03
4.7996554429844103e-03	0.0000000000000000e+00	5.7078630335633507e+03
4.8171087355043498e-03	0.0000000000000000e+00	4.8778295430375229e+03
4.8345620280242901e-03	0.0000000000000000e+00	4.5023577201945736e+03
4.8520153205442399e-03	0.0000000000000000e+00	5.6898447567298517e+03
4.8694686130641802e-03	0.0000000000000000e+00	6.7400015696259406e+03
4.8869219055841196e-03	0.0000000000000000e+00	7.6260726501663439e+03
4.9043751981040704e-03	0.0000000000000000e+00	8.6792770765413916e+03
4.9218284906240098e-03	0.0000000000000000e+00	9.7684874430169857e+03
4.9392817831439501e-03	0.0000000000000000e+00	1.0611088594741062e+04
4.9567350756638999e-03	0.0000000000000000e+00	1.1185666661482821e+04
4.9741883681838402e-03	0.0000000000000000e+00	1.1509093153964841e+04
4.9916416607037797e-03	0.0000000000000000e+00	1.1627501994450336e+04
5.0090949532237304e-03	0.0000000000000000e+00	1.1564870903113359e+04
5.0265482457436698e-03	0.0000000000000000e+00	1.1337494268883858e+04
5.0440015382636101e-03	0.0000000000000000e+00	1.0942563565656163e+04
5.0614548307835600e-03	0.0000000000000000e+00	1.0381466870457774e+04
5.0789081233035003e-03	0.0000000000000000e+00	9.6633234625423447e+03
5.0963614158234397e-03	0.0000000000000000e+00	8.8088635766038951e+03
5.1138147083433904e-03	0.0000000000000000e+00	7.8488890748617659e+03
5.1312680008633298e-03	0.0000000000000000e+00	6.8281104501127584e+03
5.1487212933832701e-03	0.0000000000000000e+00	5.8108822566046456e+03
5.1661745859032200e-03	0.0000000000000000e+00	4.8945198960692696e+03
5.1836278784231603e-03	0.0000000000000000e+00	4.2806440064364779e+03
5.2010811709430997e-03	0.0000000000000000e+00	5.3892135147375475e+03
5.2185344634630504e-03	0.0000000000000000e+00	6.4488695168979548e+03
5.2359877559829899e-03	0.0000000000000000e+00	7.6144946347998548e+03
5.2534410485029302e-03	0.0000000000000000e+00	8.9140810127788191e+03
5.2708943410228696e-03	0.0000000000000000e+00	1.0002929558985405e+04
5.2883476335428203e-03	0.0000000000000000e+00	1.0854393144203686e+04
5.3058009260627597e-03	0.0000000000000000e+00	1.1447130782406717e+04
5.3232542185827000e-03	0.0000000000000000e+00	1.1765640592467080e+04
5.3407075111026499e-03	0.0000000000000000e+00	1.1847157983409908e+04
5.3581608036225902e-03	0.0000000000000000e+00	1.1739597146957651e+04
5.3756140961425296e-03	0.0000000000000000e+00	1.1456619409884104e+04
5.3930673886624803e-03	0.0000000000000000e+00	1.1012316943184869e+04
5.4105206811824198e-03	0.0000000000000000e+00	1.0414447870114067e+04
5.4279739737023601e-03	0.0000000000000000e+00	9.6741785109056163e+03
5.4454272662223099e-03	0.0000000000000000e+00	8.8128626363374005e+03
5.4628805587422502e-03	0.0000000000000000e+00	7.8603139528873990e+03
5.4803338512621896e-03	0.0000000000000000e+00	6.8592569515481937e+03
5.4977871437821403e-03	0.0000000000000000e+00	5.8729188662433962e+03
5.5152404363020798e-03	0.0000000000000000e+00	5.0036111512052303e+03
5.5326937288220201e-03	0.0000000000000000e+00	4.6343361834268362e+03
5.5501470213419699e-03	0.0000000000000000e+00	5.8692371800648143e+03
5.5676003138619102e-03	0.0000000000000000e+00	6.9603522942813843e+03
5.5850536063818497e-03	0.0000000000000000e+00	7.8800944521646761e+03
5.6025068989018004e-03	0.0000000000000000e+00	8.9778019718069045e+03
5.6199601914217398e-03	0.0000000000000000e+00	1.0091250282969260e+04
5.6374134839416801e-03	0.0000000000000000e+00	1.0948725122793721e+04
5.6548667764616299e-03	0.0000000000000000e+00	1.1528804739846899e+04
5.6723200689815702e-03	0.0000000000000000e+00	1.1856721417195789e+04
5.6897733615015097e-03	0.0000000000000000e+00	1.1974557326064591e+04
5.7072266540214604e-03	0.0000000000000000e+00	1.1908006871367817e+04
5.7246799465413998e-03	0.0000000000000000e+00	1.1669189285841099e+04
5.7421332390613401e-03	0.0000000000000000e+00	1.1257271839265208e+04
5.7595865315812900e-03	0.0000000000000000e+00	1.0672077671160629e+04
5.7770398241012303e-03	0.0000000000000000e+00	9.9242991217237759e+03
5.7944931166211697e-03	0.0000000000000000e+00	9.0359273991401515e+03
5.8119464091411204e-03	0.0000000000000000e+00	8.0392399495930904e+03
5.8293997016610598e-03	0.0000000000000000e+00	6.9812489017276857e+03
5.8468529941810002e-03	0.0000000000000000e+00	5.9280253569760580e+03
5.8643062867009500e-03	0.0000000000000000e+00	4.9808455914765427e+03
5.8817595792208903e-03	0.0000000000000000e+00	4.3504249605522436e+03
5.8992128717408297e-03	0.0000000000000000e+00	5.5111408406882174e+03
5.9166661642607796e-03	0.0000000000000000e+00	6.5974922864502169e+03
5.9341194567807199e-03	0.0000000000000000e+00	7.7956290537040022e+03
5.9515727493006602e-03	0.0000000000000000e+00	9.1154898524370692e+03
5.9690260418206100e-03	0.0000000000000000e+00	1.0219055036043927e+04
5.9864793343405503e-03	0.0000000000000000e+00	1.1079559238347192e+04
6.0039326268604898e-03	0.0000000000000000e+00	1.1675678074313648e+04
6.0213859193804396e-03	0.0000000000000000e+00	1.1992040104998568e+04
6.0388392119003799e-03	0.0000000000000000e+00	1.2069165525977080e+04
6.0562925044203202e-03	0.0000000000000000e+00	1.1954553729666952e+04
6.0737457969402700e-03	0.0000000000000000e+00	1.1660708253484427e+04
6.0911990894602103e-03	0.0000000000000000e+00	1.1202398867949460e+04
6.1086523819801498e-03	0.0000000000000000e+00	1.0586873544822414e+04
6.1261056745000996e-03	0.0000000000000000e+00	9.8263865624833543e+03
6.1435589670200399e-03	0.0000000000000000e+00	8.9431426748254744e+03
6.1610122595399802e-03	0.0000000000000000e+00	7.9676434739014085e+03
6.1784655520599301e-03	0.0000000000000000e+00	6.9438287608536621e+03
6.1959188445798704e-03	0.0000000000000000e+00	5.9364493342027399e+03
6.2133721370998098e-03	0.0000000000000000e+00	5.0504583130706951e+03
6.2308254296197596e-03	0.0000000000000000e+00	4.6905892681906362e+03
6.2482787221396999e-03	0.0000000000000000e+00	5.9471700683166064e+03
6.2657320146596402e-03	0.0000000000000000e+00	7.0570033661918023e+03
6.2831853071795901e-03	0.0000000000000000e+00	7.9921402385830106e+03
6.3006385996995304e-03	0.0000000000000000e+00	9.1066875247547068e+03
6.3180918922194698e-03	0.0000000000000000e+00	1.0229650503347533e+04
6.3355451847394197e-03	0.0000000000000000e+00	1.1092580502236733e+04
6.3529984772593600e-03	0.0000000000000000e+00	1.1674103475178121e+04
6.3704517697793003e-03	0.0000000000000000e+00	1.2004326858039087e+04
6.3879050622992501e-03	0.0000000000000000e+00	1.2123048318143476e+04
6.4053583548191904e-03	0.0000000000000000e+00	1.2054574668558855e+04
6.4228116473391298e-03	0.0000000000000000e+00	1.1811785381022049e+04
6.4402649398590797e-03	0.0000000000000000e+00	1.1391989813448758e+04
6.4577182323790200e-03	0.0000000000000000e+00	1.0796128317280154e+04
6.4751715248989603e-03	0.0000000000000000e+00	1.0035200710382269e+04
6.4926248174188997e-03	0.0000000000000000e+00	9.1317125350447095e+03
6.5100781099388504e-03	0.0000000000000000e+00	8.1186105349677837e+03
6.5275314024587899e-03	0.0000000000000000e+00	7.0437425528772801e+03
6.5449846949787302e-03	0.0000000000000000e+00	5.9739864735204010e+03
6.5624379874986800e-03	0.0000000000000000e+00	5.0119537251102547e+03
6.5798912800186203e-03	0.0000000000000000e+00	4.3717838367350287e+03
6.5973445725385597e-03	0.0000000000000000e+00	5.5526121692256165e+03
6.6147978650585096e-03	0.0000000000000000e+00	6.6498838208168781e+03
6.6322511575784499e-03	0.0000000000000000e+00	7.8699253548074803e+03
6.6497044500983902e-03	0.0000000000000000e+00	9.1973954730592413e+03
6.6671577426183400e-03	0.0000000000000000e+00	1.0306283282710141e+04
6.6846110351382803e-03	0.0000000000000000e+00	1.1169806677788936e+04
6.7020643276582198e-03	0.0000000000000000e+00	1.1766674953664282e+04
6.7195176201781696e-03	0.0000000000000000e+00	1.2081597871323260e+04
6.7369709126981099e-03	0.0000000000000000e+00	1.2155952096239311e+04
6.7544242052180502e-03	0.0000000000000000e+00	1.2037424137088412e+04
6.7718774977380001e-03	0.0000000000000000e+00	1.1738407125320473e+04
6.7893307902579404e-03	0.0000000000000000e+00	1.1273703146862790e+04
6.8067840827778798e-03	0.0000000000000000e+00	1.0650473567655879e+04
6.8242373752978296e-03	0.0000000000000000e+00	9.8813930843440867e+03
6.8416906678177699e-03	0.0000000000000000e+00	8.9890654778061908e+03
6.8591439603377102e-03	0.0000000000000000e+00	8.0043121195545882e+03
6.8765972528576601e-03	0.0000000000000000e+00	6.9716643256953357e+03
6.8940505453776004e-03	0.0000000000000000e+00	5.9565572393123439e+03
6.9115038378975398e-03	0.0000000000000000e+00	5.0653192661736593e+03
6.9289571304174897e-03	0.0000000000000000e+00	4.7139817049142775e+03
6.9464104229374300e-03	0.0000000000000000e+00	5.9784526546638381e+03
6.9638637154573703e-03	0.0000000000000000e+00	7.0950009430099999e+03
6.9813170079773201e-03	0.0000000000000000e+00	8.0355537227185696e+03
6.9987703004972604e-03	0.0000000000000000e+00	9.1569254115831282e+03
7.0162235930171998e-03	0.0000000000000000e+00	1.0283286822167904e+04
7.0336768855371497e-03	0.0000000000000000e+00	1.1148082631030706e+04
7.0511301780570900e-03	0.0000000000000000e+00	1.1729974093749317e+04
7.0685834705770303e-03	0.0000000000000000e+00	1.2062277497842240e+04
7.0860367630969801e-03	0.0000000000000000e+00	1.2181887268508628e+04
7.1034900556169204e-03	0.0000000000000000e+00	1.2113475259445400e+04
7.1209433481368599e-03	0.0000000000000000e+00	1.1869979400565164e+04
7.1383966406568097e-03	0.0000000000000000e+00	1.1447687277519099e+04
7.1558499331767500e-03	0.0000000000000000e+00	1.0848124296826330e+04
7.1733032256966903e-03	0.0000000000000000e+00	1.0082410750413001e+04
7.1907565182166401e-03	0.0000000000000000e+00	9.1732527028744025e+03
7.2082098107365796e-03	0.0000000000000000e+00	8.1538697687774529e+03
7.2256631032565199e-03	0.0000000000000000e+00	7.0722914380833581e+03
7.2431163957764697e-03	0.0000000000000000e+00	5.9957814697009844e+03
7.2605696882964100e-03	0.0000000000000000e+00	5.0271938108051354e+03
7.2780229808163503e-03	0.0000000000000000e+00	4.3819287404449506e+03
7.2954762733363002e-03	0.0000000000000000e+00	5.5717788727773877e+03
7.3129295658562396e-03	0.0000000000000000e+00	6.6731704245545388e+03
7.3303828583761799e-03	0.0000000000000000e+00	7.8924954775136503e+03
7.3478361508961297e-03	0.0000000000000000e+00	9.2223845925087280e+03
7.3652894434160700e-03	0.0000000000000000e+00	1.0332877987127435e+04
7.3827427359360103e-03	0.0000000000000000e+00	1.1197199805786955e+04
7.4001960284559602e-03	0.0000000000000000e+00	1.1794077397848681e+04
7.4176493209758996e-03	0.0000000000000000e+00	1.2108260634686003e+04
7.4351026134958399e-03	0.0000000000000000e+00	1.2180256522926567e+04
7.4525559060157898e-03	0.0000000000000000e+00	1.2059562111512718e+04
7.4700091985357301e-03	0.0000000000000000e+00	1.1757889766112812e+04
7.4874624910556704e-03	0.0000000000000000e+00	1.1290135895692038e+04
7.5049157835756202e-03	0.0000000000000000e+00	1.0663670506067796e+04
7.5223690760955596e-03	0.0000000000000000e+00	9.8912176522083555e+03
7.5398223686154999e-03	0.0000000000000000e+00	8.9955380872604219e+03
7.5572756611354498e-03	0.0000000000000000e+00	8.0076357478624032e+03
7.5747289536553901e-03	0.0000000000000000e+00	6.9723137923651475e+03
7.5921822461753304e-03	0.0000000000000000e+00	5.9552988668606504e+03
7.6096355386952802e-03	0.0000000000000000e+00	5.0636007851697968e+03
7.6270888312152197e-03	0.0000000000000000e+00	4.7158836158764880e+03
7.6445421237351600e-03	0.0000000000000000e+00	5.9831925507087944e+03
7.6619954162551098e-03	0.0000000000000000e+00	7.1021899285007612e+03
7.6794487087750501e-03	0.0000000000000000e+00	8.0447624391348345e+03
7.6969020012949904e-03	0.0000000000000000e+00	9.1782340832496047e+03
7.7143552938149403e-03	0.0000000000000000e+00	1.0305615259158683e+04
7.7318085863348797e-03	0.0000000000000000e+00	1.1170924355484223e+04
7.7492618788548200e-03	0.0000000000000000e+00	1.1752838625602442e+04
7.7667151713747698e-03	0.0000000000000000e+00	1.2086927668643448e+04
7.7841684638947101e-03	0.0000000000000000e+00	1.2207308945202238e+04
7.8016217564146496e-03	0.0000000000000000e+00	1.2139537606661303e+04
7.8190750489345994e-03	0.0000000000000000e+00	1.1896359792348419e+04
7.8365283414545406e-03	0.0000000000000000e+00	1.1473479943722896e+04
7.8539816339744800e-03	0.0000000000000000e+00	1.0872738717632879e+04
7.8714349264944194e-03	0.0000000000000000e+00	1.0105294772731795e+04
7.8888882190143693e-03	0.0000000000000000e+00	9.1939282321720129e+03
7.9063415115343105e-03	0.0000000000000000e+00	8.1719606753808803e+03
7.9237948040542603e-03	0.0000000000000000e+00	7.0873226830058020e+03
7.9412480965741997e-03	0.0000000000000000e+00	6.0073786125796441e+03
7.9587013890941392e-03	0.0000000000000000e+00	5.0349092062210393e+03
7.9761546816140907e-03	0.0000000000000000e+00	4.3855639496732974e+03
7.9936079741340302e-03	0.0000000000000000e+00	5.5788069467104324e+03
8.0110612666539696e-03	0.0000000000000000e+00	6.6813014490936876e+03
8.0285145591739195e-03	0.0000000000000000e+00	7.8947892076538747e+03
8.0459678516938606e-03	0.0000000000000000e+00	9.2253711766108318e+03
8.0634211442138001e-03	0.0000000000000000e+00	1.0336302267778452e+04
8.0808744367337395e-03	0.0000000000000000e+00	1.1200811665859354e+04
8.0983277292536893e-03	0.0000000000000000e+00	1.1797634539726694e+04
8.1157810217736305e-03	0.0000000000000000e+00	1.2111535511763175e+04
8.1332343142935803e-03	0.0000000000000000e+00	1.2181771031269976e+04
8.1506876068135198e-03	0.0000000000000000e+00	1.2059923215641324e+04
8.1681408993334592e-03	0.0000000000000000e+00	1.1756972866072696e+04
8.1855941918534108e-03	0.0000000000000000e+00	1.1287945170821153e+04
8.2030474843733502e-03	0.0000000000000000e+00	1.0660397176385346e+04
8.2205007768932897e-03	0.0000000000000000e+00	9.8870107813800296e+03
8.2379540694132308e-03	0.0000000000000000e+00	8.9906774443969844e+03
8.2554073619331807e-03	0.0000000000000000e+00	8.0024440572211442e+03
8.2728606544531201e-03	0.0000000000000000e+00	6.9673248803835104e+03
8.2903139469730595e-03	0.0000000000000000e+00	5.9511591607185219e+03
8.3077672394930094e-03	0.0000000000000000e+00	5.0614647211150177e+03
8.3252205320129506e-03	0.0000000000000000e+00	4.7175962438643892e+03
8.3426738245328900e-03	0.0000000000000000e+00	5.9857215286006031e+03
8.3601271170528398e-03	0.0000000000000000e+00	7.1053975288626743e+03
8.3775804095727793e-03	0.0000000000000000e+00	8.0485020541318099e+03
8.3950337020927204e-03	0.0000000000000000e+00	9.1896947677904282e+03
8.4124869946126703e-03	0.0000000000000000e+00	1.0317397378853308e+04
8.4299402871326097e-03	0.0000000000000000e+00	1.1182884384338520e+04
8.4473935796525491e-03	0.0000000000000000e+00	1.1764878075497640e+04
8.4648468721725007e-03	0.0000000000000000e+00	1.2100320884770586e+04
8.4823001646924402e-03	0.0000000000000000e+00	1.2221411882052658e+04
8.4997534572123796e-03	0.0000000000000000e+00	1.2154290358995042e+04
8.5172067497323294e-03	0.0000000000000000e+00	1.1911535297534665e+04
8.5346600422522706e-03	0.0000000000000000e+00	1.1488570254420672e+04
8.5521133347722100e-03	0.0000000000000000e+00	1.0887387400265385e+04
8.5695666272921599e-03	0.0000000000000000e+00	1.0119160299760839e+04
8.5870199198120993e-03	0.0000000000000000e+00	9.2066981392282978e+03
8.6044732123320405e-03	0.0000000000000000e+00	8.1833747110270970e+03
8.6219265048519903e-03	0.0000000000000000e+00	7.0969707924692457e+03
8.6393797973719298e-03	0.0000000000000000e+00	6.0146024097096288e+03
8.6568330898918692e-03	0.0000000000000000e+00	5.0391931551672760e+03
8.6742863824118208e-03	0.0000000000000000e+00	4.3863403191992566e+03
8.6917396749317602e-03	0.0000000000000000e+00	5.5819994543488756e+03
8.7091929674516996e-03	0.0000000000000000e+00	6.6849542760227923e+03
8.7266462599716495e-03	0.0000000000000000e+00	7.8887016064732106e+03
8.7440995524915906e-03	0.0000000000000000e+00	9.2193808852816364e+03
8.7615528450115301e-03	0.0000000000000000e+00	1.0330339494589598e+04
8.7790061375314799e-03	0.0000000000000000e+00	1.1194806551256683e+04
8.7964594300514194e-03	0.0000000000000000e+00	1.1791525653775267e+04
8.8139127225713605e-03	0.0000000000000000e+00	1.2105264089234597e+04
8.8313660150913104e-03	0.0000000000000000e+00	1.2174167963958058e+04
8.8488193076112498e-03	0.0000000000000000e+00	1.2051386280687017e+04
8.8662726001311892e-03	0.0000000000000000e+00	1.1747645723972524e+04
8.8837258926511408e-03	0.0000000000000000e+00	1.1277985459226700e+04
8.9011791851710802e-03	0.0000000000000000e+00	1.0650094353617715e+04
8.9186324776910197e-03	0.0000000000000000e+00	9.8765943425239257e+03
8.9360857702109695e-03	0.0000000000000000e+00	8.9805056880692246e+03
8.9535390627309107e-03	0.0000000000000000e+00	7.9928442819121565e+03
8.9709923552508501e-03	0.0000000000000000e+00	6.9588020411370799e+03
8.9884456477708000e-03	0.0000000000000000e+00	5.9442388400471009e+03
9.0058989402907394e-03	0.0000000000000000e+00	5.0569948880571883e+03
9.0233522328106806e-03	0.0000000000000000e+00	4.7134911081063974e+03
9.0408055253306304e-03	0.0000000000000000e+00	5.9817170148969853e+03
9.0582588178505698e-03	0.0000000000000000e+00	7.1014702596082916e+03
9.0757121103705093e-03	0.0000000000000000e+00	8.0446257966932344e+03
9.0931654028904609e-03	0.0000000000000000e+00	9.2008566722138385e+03
9.1106186954104003e-03	0.0000000000000000e+00	1.0328681253938506e+04
9.1280719879303397e-03	0.0000000000000000e+00	1.1194251797554300e+04
9.1455252804502896e-03	0.0000000000000000e+00	1.1776491147809909e+04
9.1629785729702307e-03	0.0000000000000000e+00	1.2112895142218311e+04
9.1804318654901702e-03	0.0000000000000000e+00	1.2234607864723414e+04
9.1978851580101200e-03	0.0000000000000000e+00	1.2168045364068892e+04
9.2153384505300594e-03	0.0000000000000000e+00	1.1925624616228473e+04
9.2327917430500006e-03	0.0000000000000000e+00	1.1502614674892635e+04
9.2502450355699505e-03	0.0000000000000000e+00	1.0901097014326051e+04
9.2676983280898899e-03	0.0000000000000000e+00	1.0132252619099725e+04
9.2851516206098293e-03	0.0000000000000000e+00	9.2189153693200733e+03
9.3026049131297792e-03	0.0000000000000000e+00	8.1944940914204399e+03
9.3200582056497203e-03	0.0000000000000000e+00	7.1065871032173754e+03
9.3375114981696598e-03	0.0000000000000000e+00	6.0220691828145436e+03
9.3549647906896096e-03	0.0000000000000000e+00	5.0440634102760241e+03
9.3724180832095508e-03	0.0000000000000000e+00	4.3883360993167853e+03
9.3898713757294902e-03	0.0000000000000000e+00	5.5876741962163205e+03
9.4073246682494296e-03	0.0000000000000000e+00	6.6906980032766505e+03
9.4247779607693795e-03	0.0000000000000000e+00	7.8782937834044687e+03
9.4422312532893207e-03	0.0000000000000000e+00	9.2089767929321824e+03
9.4596845458092705e-03	0.0000000000000000e+00	1.0319923857385485e+04
9.4771378383292099e-03	0.0000000000000000e+00	1.1184364407194573e+04
9.4945911308491494e-03	0.0000000000000000e+00	1.1781043348423458e+04
9.5120444233690905e-03	0.0000000000000000e+00	1.2094728529462851e+04
9.5294977158890404e-03	0.0000000000000000e+00	1.2162649017769925e+04
9.5469510084089798e-03	0.0000000000000000e+00	1.2039252655219683e+04
9.5644043009289192e-03	0.0000000000000000e+00	1.1735116822294052e+04
9.5818575934488708e-03	0.0000000000000000e+00	1.1265312305055724e+04
9.5993108859688103e-03	0.0000000000000000e+00	1.0637570990185428e+04
9.6167641784887497e-03	0.0000000000000000e+00	9.8644788661986986e+03
9.6342174710086995e-03	0.0000000000000000e+00	8.9692140716856175e+03
9.6516707635286407e-03	0.0000000000000000e+00	7.9826922260827523e+03
9.6691240560485905e-03	0.0000000000000000e+00	6.9502928673199795e+03
9.6865773485685300e-03	0.0000000000000000e+00	5.9378367157208077e+03
9.7040306410884694e-03	0.0000000000000000e+00	5.0534265939611350e+03
9.7214839336084106e-03	0.0000000000000000e+00	4.7092183597342419e+03
9.7389372261283604e-03	0.0000000000000000e+00	5.9775602151002076e+03
9.7563905186482999e-03	0.0000000000000000e+00	7.0974164827202885e+03
9.7738438111682393e-03	0.0000000000000000e+00	8.0406623151439189e+03
9.7912971036881909e-03	0.0000000000000000e+00	9.2126510079345990e+03
9.8087503962081303e-03	0.0000000000000000e+00	1.0340513101151968e+04
9.8262036887280697e-03	0.0000000000000000e+00	1.1206112949851000e+04
9.8436569812480196e-03	0.0000000000000000e+00	1.1788526246401774e+04
9.8611102737679607e-03	0.0000000000000000e+00	1.2125597705577457e+04
9.8785635662879106e-03	0.0000000000000000e+00	1.2247687190396864e+04
9.8960168588078500e-03	0.0000000000000000e+00	1.2181380615397573e+04
9.9134701513277895e-03	0.0000000000000000e+00	1.1938930853587739e+04
9.9309234438477306e-03	0.0000000000000000e+00	1.1515602068164282e+04
9.9483767363676805e-03	0.0000000000000000e+00	1.0913500464083760e+04
9.9658300288876199e-03	0.0000000000000000e+00	1.0143820207212997e+04
9.9832833214075593e-03	0.0000000000000000e+00	9.2294227774105238e+03
1.0000736613927501e-02	0.0000000000000000e+00	8.2037575201537529e+03
1.0018189906447501e-02	0.0000000000000000e+00	7.1142019885884056e+03
1.0035643198967400e-02	0.0000000000000000e+00	6.0273912122175216e+03
1.0053096491487300e-02	0.0000000000000000e+00	5.0467241714632519e+03
1.0070549784007300e-02	0.0000000000000000e+00	4.3882545192663474e+03
1.0088003076527199e-02	0.0000000000000000e+00	5.5916399382612590e+03
1.0105456369047200e-02	0.0000000000000000e+00	6.6946899872425329e+03
1.0122909661567101e-02	0.0000000000000000e+00	7.8663057841246182e+03
1.0140362954087099e-02	0.0000000000000000e+00	9.1969617592377017e+03
1.0157816246607001e-02	0.0000000000000000e+00	1.0307877746769769e+04
1.0175269539126900e-02	0.0000000000000000e+00	1.1172285005407932e+04
1.0192722831646900e-02	0.0000000000000000e+00	1.1768925088242218e+04
1.0210176124166800e-02	0.0000000000000000e+00	1.2082568135152464e+04
1.0227629416686800e-02	0.0000000000000000e+00	1.2149803029585744e+04
1.0245082709206699e-02	0.0000000000000000e+00	1.2026068536588020e+04
1.0262536001726700e-02	0.0000000000000000e+00	1.1721829071586930e+04
1.0279989294246601e-02	0.0000000000000000e+00	1.1252232469065448e+04
1.0297442586766500e-02	0.0000000000000000e+00	1.0624935434956051e+04
1.0314895879286501e-02	0.0000000000000000e+00	9.8525315863180313e+03
1.0332349171806400e-02	0.0000000000000000e+00	8.9583930471118601e+03
1.0349802464326400e-02	0.0000000000000000e+00	7.9732642854561273e+03
1.0367255756846300e-02	0.0000000000000000e+00	6.9427240591408199e+03
1.0384709049366300e-02	0.0000000000000000e+00	5.9325011442032437e+03
1.0402162341886199e-02	0.0000000000000000e+00	5.0508858224673777e+03
1.0419615634406101e-02	0.0000000000000000e+00	4.7043655396390322e+03
1.0437068926926101e-02	0.0000000000000000e+00	5.9726284900937499e+03
1.0454522219446000e-02	0.0000000000000000e+00	7.0924073573077185e+03
1.0471975511966001e-02	0.0000000000000000e+00	8.0355756796797259e+03
1.0489428804485900e-02	0.0000000000000000e+00	9.2256079887134347e+03
1.0506882097005900e-02	0.0000000000000000e+00	1.0353510067392355e+04
1.0524335389525800e-02	0.0000000000000000e+00	1.1219148188066254e+04
1.0541788682045699e-02	0.0000000000000000e+00	1.1801704685110304e+04
1.0559241974565699e-02	0.0000000000000000e+00	1.2139243854453785e+04
1.0576695267085601e-02	0.0000000000000000e+00	1.2261553604563069e+04
1.0594148559605601e-02	0.0000000000000000e+00	1.2195300463251277e+04
1.0611601852125500e-02	0.0000000000000000e+00	1.1952588770203831e+04
1.0629055144645501e-02	0.0000000000000000e+00	1.1528768017799477e+04
1.0646508437165400e-02	0.0000000000000000e+00	1.0925932975403121e+04
1.0663961729685400e-02	0.0000000000000000e+00	1.0155299152653821e+04
1.0681415022205300e-02	0.0000000000000000e+00	9.2397601009179452e+03
1.0698868314725199e-02	0.0000000000000000e+00	8.2128087404798589e+03
1.0716321607245199e-02	0.0000000000000000e+00	7.1215976832280230e+03
1.0733774899765101e-02	0.0000000000000000e+00	6.0325722550728078e+03
1.0751228192285101e-02	0.0000000000000000e+00	5.0494997842499133e+03
1.0768681484805000e-02	0.0000000000000000e+00	4.3890115492895857e+03
1.0786134777325001e-02	0.0000000000000000e+00	5.5979831496875368e+03
1.0803588069844900e-02	0.0000000000000000e+00	6.7010922956125478e+03
1.0821041362364800e-02	0.0000000000000000e+00	7.8528041177392815e+03
1.0838494654884800e-02	0.0000000000000000e+00	9.1834371460049042e+03
1.0855947947404699e-02	0.0000000000000000e+00	1.0294330542838788e+04
1.0873401239924699e-02	0.0000000000000000e+00	1.1158714007182900e+04
1.0890854532444601e-02	0.0000000000000000e+00	1.1755332692749407e+04
1.0908307824964599e-02	0.0000000000000000e+00	1.2068954895486428e+04
1.0925761117484500e-02	0.0000000000000000e+00	1.2135753339483472e+04
1.0943214410004400e-02	0.0000000000000000e+00	1.2011890418453353e+04
1.0960667702524400e-02	0.0000000000000000e+00	1.1707760078992162e+04
1.0978120995044300e-02	0.0000000000000000e+00	1.1238617618734561e+04
1.0995574287564300e-02	0.0000000000000000e+00	1.0611966059674785e+04
1.1013027580084199e-02	0.0000000000000000e+00	9.8405198192228490e+03
1.1030480872604199e-02	0.0000000000000000e+00	8.9476068223979237e+03
1.1047934165124101e-02	0.0000000000000000e+00	7.9640092287286270e+03
1.1065387457644000e-02	0.0000000000000000e+00	6.9354113804172857e+03
1.1082840750164000e-02	0.0000000000000000e+00	5.9274097533769982e+03
1.1100294042683900e-02	0.0000000000000000e+00	5.0483793444948915e+03
1.1117747335203900e-02	0.0000000000000000e+00	4.6975545197096844e+03
1.1135200627723800e-02	0.0000000000000000e+00	5.9658302467697313e+03
1.1152653920243800e-02	0.0000000000000000e+00	7.0856240418091083e+03
1.1170107212763699e-02	0.0000000000000000e+00	8.0288052190248254e+03
1.1187560505283699e-02	0.0000000000000000e+00	9.2394343717007905e+03
1.1205013797803601e-02	0.0000000000000000e+00	1.0367341269863551e+04
1.1222467090323500e-02	0.0000000000000000e+00	1.1232982844654487e+04
1.1239920382843500e-02	0.0000000000000000e+00	1.1815609941951116e+04
1.1257373675363400e-02	0.0000000000000000e+00	1.2153376699922565e+04
1.1274826967883400e-02	0.0000000000000000e+00	1.2275704590096055e+04
1.1292280260403300e-02	0.0000000000000000e+00	1.2209264115688708e+04
1.1309733552923300e-02	0.0000000000000000e+00	1.1966012145949293e+04
1.1327186845443199e-02	0.0000000000000000e+00	1.1541475666583323e+04
1.1344640137963101e-02	0.0000000000000000e+00	1.0937701940168134e+04
1.1362093430483101e-02	0.0000000000000000e+00	1.0165935002615377e+04
1.1379546723003000e-02	0.0000000000000000e+00	9.2491084324529729e+03
1.1397000015523000e-02	0.0000000000000000e+00	8.2207578257871482e+03
1.1414453308042900e-02	0.0000000000000000e+00	7.1278168768195883e+03
1.1431906600562900e-02	0.0000000000000000e+00	6.0365852538321506e+03
1.1449359893082800e-02	0.0000000000000000e+00	5.0514018665252561e+03
1.1466813185602699e-02	0.0000000000000000e+00	4.3892385815666739e+03
1.1484266478122699e-02	0.0000000000000000e+00	5.6044745089249491e+03
1.1501719770642601e-02	0.0000000000000000e+00	6.7075803139308928e+03
1.1519173063162601e-02	0.0000000000000000e+00	7.8389883365020914e+03
1.1536626355682500e-02	0.0000000000000000e+00	9.1696244641507201e+03
1.1554079648202500e-02	0.0000000000000000e+00	1.0280521464590520e+04
1.1571532940722400e-02	0.0000000000000000e+00	1.1144910106689264e+04
1.1588986233242300e-02	0.0000000000000000e+00	1.1741532944127041e+04
1.1606439525762300e-02	0.0000000000000000e+00	1.2055159131652594e+04
1.1623892818282199e-02	0.0000000000000000e+00	1.2121808610933715e+04
1.1641346110802199e-02	0.0000000000000000e+00	1.1998067965283795e+04
1.1658799403322101e-02	0.0000000000000000e+00	1.1694292612656636e+04
1.1676252695842101e-02	0.0000000000000000e+00	1.1225880319755217e+04
1.1693705988362000e-02	0.0000000000000000e+00	1.0600087152830345e+04
1.1711159280882000e-02	0.0000000000000000e+00	9.8299282295335615e+03
1.1728612573401900e-02	0.0000000000000000e+00	8.9382743531821434e+03
1.1746065865921800e-02	0.0000000000000000e+00	7.9563292556261267e+03
1.1763519158441800e-02	0.0000000000000000e+00	6.9297364772096280e+03
1.1780972450961699e-02	0.0000000000000000e+00	5.9239217830478656e+03
1.1798425743481699e-02	0.0000000000000000e+00	5.0472806094018715e+03
1.1815879036001601e-02	0.0000000000000000e+00	4.6911346072101505e+03
1.1833332328521601e-02	0.0000000000000000e+00	5.9593927500767522e+03
1.1850785621041500e-02	0.0000000000000000e+00	7.0791635324790059e+03
1.1868238913561400e-02	0.0000000000000000e+00	8.0223243337704389e+03
1.1885692206081400e-02	0.0000000000000000e+00	9.2531735246044918e+03
1.1903145498601300e-02	0.0000000000000000e+00	1.0381076615708258e+04
1.1920598791121300e-02	0.0000000000000000e+00	1.1246714773158716e+04
1.1938052083641199e-02	0.0000000000000000e+00	1.1829364825535733e+04
1.1955505376161199e-02	0.0000000000000000e+00	1.2167144201664236e+04
1.1972958668681101e-02	0.0000000000000000e+00	1.2289321965758727e+04
1.1990411961201000e-02	0.0000000000000000e+00	1.2222490336741088e+04
1.2007865253721000e-02	0.0000000000000000e+00	1.1978474295959140e+04
1.2025318546240900e-02	0.0000000000000000e+00	1.1553065255855905e+04
1.2042771838760900e-02	0.0000000000000000e+00	1.0948225314025545e+04
1.2060225131280800e-02	0.0000000000000000e+00	1.0175232576492481e+04
1.2077678423800800e-02	0.0000000000000000e+00	9.2570621989257779e+03
1.2095131716320699e-02	0.0000000000000000e+00	8.2273092955827287e+03
1.2112585008840600e-02	0.0000000000000000e+00	7.1326934048796775e+03
1.2130038301360601e-02	0.0000000000000000e+00	6.0396313622523885e+03
1.2147491593880500e-02	0.0000000000000000e+00	5.0524467932253528e+03
1.2164944886400500e-02	0.0000000000000000e+00	4.3893084284310526e+03
1.2182398178920400e-02	0.0000000000000000e+00	5.6115684432953849e+03
1.2199851471440400e-02	0.0000000000000000e+00	6.7146973842535999e+03
1.2217304763960300e-02	0.0000000000000000e+00	7.8253429441097651e+03
1.2234758056480201e-02	0.0000000000000000e+00	9.1559866247522441e+03
1.2252211349000199e-02	0.0000000000000000e+00	1.0266890961699493e+04
1.2269664641520101e-02	0.0000000000000000e+00	1.1131286256095535e+04
1.2287117934040101e-02	0.0000000000000000e+00	1.1727915891581802e+04
1.2304571226560000e-02	0.0000000000000000e+00	1.2041550563654686e+04
1.2322024519080000e-02	0.0000000000000000e+00	1.2108270861331901e+04
1.2339477811599900e-02	0.0000000000000000e+00	1.1984824104631542e+04
1.2356931104119900e-02	0.0000000000000000e+00	1.1681562128626090e+04
1.2374384396639800e-02	0.0000000000000000e+00	1.1214040927286738e+04
1.2391837689159701e-02	0.0000000000000000e+00	1.0589209795921430e+04
1.2409290981679699e-02	0.0000000000000000e+00	9.8204186672733140e+03
1.2426744274199601e-02	0.0000000000000000e+00	8.9300468948822545e+03
1.2444197566719601e-02	0.0000000000000000e+00	7.9497267985567196e+03
1.2461650859239500e-02	0.0000000000000000e+00	6.9250295368086272e+03
1.2479104151759500e-02	0.0000000000000000e+00	5.9211787669368314e+03
1.2496557444279400e-02	0.0000000000000000e+00	5.0465886307128503e+03
1.2514010736799299e-02	0.0000000000000000e+00	4.6833361234994054e+03
1.2531464029319300e-02	0.0000000000000000e+00	5.9515683776201122e+03
1.2548917321839201e-02	0.0000000000000000e+00	7.0713137795673911e+03
1.2566370614359199e-02	0.0000000000000000e+00	8.0144525916188504e+03
1.2583823906879101e-02	0.0000000000000000e+00	9.2665704005137268e+03
1.2601277199399101e-02	0.0000000000000000e+00	1.0394454559069185e+04
1.2618730491919000e-02	0.0000000000000000e+00	1.1260072784115602e+04
1.2636183784438900e-02	0.0000000000000000e+00	1.1842693208129387e+04
1.2653637076958900e-02	0.0000000000000000e+00	1.2180305354324979e+04
1.2671090369478799e-02	0.0000000000000000e+00	1.2302193729915120e+04
1.2688543661998800e-02	0.0000000000000000e+00	1.2234815421705416e+04
1.2705996954518701e-02	0.0000000000000000e+00	1.1989883536804899e+04
1.2723450247038699e-02	0.0000000000000000e+00	1.1563498181805817e+04
1.2740903539558601e-02	0.0000000000000000e+00	1.0957524089636254e+04
1.2758356832078500e-02	0.0000000000000000e+00	1.0183276369746334e+04
1.2775810124598500e-02	0.0000000000000000e+00	9.2637746534238668e+03
1.2793263417118400e-02	0.0000000000000000e+00	8.2326706060848173e+03
1.2810716709638400e-02	0.0000000000000000e+00	7.1364961048643572e+03
1.2828170002158299e-02	0.0000000000000000e+00	6.0418290894943648e+03
1.2845623294678300e-02	0.0000000000000000e+00	5.0530290105953218e+03
1.2863076587198201e-02	0.0000000000000000e+00	4.3897360229306796e+03
1.2880529879718199e-02	0.0000000000000000e+00	5.6196021759217874e+03
1.2897983172238101e-02	0.0000000000000000e+00	6.7227348043187658e+03
1.2915436464758000e-02	0.0000000000000000e+00	7.8124208892484248e+03
1.2932889757278000e-02	0.0000000000000000e+00	9.1430955983268796e+03
1.2950343049797900e-02	0.0000000000000000e+00	1.0254031428538732e+04
1.2967796342317900e-02	0.0000000000000000e+00	1.1118458349921351e+04
1.2985249634837799e-02	0.0000000000000000e+00	1.1715121224289565e+04
1.3002702927357800e-02	0.0000000000000000e+00	1.2028788901340717e+04
1.3020156219877701e-02	0.0000000000000000e+00	1.2095799739502931e+04
1.3037609512397600e-02	0.0000000000000000e+00	1.1972819141791682e+04
1.3055062804917601e-02	0.0000000000000000e+00	1.1670222743788081e+04
1.3072516097437500e-02	0.0000000000000000e+00	1.1203738501342263e+04
1.3089969389957500e-02	0.0000000000000000e+00	1.0579962138434306e+04
1.3107422682477400e-02	0.0000000000000000e+00	9.8125989895193270e+03
1.3124875974997400e-02	0.0000000000000000e+00	8.9235201507941110e+03
1.3142329267517299e-02	0.0000000000000000e+00	7.9447801128842366e+03
1.3159782560037201e-02	0.0000000000000000e+00	6.9218478127168264e+03
1.3177235852557199e-02	0.0000000000000000e+00	5.9197235450877706e+03
1.3194689145077100e-02	0.0000000000000000e+00	5.0467080137811399e+03
1.3212142437597101e-02	0.0000000000000000e+00	4.6754311103235677e+03
1.3229595730117000e-02	0.0000000000000000e+00	5.9436718235258068e+03
1.3247049022637000e-02	0.0000000000000000e+00	7.0634235924560035e+03
1.3264502315156900e-02	0.0000000000000000e+00	8.0065702999077575e+03
1.3281955607676799e-02	0.0000000000000000e+00	9.2787500712221190e+03
1.3299408900196799e-02	0.0000000000000000e+00	1.0406595414396957e+04
1.3316862192716701e-02	0.0000000000000000e+00	1.1272175070467636e+04
1.3334315485236699e-02	0.0000000000000000e+00	1.1854715798985215e+04
1.3351768777756600e-02	0.0000000000000000e+00	1.2191987483172481e+04
1.3369222070276601e-02	0.0000000000000000e+00	1.2313452756512612e+04
1.3386675362796500e-02	0.0000000000000000e+00	1.2245389857711423e+04
1.3404128655316400e-02	0.0000000000000000e+00	1.1999412292855077e+04
1.3421581947836400e-02	0.0000000000000000e+00	1.1571977991928969e+04
1.3439035240356299e-02	0.0000000000000000e+00	1.0964834202906899e+04
1.3456488532876299e-02	0.0000000000000000e+00	1.0189334093146248e+04
1.3473941825396201e-02	0.0000000000000000e+00	9.2685494550697076e+03
1.3491395117916199e-02	0.0000000000000000e+00	8.2361839068923218e+03
1.3508848410436100e-02	0.0000000000000000e+00	7.1386148099388602e+03
1.3526301702956101e-02	0.0000000000000000e+00	6.0425943965330753e+03
1.3543754995476000e-02	0.0000000000000000e+00	5.0526118727598741e+03
1.3561208287995900e-02	0.0000000000000000e+00	4.3899259412120327e+03
1.3578661580515900e-02	0.0000000000000000e+00	5.6275289352163845e+03
1.3596114873035799e-02	0.0000000000000000e+00	6.7306656799544535e+03
1.3613568165555799e-02	0.0000000000000000e+00	7.8010083642355958e+03
1.3631021458075701e-02	0.0000000000000000e+00	9.1317251025718051e+03
1.3648474750595699e-02	0.0000000000000000e+00	1.0242703276229964e+04
1.3665928043115600e-02	0.0000000000000000e+00	1.1107174292573112e+04
1.3683381335635500e-02	0.0000000000000000e+00	1.1703879590882609e+04
1.3700834628155500e-02	0.0000000000000000e+00	1.2017589495324230e+04
1.3718287920675400e-02	0.0000000000000000e+00	1.2085065789743694e+04
1.3735741213195400e-02	0.0000000000000000e+00	1.1962676645331088e+04
1.3753194505715299e-02	0.0000000000000000e+00	1.1660912540768049e+04
1.3770647798235299e-02	0.0000000000000000e+00	1.1195470736800897e+04
1.3788101090755201e-02	0.0000000000000000e+00	1.0572769442120849e+04
1.3805554383275100e-02	0.0000000000000000e+00	9.8068033846643393e+03
1.3823007675795100e-02	0.0000000000000000e+00	8.9189438390160085e+03
1.3840460968315000e-02	0.0000000000000000e+00	7.9416381230832894e+03
1.3857914260835000e-02	0.0000000000000000e+00	6.9202301772452010e+03
1.3875367553354900e-02	0.0000000000000000e+00	5.9194799852179540e+03
1.3892820845874900e-02	0.0000000000000000e+00	5.0474313319079056e+03
1.3910274138394799e-02	0.0000000000000000e+00	4.6672347207206649e+03
1.3927727430914701e-02	0.0000000000000000e+00	5.9354563456004034e+03
1.3945180723434701e-02	0.0000000000000000e+00	7.0551915477427428e+03
1.3962634015954600e-02	0.0000000000000000e+00	7.9983172719911245e+03
1.3980087308474600e-02	0.0000000000000000e+00	9.2892314164110776e+03
1.3997540600994500e-02	0.0000000000000000e+00	1.0417029186214791e+04
1.4014993893514500e-02	0.0000000000000000e+00	1.1282560522735088e+04
1.4032447186034400e-02	0.0000000000000000e+00	1.1864987434971858e+04
1.4049900478554400e-02	0.0000000000000000e+00	1.2201793562967207e+04
1.4067353771074299e-02	0.0000000000000000e+00	1.2322757270410535e+04
1.4084807063594201e-02	0.0000000000000000e+00	1.2253933532804142e+04
1.4102260356114201e-02	0.0000000000000000e+00	1.2006867408111373e+04
1.4119713648634100e-02	0.0000000000000000e+00	1.1578390965459264e+04
1.4137166941154100e-02	0.0000000000000000e+00	1.0970124771583449e+04
1.4154620233674000e-02	0.0000000000000000e+00	1.0193540687429517e+04
1.4172073526194000e-02	0.0000000000000000e+00	9.2716107095965690e+03
1.4189526818713900e-02	0.0000000000000000e+00	8.2380863913318008e+03
1.4206980111233799e-02	0.0000000000000000e+00	7.1393806822954530e+03
1.4224433403753799e-02	0.0000000000000000e+00	6.0423595878250089e+03
1.4241886696273701e-02	0.0000000000000000e+00	5.0517437650536222e+03
1.4259339988793701e-02	0.0000000000000000e+00	4.3963291090239873e+03
1.4276793281313600e-02	0.0000000000000000e+00	5.6359972478374984e+03
1.4294246573833600e-02	0.0000000000000000e+00	6.7391427989629410e+03
1.4311699866353500e-02	0.0000000000000000e+00	7.7915052008192215e+03
1.4329153158873400e-02	0.0000000000000000e+00	9.1222780916923948e+03
1.4346606451393400e-02	0.0000000000000000e+00	1.0233312811774151e+04
1.4364059743913299e-02	0.0000000000000000e+00	1.1097839548669046e+04
1.4381513036433299e-02	0.0000000000000000e+00	1.1694602304795178e+04
1.4398966328953201e-02	0.0000000000000000e+00	1.2008370656532805e+04
1.4416419621473201e-02	0.0000000000000000e+00	1.2076440801533101e+04
1.4433872913993100e-02	0.0000000000000000e+00	1.1954721588408702e+04
1.4451326206513000e-02	0.0000000000000000e+00	1.1653932048638420e+04
1.4468779499033000e-02	0.0000000000000000e+00	1.1189442082646638e+04
1.4486232791552900e-02	0.0000000000000000e+00	1.0567779375762195e+04
1.4503686084072900e-02	0.0000000000000000e+00	9.8031105293883920e+03
1.4521139376592799e-02	0.0000000000000000e+00	8.9163422506248717e+03
1.4538592669112799e-02	0.0000000000000000e+00	7.9402639722534850e+03
1.4556045961632701e-02	0.0000000000000000e+00	6.9200741799122761e+03
1.4573499254152701e-02	0.0000000000000000e+00	5.9203362286345964e+03
1.4590952546672600e-02	0.0000000000000000e+00	5.0485453079786157e+03
1.4608405839192500e-02	0.0000000000000000e+00	4.6587583261569207e+03
1.4625859131712500e-02	0.0000000000000000e+00	5.9269838268106942e+03
1.4643312424232400e-02	0.0000000000000000e+00	7.0467272832809967e+03
1.4660765716752400e-02	0.0000000000000000e+00	7.9898645454943553e+03
1.4678219009272299e-02	0.0000000000000000e+00	9.2974623971997207e+03
1.4695672301792299e-02	0.0000000000000000e+00	1.0425195324744895e+04
1.4713125594312201e-02	0.0000000000000000e+00	1.1290661722765875e+04
1.4730578886832100e-02	0.0000000000000000e+00	1.1872938624421526e+04
1.4748032179352100e-02	0.0000000000000000e+00	1.2209187122736304e+04
1.4765485471872000e-02	0.0000000000000000e+00	1.2329588613523390e+04
1.4782938764392000e-02	0.0000000000000000e+00	1.2259970154893213e+04
1.4800392056911900e-02	0.0000000000000000e+00	1.2011823267022572e+04
1.4817845349431900e-02	0.0000000000000000e+00	1.1582350684735642e+04
1.4835298641951799e-02	0.0000000000000000e+00	1.0973050134021894e+04
1.4852751934471701e-02	0.0000000000000000e+00	1.0195626683054657e+04
1.4870205226991701e-02	0.0000000000000000e+00	9.2727046489666100e+03
1.4887658519511600e-02	0.0000000000000000e+00	8.2381214810910824e+03
1.4905111812031600e-02	0.0000000000000000e+00	7.1385653409376318e+03
1.4922565104551500e-02	0.0000000000000000e+00	6.0409143424834756e+03
1.4940018397071500e-02	0.0000000000000000e+00	5.0502143826398924e+03
1.4957471689591400e-02	0.0000000000000000e+00	4.4046409623131367e+03
1.4974924982111301e-02	0.0000000000000000e+00	5.6443028698206799e+03
1.4992378274631299e-02	0.0000000000000000e+00	6.7474383851663924e+03
1.5009831567151201e-02	0.0000000000000000e+00	7.7845582423563446e+03
1.5027284859671201e-02	0.0000000000000000e+00	9.1154011166380697e+03
1.5044738152191100e-02	0.0000000000000000e+00	1.0226506088330876e+04
1.5062191444711100e-02	0.0000000000000000e+00	1.1091104672931160e+04
1.5079644737231000e-02	0.0000000000000000e+00	1.1687938133315703e+04
1.5097098029750899e-02	0.0000000000000000e+00	1.2001776898590129e+04
1.5114551322270900e-02	0.0000000000000000e+00	1.2070575559721783e+04
1.5132004614790801e-02	0.0000000000000000e+00	1.1949521886799032e+04
1.5149457907310799e-02	0.0000000000000000e+00	1.1649707674205189e+04
1.5166911199830701e-02	0.0000000000000000e+00	1.1186127973895036e+04
1.5184364492350701e-02	0.0000000000000000e+00	1.0565420104370955e+04
1.5201817784870600e-02	0.0000000000000000e+00	9.8018903798078682e+03
1.5219271077390600e-02	0.0000000000000000e+00	8.9160379686383349e+03
1.5236724369910500e-02	0.0000000000000000e+00	7.9409262426729065e+03
1.5254177662430399e-02	0.0000000000000000e+00	6.9215963387761331e+03
1.5271630954950400e-02	0.0000000000000000e+00	5.9223865483050595e+03
1.5289084247470301e-02	0.0000000000000000e+00	5.0502067681857343e+03
1.5306537539990299e-02	0.0000000000000000e+00	4.6505722098622882e+03
1.5323990832510201e-02	0.0000000000000000e+00	5.9188011196539810e+03
1.5341444125030201e-02	0.0000000000000000e+00	7.0385469227368503e+03
1.5358897417550100e-02	0.0000000000000000e+00	7.9816818157438202e+03
1.5376350710070000e-02	0.0000000000000000e+00	9.3028966916750469e+03
1.5393804002590000e-02	0.0000000000000000e+00	1.0430555525025886e+04
1.5411257295109899e-02	0.0000000000000000e+00	1.1295947428020381e+04
1.5428710587629900e-02	0.0000000000000000e+00	1.1878055010089185e+04
1.5446163880149801e-02	0.0000000000000000e+00	1.2213695222273154e+04
1.5463617172669799e-02	0.0000000000000000e+00	1.2333522368885213e+04
1.5481070465189701e-02	0.0000000000000000e+00	1.2263121251232094e+04
1.5498523757709600e-02	0.0000000000000000e+00	1.2013965960573132e+04
1.5515977050229600e-02	0.0000000000000000e+00	1.1583605333972633e+04
1.5533430342749500e-02	0.0000000000000000e+00	1.0973422549009243e+04
1.5550883635269500e-02	0.0000000000000000e+00	1.0195313239694371e+04
1.5568336927789399e-02	0.0000000000000000e+00	9.2716236387794688e+03
1.5585790220309400e-02	0.0000000000000000e+00	8.2362957804190064e+03
1.5603243512829299e-02	0.0000000000000000e+00	7.1362377754140298e+03
1.5620696805349200e-02	0.0000000000000000e+00	6.0383871689193738e+03
1.5638150097869199e-02	0.0000000000000000e+00	5.0482036492877914e+03
1.5655603390389100e-02	0.0000000000000000e+00	4.4128000307253587e+03
1.5673056682909099e-02	0.0000000000000000e+00	5.6524582985091974e+03
1.5690509975429000e-02	0.0000000000000000e+00	6.7555937636902072e+03
1.5707963267949002e-02	0.0000000000000000e+00	7.7805687940643511e+03
1.5725416560468899e-02	0.0000000000000000e+00	9.1114901907966632e+03
1.5742869852988801e-02	0.0000000000000000e+00	1.0222673902819026e+04
1.5760323145508799e-02	0.0000000000000000e+00	1.1087350152296345e+04
1.5777776438028700e-02	0.0000000000000000e+00	1.1684262810493909e+04
1.5795229730548699e-02	0.0000000000000000e+00	1.1998181578221234e+04
1.5812683023068600e-02	0.0000000000000000e+00	1.2067806902893753e+04
1.5830136315588599e-02	0.0000000000000000e+00	1.1947332012708206e+04
1.5847589608108500e-02	0.0000000000000000e+00	1.1648420151708893e+04
1.5865042900628502e-02	0.0000000000000000e+00	1.1185644689974170e+04
1.5882496193148399e-02	0.0000000000000000e+00	1.0565743429245946e+04
1.5899949485668301e-02	0.0000000000000000e+00	9.8031207712954929e+03
1.5917402778188299e-02	0.0000000000000000e+00	8.9179482387146018e+03
1.5934856070708200e-02	0.0000000000000000e+00	7.9434783266459499e+03
1.5952309363228199e-02	0.0000000000000000e+00	6.9245856061608665e+03
1.5969762655748100e-02	0.0000000000000000e+00	5.9253334702540023e+03
1.5987215948268099e-02	0.0000000000000000e+00	5.0521417083098631e+03
1.6004669240788000e-02	0.0000000000000000e+00	4.6424847433179766e+03
1.6022122533307901e-02	0.0000000000000000e+00	5.9107237555447227e+03
1.6039575825827899e-02	0.0000000000000000e+00	7.0304746613873313e+03
1.6057029118347801e-02	0.0000000000000000e+00	7.9736226045309404e+03
1.6074482410867799e-02	0.0000000000000000e+00	9.3051843128908131e+03
1.6091935703387700e-02	0.0000000000000000e+00	1.0432758602034486e+04
1.6109388995907699e-02	0.0000000000000000e+00	1.1298066137371208e+04
1.6126842288427600e-02	0.0000000000000000e+00	1.1879991216017261e+04
1.6144295580947501e-02	0.0000000000000000e+00	1.2215025386225914e+04
1.6161748873467500e-02	0.0000000000000000e+00	1.2334298098465746e+04
1.6179202165987401e-02	0.0000000000000000e+00	1.2263192499067407e+04
1.6196655458507399e-02	0.0000000000000000e+00	1.2013171584848455e+04
1.6214108751027301e-02	0.0000000000000000e+00	1.1582084390094360e+04
1.6231562043547299e-02	0.0000000000000000e+00	1.0971219126463868e+04
1.6249015336067200e-02	0.0000000000000000e+00	1.0192609332414710e+04
1.6266468628587199e-02	0.0000000000000000e+00	9.2684166413857693e+03
1.6283921921107100e-02	0.0000000000000000e+00	8.2326953980037233e+03
1.6301375213627001e-02	0.0000000000000000e+00	7.1325125954259802e+03
1.6318828506147000e-02	0.0000000000000000e+00	6.0349108043738452e+03
1.6336281798666901e-02	0.0000000000000000e+00	5.0458453412624813e+03
1.6353735091186899e-02	0.0000000000000000e+00	4.4206596049613781e+03
1.6371188383706801e-02	0.0000000000000000e+00	5.6603052438590248e+03
1.6388641676226799e-02	0.0000000000000000e+00	6.7634249318835600e+03
1.6406094968746700e-02	0.0000000000000000e+00	7.7799228722385778e+03
1.6423548261266602e-02	0.0000000000000000e+00	9.1109327170775232e+03
1.6441001553786600e-02	0.0000000000000000e+00	1.0222205074541836e+04
1.6458454846306501e-02	0.0000000000000000e+00	1.1086970227547064e+04
1.6475908138826500e-02	0.0000000000000000e+00	1.1683971537063489e+04
1.6493361431346401e-02	0.0000000000000000e+00	1.1997979819755739e+04
1.6510814723866400e-02	0.0000000000000000e+00	1.2068398131902026e+04
1.6528268016386301e-02	0.0000000000000000e+00	1.1948452291645901e+04
1.6545721308906199e-02	0.0000000000000000e+00	1.1650316062461427e+04
1.6563174601426200e-02	0.0000000000000000e+00	1.1188195094768598e+04
1.6580627893946102e-02	0.0000000000000000e+00	1.0568909930190148e+04
1.6598081186466100e-02	0.0000000000000000e+00	9.8069146658904010e+03
1.6615534478986001e-02	0.0000000000000000e+00	8.9221536288872103e+03
1.6632987771506000e-02	0.0000000000000000e+00	7.9479676241508932e+03
1.6650441064025901e-02	0.0000000000000000e+00	6.9290656191102426e+03
1.6667894356545799e-02	0.0000000000000000e+00	5.9292739530279378e+03
1.6685347649065801e-02	0.0000000000000000e+00	5.0545077129819438e+03
1.6702800941585699e-02	0.0000000000000000e+00	4.6349430551209607e+03
1.6720254234105700e-02	0.0000000000000000e+00	5.9031968626768712e+03
1.6737707526625598e-02	0.0000000000000000e+00	7.0229648768781408e+03
1.6755160819145600e-02	0.0000000000000000e+00	7.9661284354239488e+03
1.6772614111665501e-02	0.0000000000000000e+00	9.3039353941533645e+03
1.6790067404185399e-02	0.0000000000000000e+00	1.0431419219664940e+04
1.6807520696705401e-02	0.0000000000000000e+00	1.1296635429756550e+04
1.6824973989225299e-02	0.0000000000000000e+00	1.1878378411063461e+04
1.6842427281745301e-02	0.0000000000000000e+00	1.2212849761837913e+04
1.6859880574265199e-02	0.0000000000000000e+00	1.2331638165054013e+04
1.6877333866785200e-02	0.0000000000000000e+00	1.2259936504659054e+04
1.6894787159305098e-02	0.0000000000000000e+00	1.2009244061425970e+04
1.6912240451825100e-02	0.0000000000000000e+00	1.1577635910459096e+04
1.6929693744345001e-02	0.0000000000000000e+00	1.0966331925180417e+04
1.6947147036864899e-02	0.0000000000000000e+00	1.0187440987728960e+04
1.6964600329384901e-02	0.0000000000000000e+00	9.2630431934378212e+03
1.6982053621904799e-02	0.0000000000000000e+00	8.2273110557476593e+03
1.6999506914424801e-02	0.0000000000000000e+00	7.1274029281934454e+03
1.7016960206944699e-02	0.0000000000000000e+00	6.0305096251247205e+03
1.7034413499464700e-02	0.0000000000000000e+00	5.0431999769098375e+03
1.7051866791984598e-02	0.0000000000000000e+00	4.4278858962978220e+03
1.7069320084504500e-02	0.0000000000000000e+00	5.6675209839321924e+03
1.7086773377024501e-02	0.0000000000000000e+00	6.7706278880965483e+03
1.7104226669544399e-02	0.0000000000000000e+00	7.7829371434725290e+03
1.7121679962064401e-02	0.0000000000000000e+00	9.1140405026732424e+03
1.7139133254584299e-02	0.0000000000000000e+00	1.0225406925283298e+04
1.7156586547104301e-02	0.0000000000000000e+00	1.1090266033560538e+04
1.7174039839624199e-02	0.0000000000000000e+00	1.1687361522470634e+04
1.7191493132144100e-02	0.0000000000000000e+00	1.2001463279196025e+04
1.7208946424664098e-02	0.0000000000000000e+00	1.2072572464370745e+04
1.7226399717184000e-02	0.0000000000000000e+00	1.1953063567187723e+04
1.7243853009704001e-02	0.0000000000000000e+00	1.1655514404545176e+04
1.7261306302223899e-02	0.0000000000000000e+00	1.1193846532934574e+04
1.7278759594743901e-02	0.0000000000000000e+00	1.0574945545334751e+04
1.7296212887263799e-02	0.0000000000000000e+00	9.8132376244390689e+03
1.7313666179783700e-02	0.0000000000000000e+00	8.9285791468485040e+03
1.7331119472303699e-02	0.0000000000000000e+00	7.9542806852195472e+03
1.7348572764823600e-02	0.0000000000000000e+00	6.9348910339759068e+03
1.7366026057343598e-02	0.0000000000000000e+00	5.9340488451018382e+03
1.7383479349863500e-02	0.0000000000000000e+00	5.0570468265684940e+03
1.7400932642383501e-02	0.0000000000000000e+00	4.6280130294052760e+03
1.7418385934903399e-02	0.0000000000000000e+00	5.8962793212092392e+03
1.7435839227423401e-02	0.0000000000000000e+00	7.0160673272394642e+03
1.7453292519943299e-02	0.0000000000000000e+00	7.9592471560631930e+03
1.7470745812463200e-02	0.0000000000000000e+00	9.2989351689080486e+03
1.7488199104983199e-02	0.0000000000000000e+00	1.0426321918639784e+04
1.7505652397503100e-02	0.0000000000000000e+00	1.1291441839989315e+04
1.7523105690023098e-02	0.0000000000000000e+00	1.1873013211672389e+04
1.7540558982543000e-02	0.0000000000000000e+00	1.2207015253433823e+04
1.7558012275063001e-02	0.0000000000000000e+00	1.2325421094335456e+04
1.7575465567582899e-02	0.0000000000000000e+00	1.2253292039116241e+04
1.7592918860102801e-02	0.0000000000000000e+00	1.2002180164661604e+04
1.7610372152622799e-02	0.0000000000000000e+00	1.1570301119788981e+04
1.7627825445142700e-02	0.0000000000000000e+00	1.0958845237120950e+04
1.7645278737662699e-02	0.0000000000000000e+00	1.0179924208421606e+04
1.7662732030182600e-02	0.0000000000000000e+00	9.2556517721677355e+03
1.7680185322702598e-02	0.0000000000000000e+00	8.2203266537722793e+03
1.7697638615222500e-02	0.0000000000000000e+00	7.1211102743089132e+03
1.7715091907742401e-02	0.0000000000000000e+00	6.0253919362548022e+03
1.7732545200262399e-02	0.0000000000000000e+00	5.0406236694676818e+03
1.7749998492782301e-02	0.0000000000000000e+00	4.4344606451654217e+03
1.7767451785302299e-02	0.0000000000000000e+00	5.6740740619117141e+03
1.7784905077822200e-02	0.0000000000000000e+00	6.7771576883281923e+03
1.7802358370342199e-02	0.0000000000000000e+00	7.7897719155081641e+03
1.7819811662862100e-02	0.0000000000000000e+00	9.1209730839492713e+03
1.7837264955382001e-02	0.0000000000000000e+00	1.0232437175904524e+04
1.7854718247902000e-02	0.0000000000000000e+00	1.1097394726908651e+04
1.7872171540421901e-02	0.0000000000000000e+00	1.1694588328553300e+04
1.7889624832941899e-02	0.0000000000000000e+00	1.2008787943824247e+04
1.7907078125461801e-02	0.0000000000000000e+00	1.2080419988525719e+04
1.7924531417981799e-02	0.0000000000000000e+00	1.1961218765232796e+04
1.7941984710501700e-02	0.0000000000000000e+00	1.1664015049512731e+04
1.7959438003021699e-02	0.0000000000000000e+00	1.1202558562474667e+04
1.7976891295541600e-02	0.0000000000000000e+00	1.0583750720650061e+04
1.7994344588061501e-02	0.0000000000000000e+00	9.8219789548806093e+03
1.8011797880581500e-02	0.0000000000000000e+00	8.9370933543245937e+03
1.8029251173101401e-02	0.0000000000000000e+00	7.9622707985131319e+03
1.8046704465621399e-02	0.0000000000000000e+00	6.9419099314117902e+03
1.8064157758141301e-02	0.0000000000000000e+00	5.9394952706675276e+03
1.8081611050661299e-02	0.0000000000000000e+00	5.0596639762946825e+03
1.8099064343181200e-02	0.0000000000000000e+00	4.6218916306616402e+03
1.8116517635701102e-02	0.0000000000000000e+00	5.8901849850959643e+03
1.8133970928221100e-02	0.0000000000000000e+00	7.0099958823990974e+03
1.8151424220741001e-02	0.0000000000000000e+00	7.9531966788244590e+03
1.8168877513261000e-02	0.0000000000000000e+00	9.2900332027837339e+03
1.8186330805780901e-02	0.0000000000000000e+00	1.0417321376977523e+04
1.8203784098300899e-02	0.0000000000000000e+00	1.1282342094525624e+04
1.8221237390820801e-02	0.0000000000000000e+00	1.1863782822142855e+04
1.8238690683340698e-02	0.0000000000000000e+00	1.2197432958267929e+04
1.8256143975860700e-02	0.0000000000000000e+00	1.2315593967953548e+04
1.8273597268380602e-02	0.0000000000000000e+00	1.2243245593908494e+04
1.8291050560900600e-02	0.0000000000000000e+00	1.1992009140416638e+04
1.8308503853420501e-02	0.0000000000000000e+00	1.1560146364554486e+04
1.8325957145940500e-02	0.0000000000000000e+00	1.0948849191335137e+04
1.8343410438460401e-02	0.0000000000000000e+00	1.0170161432180752e+04
1.8360863730980299e-02	0.0000000000000000e+00	9.2463588480916733e+03
1.8378317023500301e-02	0.0000000000000000e+00	8.2118582470067940e+03
1.8395770316020198e-02	0.0000000000000000e+00	7.1137424134117582e+03
1.8413223608540200e-02	0.0000000000000000e+00	6.0196444836854653e+03
1.8430676901060102e-02	0.0000000000000000e+00	5.0379844959394231e+03
1.8448130193580100e-02	0.0000000000000000e+00	4.4400856191985049e+03
1.8465583486100001e-02	0.0000000000000000e+00	5.6796691000894070e+03
1.8483036778619899e-02	0.0000000000000000e+00	6.7827286819841256e+03
1.8500490071139901e-02	0.0000000000000000e+00	7.8005540332723795e+03
1.8517943363659799e-02	0.0000000000000000e+00	9.1318543637190378e+03
1.8535396656179801e-02	0.0000000000000000e+00	1.0243417357952467e+04
1.8552849948699698e-02	0.0000000000000000e+00	1.1108474972046504e+04
1.8570303241219700e-02	0.0000000000000000e+00	1.1705767640042563e+04
1.8587756533739602e-02	0.0000000000000000e+00	1.2020065981167400e+04
1.8605209826259600e-02	0.0000000000000000e+00	1.2091993161290313e+04
1.8622663118779501e-02	0.0000000000000000e+00	1.1972935169041604e+04
1.8640116411299399e-02	0.0000000000000000e+00	1.1675791902394812e+04
1.8657569703819401e-02	0.0000000000000000e+00	1.1214270709391745e+04
1.8675022996339299e-02	0.0000000000000000e+00	1.0595259686531161e+04
1.8692476288859301e-02	0.0000000000000000e+00	9.8330215696422456e+03
1.8709929581379198e-02	0.0000000000000000e+00	8.9475630123385126e+03
1.8727382873899200e-02	0.0000000000000000e+00	7.9717952501482387e+03
1.8744836166419102e-02	0.0000000000000000e+00	6.9499830476390280e+03
1.8762289458938999e-02	0.0000000000000000e+00	5.9454932629331033e+03
1.8779742751459001e-02	0.0000000000000000e+00	5.0622887876657669e+03
1.8797196043978899e-02	0.0000000000000000e+00	4.6167793347161678e+03
1.8814649336498901e-02	0.0000000000000000e+00	5.8850973616581432e+03
1.8832102629018799e-02	0.0000000000000000e+00	7.0049330894206778e+03
1.8849555921538801e-02	0.0000000000000000e+00	7.9481598304052495e+03
1.8867009214058698e-02	0.0000000000000000e+00	9.2771774570409470e+03
1.8884462506578600e-02	0.0000000000000000e+00	1.0404367184909115e+04
1.8901915799098602e-02	0.0000000000000000e+00	1.1269289631969472e+04
1.8919369091618499e-02	0.0000000000000000e+00	1.1850631304618993e+04
1.8936822384138501e-02	0.0000000000000000e+00	1.2184116922300236e+04
1.8954275676658399e-02	0.0000000000000000e+00	1.2302205509192689e+04
1.8971728969178401e-02	0.0000000000000000e+00	1.2229887720066610e+04
1.8989182261698299e-02	0.0000000000000000e+00	1.1978868643725131e+04
1.9006635554218200e-02	0.0000000000000000e+00	1.1547331797385992e+04
1.9024088846738198e-02	0.0000000000000000e+00	1.0936526755256633e+04
1.9041542139258100e-02	0.0000000000000000e+00	1.0158350710206420e+04
1.9058995431778102e-02	0.0000000000000000e+00	9.2353702611437675e+03
1.9076448724297999e-02	0.0000000000000000e+00	8.2021131543232241e+03
1.9093902016818001e-02	0.0000000000000000e+00	7.1055007496789567e+03
1.9111355309337899e-02	0.0000000000000000e+00	6.0137122304589429e+03
1.9128808601857800e-02	0.0000000000000000e+00	5.0354118643757720e+03
1.9146261894377799e-02	0.0000000000000000e+00	4.4446705800649142e+03
1.9163715186897700e-02	0.0000000000000000e+00	5.6842247250016226e+03
1.9181168479417698e-02	0.0000000000000000e+00	6.7872610722560685e+03
1.9198621771937600e-02	0.0000000000000000e+00	7.8152711901471775e+03
1.9216075064457602e-02	0.0000000000000000e+00	9.1466689838467810e+03
1.9233528356977499e-02	0.0000000000000000e+00	1.0258329474011780e+04
1.9250981649497501e-02	0.0000000000000000e+00	1.1123482407224843e+04
1.9268434942017399e-02	0.0000000000000000e+00	1.1720872799519120e+04
1.9285888234537300e-02	0.0000000000000000e+00	1.2035269129532873e+04
1.9303341527057299e-02	0.0000000000000000e+00	1.2107207082576318e+04
1.9320794819577200e-02	0.0000000000000000e+00	1.1988101219263779e+04
1.9338248112097198e-02	0.0000000000000000e+00	1.1690686735829238e+04
1.9355701404617100e-02	0.0000000000000000e+00	1.1228796498633868e+04
1.9373154697137102e-02	0.0000000000000000e+00	1.0609255142241940e+04
1.9390607989656999e-02	0.0000000000000000e+00	9.8461391681825953e+03
1.9408061282176901e-02	0.0000000000000000e+00	8.9597549996403650e+03
1.9425514574696899e-02	0.0000000000000000e+00	7.9826225682134545e+03
1.9442967867216800e-02	0.0000000000000000e+00	6.9588929638565796e+03
1.9460421159736799e-02	0.0000000000000000e+00	5.9518569210419046e+03
1.9477874452256700e-02	0.0000000000000000e+00	5.0647962630452384e+03
1.9495327744776698e-02	0.0000000000000000e+00	4.6127703366379255e+03
1.9512781037296600e-02	0.0000000000000000e+00	5.8811183306443863e+03
1.9530234329816501e-02	0.0000000000000000e+00	7.0009847530614907e+03
1.9547687622336499e-02	0.0000000000000000e+00	7.9442425418414396e+03
1.9565140914856401e-02	0.0000000000000000e+00	9.2604242756056010e+03
1.9582594207376399e-02	0.0000000000000000e+00	1.0387517709392278e+04
1.9600047499896300e-02	0.0000000000000000e+00	1.1252344075759169e+04
1.9617500792416299e-02	0.0000000000000000e+00	1.1833589877986866e+04
1.9634954084936200e-02	0.0000000000000000e+00	1.2167170893540953e+04
1.9652407377456101e-02	0.0000000000000000e+00	1.2285390450267427e+04
1.9669860669976100e-02	0.0000000000000000e+00	1.2213381809696442e+04
1.9687313962496001e-02	0.0000000000000000e+00	1.1962946078485997e+04
1.9704767255015999e-02	0.0000000000000000e+00	1.1532066130859503e+04
1.9722220547535901e-02	0.0000000000000000e+00	1.0922096038551703e+04
1.9739673840055899e-02	0.0000000000000000e+00	1.0144711123647059e+04
1.9757127132575800e-02	0.0000000000000000e+00	9.2230725063218324e+03
1.9774580425095799e-02	0.0000000000000000e+00	8.1912928382552036e+03
1.9792033717615700e-02	0.0000000000000000e+00	7.0965654039687333e+03
1.9809487010135601e-02	0.0000000000000000e+00	6.0075755438673641e+03
1.9826940302655600e-02	0.0000000000000000e+00	5.0329781880483042e+03
1.9844393595175501e-02	0.0000000000000000e+00	4.4480468486428690e+03
1.9861846887695499e-02	0.0000000000000000e+00	5.6875731477854297e+03
1.9879300180215401e-02	0.0000000000000000e+00	6.7905706123366454e+03
1.9896753472735399e-02	0.0000000000000000e+00	7.8338380617303155e+03
1.9914206765255300e-02	0.0000000000000000e+00	9.1653301314730979e+03
1.9931660057775202e-02	0.0000000000000000e+00	1.0277084787857380e+04
1.9949113350295200e-02	0.0000000000000000e+00	1.1142333092214703e+04
1.9966566642815101e-02	0.0000000000000000e+00	1.1739816886590457e+04
1.9984019935335100e-02	0.0000000000000000e+00	1.2054306516215638e+04
2.0001473227855001e-02	0.0000000000000000e+00	1.2125922572844074e+04
2.0018926520374999e-02	0.0000000000000000e+00	1.2006548866311879e+04
2.0036379812894901e-02	0.0000000000000000e+00	1.1708508790340051e+04
2.0053833105414798e-02	0.0000000000000000e+00	1.1245928004124515e+04
2.0071286397934800e-02	0.0000000000000000e+00	1.0625518686395417e+04
2.0088739690454702e-02	0.0000000000000000e+00	9.8611097894560335e+03
2.0106192982974700e-02	0.0000000000000000e+00	8.9734527003881085e+03
2.0123646275494601e-02	0.0000000000000000e+00	7.9945510744513876e+03
2.0141099568014600e-02	0.0000000000000000e+00	6.9684688341623241e+03
2.0158552860534501e-02	0.0000000000000000e+00	5.9584613148669969e+03
2.0176006153054399e-02	0.0000000000000000e+00	5.0671396148010363e+03
2.0193459445574401e-02	0.0000000000000000e+00	4.6100648211244625e+03
2.0210912738094299e-02	0.0000000000000000e+00	5.8784473461249472e+03
2.0228366030614300e-02	0.0000000000000000e+00	6.9983480147992959e+03
2.0245819323134202e-02	0.0000000000000000e+00	7.9416406706610533e+03
2.0263272615654200e-02	0.0000000000000000e+00	9.2399047423876764e+03
2.0280725908174101e-02	0.0000000000000000e+00	1.0366906838285200e+04
2.0298179200694100e-02	0.0000000000000000e+00	1.1231641809598765e+04
2.0315632493214001e-02	0.0000000000000000e+00	1.1812849442600682e+04
2.0333085785733899e-02	0.0000000000000000e+00	1.2146771416759697e+04
2.0350539078253901e-02	0.0000000000000000e+00	1.2265345407019537e+04
2.0367992370773799e-02	0.0000000000000000e+00	1.2193944093654378e+04
2.0385445663293800e-02	0.0000000000000000e+00	1.1944476244411868e+04
2.0402898955813702e-02	0.0000000000000000e+00	1.1514591393628240e+04
2.0420352248333700e-02	0.0000000000000000e+00	1.0905799839053632e+04
2.0437805540853601e-02	0.0000000000000000e+00	1.0129722999214797e+04
2.0455258833373499e-02	0.0000000000000000e+00	9.2096856434198089e+03
2.0472712125893501e-02	0.0000000000000000e+00	8.1796135164983189e+03
2.0490165418413399e-02	0.0000000000000000e+00	7.0871190329766032e+03
2.0507618710933401e-02	0.0000000000000000e+00	6.0013125442971095e+03
2.0525072003453299e-02	0.0000000000000000e+00	5.0307463687741129e+03
2.0542525295973300e-02	0.0000000000000000e+00	4.4500595873398706e+03
2.0559978588493202e-02	0.0000000000000000e+00	5.6895480552147601e+03
2.0577431881013099e-02	0.0000000000000000e+00	6.7925113466079465e+03
2.0594885173533101e-02	0.0000000000000000e+00	7.8560675111302671e+03
2.0612338466052999e-02	0.0000000000000000e+00	9.1876481567715018e+03
2.0629791758573001e-02	0.0000000000000000e+00	1.0299491118893307e+04
2.0647245051092899e-02	0.0000000000000000e+00	1.1164826667322204e+04
2.0664698343612901e-02	0.0000000000000000e+00	1.1762398173163165e+04
2.0682151636132799e-02	0.0000000000000000e+00	1.2076976223940594e+04
2.0699604928652700e-02	0.0000000000000000e+00	1.2147898949650516e+04
2.0717058221172702e-02	0.0000000000000000e+00	1.2028020946751190e+04
2.0734511513692599e-02	0.0000000000000000e+00	1.1728979583739372e+04
2.0751964806212601e-02	0.0000000000000000e+00	1.1265377031818925e+04
2.0769418098732499e-02	0.0000000000000000e+00	1.0643760391460779e+04
2.0786871391252501e-02	0.0000000000000000e+00	9.8776501114785988e+03
2.0804324683772399e-02	0.0000000000000000e+00	8.9883857408756303e+03
2.0821777976292300e-02	0.0000000000000000e+00	8.0073350646142962e+03
2.0839231268812299e-02	0.0000000000000000e+00	6.9785011191687208e+03
2.0856684561332200e-02	0.0000000000000000e+00	5.9651494111645397e+03
2.0874137853852202e-02	0.0000000000000000e+00	5.0692388740150400e+03
2.0891591146372099e-02	0.0000000000000000e+00	4.6087636213462629e+03
2.0909044438892101e-02	0.0000000000000000e+00	5.8771855732562535e+03
2.0926497731411999e-02	0.0000000000000000e+00	6.9971218054230203e+03
2.0943951023932001e-02	0.0000000000000000e+00	7.9404507992792505e+03
