0.0000000000000000e+00	0.0000000000000000e+00	2.5692670091631362e+02
1.7453292519943300e-05	0.0000000000000000e+00	2.5636863098486702e+02
3.4906585039886600e-05	0.0000000000000000e+00	2.5662856265335620e+02
5.2359877559829903e-05	0.0000000000000000e+00	2.5845767755516084e+02
6.9813170079773199e-05	0.0000000000000000e+00	2.6248411461942271e+02
8.7266462599716496e-05	0.0000000000000000e+00	2.6915312352962451e+02
1.0471975511966000e-04	0.0000000000000000e+00	2.7867704461075192e+02
1.2217304763960301e-04	0.0000000000000000e+00	2.9099802503449962e+02
1.3962634015954599e-04	0.0000000000000000e+00	3.0576553610549928e+02
1.5707963267949001e-04	0.0000000000000000e+00	3.2233028525740133e+02
1.7453292519943299e-04	0.0000000000000000e+00	3.3975536830733063e+02
1.9198621771937600e-04	0.0000000000000000e+00	3.5684475906341601e+02
2.0943951023931999e-04	0.0000000000000000e+00	3.7218850181071917e+02
2.2689280275926300e-04	0.0000000000000000e+00	3.8422312416174111e+02
2.4434609527920601e-04	0.0000000000000000e+00	3.9130506534307040e+02
2.6179938779914903e-04	0.0000000000000000e+00	3.9179434339917634e+02
2.7925268031909301e-04	0.0000000000000000e+00	3.8414498114977494e+02
2.9670597283903603e-04	0.0000000000000000e+00	3.6699838315477473e+02
3.1415926535897898e-04	0.0000000000000000e+00	3.3927550043627554e+02
3.3161255787892303e-04	0.0000000000000000e+00	3.0026351458791902e+02
3.4906585039886598e-04	0.0000000000000000e+00	2.4969280968227346e+02
3.6651914291880900e-04	0.0000000000000000e+00	1.8780021555770094e+02
3.8397243543875201e-04	0.0000000000000000e+00	1.3551093573133960e+02
4.0142572795869599e-04	0.0000000000000000e+00	1.1696235793186230e+02
4.1887902047863901e-04	0.0000000000000000e+00	9.6581216949447366e+01
4.3633231299858202e-04	0.0000000000000000e+00	1.5903145729708169e+02
4.5378560551852601e-04	0.0000000000000000e+00	2.5459579808557905e+02
4.7123889803846902e-04	0.0000000000000000e+00	3.4913711853672339e+02
4.8869219055841203e-04	0.0000000000000000e+00	4.3889983670110007e+02
5.0614548307835602e-04	0.0000000000000000e+00	5.2030386609647076e+02
5.2359877559829903e-04	0.0000000000000000e+00	5.9042907218393452e+02
5.4105206811824204e-04	0.0000000000000000e+00	6.4748318805236102e+02
5.5850536063818505e-04	0.0000000000000000e+00	6.9154802354045466e+02
5.7595865315812904e-04	0.0000000000000000e+00	7.2332085527496486e+02
5.9341194567807205e-04	0.0000000000000000e+00	7.4209013370296691e+02
6.1086523819801496e-04	0.0000000000000000e+00	7.4690255165725102e+02
6.2831853071795905e-04	0.0000000000000000e+00	7.3678182707497854e+02
6.4577182323790196e-04	0.0000000000000000e+00	7.1102771196372805e+02
6.6322511575784497e-04	0.0000000000000000e+00	6.6947462000142036e+02
6.8067840827778798e-04	0.0000000000000000e+00	6.1241552656081160e+02
6.9813170079773197e-04	0.0000000000000000e+00	5.4108539751641331e+02
7.1558499331767498e-04	0.0000000000000000e+00	4.5799977661456609e+02
7.3303828583761799e-04	0.0000000000000000e+00	6.6971936031664904e+02
7.5049157835756198e-04	0.0000000000000000e+00	9.2784560321941763e+02
7.6794487087750499e-04	0.0000000000000000e+00	1.1900784897169935e+03
7.8539816339744800e-04	0.0000000000000000e+00	1.4487269059373311e+03
8.0285145591739199e-04	0.0000000000000000e+00	1.6956037753909870e+03
8.2030474843733500e-04	0.0000000000000000e+00	1.9222563665130047e+03
8.3775804095727801e-04	0.0000000000000000e+00	2.1202199483577710e+03
8.5521133347722102e-04	0.0000000000000000e+00	2.2812875096560615e+03
8.7266462599716501e-04	0.0000000000000000e+00	2.3977878233498541e+03
8.9011791851710802e-04	0.0000000000000000e+00	2.4628626289855456e+03
9.0757121103705104e-04	0.0000000000000000e+00	2.4707347851977711e+03
9.2502450355699502e-04	0.0000000000000000e+00	2.4210645575916783e+03
9.4247779607693804e-04	0.0000000000000000e+00	2.3341960158858460e+03
9.5993108859688105e-04	0.0000000000000000e+00	2.2290614207598242e+03
9.7738438111682406e-04	0.0000000000000000e+00	2.1126777596502257e+03
9.9483767363676805e-04	0.0000000000000000e+00	1.9773807823187792e+03
1.0122909661567101e-03	0.0000000000000000e+00	1.8176691731652659e+03
1.0297442586766500e-03	0.0000000000000000e+00	1.6316178999141971e+03
1.0471975511966000e-03	0.0000000000000000e+00	1.4213474751492201e+03
1.0646508437165401e-03	0.0000000000000000e+00	1.1922003830388962e+03
1.0821041362364800e-03	0.0000000000000000e+00	9.5399654678874060e+02
1.0995574287564300e-03	0.0000000000000000e+00	1.2272661040019827e+03
1.1170107212763701e-03	0.0000000000000000e+00	1.7432305968577011e+03
1.1344640137963100e-03	0.0000000000000000e+00	2.2377672734112602e+03
1.1519173063162600e-03	0.0000000000000000e+00	2.6959973438921024e+03
1.1693705988361999e-03	0.0000000000000000e+00	3.1032675926155684e+03
1.1868238913561400e-03	0.0000000000000000e+00	3.4485685208048239e+03
1.2042771838760900e-03	0.0000000000000000e+00	3.7175324809884592e+03
1.2217304763960299e-03	0.0000000000000000e+00	3.9054201074844077e+03
1.2391837689159700e-03	0.0000000000000000e+00	4.0103627538783626e+03
1.2566370614359201e-03	0.0000000000000000e+00	4.0432287492162955e+03
1.2740903539558599e-03	0.0000000000000000e+00	4.0202319074446323e+03
1.2915436464758000e-03	0.0000000000000000e+00	3.9453571397165410e+03
1.3089969389957501e-03	0.0000000000000000e+00	3.8129203779265531e+03
1.3264502315156899e-03	0.0000000000000000e+00	3.6185836220629144e+03
1.3439035240356300e-03	0.0000000000000000e+00	3.3609956008105760e+03
1.3613568165555801e-03	0.0000000000000000e+00	3.0423595290358026e+03
1.3788101090755199e-03	0.0000000000000000e+00	2.6683255333027150e+03
1.3962634015954600e-03	0.0000000000000000e+00	2.2488911454184345e+03
1.4137166941154101e-03	0.0000000000000000e+00	1.7988425540771973e+03
1.4311699866353500e-03	0.0000000000000000e+00	1.7293271555123356e+03
1.4486232791552900e-03	0.0000000000000000e+00	2.5738353494584449e+03
1.4660765716752401e-03	0.0000000000000000e+00	3.3934076345219510e+03
1.4835298641951800e-03	0.0000000000000000e+00	4.1652499775118258e+03
1.5009831567151201e-03	0.0000000000000000e+00	4.8669353564465428e+03
1.5184364492350699e-03	0.0000000000000000e+00	5.4770350389131254e+03
1.5358897417550100e-03	0.0000000000000000e+00	5.9773582248364328e+03
1.5533430342749501e-03	0.0000000000000000e+00	6.3504760433764386e+03
1.5707963267948999e-03	0.0000000000000000e+00	6.5837237504637005e+03
1.5882496193148400e-03	0.0000000000000000e+00	6.6803942646652304e+03
1.6057029118347801e-03	0.0000000000000000e+00	6.6559161291534483e+03
1.6231562043547299e-03	0.0000000000000000e+00	6.5438174626458376e+03
1.6406094968746700e-03	0.0000000000000000e+00	6.3617907051895572e+03
1.6580627893946101e-03	0.0000000000000000e+00	6.1002611009851998e+03
1.6755160819145599e-03	0.0000000000000000e+00	5.7488772473712024e+03
1.6929693744345000e-03	0.0000000000000000e+00	5.3046371800441420e+03
1.7104226669544401e-03	0.0000000000000000e+00	4.7711118961987859e+03
1.7278759594743899e-03	0.0000000000000000e+00	4.1588950107422788e+03
1.7453292519943300e-03	0.0000000000000000e+00	3.4845380889075764e+03
1.7627825445142699e-03	0.0000000000000000e+00	2.7730460244274377e+03
1.7802358370342200e-03	0.0000000000000000e+00	2.0582718511450839e+03
1.7976891295541600e-03	0.0000000000000000e+00	3.2177672336919463e+03
1.8151424220740999e-03	0.0000000000000000e+00	4.3761883321467394e+03
1.8325957145940500e-03	0.0000000000000000e+00	5.4591032975658673e+03
1.8500490071139900e-03	0.0000000000000000e+00	6.4320542934369178e+03
1.8675022996339299e-03	0.0000000000000000e+00	7.2665760735592212e+03
1.8849555921538800e-03	0.0000000000000000e+00	7.9438468131116369e+03
1.9024088846738201e-03	0.0000000000000000e+00	8.4427382852169449e+03
1.9198621771937599e-03	0.0000000000000000e+00	8.7618537052321026e+03
1.9373154697137100e-03	0.0000000000000000e+00	8.9157960018220110e+03
1.9547687622336499e-03	0.0000000000000000e+00	8.9357434320901921e+03
1.9722220547535902e-03	0.0000000000000000e+00	8.8419678925021872e+03
1.9896753472735400e-03	0.0000000000000000e+00	8.6252020848664397e+03
2.0071286397934799e-03	0.0000000000000000e+00	8.2733554616346482e+03
2.0245819323134202e-03	0.0000000000000000e+00	7.7821473991779112e+03
2.0420352248333700e-03	0.0000000000000000e+00	7.1532689237536406e+03
2.0594885173533099e-03	0.0000000000000000e+00	6.3966704342534131e+03
2.0769418098732502e-03	0.0000000000000000e+00	5.5296172081213435e+03
2.0943951023932000e-03	0.0000000000000000e+00	4.5774467599133650e+03
2.1118483949131399e-03	0.0000000000000000e+00	3.5749182629031043e+03
2.1293016874330802e-03	0.0000000000000000e+00	3.0848849662794328e+03
2.1467549799530201e-03	0.0000000000000000e+00	4.6621145002475250e+03
2.1642082724729699e-03	0.0000000000000000e+00	6.1647821074701633e+03
2.1816615649929102e-03	0.0000000000000000e+00	7.5527245605994794e+03
2.1991148575128501e-03	0.0000000000000000e+00	8.7881447077544344e+03
2.2165681500327999e-03	0.0000000000000000e+00	9.8415859858040385e+03
2.2340214425527402e-03	0.0000000000000000e+00	1.0675808257690158e+04
2.2514747350726801e-03	0.0000000000000000e+00	1.1274850239206702e+04
2.2689280275926299e-03	0.0000000000000000e+00	1.1635936392013788e+04
2.2863813201125698e-03	0.0000000000000000e+00	1.1779023879255376e+04
2.3038346126325101e-03	0.0000000000000000e+00	1.1750224000598035e+04
2.3212879051524599e-03	0.0000000000000000e+00	1.1580198525057585e+04
2.3387411976723998e-03	0.0000000000000000e+00	1.1254561802857328e+04
2.3561944901923401e-03	0.0000000000000000e+00	1.0755338132085548e+04
2.3736477827122899e-03	0.0000000000000000e+00	1.0074798443968821e+04
2.3911010752322298e-03	0.0000000000000000e+00	9.2182709163798736e+03
2.4085543677521701e-03	0.0000000000000000e+00	8.2014894966298743e+03
2.4260076602721200e-03	0.0000000000000000e+00	7.0500937046766649e+03
2.4434609527920598e-03	0.0000000000000000e+00	5.8002437437245208e+03
2.4609142453120001e-03	0.0000000000000000e+00	4.5003885537863243e+03
2.4783675378319500e-03	0.0000000000000000e+00	3.4213216401110935e+03
2.4958208303518898e-03	0.0000000000000000e+00	5.3589611250322878e+03
2.5132741228718301e-03	0.0000000000000000e+00	7.1937312652307310e+03
2.5307274153917800e-03	0.0000000000000000e+00	8.8846676473874413e+03
2.5481807079117198e-03	0.0000000000000000e+00	1.0379891979087191e+04
2.5656340004316601e-03	0.0000000000000000e+00	1.1638597299894856e+04
2.5830872929516100e-03	0.0000000000000000e+00	1.2636337873173556e+04
2.6005405854715499e-03	0.0000000000000000e+00	1.3352474931990479e+04
2.6179938779914902e-03	0.0000000000000000e+00	1.3792202595480830e+04
2.6354471705114400e-03	0.0000000000000000e+00	1.3992462166567466e+04
2.6529004630313799e-03	0.0000000000000000e+00	1.4000175683702300e+04
2.6703537555513202e-03	0.0000000000000000e+00	1.3823654798441798e+04
2.6878070480712700e-03	0.0000000000000000e+00	1.3441852980809073e+04
2.7052603405912099e-03	0.0000000000000000e+00	1.2841041728678763e+04
2.7227136331111502e-03	0.0000000000000000e+00	1.2017255467530547e+04
2.7401669256311000e-03	0.0000000000000000e+00	1.0980356603552036e+04
2.7576202181510399e-03	0.0000000000000000e+00	9.7485220964779492e+03
2.7750735106709802e-03	0.0000000000000000e+00	8.3517765308588059e+03
2.7925268031909300e-03	0.0000000000000000e+00	6.8328207557891228e+03
2.8099800957108699e-03	0.0000000000000000e+00	5.2470007058295432e+03
2.8274333882308102e-03	0.0000000000000000e+00	4.3804944509025636e+03
2.8448866807507600e-03	0.0000000000000000e+00	6.6477973220244139e+03
2.8623399732706999e-03	0.0000000000000000e+00	8.7858451146581228e+03
2.8797932657906402e-03	0.0000000000000000e+00	1.0739069758167449e+04
2.8972465583105901e-03	0.0000000000000000e+00	1.2462717596698407e+04
2.9146998508305299e-03	0.0000000000000000e+00	1.3905546416481720e+04
2.9321531433504698e-03	0.0000000000000000e+00	1.5033322309744333e+04
2.9496064358704201e-03	0.0000000000000000e+00	1.5828587927805691e+04
2.9670597283903599e-03	0.0000000000000000e+00	1.6304748219441570e+04
2.9845130209102998e-03	0.0000000000000000e+00	1.6506739743627233e+04
3.0019663134302501e-03	0.0000000000000000e+00	1.6490664334830679e+04
3.0194196059501899e-03	0.0000000000000000e+00	1.6259604097871825e+04
3.0368728984701298e-03	0.0000000000000000e+00	1.5780279369950862e+04
3.0543261909900801e-03	0.0000000000000000e+00	1.5035330490307564e+04
3.0717794835100200e-03	0.0000000000000000e+00	1.4023566671126035e+04
3.0892327760299598e-03	0.0000000000000000e+00	1.2759711433843189e+04
3.1066860685499101e-03	0.0000000000000000e+00	1.1271900671184319e+04
3.1241393610698500e-03	0.0000000000000000e+00	9.6028214353270578e+03
3.1415926535897898e-03	0.0000000000000000e+00	7.8068413742062503e+03
3.1590459461097401e-03	0.0000000000000000e+00	5.9553618256618474e+03
3.1764992386296800e-03	0.0000000000000000e+00	4.6277538475695337e+03
3.1939525311496198e-03	0.0000000000000000e+00	7.1839458041878879e+03
3.2114058236695701e-03	0.0000000000000000e+00	9.5846787197926024e+03
3.2288591161895100e-03	0.0000000000000000e+00	1.1778529209329596e+04
3.2463124087094499e-03	0.0000000000000000e+00	1.3698903424835771e+04
3.2637657012294001e-03	0.0000000000000000e+00	1.5299539077217454e+04
3.2812189937493400e-03	0.0000000000000000e+00	1.6547659589023180e+04
3.2986722862692799e-03	0.0000000000000000e+00	1.7430711561546712e+04
3.3161255787892301e-03	0.0000000000000000e+00	1.7967943383065151e+04
3.3335788713091700e-03	0.0000000000000000e+00	1.8210639318271300e+04
3.3510321638291099e-03	0.0000000000000000e+00	1.8210924396788738e+04
3.3684854563490602e-03	0.0000000000000000e+00	1.7962308457946765e+04
3.3859387488690000e-03	0.0000000000000000e+00	1.7436878412028971e+04
3.4033920413889399e-03	0.0000000000000000e+00	1.6618769878830644e+04
3.4208453339088902e-03	0.0000000000000000e+00	1.5509857141021062e+04
3.4382986264288300e-03	0.0000000000000000e+00	1.4123952898959191e+04
3.4557519189487699e-03	0.0000000000000000e+00	1.2490012946380757e+04
3.4732052114687202e-03	0.0000000000000000e+00	1.0648302588810706e+04
3.4906585039886600e-03	0.0000000000000000e+00	8.6555352928289376e+03
3.5081117965085999e-03	0.0000000000000000e+00	6.5847795416854105e+03
3.5255650890285502e-03	0.0000000000000000e+00	5.3817246838409937e+03
3.5430183815484901e-03	0.0000000000000000e+00	8.1793488878555818e+03
3.5604716740684299e-03	0.0000000000000000e+00	1.0800824887759756e+04
3.5779249665883698e-03	0.0000000000000000e+00	1.3180882947837385e+04
3.5953782591083201e-03	0.0000000000000000e+00	1.5266740992116493e+04
3.6128315516282599e-03	0.0000000000000000e+00	1.6993821968607135e+04
3.6302848441482102e-03	0.0000000000000000e+00	1.8333441274701156e+04
3.6477381366681501e-03	0.0000000000000000e+00	1.9274150770458466e+04
3.6651914291880900e-03	0.0000000000000000e+00	1.9842699745749826e+04
3.6826447217080398e-03	0.0000000000000000e+00	2.0098933249418718e+04
3.7000980142279801e-03	0.0000000000000000e+00	2.0095072081287468e+04
3.7175513067479200e-03	0.0000000000000000e+00	1.9807356181018855e+04
3.7350045992678598e-03	0.0000000000000000e+00	1.9198058853139981e+04
3.7524578917878101e-03	0.0000000000000000e+00	1.8249901791465749e+04
3.7699111843077500e-03	0.0000000000000000e+00	1.6970257716866356e+04
3.7873644768276998e-03	0.0000000000000000e+00	1.5380694923312156e+04
3.8048177693476401e-03	0.0000000000000000e+00	1.3521156610045897e+04
3.8222710618675800e-03	0.0000000000000000e+00	1.1448669079727042e+04
3.8397243543875199e-03	0.0000000000000000e+00	9.2312373880074574e+03
3.8571776469074701e-03	0.0000000000000000e+00	6.9581151418796489e+03
3.8746309394274100e-03	0.0000000000000000e+00	5.4872022269774398e+03
3.8920842319473499e-03	0.0000000000000000e+00	8.4782831123809810e+03
3.9095375244672997e-03	0.0000000000000000e+00	1.1273405518126021e+04
3.9269908169872400e-03	0.0000000000000000e+00	1.3813717245770595e+04
3.9444441095071803e-03	0.0000000000000000e+00	1.6023066372632073e+04
3.9618974020271302e-03	0.0000000000000000e+00	1.7853359660200425e+04
3.9793506945470696e-03	0.0000000000000000e+00	1.9268470797981132e+04
3.9968039870670099e-03	0.0000000000000000e+00	2.0261650914593465e+04
4.0142572795869597e-03	0.0000000000000000e+00	2.0861288486149748e+04
4.0317105721069000e-03	0.0000000000000000e+00	2.1136319935210362e+04
4.0491638646268403e-03	0.0000000000000000e+00	2.1131180221242288e+04
4.0666171571467902e-03	0.0000000000000000e+00	2.0827550513311937e+04
4.0840704496667296e-03	0.0000000000000000e+00	2.0193783073481271e+04
4.1015237421866699e-03	0.0000000000000000e+00	1.9217520839493765e+04
4.1189770347066198e-03	0.0000000000000000e+00	1.7900937281346818e+04
4.1364303272265601e-03	0.0000000000000000e+00	1.6265513655509720e+04
4.1538836197465004e-03	0.0000000000000000e+00	1.4344389821730652e+04
4.1713369122664502e-03	0.0000000000000000e+00	1.2187911627977135e+04
4.1887902047863896e-03	0.0000000000000000e+00	9.8615578687046091e+03
4.2062434973063299e-03	0.0000000000000000e+00	7.4507189250075353e+03
4.2236967898262798e-03	0.0000000000000000e+00	6.0327431267458060e+03
4.2411500823462201e-03	0.0000000000000000e+00	9.1736809646687962e+03
4.2586033748661604e-03	0.0000000000000000e+00	1.2105329182189893e+04
4.2760566673861102e-03	0.0000000000000000e+00	1.4758621270903686e+04
4.2935099599060497e-03	0.0000000000000000e+00	1.7070366747753134e+04
4.3109632524259900e-03	0.0000000000000000e+00	1.8976180653677562e+04
4.3284165449459398e-03	0.0000000000000000e+00	2.0448450985049756e+04
4.3458698374658801e-03	0.0000000000000000e+00	2.1479830187732459e+04
4.3633231299858204e-03	0.0000000000000000e+00	2.2109285445647303e+04
4.3807764225057702e-03	0.0000000000000000e+00	2.2409901591680915e+04
4.3982297150257097e-03	0.0000000000000000e+00	2.2417981534181959e+04
4.4156830075456500e-03	0.0000000000000000e+00	2.2091834253662244e+04
4.4331363000655998e-03	0.0000000000000000e+00	2.1393372741194995e+04
4.4505895925855401e-03	0.0000000000000000e+00	2.0309414835755266e+04
4.4680428851054804e-03	0.0000000000000000e+00	1.8849044862555096e+04
4.4854961776254303e-03	0.0000000000000000e+00	1.7043319909682275e+04
4.5029494701453697e-03	0.0000000000000000e+00	1.4940568445355706e+04
4.5204027626653100e-03	0.0000000000000000e+00	1.2604128730927710e+04
4.5378560551852598e-03	0.0000000000000000e+00	1.0113890268005262e+04
4.5553093477052001e-03	0.0000000000000000e+00	7.5700132716246635e+03
4.5727626402251396e-03	0.0000000000000000e+00	6.0065993609611642e+03
4.5902159327450903e-03	0.0000000000000000e+00	9.2576149623636193e+03
4.6076692252650297e-03	0.0000000000000000e+00	1.2286774995773067e+04
4.6251225177849700e-03	0.0000000000000000e+00	1.5030127555984325e+04
4.6425758103049199e-03	0.0000000000000000e+00	1.7406879543695850e+04
4.6600291028248602e-03	0.0000000000000000e+00	1.9368706411662562e+04
4.6774823953447996e-03	0.0000000000000000e+00	2.0877651097417296e+04
4.6949356878647503e-03	0.0000000000000000e+00	2.1932045232479159e+04
4.7123889803846897e-03	0.0000000000000000e+00	2.2570366732194751e+04
4.7298422729046300e-03	0.0000000000000000e+00	2.2864066158934307e+04
4.7472955654245799e-03	0.0000000000000000e+00	2.2854728436553210e+04
4.7647488579445202e-03	0.0000000000000000e+00	2.2515553181373190e+04
4.7822021504644596e-03	0.0000000000000000e+00	2.1814304516197091e+04
4.7996554429844103e-03	0.0000000000000000e+00	2.0738203419969243e+04
4.8171087355043498e-03	0.0000000000000000e+00	1.9295838564643986e+04
4.8345620280242901e-03	0.0000000000000000e+00	1.7508152491979996e+04
4.8520153205442399e-03	0.0000000000000000e+00	1.5414169755446388e+04
4.8694686130641802e-03	0.0000000000000000e+00	1.3069462000623005e+04
4.8869219055841196e-03	0.0000000000000000e+00	1.0544734085469378e+04
4.9043751981040704e-03	0.0000000000000000e+00	7.9328044569663352e+03
4.9218284906240098e-03	0.0000000000000000e+00	6.3934401335868679e+03
4.9392817831439501e-03	0.0000000000000000e+00	9.7244941166448334e+03
4.9567350756638999e-03	0.0000000000000000e+00	1.2826466883554522e+04
4.9741883681838402e-03	0.0000000000000000e+00	1.5628815176345552e+04
4.9916416607037797e-03	0.0000000000000000e+00	1.8062024153948198e+04
5.0090949532237304e-03	0.0000000000000000e+00	2.0064080543390504e+04
5.0265482457436698e-03	0.0000000000000000e+00	2.1605401590316535e+04
5.0440015382636101e-03	0.0000000000000000e+00	2.2685484914930657e+04
5.0614548307835600e-03	0.0000000000000000e+00	2.3352398272685616e+04
5.0789081233035003e-03	0.0000000000000000e+00	2.3680900516930553e+04
5.0963614158234397e-03	0.0000000000000000e+00	2.3695075060380390e+04
5.1138147083433904e-03	0.0000000000000000e+00	2.3346352587208265e+04
5.1312680008633298e-03	0.0000000000000000e+00	2.2595445137748047e+04
5.1487212933832701e-03	0.0000000000000000e+00	2.1430487805550252e+04
5.1661745859032200e-03	0.0000000000000000e+00	1.9866640036664183e+04
5.1836278784231603e-03	0.0000000000000000e+00	1.7938042388713995e+04
5.2010811709430997e-03	0.0000000000000000e+00	1.5696995469277403e+04
5.2185344634630504e-03	0.0000000000000000e+00	1.3212091951997005e+04
5.2359877559829899e-03	0.0000000000000000e+00	1.0569270251221002e+04
5.2534410485029302e-03	0.0000000000000000e+00	7.8746879164180536e+03
5.2708943410228696e-03	0.0000000000000000e+00	6.2780353067396791e+03
5.2883476335428203e-03	0.0000000000000000e+00	9.6626496667074298e+03
5.3058009260627597e-03	0.0000000000000000e+00	1.2811083399260100e+04
5.3232542185827000e-03	0.0000000000000000e+00	1.5656904704711047e+04
5.3407075111026499e-03	0.0000000000000000e+00	1.8117126399614644e+04
5.3581608036225902e-03	0.0000000000000000e+00	2.0143757232419754e+04
5.3756140961425296e-03	0.0000000000000000e+00	2.1698090192913151e+04
5.3930673886624803e-03	0.0000000000000000e+00	2.2782337780670077e+04
5.4105206811824198e-03	0.0000000000000000e+00	2.3439377700783625e+04
5.4279739737023601e-03	0.0000000000000000e+00	2.3744355937386808e+04
5.4454272662223099e-03	0.0000000000000000e+00	2.3732898919411295e+04
5.4628805587422502e-03	0.0000000000000000e+00	2.3374740388640061e+04
5.4803338512621896e-03	0.0000000000000000e+00	2.2637233523373539e+04
5.4977871437821403e-03	0.0000000000000000e+00	2.1509423908642391e+04
5.5152404363020798e-03	0.0000000000000000e+00	1.9999750999443982e+04
5.5326937288220201e-03	0.0000000000000000e+00	1.8132422913810311e+04
5.5501470213419699e-03	0.0000000000000000e+00	1.5948581046740186e+04
5.5676003138619102e-03	0.0000000000000000e+00	1.3506725589443506e+04
5.5850536063818497e-03	0.0000000000000000e+00	1.0880124016589505e+04
5.6025068989018004e-03	0.0000000000000000e+00	8.1656061045832339e+03
5.6199601914217398e-03	0.0000000000000000e+00	6.5654062175203499e+03
5.6374134839416801e-03	0.0000000000000000e+00	9.9874585279394287e+03
5.6548667764616299e-03	0.0000000000000000e+00	1.3170305926552583e+04
5.6723200689815702e-03	0.0000000000000000e+00	1.6043083332518510e+04
5.6897733615015097e-03	0.0000000000000000e+00	1.8532814717464589e+04
5.7072266540214604e-03	0.0000000000000000e+00	2.0579447072754268e+04
5.7246799465413998e-03	0.0000000000000000e+00	2.2152324265378509e+04
5.7421332390613401e-03	0.0000000000000000e+00	2.3257629085025153e+04
5.7595865315812900e-03	0.0000000000000000e+00	2.3942645273313112e+04
5.7770398241012303e-03	0.0000000000000000e+00	2.4286952789239738e+04
5.7944931166211697e-03	0.0000000000000000e+00	2.4306251259745448e+04
5.8119464091411204e-03	0.0000000000000000e+00	2.3945991414060943e+04
5.8293997016610598e-03	0.0000000000000000e+00	2.3169665610382195e+04
5.8468529941810002e-03	0.0000000000000000e+00	2.1966223357146700e+04
5.8643062867009500e-03	0.0000000000000000e+00	2.0352342399926871e+04
5.8817595792208903e-03	0.0000000000000000e+00	1.8363898632750272e+04
5.8992128717408297e-03	0.0000000000000000e+00	1.6056055027600349e+04
5.9166661642607796e-03	0.0000000000000000e+00	1.3500008767974276e+04
5.9341194567807199e-03	0.0000000000000000e+00	1.0784455052165029e+04
5.9515727493006602e-03	0.0000000000000000e+00	8.0183529460392874e+03
5.9690260418206100e-03	0.0000000000000000e+00	6.3999637953405945e+03
5.9864793343405503e-03	0.0000000000000000e+00	9.8440120387977604e+03
6.0039326268604898e-03	0.0000000000000000e+00	1.3045019857091324e+04
6.0213859193804396e-03	0.0000000000000000e+00	1.5935616868874367e+04
6.0388392119003799e-03	0.0000000000000000e+00	1.8431872206965418e+04
6.0562925044203202e-03	0.0000000000000000e+00	2.0486048370303521e+04
6.0737457969402700e-03	0.0000000000000000e+00	2.2059233521627131e+04
6.0911990894602103e-03	0.0000000000000000e+00	2.3156640970693279e+04
6.1086523819801498e-03	0.0000000000000000e+00	2.3821094559188779e+04
6.1261056745000996e-03	0.0000000000000000e+00	2.4129228335326592e+04
6.1435589670200399e-03	0.0000000000000000e+00	2.4115824147626314e+04
6.1610122595399802e-03	0.0000000000000000e+00	2.3746937887462973e+04
6.1784655520599301e-03	0.0000000000000000e+00	2.2991728340346071e+04
6.1959188445798704e-03	0.0000000000000000e+00	2.1839369718056041e+04
6.2133721370998098e-03	0.0000000000000000e+00	2.0298372379741992e+04
6.2308254296197596e-03	0.0000000000000000e+00	1.8394446507459506e+04
6.2482787221396999e-03	0.0000000000000000e+00	1.6169748150734715e+04
6.2657320146596402e-03	0.0000000000000000e+00	1.3684077362802227e+04
6.2831853071795901e-03	0.0000000000000000e+00	1.1011964456061027e+04
6.3006385996995304e-03	0.0000000000000000e+00	8.2520366955416721e+03
6.3180918922194698e-03	0.0000000000000000e+00	6.6378932850983256e+03
6.3355451847394197e-03	0.0000000000000000e+00	1.0097784179338027e+04
6.3529984772593600e-03	0.0000000000000000e+00	1.3313999122685302e+04
6.3704517697793003e-03	0.0000000000000000e+00	1.6215771836532806e+04
6.3879050622992501e-03	0.0000000000000000e+00	1.8728361804067372e+04
6.4053583548191904e-03	0.0000000000000000e+00	2.0793044563360654e+04
6.4228116473391298e-03	0.0000000000000000e+00	2.2378571790300000e+04
6.4402649398590797e-03	0.0000000000000000e+00	2.3494724988021360e+04
6.4577182323790200e-03	0.0000000000000000e+00	2.4188153634694943e+04
6.4751715248989603e-03	0.0000000000000000e+00	2.4541869499771008e+04
6.4926248174188997e-03	0.0000000000000000e+00	2.4563784374622504e+04
6.5100781099388504e-03	0.0000000000000000e+00	2.4200322367555011e+04
6.5275314024587899e-03	0.0000000000000000e+00	2.3412577900970624e+04
6.5449846949787302e-03	0.0000000000000000e+00	2.2193264240966026e+04
6.5624379874986800e-03	0.0000000000000000e+00	2.0557817403451805e+04
6.5798912800186203e-03	0.0000000000000000e+00	1.8543871270156920e+04
6.5973445725385597e-03	0.0000000000000000e+00	1.6207579606641215e+04
6.6147978650585096e-03	0.0000000000000000e+00	1.3621273000934458e+04
6.6322511575784499e-03	0.0000000000000000e+00	1.0874740185279510e+04
6.6497044500983902e-03	0.0000000000000000e+00	8.0780363094682543e+03
6.6671577426183400e-03	0.0000000000000000e+00	6.4462783890999372e+03
6.6846110351382803e-03	0.0000000000000000e+00	9.9133333313171643e+03
6.7020643276582198e-03	0.0000000000000000e+00	1.3134402380310394e+04
6.7195176201781696e-03	0.0000000000000000e+00	1.6042022777103492e+04
6.7369709126981099e-03	0.0000000000000000e+00	1.8551808573387909e+04
6.7544242052180502e-03	0.0000000000000000e+00	2.0616076666021978e+04
6.7718774977380001e-03	0.0000000000000000e+00	2.2195992601644830e+04
6.7893307902579404e-03	0.0000000000000000e+00	2.3297943093719507e+04
6.8067840827778798e-03	0.0000000000000000e+00	2.3964856382623770e+04
6.8242373752978296e-03	0.0000000000000000e+00	2.4274026385789031e+04
6.8416906678177699e-03	0.0000000000000000e+00	2.4259109148432875e+04
6.8591439603377102e-03	0.0000000000000000e+00	2.3885643358363410e+04
6.8765972528576601e-03	0.0000000000000000e+00	2.3123235690845795e+04
6.8940505453776004e-03	0.0000000000000000e+00	2.1961154599853708e+04
6.9115038378975398e-03	0.0000000000000000e+00	2.0407890264260375e+04
6.9289571304174897e-03	0.0000000000000000e+00	1.8489812178801163e+04
6.9464104229374300e-03	0.0000000000000000e+00	1.6249487808722355e+04
6.9638637154573703e-03	0.0000000000000000e+00	1.3747382987965202e+04
6.9813170079773201e-03	0.0000000000000000e+00	1.1058412384679355e+04
6.9987703004972604e-03	0.0000000000000000e+00	8.2820721556312383e+03
7.0162235930171998e-03	0.0000000000000000e+00	6.6662778427788953e+03
7.0336768855371497e-03	0.0000000000000000e+00	1.0139924506344012e+04
7.0511301780570900e-03	0.0000000000000000e+00	1.3368182725988980e+04
7.0685834705770303e-03	0.0000000000000000e+00	1.6280522091887793e+04
7.0860367630969801e-03	0.0000000000000000e+00	1.8801215254401086e+04
7.1034900556169204e-03	0.0000000000000000e+00	2.0872407606963698e+04
7.1209433481368599e-03	0.0000000000000000e+00	2.2462477668064828e+04
7.1383966406568097e-03	0.0000000000000000e+00	2.3582908875100329e+04
7.1558499331767500e-03	0.0000000000000000e+00	2.4280192240422981e+04
7.1733032256966903e-03	0.0000000000000000e+00	2.4638027134449167e+04
7.1907565182166401e-03	0.0000000000000000e+00	2.4661508180015880e+04
7.2082098107365796e-03	0.0000000000000000e+00	2.4297266799477300e+04
7.2256631032565199e-03	0.0000000000000000e+00	2.3505403241746168e+04
7.2431163957764697e-03	0.0000000000000000e+00	2.2280250167123737e+04
7.2605696882964100e-03	0.0000000000000000e+00	2.0636755883276117e+04
7.2780229808163503e-03	0.0000000000000000e+00	1.8613259131381066e+04
7.2954762733363002e-03	0.0000000000000000e+00	1.6266287801290817e+04
7.3129295658562396e-03	0.0000000000000000e+00	1.3668609766285028e+04
7.3303828583761799e-03	0.0000000000000000e+00	1.0910277209386397e+04
7.3478361508961297e-03	0.0000000000000000e+00	8.1017074209223010e+03
7.3652894434160700e-03	0.0000000000000000e+00	6.4588282289785884e+03
7.3827427359360103e-03	0.0000000000000000e+00	9.9336023538948339e+03
7.4001960284559602e-03	0.0000000000000000e+00	1.3161195013299124e+04
7.4176493209758996e-03	0.0000000000000000e+00	1.6074410962480853e+04
7.4351026134958399e-03	0.0000000000000000e+00	1.8588576511191415e+04
7.4525559060157898e-03	0.0000000000000000e+00	2.0655909992503523e+04
7.4700091985357301e-03	0.0000000000000000e+00	2.2237752289936292e+04
7.4874624910556704e-03	0.0000000000000000e+00	2.3340662546353513e+04
7.5049157835756202e-03	0.0000000000000000e+00	2.4007723935127793e+04
7.5223690760955596e-03	0.0000000000000000e+00	2.4316340676758893e+04
7.5398223686154999e-03	0.0000000000000000e+00	2.4300053294910427e+04
7.5572756611354498e-03	0.0000000000000000e+00	2.3924350270321171e+04
7.5747289536553901e-03	0.0000000000000000e+00	2.3158929258265456e+04
7.5921822461753304e-03	0.0000000000000000e+00	2.1993123210071259e+04
7.6096355386952802e-03	0.0000000000000000e+00	2.0435421780042150e+04
7.6270888312152197e-03	0.0000000000000000e+00	1.8512395528145167e+04
7.6445421237351600e-03	0.0000000000000000e+00	1.6266754264223604e+04
7.6619954162551098e-03	0.0000000000000000e+00	1.3759282176713103e+04
7.6794487087750501e-03	0.0000000000000000e+00	1.1064966635809880e+04
7.6969020012949904e-03	0.0000000000000000e+00	8.2837012227055202e+03
7.7143552938149403e-03	0.0000000000000000e+00	6.6798777987972326e+03
7.7318085863348797e-03	0.0000000000000000e+00	1.0157942973214553e+04
7.7492618788548200e-03	0.0000000000000000e+00	1.3390046370882941e+04
7.7667151713747698e-03	0.0000000000000000e+00	1.6305892565280186e+04
7.7841684638947101e-03	0.0000000000000000e+00	1.8829140507543012e+04
7.8016217564146496e-03	0.0000000000000000e+00	2.0902538782157357e+04
7.8190750489345994e-03	0.0000000000000000e+00	2.2494207534077708e+04
7.8365283414545406e-03	0.0000000000000000e+00	2.3616574246313703e+04
7.8539816339744800e-03	0.0000000000000000e+00	2.4316292531029561e+04
7.8714349264944194e-03	0.0000000000000000e+00	2.4676434666664514e+04
7.8888882190143693e-03	0.0000000000000000e+00	2.4701418573827046e+04
7.9063415115343105e-03	0.0000000000000000e+00	2.4337687190673456e+04
7.9237948040542603e-03	0.0000000000000000e+00	2.3544907950537017e+04
7.9412480965741997e-03	0.0000000000000000e+00	2.2318021396005879e+04
7.9587013890941392e-03	0.0000000000000000e+00	2.0671951298437583e+04
7.9761546816140907e-03	0.0000000000000000e+00	1.8645254723660924e+04
7.9936079741340302e-03	0.0000000000000000e+00	1.6294598440876121e+04
8.0110612666539696e-03	0.0000000000000000e+00	1.3692903185829869e+04
8.0285145591739195e-03	0.0000000000000000e+00	1.0930199072016441e+04
8.0459678516938606e-03	0.0000000000000000e+00	8.1169851156256218e+03
8.0634211442138001e-03	0.0000000000000000e+00	6.4568151425950155e+03
8.0808744367337395e-03	0.0000000000000000e+00	9.9338268611312851e+03
8.0983277292536893e-03	0.0000000000000000e+00	1.3163149211762900e+04
8.1157810217736305e-03	0.0000000000000000e+00	1.6077946706194942e+04
8.1332343142935803e-03	0.0000000000000000e+00	1.8593324519829283e+04
8.1506876068135198e-03	0.0000000000000000e+00	2.0661333675805046e+04
8.1681408993334592e-03	0.0000000000000000e+00	2.2243511380953154e+04
8.1855941918534108e-03	0.0000000000000000e+00	2.3346181502807420e+04
8.2030474843733502e-03	0.0000000000000000e+00	2.4012630914535050e+04
8.2205007768932897e-03	0.0000000000000000e+00	2.4320220002717157e+04
8.2379540694132308e-03	0.0000000000000000e+00	2.4302830508505846e+04
8.2554073619331807e-03	0.0000000000000000e+00	2.3926055310231881e+04
8.2728606544531201e-03	0.0000000000000000e+00	2.3159531707280974e+04
8.2903139469730595e-03	0.0000000000000000e+00	2.1992629874552375e+04
8.3077672394930094e-03	0.0000000000000000e+00	2.0433791401860992e+04
8.3252205320129506e-03	0.0000000000000000e+00	1.8509630416116088e+04
8.3426738245328900e-03	0.0000000000000000e+00	1.6262898955172928e+04
8.3601271170528398e-03	0.0000000000000000e+00	1.3754613059443038e+04
8.3775804095727793e-03	0.0000000000000000e+00	1.1059659024276103e+04
8.3950337020927204e-03	0.0000000000000000e+00	8.2781968263117033e+03
8.4124869946126703e-03	0.0000000000000000e+00	6.6904091293247966e+03
8.4299402871326097e-03	0.0000000000000000e+00	1.0169744538722733e+04
8.4473935796525491e-03	0.0000000000000000e+00	1.3402951318745081e+04
8.4648468721725007e-03	0.0000000000000000e+00	1.6319950224039161e+04
8.4823001646924402e-03	0.0000000000000000e+00	1.8843932288061045e+04
8.4997534572123796e-03	0.0000000000000000e+00	2.0918110817978413e+04
8.5172067497323294e-03	0.0000000000000000e+00	2.2510385124557277e+04
8.5346600422522706e-03	0.0000000000000000e+00	2.3633713048187350e+04
8.5521133347722100e-03	0.0000000000000000e+00	2.4334734581677352e+04
8.5695666272921599e-03	0.0000000000000000e+00	2.4696126423438353e+04
8.5870199198120993e-03	0.0000000000000000e+00	2.4721916471988381e+04
8.6044732123320405e-03	0.0000000000000000e+00	2.4358444915541684e+04
8.6219265048519903e-03	0.0000000000000000e+00	2.3565300440162413e+04
8.6393797973719298e-03	0.0000000000000000e+00	2.2337612687866098e+04
8.6568330898918692e-03	0.0000000000000000e+00	2.0690398651079078e+04
8.6742863824118208e-03	0.0000000000000000e+00	1.8662253705253497e+04
8.6917396749317602e-03	0.0000000000000000e+00	1.6309894904086599e+04
8.7091929674516996e-03	0.0000000000000000e+00	1.3706306987897124e+04
8.7266462599716495e-03	0.0000000000000000e+00	1.0941319424827505e+04
8.7440995524915906e-03	0.0000000000000000e+00	8.1254496071343938e+03
8.7615528450115301e-03	0.0000000000000000e+00	6.4485021160873430e+03
8.7790061375314799e-03	0.0000000000000000e+00	9.9260440245152786e+03
8.7964594300514194e-03	0.0000000000000000e+00	1.3155613390043323e+04
8.8139127225713605e-03	0.0000000000000000e+00	1.6070762755546422e+04
8.8313660150913104e-03	0.0000000000000000e+00	1.8586394253752351e+04
8.8488193076112498e-03	0.0000000000000000e+00	2.0654379059207775e+04
8.8662726001311892e-03	0.0000000000000000e+00	2.2236451726936259e+04
8.8837258926511408e-03	0.0000000000000000e+00	2.3338639114274796e+04
8.9011791851710802e-03	0.0000000000000000e+00	2.4004444984339330e+04
8.9186324776910197e-03	0.0000000000000000e+00	2.4311198388205012e+04
8.9360857702109695e-03	0.0000000000000000e+00	2.4293144273395323e+04
8.9535390627309107e-03	0.0000000000000000e+00	2.3915950778054408e+04
8.9709923552508501e-03	0.0000000000000000e+00	2.3149193387906915e+04
8.9884456477708000e-03	0.0000000000000000e+00	2.1982272713591508e+04
9.0058989402907394e-03	0.0000000000000000e+00	2.0423485151241992e+04
9.0233522328106806e-03	0.0000000000000000e+00	1.8499503568652195e+04
9.0408055253306304e-03	0.0000000000000000e+00	1.6253072324150038e+04
9.0582588178505698e-03	0.0000000000000000e+00	1.3745452497201137e+04
9.0757121103705093e-03	0.0000000000000000e+00	1.1051315085489858e+04
9.0931654028904609e-03	0.0000000000000000e+00	8.2710587171901898e+03
9.1106186954104003e-03	0.0000000000000000e+00	6.7019520298941261e+03
9.1280719879303397e-03	0.0000000000000000e+00	1.0181650657594881e+04
9.1455252804502896e-03	0.0000000000000000e+00	1.3415178080594053e+04
9.1629785729702307e-03	0.0000000000000000e+00	1.6332647406518196e+04
9.1804318654901702e-03	0.0000000000000000e+00	1.8856856605608438e+04
9.1978851580101200e-03	0.0000000000000000e+00	2.0931411214234606e+04
9.2153384505300594e-03	0.0000000000000000e+00	2.2524017106383359e+04
9.2327917430500006e-03	0.0000000000000000e+00	2.3648029538929550e+04
9.2502450355699505e-03	0.0000000000000000e+00	2.4350031556717349e+04
9.2676983280898899e-03	0.0000000000000000e+00	2.4712364898887703e+04
9.2851516206098293e-03	0.0000000000000000e+00	2.4738770059677678e+04
9.3026049131297792e-03	0.0000000000000000e+00	2.4375505826714496e+04
9.3200582056497203e-03	0.0000000000000000e+00	2.3582169912624609e+04
9.3375114981696598e-03	0.0000000000000000e+00	2.2354059196508704e+04
9.3549647906896096e-03	0.0000000000000000e+00	2.0706203300058060e+04
9.3724180832095508e-03	0.0000000000000000e+00	1.8677216465710204e+04
9.3898713757294902e-03	0.0000000000000000e+00	1.6323845607424839e+04
9.4073246682494296e-03	0.0000000000000000e+00	1.3719110060105017e+04
9.4247779607693795e-03	0.0000000000000000e+00	1.0952608713384228e+04
9.4422312532893207e-03	0.0000000000000000e+00	8.1348784987137915e+03
9.4596845458092705e-03	0.0000000000000000e+00	6.4364505846471602e+03
9.4771378383292099e-03	0.0000000000000000e+00	9.9140651676295111e+03
9.4945911308491494e-03	0.0000000000000000e+00	1.3143511354568851e+04
9.5120444233690905e-03	0.0000000000000000e+00	1.6058692732453263e+04
9.5294977158890404e-03	0.0000000000000000e+00	1.8574333735330791e+04
9.5469510084089798e-03	0.0000000000000000e+00	2.0642132163703187e+04
9.5644043009289192e-03	0.0000000000000000e+00	2.2223998743682452e+04
9.5818575934488708e-03	0.0000000000000000e+00	2.3325629774967736e+04
9.5993108859688103e-03	0.0000000000000000e+00	2.3990747534085538e+04
9.6167641784887497e-03	0.0000000000000000e+00	2.4296665725842602e+04
9.6342174710086995e-03	0.0000000000000000e+00	2.4278053803274539e+04
9.6516707635286407e-03	0.0000000000000000e+00	2.3900643503670337e+04
9.6691240560485905e-03	0.0000000000000000e+00	2.3133935881485751e+04
9.6865773485685300e-03	0.0000000000000000e+00	2.1967343275110226e+04
9.7040306410884694e-03	0.0000000000000000e+00	2.0408995510180532e+04
9.7214839336084106e-03	0.0000000000000000e+00	1.8485617871234914e+04
9.7389372261283604e-03	0.0000000000000000e+00	1.6240107526692198e+04
9.7563905186482999e-03	0.0000000000000000e+00	1.3733456772734562e+04
9.7738438111682393e-03	0.0000000000000000e+00	1.1040587402327938e+04
9.7912971036881909e-03	0.0000000000000000e+00	8.2619479691638371e+03
9.8087503962081303e-03	0.0000000000000000e+00	6.7156016593426448e+03
9.8262036887280697e-03	0.0000000000000000e+00	1.0195417339477932e+04
9.8436569812480196e-03	0.0000000000000000e+00	1.3429052966223398e+04
9.8611102737679607e-03	0.0000000000000000e+00	1.6346785631702205e+04
9.8785635662879106e-03	0.0000000000000000e+00	1.8871080520020150e+04
9.8960168588078500e-03	0.0000000000000000e+00	2.0945880225269007e+04
9.9134701513277895e-03	0.0000000000000000e+00	2.2538716397853481e+04
9.9309234438477306e-03	0.0000000000000000e+00	2.3663271229528953e+04
9.9483767363676805e-03	0.0000000000000000e+00	2.4366035180161078e+04
9.9658300288876199e-03	0.0000000000000000e+00	2.4729025460175493e+04
9.9832833214075593e-03	0.0000000000000000e+00	2.4755737982255829e+04
1.0000736613927501e-02	0.0000000000000000e+00	2.4392373355069045e+04
1.0018189906447501e-02	0.0000000000000000e+00	2.3598659327533303e+04
1.0035643198967400e-02	0.0000000000000000e+00	2.2369932147813550e+04
1.0053096491487300e-02	0.0000000000000000e+00	2.0721311493441979e+04
1.0070549784007300e-02	0.0000000000000000e+00	1.8691390510845442e+04
1.0088003076527199e-02	0.0000000000000000e+00	1.6336936422689732e+04
1.0105456369047200e-02	0.0000000000000000e+00	1.3731002952294944e+04
1.0122909661567101e-02	0.0000000000000000e+00	1.0962929757179456e+04
1.0140362954087099e-02	0.0000000000000000e+00	8.1432947558321757e+03
1.0157816246607001e-02	0.0000000000000000e+00	6.4219697491215475e+03
1.0175269539126900e-02	0.0000000000000000e+00	9.8995651461229281e+03
1.0192722831646900e-02	0.0000000000000000e+00	1.3128827857566954e+04
1.0210176124166800e-02	0.0000000000000000e+00	1.6043981880672132e+04
1.0227629416686800e-02	0.0000000000000000e+00	1.8559590900530326e+04
1.0245082709206699e-02	0.0000000000000000e+00	2.0627199383182447e+04
1.0262536001726700e-02	0.0000000000000000e+00	2.2208878671389593e+04
1.0279989294246601e-02	0.0000000000000000e+00	2.3310060586036408e+04
1.0297442586766500e-02	0.0000000000000000e+00	2.3974681806773631e+04
1.0314895879286501e-02	0.0000000000000000e+00	2.4280103993197929e+04
1.0332349171806400e-02	0.0000000000000000e+00	2.4261334472676961e+04
1.0349802464326400e-02	0.0000000000000000e+00	2.3884083098305699e+04
1.0367255756846300e-02	0.0000000000000000e+00	2.3117823595906688e+04
1.0384709049366300e-02	0.0000000000000000e+00	2.1951965170961128e+04
1.0402162341886199e-02	0.0000000000000000e+00	2.0394396139558336e+04
1.0419615634406101e-02	0.0000000000000000e+00	1.8471952906293613e+04
1.0437068926926101e-02	0.0000000000000000e+00	1.6227792596705547e+04
1.0454522219446000e-02	0.0000000000000000e+00	1.3722325395549513e+04
1.0471975511966001e-02	0.0000000000000000e+00	1.1031009389005290e+04
1.0489428804485900e-02	0.0000000000000000e+00	8.2542361211923708e+03
1.0506882097005900e-02	0.0000000000000000e+00	6.7310627002658857e+03
1.0524335389525800e-02	0.0000000000000000e+00	1.0210933096091914e+04
1.0541788682045699e-02	0.0000000000000000e+00	1.3444620301325793e+04
1.0559241974565699e-02	0.0000000000000000e+00	1.6362555829866511e+04
1.0576695267085601e-02	0.0000000000000000e+00	1.8886898343477082e+04
1.0594148559605601e-02	0.0000000000000000e+00	2.0961886658723957e+04
1.0611601852125500e-02	0.0000000000000000e+00	2.2554904899144498e+04
1.0629055144645501e-02	0.0000000000000000e+00	2.3679872120349228e+04
1.0646508437165400e-02	0.0000000000000000e+00	2.4383152458197248e+04
1.0663961729685400e-02	0.0000000000000000e+00	2.4746478144004865e+04
1.0681415022205300e-02	0.0000000000000000e+00	2.4773167443087652e+04
1.0698868314725199e-02	0.0000000000000000e+00	2.4409379166994462e+04
1.0716321607245199e-02	0.0000000000000000e+00	2.3615156174402287e+04
1.0733774899765101e-02	0.0000000000000000e+00	2.2385542544845339e+04
1.0751228192285101e-02	0.0000000000000000e+00	2.0736033527276119e+04
1.0768681484805000e-02	0.0000000000000000e+00	1.8705083457928009e+04
1.0786134777325001e-02	0.0000000000000000e+00	1.6349495476205493e+04
1.0803588069844900e-02	0.0000000000000000e+00	1.3742357070599559e+04
1.0821041362364800e-02	0.0000000000000000e+00	1.0972729276268288e+04
1.0838494654884800e-02	0.0000000000000000e+00	8.1512617103058628e+03
1.0855947947404699e-02	0.0000000000000000e+00	6.4057221514198600e+03
1.0873401239924699e-02	0.0000000000000000e+00	9.8832836343788331e+03
1.0890854532444601e-02	0.0000000000000000e+00	1.3112373215231373e+04
1.0908307824964599e-02	0.0000000000000000e+00	1.6027493178068886e+04
1.0925761117484500e-02	0.0000000000000000e+00	1.8543067816109538e+04
1.0943214410004400e-02	0.0000000000000000e+00	2.0610506755175469e+04
1.0960667702524400e-02	0.0000000000000000e+00	2.2192022718991149e+04
1.0978120995044300e-02	0.0000000000000000e+00	2.3292820621212482e+04
1.0995574287564300e-02	0.0000000000000000e+00	2.3957040889511827e+04
1.1013027580084199e-02	0.0000000000000000e+00	2.4262134847128738e+04
1.1030480872604199e-02	0.0000000000000000e+00	2.4243393965073399e+04
1.1047934165124101e-02	0.0000000000000000e+00	2.3866464940248130e+04
1.1065387457644000e-02	0.0000000000000000e+00	2.3100808333768084e+04
1.1082840750164000e-02	0.0000000000000000e+00	2.1935824550826674e+04
1.1100294042683900e-02	0.0000000000000000e+00	2.0379127801860832e+04
1.1117747335203900e-02	0.0000000000000000e+00	1.8457689717879035e+04
1.1135200627723800e-02	0.0000000000000000e+00	1.6214932514223430e+04
1.1152653920243800e-02	0.0000000000000000e+00	1.3710655098489377e+04
1.1170107212763699e-02	0.0000000000000000e+00	1.1020856811535399e+04
1.1187560505283699e-02	0.0000000000000000e+00	8.2458474568634992e+03
1.1205013797803601e-02	0.0000000000000000e+00	6.7480201518244521e+03
1.1222467090323500e-02	0.0000000000000000e+00	1.0227922877053712e+04
1.1239920382843500e-02	0.0000000000000000e+00	1.3461642561772445e+04
1.1257373675363400e-02	0.0000000000000000e+00	1.6379734973626793e+04
1.1274826967883400e-02	0.0000000000000000e+00	1.8904106717819708e+04
1.1292280260403300e-02	0.0000000000000000e+00	2.0979248949524892e+04
1.1309733552923300e-02	0.0000000000000000e+00	2.2572414373762993e+04
1.1327186845443199e-02	0.0000000000000000e+00	2.3697731440022875e+04
1.1344640137963101e-02	0.0000000000000000e+00	2.4401427090514964e+04
1.1362093430483101e-02	0.0000000000000000e+00	2.4764945644804578e+04
1.1379546723003000e-02	0.0000000000000000e+00	2.4791452426354870e+04
1.1397000015523000e-02	0.0000000000000000e+00	2.4427070356672535e+04
1.1414453308042900e-02	0.0000000000000000e+00	2.3632227443291998e+04
1.1431906600562900e-02	0.0000000000000000e+00	2.2401606608088849e+04
1.1449359893082800e-02	0.0000000000000000e+00	2.0751121721749310e+04
1.1466813185602699e-02	0.0000000000000000e+00	1.8719076070378611e+04
1.1484266478122699e-02	0.0000000000000000e+00	1.6362308344462203e+04
1.1501719770642601e-02	0.0000000000000000e+00	1.3753940278010155e+04
1.1519173063162601e-02	0.0000000000000000e+00	1.0982770592175877e+04
1.1536626355682500e-02	0.0000000000000000e+00	8.1595414519891438e+03
1.1554079648202500e-02	0.0000000000000000e+00	6.3882527172972195e+03
1.1571532940722400e-02	0.0000000000000000e+00	9.8657938443932089e+03
1.1588986233242300e-02	0.0000000000000000e+00	1.3094744800248935e+04
1.1606439525762300e-02	0.0000000000000000e+00	1.6009845858364331e+04
1.1623892818282199e-02	0.0000000000000000e+00	1.8525401959425482e+04
1.1641346110802199e-02	0.0000000000000000e+00	2.0592708296230994e+04
1.1658799403322101e-02	0.0000000000000000e+00	2.2174098653830122e+04
1.1676252695842101e-02	0.0000000000000000e+00	2.3274599589542133e+04
1.1693705988362000e-02	0.0000000000000000e+00	2.3938544402827967e+04
1.1711159280882000e-02	0.0000000000000000e+00	2.4243517576323480e+04
1.1728612573401900e-02	0.0000000000000000e+00	2.4225040080679566e+04
1.1746065865921800e-02	0.0000000000000000e+00	2.3848641356295790e+04
1.1763519158441800e-02	0.0000000000000000e+00	2.3083793957879403e+04
1.1780972450961699e-02	0.0000000000000000e+00	2.1919876181096806e+04
1.1798425743481699e-02	0.0000000000000000e+00	2.0364198798213412e+04
1.1815879036001601e-02	0.0000000000000000e+00	1.8443893475315788e+04
1.1833332328521601e-02	0.0000000000000000e+00	1.6202656926096253e+04
1.1850785621041500e-02	0.0000000000000000e+00	1.3699644882712040e+04
1.1868238913561400e-02	0.0000000000000000e+00	1.1011412766306687e+04
1.1885692206081400e-02	0.0000000000000000e+00	8.2381586507006905e+03
1.1903145498601300e-02	0.0000000000000000e+00	6.7658293634368847e+03
1.1920598791121300e-02	0.0000000000000000e+00	1.0245745130874206e+04
1.1938052083641199e-02	0.0000000000000000e+00	1.3479477601633123e+04
1.1955505376161199e-02	0.0000000000000000e+00	1.6397691519846754e+04
1.1972958668681101e-02	0.0000000000000000e+00	1.8922076049938492e+04
1.1990411961201000e-02	0.0000000000000000e+00	2.0997333415258181e+04
1.2007865253721000e-02	0.0000000000000000e+00	2.2590603294135057e+04
1.2025318546240900e-02	0.0000000000000000e+00	2.3716168274712672e+04
1.2042771838760900e-02	0.0000000000000000e+00	2.4420085964330079e+04
1.2060225131280800e-02	0.0000000000000000e+00	2.4783537744260182e+04
1.2077678423800800e-02	0.0000000000000000e+00	2.4809580398302875e+04
1.2095131716320699e-02	0.0000000000000000e+00	2.4444340088488902e+04
1.2112585008840600e-02	0.0000000000000000e+00	2.3648710234982151e+04
1.2130038301360601e-02	0.0000000000000000e+00	2.2416895709493929e+04
1.2147491593880500e-02	0.0000000000000000e+00	2.0765315259180592e+04
1.2164944886400500e-02	0.0000000000000000e+00	1.8732084902372320e+04
1.2182398178920400e-02	0.0000000000000000e+00	1.6374069977014251e+04
1.2199851471440400e-02	0.0000000000000000e+00	1.3764434968467382e+04
1.2217304763960300e-02	0.0000000000000000e+00	1.0991721033258276e+04
1.2234758056480201e-02	0.0000000000000000e+00	8.1667923583037073e+03
1.2252211349000199e-02	0.0000000000000000e+00	6.3702527993692220e+03
1.2269664641520101e-02	0.0000000000000000e+00	9.8477886652149555e+03
1.2287117934040101e-02	0.0000000000000000e+00	1.3076632285698013e+04
1.2304571226560000e-02	0.0000000000000000e+00	1.5991728147881675e+04
1.2322024519080000e-02	0.0000000000000000e+00	1.8507279266962229e+04
1.2339477811599900e-02	0.0000000000000000e+00	2.0574486754169193e+04
1.2356931104119900e-02	0.0000000000000000e+00	2.2155787850481443e+04
1.2374384396639800e-02	0.0000000000000000e+00	2.3256082365524930e+04
1.2391837689159701e-02	0.0000000000000000e+00	2.3919884553499855e+04
1.2409290981679699e-02	0.0000000000000000e+00	2.4224945316881003e+04
1.2426744274199601e-02	0.0000000000000000e+00	2.4206943850246767e+04
1.2444197566719601e-02	0.0000000000000000e+00	2.3831242215442315e+04
1.2461650859239500e-02	0.0000000000000000e+00	2.3067352057076525e+04
1.2479104151759500e-02	0.0000000000000000e+00	2.1904618838023336e+04
1.2496557444279400e-02	0.0000000000000000e+00	2.0350022041576969e+04
1.2514010736799299e-02	0.0000000000000000e+00	1.8430883806040612e+04
1.2531464029319300e-02	0.0000000000000000e+00	1.6191164536726723e+04
1.2548917321839201e-02	0.0000000000000000e+00	1.3689377436518287e+04
1.2566370614359199e-02	0.0000000000000000e+00	1.1002615998955558e+04
1.2583823906879101e-02	0.0000000000000000e+00	8.2309531729151950e+03
1.2601277199399101e-02	0.0000000000000000e+00	6.7838880394251328e+03
1.2618730491919000e-02	0.0000000000000000e+00	1.0263802682127949e+04
1.2636183784438900e-02	0.0000000000000000e+00	1.3497533075819916e+04
1.2653637076958900e-02	0.0000000000000000e+00	1.6415837644121770e+04
1.2671090369478799e-02	0.0000000000000000e+00	1.8940219996371030e+04
1.2688543661998800e-02	0.0000000000000000e+00	2.1015559456615880e+04
1.2705996954518701e-02	0.0000000000000000e+00	2.2608904543058121e+04
1.2723450247038699e-02	0.0000000000000000e+00	2.3734644844225848e+04
1.2740903539558601e-02	0.0000000000000000e+00	2.4438670668721177e+04
1.2758356832078500e-02	0.0000000000000000e+00	2.4801915512435244e+04
1.2775810124598500e-02	0.0000000000000000e+00	2.4827361128442222e+04
1.2793263417118400e-02	0.0000000000000000e+00	2.4461146787016973e+04
1.2810716709638400e-02	0.0000000000000000e+00	2.3664669223162458e+04
1.2828170002158299e-02	0.0000000000000000e+00	2.2431619327553937e+04
1.2845623294678300e-02	0.0000000000000000e+00	2.0778936323794082e+04
1.2863076587198201e-02	0.0000000000000000e+00	1.8744591409149827e+04
1.2880529879718199e-02	0.0000000000000000e+00	1.6385329871947361e+04
1.2897983172238101e-02	0.0000000000000000e+00	1.3774513981203503e+04
1.2915436464758000e-02	0.0000000000000000e+00	1.1000401003422468e+04
1.2932889757278000e-02	0.0000000000000000e+00	8.1739945853647496e+03
1.2950343049797900e-02	0.0000000000000000e+00	6.3522911916913981e+03
1.2967796342317900e-02	0.0000000000000000e+00	9.8298357941520990e+03
1.2985249634837799e-02	0.0000000000000000e+00	1.3058606634753360e+04
1.3002702927357800e-02	0.0000000000000000e+00	1.5973713201986253e+04
1.3020156219877701e-02	0.0000000000000000e+00	1.8489275537093705e+04
1.3037609512397600e-02	0.0000000000000000e+00	2.0556416469145934e+04
1.3055062804917601e-02	0.0000000000000000e+00	2.2137660445046658e+04
1.3072516097437500e-02	0.0000000000000000e+00	2.3237810768608520e+04
1.3089969389957500e-02	0.0000000000000000e+00	2.3901550741001076e+04
1.3107422682477400e-02	0.0000000000000000e+00	2.4206820870479081e+04
1.3124875974997400e-02	0.0000000000000000e+00	2.4189414178355033e+04
1.3142329267517299e-02	0.0000000000000000e+00	2.3814501616635298e+04
1.3159782560037201e-02	0.0000000000000000e+00	2.3051636819606720e+04
1.3177235852557199e-02	0.0000000000000000e+00	2.1890128211352960e+04
1.3194689145077100e-02	0.0000000000000000e+00	2.0336624596330399e+04
1.3212142437597101e-02	0.0000000000000000e+00	1.8418638270718191e+04
1.3229595730117000e-02	0.0000000000000000e+00	1.6180380704589152e+04
1.3247049022637000e-02	0.0000000000000000e+00	1.3679745088772277e+04
1.3264502315156900e-02	0.0000000000000000e+00	1.0994325975057984e+04
1.3281955607676799e-02	0.0000000000000000e+00	8.2240469629790496e+03
1.3299408900196799e-02	0.0000000000000000e+00	6.8015762306459364e+03
1.3316862192716701e-02	0.0000000000000000e+00	1.0281472783885780e+04
1.3334315485236699e-02	0.0000000000000000e+00	1.3515184365982046e+04
1.3351768777756600e-02	0.0000000000000000e+00	1.6433546063769911e+04
1.3369222070276601e-02	0.0000000000000000e+00	1.8957906963778536e+04
1.3386675362796500e-02	0.0000000000000000e+00	2.1033297757302793e+04
1.3404128655316400e-02	0.0000000000000000e+00	2.2626681916471905e+04
1.3421581947836400e-02	0.0000000000000000e+00	2.3752528715556567e+04
1.3439035240356299e-02	0.0000000000000000e+00	2.4456550054207881e+04
1.3456488532876299e-02	0.0000000000000000e+00	2.4819443574067824e+04
1.3473941825396201e-02	0.0000000000000000e+00	2.4844157457866018e+04
1.3491395117916199e-02	0.0000000000000000e+00	2.4476852251233544e+04
1.3508848410436100e-02	0.0000000000000000e+00	2.3679464864820551e+04
1.3526301702956101e-02	0.0000000000000000e+00	2.2445133263028933e+04
1.3543754995476000e-02	0.0000000000000000e+00	2.0791332202764417e+04
1.3561208287995900e-02	0.0000000000000000e+00	1.8756115019979105e+04
1.3578661580515900e-02	0.0000000000000000e+00	1.6395543389561466e+04
1.3596114873035799e-02	0.0000000000000000e+00	1.3783485835823119e+04
1.3613568165555799e-02	0.0000000000000000e+00	1.1008095864450075e+04
1.3631021458075701e-02	0.0000000000000000e+00	8.1805922805497212e+03
1.3648474750595699e-02	0.0000000000000000e+00	6.3350481883725670e+03
1.3665928043115600e-02	0.0000000000000000e+00	9.8126196645598429e+03
1.3683381335635500e-02	0.0000000000000000e+00	1.3041405987026694e+04
1.3700834628155500e-02	0.0000000000000000e+00	1.5956482063742005e+04
1.3718287920675400e-02	0.0000000000000000e+00	1.8472072314819135e+04
1.3735741213195400e-02	0.0000000000000000e+00	2.0539178655571355e+04
1.3753194505715299e-02	0.0000000000000000e+00	2.2120398277315318e+04
1.3770647798235299e-02	0.0000000000000000e+00	2.3220478376355790e+04
1.3788101090755201e-02	0.0000000000000000e+00	2.3884257250393544e+04
1.3805554383275100e-02	0.0000000000000000e+00	2.4189882865041491e+04
1.3823007675795100e-02	0.0000000000000000e+00	2.4173207972663964e+04
1.3840460968315000e-02	0.0000000000000000e+00	2.3799211261287419e+04
1.3857914260835000e-02	0.0000000000000000e+00	2.3037480487459590e+04
1.3875367553354900e-02	0.0000000000000000e+00	2.1877154194432936e+04
1.3892820845874900e-02	0.0000000000000000e+00	2.0324740459462555e+04
1.3910274138394799e-02	0.0000000000000000e+00	1.8407875488196503e+04
1.3927727430914701e-02	0.0000000000000000e+00	1.6170997160482428e+04
1.3945180723434701e-02	0.0000000000000000e+00	1.3671414167683721e+04
1.3962634015954600e-02	0.0000000000000000e+00	1.0987175051496939e+04
1.3980087308474600e-02	0.0000000000000000e+00	8.2180426928439301e+03
1.3997540600994500e-02	0.0000000000000000e+00	6.8182203280313179e+03
1.4014993893514500e-02	0.0000000000000000e+00	1.0298082966129214e+04
1.4032447186034400e-02	0.0000000000000000e+00	1.3531760746572611e+04
1.4049900478554400e-02	0.0000000000000000e+00	1.6450149529574184e+04
1.4067353771074299e-02	0.0000000000000000e+00	1.8974477389169915e+04
1.4084807063594201e-02	0.0000000000000000e+00	2.1049887944429767e+04
1.4102260356114201e-02	0.0000000000000000e+00	2.2643282910276852e+04
1.4119713648634100e-02	0.0000000000000000e+00	2.3769173923061946e+04
1.4137166941154100e-02	0.0000000000000000e+00	2.4473086288785646e+04
1.4154620233674000e-02	0.0000000000000000e+00	2.4835518659193629e+04
1.4172073526194000e-02	0.0000000000000000e+00	2.4859410528521756e+04
1.4189526818713900e-02	0.0000000000000000e+00	2.4490963516376567e+04
1.4206980111233799e-02	0.0000000000000000e+00	2.3692655326655142e+04
1.4224433403753799e-02	0.0000000000000000e+00	2.2457069706753737e+04
1.4241886696273701e-02	0.0000000000000000e+00	2.0802206664831559e+04
1.4259339988793701e-02	0.0000000000000000e+00	1.8766176837647487e+04
1.4276793281313600e-02	0.0000000000000000e+00	1.6404556750452321e+04
1.4294246573833600e-02	0.0000000000000000e+00	1.3791282927439501e+04
1.4311699866353500e-02	0.0000000000000000e+00	1.1014832523560164e+04
1.4329153158873400e-02	0.0000000000000000e+00	8.1864811872972759e+03
1.4346606451393400e-02	0.0000000000000000e+00	6.3191480143510644e+03
1.4364059743913299e-02	0.0000000000000000e+00	9.7967602691100801e+03
1.4381513036433299e-02	0.0000000000000000e+00	1.3025588452700649e+04
1.4398966328953201e-02	0.0000000000000000e+00	1.5940648584280989e+04
1.4416419621473201e-02	0.0000000000000000e+00	1.8456281286689893e+04
1.4433872913993100e-02	0.0000000000000000e+00	2.0523378550415207e+04
1.4451326206513000e-02	0.0000000000000000e+00	2.2104599630692963e+04
1.4468779499033000e-02	0.0000000000000000e+00	2.3204655505608196e+04
1.4486232791552900e-02	0.0000000000000000e+00	2.3868528268156224e+04
1.4503686084072900e-02	0.0000000000000000e+00	2.4174578320910481e+04
1.4521139376592799e-02	0.0000000000000000e+00	2.4158679120415571e+04
1.4538592669112799e-02	0.0000000000000000e+00	2.3785770633101736e+04
1.4556045961632701e-02	0.0000000000000000e+00	2.3025141105853887e+04
1.4573499254152701e-02	0.0000000000000000e+00	2.1865788634675351e+04
1.4590952546672600e-02	0.0000000000000000e+00	2.0314386344624294e+04
1.4608405839192500e-02	0.0000000000000000e+00	1.8398723903569546e+04
1.4625859131712500e-02	0.0000000000000000e+00	1.6162852506759407e+04
1.4643312424232400e-02	0.0000000000000000e+00	1.3664153645889681e+04
1.4660765716752400e-02	0.0000000000000000e+00	1.0980855353475792e+04
1.4678219009272299e-02	0.0000000000000000e+00	8.2125473958662897e+03
1.4695672301792299e-02	0.0000000000000000e+00	6.8332261318772817e+03
1.4713125594312201e-02	0.0000000000000000e+00	1.0313040056820679e+04
1.4730578886832100e-02	0.0000000000000000e+00	1.3546668471938485e+04
1.4748032179352100e-02	0.0000000000000000e+00	1.6465061449159333e+04
1.4765485471872000e-02	0.0000000000000000e+00	1.8989337150928543e+04
1.4782938764392000e-02	0.0000000000000000e+00	2.1064746441726162e+04
1.4800392056911900e-02	0.0000000000000000e+00	2.2658128210835341e+04
1.4817845349431900e-02	0.0000000000000000e+00	2.3784024591696456e+04
1.4835298641951799e-02	0.0000000000000000e+00	2.4487782564604913e+04
1.4852751934471701e-02	0.0000000000000000e+00	2.4849711339561472e+04
1.4870205226991701e-02	0.0000000000000000e+00	2.4872765842301582e+04
1.4887658519511600e-02	0.0000000000000000e+00	2.4503198131863304e+04
1.4905111812031600e-02	0.0000000000000000e+00	2.3704008298921122e+04
1.4922565104551500e-02	0.0000000000000000e+00	2.2467254411502854e+04
1.4940018397071500e-02	0.0000000000000000e+00	2.0811562023744926e+04
1.4957471689591400e-02	0.0000000000000000e+00	1.8774669039886459e+04
1.4974924982111301e-02	0.0000000000000000e+00	1.6412141778939440e+04
1.4992378274631299e-02	0.0000000000000000e+00	1.3797862581037876e+04
1.5009831567151201e-02	0.0000000000000000e+00	1.1020593850908990e+04
1.5027284859671201e-02	0.0000000000000000e+00	8.1916592364257267e+03
1.5044738152191100e-02	0.0000000000000000e+00	6.3051919786302333e+03
1.5062191444711100e-02	0.0000000000000000e+00	9.7828609064615011e+03
1.5079644737231000e-02	0.0000000000000000e+00	1.3011745491876678e+04
1.5097098029750899e-02	0.0000000000000000e+00	1.5926813807688606e+04
1.5114551322270900e-02	0.0000000000000000e+00	1.8442504191480341e+04
1.5132004614790801e-02	0.0000000000000000e+00	2.0509615521854037e+04
1.5149457907310799e-02	0.0000000000000000e+00	2.2090860333662655e+04
1.5166911199830701e-02	0.0000000000000000e+00	2.3190930303043049e+04
1.5184364492350701e-02	0.0000000000000000e+00	2.3854940073204460e+04
1.5201817784870600e-02	0.0000000000000000e+00	2.4161457238398158e+04
1.5219271077390600e-02	0.0000000000000000e+00	2.4146351658781979e+04
1.5236724369910500e-02	0.0000000000000000e+00	2.3774505784605208e+04
1.5254177662430399e-02	0.0000000000000000e+00	2.3014921238228169e+04
1.5271630954950400e-02	0.0000000000000000e+00	2.1856469819700946e+04
1.5289084247470301e-02	0.0000000000000000e+00	2.0305980491003600e+04
1.5306537539990299e-02	0.0000000000000000e+00	1.8391413193876833e+04
1.5323990832510201e-02	0.0000000000000000e+00	1.6156353041735454e+04
1.5341444125030201e-02	0.0000000000000000e+00	1.3658360138550855e+04
1.5358897417550100e-02	0.0000000000000000e+00	1.0975747723458311e+04
1.5376350710070000e-02	0.0000000000000000e+00	8.2079331792052672e+03
1.5393804002590000e-02	0.0000000000000000e+00	6.8459856636257728e+03
1.5411257295109899e-02	0.0000000000000000e+00	1.0325736170582040e+04
1.5428710587629900e-02	0.0000000000000000e+00	1.3559301200072243e+04
1.5446163880149801e-02	0.0000000000000000e+00	1.6477676256172621e+04
1.5463617172669799e-02	0.0000000000000000e+00	1.9001889567666189e+04
1.5481070465189701e-02	0.0000000000000000e+00	2.1077274288409397e+04
1.5498523757709600e-02	0.0000000000000000e+00	2.2670623097200398e+04
1.5515977050229600e-02	0.0000000000000000e+00	2.3796491229827181e+04
1.5533430342749500e-02	0.0000000000000000e+00	2.4500050471169667e+04
1.5550883635269500e-02	0.0000000000000000e+00	2.4861446798983383e+04
1.5568336927789399e-02	0.0000000000000000e+00	2.4883668666090158e+04
1.5585790220309400e-02	0.0000000000000000e+00	2.4513035177206479e+04
1.5603243512829299e-02	0.0000000000000000e+00	2.3713026756060037e+04
1.5620696805349200e-02	0.0000000000000000e+00	2.2475361877109670e+04
1.5638150097869199e-02	0.0000000000000000e+00	2.0818885388732746e+04
1.5655603390389100e-02	0.0000000000000000e+00	1.8781183838479079e+04
1.5673056682909099e-02	0.0000000000000000e+00	1.6417922570542356e+04
1.5690509975429000e-02	0.0000000000000000e+00	1.3802888207854217e+04
1.5707963267949002e-02	0.0000000000000000e+00	1.1025078787117007e+04
1.5725416560468899e-02	0.0000000000000000e+00	8.1958564079928146e+03
1.5742869852988801e-02	0.0000000000000000e+00	6.2937601796313584e+03
1.5760323145508799e-02	0.0000000000000000e+00	9.7714985515522494e+03
1.5777776438028700e-02	0.0000000000000000e+00	1.3000453491957038e+04
1.5795229730548699e-02	0.0000000000000000e+00	1.5915545444887810e+04
1.5812683023068600e-02	0.0000000000000000e+00	1.8431306388866455e+04
1.5830136315588599e-02	0.0000000000000000e+00	2.0498447566472736e+04
1.5847589608108500e-02	0.0000000000000000e+00	2.2079732615150366e+04
1.5865042900628502e-02	0.0000000000000000e+00	2.3179837392432790e+04
1.5882496193148399e-02	0.0000000000000000e+00	2.3844002964377720e+04
1.5899949485668301e-02	0.0000000000000000e+00	2.4150989516782487e+04
1.5917402778188299e-02	0.0000000000000000e+00	2.4136640649650777e+04
1.5934856070708200e-02	0.0000000000000000e+00	2.3765775680601815e+04
1.5952309363228199e-02	0.0000000000000000e+00	2.3007123221055903e+04
1.5969762655748100e-02	0.0000000000000000e+00	2.1849455102132488e+04
1.5987215948268099e-02	0.0000000000000000e+00	2.0299731474380322e+04
1.6004669240788000e-02	0.0000000000000000e+00	1.8386030883213218e+04
1.6022122533307901e-02	0.0000000000000000e+00	1.6151572536732008e+04
1.6039575825827899e-02	0.0000000000000000e+00	1.3654060067067401e+04
1.6057029118347801e-02	0.0000000000000000e+00	1.0971831704895039e+04
1.6074482410867799e-02	0.0000000000000000e+00	8.2041292388215734e+03
1.6091935703387700e-02	0.0000000000000000e+00	6.8559678087347193e+03
1.6109388995907699e-02	0.0000000000000000e+00	1.0335642827675616e+04
1.6126842288427600e-02	0.0000000000000000e+00	1.3569131673413136e+04
1.6144295580947501e-02	0.0000000000000000e+00	1.6487477803297748e+04
1.6161748873467500e-02	0.0000000000000000e+00	1.9011612441753416e+04
1.6179202165987401e-02	0.0000000000000000e+00	2.1086963264943639e+04
1.6196655458507399e-02	0.0000000000000000e+00	2.2680267508099489e+04
1.6214108751027301e-02	0.0000000000000000e+00	2.3806099357328629e+04
1.6231562043547299e-02	0.0000000000000000e+00	2.4509467664340900e+04
1.6249015336067200e-02	0.0000000000000000e+00	2.4870370122282606e+04
1.6266468628587199e-02	0.0000000000000000e+00	2.4891839538637916e+04
1.6283921921107100e-02	0.0000000000000000e+00	2.4520268186714828e+04
1.6301375213627001e-02	0.0000000000000000e+00	2.3719557576884832e+04
1.6318828506147000e-02	0.0000000000000000e+00	2.2481185574965733e+04
1.6336281798666901e-02	0.0000000000000000e+00	2.0824031188270874e+04
1.6353735091186899e-02	0.0000000000000000e+00	1.8785716802232117e+04
1.6371188383706801e-02	0.0000000000000000e+00	1.6421938160307611e+04
1.6388641676226799e-02	0.0000000000000000e+00	1.3806445150834194e+04
1.6406094968746700e-02	0.0000000000000000e+00	1.1028412965579198e+04
1.6423548261266602e-02	0.0000000000000000e+00	8.1992315509563468e+03
1.6441001553786600e-02	0.0000000000000000e+00	6.2853464274176313e+03
1.6458454846306501e-02	0.0000000000000000e+00	9.7631669649709675e+03
1.6475908138826500e-02	0.0000000000000000e+00	1.2992203051949911e+04
1.6493361431346401e-02	0.0000000000000000e+00	1.5907330004732989e+04
1.6510814723866400e-02	0.0000000000000000e+00	1.8423173122331871e+04
1.6528268016386301e-02	0.0000000000000000e+00	2.0490354341856917e+04
1.6545721308906199e-02	0.0000000000000000e+00	2.2071688136698751e+04
1.6563174601426200e-02	0.0000000000000000e+00	2.3171828236918187e+04
1.6580627893946102e-02	0.0000000000000000e+00	2.3836135838633607e+04
1.6598081186466100e-02	0.0000000000000000e+00	2.4143538393936971e+04
1.6615534478986001e-02	0.0000000000000000e+00	2.4129854365246407e+04
1.6632987771506000e-02	0.0000000000000000e+00	2.3759826435661726e+04
1.6650441064025901e-02	0.0000000000000000e+00	2.3001946933025098e+04
1.6667894356545799e-02	0.0000000000000000e+00	2.1844906246104696e+04
1.6685347649065801e-02	0.0000000000000000e+00	2.0295766601962972e+04
1.6702800941585699e-02	0.0000000000000000e+00	1.8382672840139370e+04
1.6720254234105700e-02	0.0000000000000000e+00	1.6148585497119488e+04
1.6737707526625598e-02	0.0000000000000000e+00	1.3651309269005222e+04
1.6755160819145600e-02	0.0000000000000000e+00	1.0969141558370595e+04
1.6772614111665501e-02	0.0000000000000000e+00	8.2011574670300215e+03
1.6790067404185399e-02	0.0000000000000000e+00	6.8627000782609293e+03
1.6807520696705401e-02	0.0000000000000000e+00	1.0342288150519731e+04
1.6824973989225299e-02	0.0000000000000000e+00	1.3575690710347106e+04
1.6842427281745301e-02	0.0000000000000000e+00	1.6493998294248311e+04
1.6859880574265199e-02	0.0000000000000000e+00	1.9018046599383568e+04
1.6877333866785200e-02	0.0000000000000000e+00	2.1093355017226539e+04
1.6894787159305098e-02	0.0000000000000000e+00	2.2686608678531349e+04
1.6912240451825100e-02	0.0000000000000000e+00	2.3812411336297529e+04
1.6929693744345001e-02	0.0000000000000000e+00	2.4515622049548892e+04
1.6947147036864899e-02	0.0000000000000000e+00	2.4876103989406336e+04
1.6964600329384901e-02	0.0000000000000000e+00	2.4896937398561986e+04
1.6982053621904799e-02	0.0000000000000000e+00	2.4524592511644441e+04
1.6999506914424801e-02	0.0000000000000000e+00	2.3723322265300987e+04
1.7016960206944699e-02	0.0000000000000000e+00	2.2484410566822149e+04
1.7034413499464700e-02	0.0000000000000000e+00	2.0826768679907786e+04
1.7051866791984598e-02	0.0000000000000000e+00	1.8788055359319238e+04
1.7069320084504500e-02	0.0000000000000000e+00	1.6423993445207921e+04
1.7086773377024501e-02	0.0000000000000000e+00	1.3808353962326839e+04
1.7104226669544399e-02	0.0000000000000000e+00	1.1030425095320545e+04
1.7121679962064401e-02	0.0000000000000000e+00	8.2016153463862829e+03
1.7139133254584299e-02	0.0000000000000000e+00	6.2803953233901339e+03
1.7156586547104301e-02	0.0000000000000000e+00	9.7583074301491870e+03
1.7174039839624199e-02	0.0000000000000000e+00	1.2987435363707415e+04
1.7191493132144100e-02	0.0000000000000000e+00	1.5902601436683841e+04
1.7208946424664098e-02	0.0000000000000000e+00	1.8418536575703783e+04
1.7226399717184000e-02	0.0000000000000000e+00	2.0485760799285290e+04
1.7243853009704001e-02	0.0000000000000000e+00	2.2067146116185242e+04
1.7261306302223899e-02	0.0000000000000000e+00	2.3167307065513905e+04
1.7278759594743901e-02	0.0000000000000000e+00	2.3831723051316087e+04
1.7296212887263799e-02	0.0000000000000000e+00	2.4139458557994662e+04
1.7313666179783700e-02	0.0000000000000000e+00	2.4126310194450420e+04
1.7331119472303699e-02	0.0000000000000000e+00	2.3756937835271016e+04
1.7348572764823600e-02	0.0000000000000000e+00	2.2999638877930211e+04
1.7366026057343598e-02	0.0000000000000000e+00	2.1843042429482826e+04
1.7383479349863500e-02	0.0000000000000000e+00	2.0294280144248165e+04
1.7400932642383501e-02	0.0000000000000000e+00	1.8381502594886450e+04
1.7418385934903399e-02	0.0000000000000000e+00	1.6147539244797032e+04
1.7435839227423401e-02	0.0000000000000000e+00	1.3650231129935484e+04
1.7453292519943299e-02	0.0000000000000000e+00	1.0967784384907216e+04
1.7470745812463200e-02	0.0000000000000000e+00	8.1991026984710061e+03
1.7488199104983199e-02	0.0000000000000000e+00	6.8657823575356315e+03
1.7505652397503100e-02	0.0000000000000000e+00	1.0345274969431333e+04
1.7523105690023098e-02	0.0000000000000000e+00	1.3578581623951501e+04
1.7540558982543000e-02	0.0000000000000000e+00	1.6496851564598575e+04
1.7558012275063001e-02	0.0000000000000000e+00	1.9020804356295088e+04
1.7575465567582899e-02	0.0000000000000000e+00	2.1096070237457858e+04
1.7592918860102801e-02	0.0000000000000000e+00	2.2689274722436414e+04
1.7610372152622799e-02	0.0000000000000000e+00	2.3815070404779781e+04
1.7627825445142700e-02	0.0000000000000000e+00	2.4518187443671006e+04
1.7645278737662699e-02	0.0000000000000000e+00	2.4878363708518573e+04
1.7662732030182600e-02	0.0000000000000000e+00	2.4898721463490991e+04
1.7680185322702598e-02	0.0000000000000000e+00	2.4525827519076101e+04
1.7697638615222500e-02	0.0000000000000000e+00	2.3724171329813336e+04
1.7715091907742401e-02	0.0000000000000000e+00	2.2484918634895632e+04
1.7732545200262399e-02	0.0000000000000000e+00	2.0827014941714246e+04
1.7749998492782301e-02	0.0000000000000000e+00	1.8788145561520239e+04
1.7767451785302299e-02	0.0000000000000000e+00	1.6424061131627404e+04
1.7784905077822200e-02	0.0000000000000000e+00	1.3808620936674712e+04
1.7802358370342199e-02	0.0000000000000000e+00	1.1031152457191702e+04
1.7819811662862100e-02	0.0000000000000000e+00	8.2030699766229627e+03
1.7837264955382001e-02	0.0000000000000000e+00	6.2792579991995681e+03
1.7854718247902000e-02	0.0000000000000000e+00	9.7572690630513716e+03
1.7872171540421901e-02	0.0000000000000000e+00	1.2986496142103415e+04
1.7889624832941899e-02	0.0000000000000000e+00	1.5901697137363237e+04
1.7907078125461801e-02	0.0000000000000000e+00	1.8417731418634172e+04
1.7924531417981799e-02	0.0000000000000000e+00	2.0484994150791481e+04
1.7941984710501700e-02	0.0000000000000000e+00	2.2066424879874125e+04
1.7959438003021699e-02	0.0000000000000000e+00	2.3166568814879323e+04
1.7976891295541600e-02	0.0000000000000000e+00	2.3831027312217291e+04
1.7994344588061501e-02	0.0000000000000000e+00	2.4138959381052908e+04
1.8011797880581500e-02	0.0000000000000000e+00	2.4126164076370824e+04
1.8029251173101401e-02	0.0000000000000000e+00	2.3757213635240143e+04
1.8046704465621399e-02	0.0000000000000000e+00	2.3000258766643823e+04
1.8064157758141301e-02	0.0000000000000000e+00	2.1843892285824386e+04
1.8081611050661299e-02	0.0000000000000000e+00	2.0295275282983468e+04
1.8099064343181200e-02	0.0000000000000000e+00	1.8382503764929115e+04
1.8116517635701102e-02	0.0000000000000000e+00	1.6148395475285306e+04
1.8133970928221100e-02	0.0000000000000000e+00	1.3650778876768227e+04
1.8151424220741001e-02	0.0000000000000000e+00	1.0967693428154507e+04
1.8168877513261000e-02	0.0000000000000000e+00	8.1978971744135524e+03
1.8186330805780901e-02	0.0000000000000000e+00	6.8649080136037028e+03
1.8203784098300899e-02	0.0000000000000000e+00	1.0344298402348719e+04
1.8221237390820801e-02	0.0000000000000000e+00	1.3577502373635854e+04
1.8238690683340698e-02	0.0000000000000000e+00	1.6495741369025152e+04
1.8256143975860700e-02	0.0000000000000000e+00	1.9019592741679513e+04
1.8273597268380602e-02	0.0000000000000000e+00	2.1094824271171627e+04
1.8291050560900600e-02	0.0000000000000000e+00	2.2687987269494093e+04
1.8308503853420501e-02	0.0000000000000000e+00	2.3813825589625580e+04
1.8325957145940500e-02	0.0000000000000000e+00	2.4516948134608119e+04
1.8343410438460401e-02	0.0000000000000000e+00	2.4876976106157887e+04
1.8360863730980299e-02	0.0000000000000000e+00	2.4897069597118807e+04
1.8378317023500301e-02	0.0000000000000000e+00	2.4523884784990092e+04
1.8395770316020198e-02	0.0000000000000000e+00	2.3722040539825775e+04
1.8413223608540200e-02	0.0000000000000000e+00	2.2482669137904777e+04
1.8430676901060102e-02	0.0000000000000000e+00	2.0824744284419947e+04
1.8448130193580100e-02	0.0000000000000000e+00	1.8785975327011733e+04
1.8465583486100001e-02	0.0000000000000000e+00	1.6422137049145804e+04
1.8483036778619899e-02	0.0000000000000000e+00	1.3807247295565458e+04
1.8500490071139901e-02	0.0000000000000000e+00	1.1030592425781095e+04
1.8517943363659799e-02	0.0000000000000000e+00	8.2037433834586045e+03
1.8535396656179801e-02	0.0000000000000000e+00	6.2822006467477277e+03
1.8552849948699698e-02	0.0000000000000000e+00	9.7603156077535477e+03
1.8570303241219700e-02	0.0000000000000000e+00	1.2989647642563112e+04
1.8587756533739602e-02	0.0000000000000000e+00	1.5904872734401724e+04
1.8605209826259600e-02	0.0000000000000000e+00	1.8421011804999838e+04
1.8622663118779501e-02	0.0000000000000000e+00	2.0488300975605362e+04
1.8640116411299399e-02	0.0000000000000000e+00	2.2069765136894926e+04
1.8657569703819401e-02	0.0000000000000000e+00	2.3169838732394954e+04
1.8675022996339299e-02	0.0000000000000000e+00	2.3834253512750540e+04
1.8692476288859301e-02	0.0000000000000000e+00	2.4142215457017199e+04
1.8709929581379198e-02	0.0000000000000000e+00	2.4129559854482406e+04
1.8727382873899200e-02	0.0000000000000000e+00	2.3760768321959666e+04
1.8744836166419102e-02	0.0000000000000000e+00	2.3003900614010541e+04
1.8762289458938999e-02	0.0000000000000000e+00	2.1847536733053083e+04
1.8779742751459001e-02	0.0000000000000000e+00	2.0298815458182613e+04
1.8797196043978899e-02	0.0000000000000000e+00	1.8385714758193491e+04
1.8814649336498901e-02	0.0000000000000000e+00	1.6151184394687785e+04
1.8832102629018799e-02	0.0000000000000000e+00	1.3652980256888331e+04
1.8849555921538801e-02	0.0000000000000000e+00	1.0968907601851328e+04
1.8867009214058698e-02	0.0000000000000000e+00	8.1975872179649450e+03
1.8884462506578600e-02	0.0000000000000000e+00	6.8598542382312280e+03
1.8901915799098602e-02	0.0000000000000000e+00	1.0339138293599703e+04
1.8919369091618499e-02	0.0000000000000000e+00	1.3572235082676587e+04
1.8936822384138501e-02	0.0000000000000000e+00	1.6490459675183891e+04
1.8954275676658399e-02	0.0000000000000000e+00	1.9014202821105599e+04
1.8971728969178401e-02	0.0000000000000000e+00	2.1089416509133753e+04
1.8989182261698299e-02	0.0000000000000000e+00	2.2682556639576287e+04
1.9006635554218200e-02	0.0000000000000000e+00	2.3808496163496849e+04
1.9024088846738198e-02	0.0000000000000000e+00	2.4511751936372108e+04
1.9041542139258100e-02	0.0000000000000000e+00	2.4871824416409439e+04
1.9058995431778102e-02	0.0000000000000000e+00	2.4891891252373443e+04
1.9076448724297999e-02	0.0000000000000000e+00	2.4518701401287664e+04
1.9093902016818001e-02	0.0000000000000000e+00	2.3716889154719309e+04
1.9111355309337899e-02	0.0000000000000000e+00	2.2477636711898605e+04
1.9128808601857800e-02	0.0000000000000000e+00	2.0819945044165856e+04
1.9146261894377799e-02	0.0000000000000000e+00	1.8781544909187269e+04
1.9163715186897700e-02	0.0000000000000000e+00	1.6418232890458890e+04
1.9181168479417698e-02	0.0000000000000000e+00	1.3804246798233766e+04
1.9198621771937600e-02	0.0000000000000000e+00	1.1028757131344893e+04
1.9216075064457602e-02	0.0000000000000000e+00	8.2036360957489469e+03
1.9233528356977499e-02	0.0000000000000000e+00	6.2893960794696586e+03
1.9250981649497501e-02	0.0000000000000000e+00	9.7676186932918990e+03
1.9268434942017399e-02	0.0000000000000000e+00	1.2997058873299542e+04
1.9285888234537300e-02	0.0000000000000000e+00	1.5912290110904662e+04
1.9303341527057299e-02	0.0000000000000000e+00	1.8428536147478291e+04
1.9320794819577200e-02	0.0000000000000000e+00	2.0495833519666830e+04
1.9338248112097198e-02	0.0000000000000000e+00	2.2077311000717837e+04
1.9355701404617100e-02	0.0000000000000000e+00	2.3177243797206338e+04
1.9373154697137102e-02	0.0000000000000000e+00	2.3841504998322423e+04
1.9390607989656999e-02	0.0000000000000000e+00	2.4149296600172936e+04
1.9408061282176901e-02	0.0000000000000000e+00	2.4136533203536812e+04
1.9425514574696899e-02	0.0000000000000000e+00	2.3767605780476159e+04
1.9442967867216800e-02	0.0000000000000000e+00	2.3010543057178551e+04
1.9460421159736799e-02	0.0000000000000000e+00	2.1853935315604365e+04
1.9477874452256700e-02	0.0000000000000000e+00	2.0304848063375961e+04
1.9495327744776698e-02	0.0000000000000000e+00	1.8391074097638069e+04
1.9512781037296600e-02	0.0000000000000000e+00	1.6155836587723556e+04
1.9530234329816501e-02	0.0000000000000000e+00	1.3656755768077664e+04
1.9547687622336499e-02	0.0000000000000000e+00	1.0971343627122971e+04
1.9565140914856401e-02	0.0000000000000000e+00	8.1980952536911282e+03
1.9582594207376399e-02	0.0000000000000000e+00	6.8504976312562876e+03
1.9600047499896300e-02	0.0000000000000000e+00	1.0329673323375728e+04
1.9617500792416299e-02	0.0000000000000000e+00	1.3562661901626760e+04
1.9634954084936200e-02	0.0000000000000000e+00	1.6480891088735425e+04
1.9652407377456101e-02	0.0000000000000000e+00	1.9004526501199627e+04
1.9669860669976100e-02	0.0000000000000000e+00	2.1079744735630760e+04
1.9687313962496001e-02	0.0000000000000000e+00	2.2672883168697452e+04
1.9704767255015999e-02	0.0000000000000000e+00	2.3799004967862624e+04
1.9722220547535901e-02	0.0000000000000000e+00	2.4502548458930349e+04
1.9739673840055899e-02	0.0000000000000000e+00	2.4862888246794584e+04
1.9757127132575800e-02	0.0000000000000000e+00	2.4883195185741981e+04
1.9774580425095799e-02	0.0000000000000000e+00	2.4510313220065225e+04
1.9792033717615700e-02	0.0000000000000000e+00	2.3708770284005572e+04
1.9809487010135601e-02	0.0000000000000000e+00	2.2469888779226971e+04
1.9826940302655600e-02	0.0000000000000000e+00	2.0812695933715273e+04
1.9844393595175501e-02	0.0000000000000000e+00	1.8774945490798473e+04
1.9861846887695499e-02	0.0000000000000000e+00	1.6412442098491956e+04
1.9879300180215401e-02	0.0000000000000000e+00	1.3799710232511730e+04
1.9896753472735399e-02	0.0000000000000000e+00	1.1025731003436724e+04
1.9914206765255300e-02	0.0000000000000000e+00	8.2027314547520054e+03
1.9931660057775202e-02	0.0000000000000000e+00	6.3009223192994523e+03
1.9949113350295200e-02	0.0000000000000000e+00	9.7792540109372640e+03
1.9966566642815101e-02	0.0000000000000000e+00	1.3008802114690967e+04
1.9984019935335100e-02	0.0000000000000000e+00	1.5924016094795463e+04
2.0001473227855001e-02	0.0000000000000000e+00	1.8440369948145468e+04
2.0018926520374999e-02	0.0000000000000000e+00	2.0507650737600427e+04
2.0036379812894901e-02	0.0000000000000000e+00	2.2089114909928860e+04
2.0053833105414798e-02	0.0000000000000000e+00	2.3188822244873605e+04
2.0071286397934800e-02	0.0000000000000000e+00	2.3852800415707097e+04
2.0088739690454702e-02	0.0000000000000000e+00	2.4160193506270181e+04
2.0106192982974700e-02	0.0000000000000000e+00	2.4147050761809867e+04
2.0123646275494601e-02	0.0000000000000000e+00	2.3777670246831920e+04
2.0141099568014600e-02	0.0000000000000000e+00	2.3020120057501535e+04
2.0158552860534501e-02	0.0000000000000000e+00	2.1863014086483752e+04
2.0176006153054399e-02	0.0000000000000000e+00	2.0313297044265357e+04
2.0193459445574401e-02	0.0000000000000000e+00	1.8398506213269997e+04
2.0210912738094299e-02	0.0000000000000000e+00	1.6162282411678956e+04
2.0228366030614300e-02	0.0000000000000000e+00	1.3662045263005159e+04
2.0245819323134202e-02	0.0000000000000000e+00	1.0974953482727611e+04
2.0263272615654200e-02	0.0000000000000000e+00	8.1993941811965778e+03
2.0280725908174101e-02	0.0000000000000000e+00	6.8368034044881670e+03
2.0298179200694100e-02	0.0000000000000000e+00	1.0315870845949859e+04
2.0315632493214001e-02	0.0000000000000000e+00	1.3548751907092090e+04
2.0333085785733899e-02	0.0000000000000000e+00	1.6467011395120539e+04
2.0350539078253901e-02	0.0000000000000000e+00	1.8990541463769892e+04
2.0367992370773799e-02	0.0000000000000000e+00	2.1065790036285114e+04
2.0385445663293800e-02	0.0000000000000000e+00	2.2658955842794039e+04
2.0402898955813702e-02	0.0000000000000000e+00	2.3785352444907530e+04
2.0420352248333700e-02	0.0000000000000000e+00	2.4489353445673576e+04
2.0437805540853601e-02	0.0000000000000000e+00	2.4850206850994298e+04
2.0455258833373499e-02	0.0000000000000000e+00	2.4871044388941595e+04
2.0472712125893501e-02	0.0000000000000000e+00	2.4498800601715189e+04
2.0490165418413399e-02	0.0000000000000000e+00	2.3697762954056961e+04
2.0507618710933401e-02	0.0000000000000000e+00	2.2459505749219119e+04
2.0525072003453299e-02	0.0000000000000000e+00	2.0803075542805622e+04
2.0542525295973300e-02	0.0000000000000000e+00	1.8766241430128088e+04
2.0559978588493202e-02	0.0000000000000000e+00	1.6404818879977051e+04
2.0577431881013099e-02	0.0000000000000000e+00	1.3793684108752617e+04
2.0594885173533101e-02	0.0000000000000000e+00	1.1021547109798432e+04
2.0612338466052999e-02	0.0000000000000000e+00	8.2010410793146220e+03
2.0629791758573001e-02	0.0000000000000000e+00	6.3167714545841609e+03
2.0647245051092899e-02	0.0000000000000000e+00	9.7952102608995610e+03
2.0664698343612901e-02	0.0000000000000000e+00	1.3024865638713309e+04
2.0682151636132799e-02	0.0000000000000000e+00	1.5940031542284625e+04
2.0699604928652700e-02	0.0000000000000000e+00	1.8456491586701679e+04
2.0717058221172702e-02	0.0000000000000000e+00	2.0523724719588201e+04
2.0734511513692599e-02	0.0000000000000000e+00	2.2105144307293089e+04
2.0751964806212601e-02	0.0000000000000000e+00	2.3204527871171405e+04
2.0769418098732499e-02	0.0000000000000000e+00	2.3868079918716077e+04
2.0786871391252501e-02	0.0000000000000000e+00	2.4174826596071685e+04
2.0804324683772399e-02	0.0000000000000000e+00	2.4161017033612770e+04
2.0821777976292300e-02	0.0000000000000000e+00	2.3790857932402214e+04
2.0839231268812299e-02	0.0000000000000000e+00	2.3032520329356477e+04
2.0856684561332200e-02	0.0000000000000000e+00	2.1874664248735909e+04
2.0874137853852202e-02	0.0000000000000000e+00	2.0324053121292523e+04
2.0891591146372099e-02	0.0000000000000000e+00	1.8408045964006968e+04
2.0909044438892101e-02	0.0000000000000000e+00	1.6170431111263018e+04
2.0926497731411999e-02	0.0000000000000000e+00	1.3668774118863106e+04
2.0943951023932001e-02	0.0000000000000000e+00	1.0979683947940424e+04
