0.0000000000000000e+00	0.0000000000000000e+00	1.0132500000000000e+05
1.7453292519943300e-05	0.0000000000000000e+00	1.0132500000000000e+05
3.4906585039886600e-05	0.0000000000000000e+00	1.0132500000000800e+05
5.2359877559829903e-05	0.0000000000000000e+00	1.0132500000102499e+05
6.9813170079773199e-05	0.0000000000000000e+00	1.0132500002388599e+05
8.7266462599716496e-05	0.0000000000000000e+00	1.0132500022498000e+05
1.0471975511966000e-04	0.0000000000000000e+00	1.0132500124634300e+05
1.2217304763960301e-04	0.0000000000000000e+00	1.0132500489565500e+05
1.3962634015954599e-04	0.0000000000000000e+00	1.0132501514465301e+05
1.5707963267949001e-04	0.0000000000000000e+00	1.0132503933999300e+05
1.7453292519943299e-04	0.0000000000000000e+00	1.0132508945773399e+05
1.9198621771937600e-04	0.0000000000000000e+00	1.0132518319317100e+05
2.0943951023931999e-04	0.0000000000000000e+00	1.0132534467950900e+05
2.2689280275926300e-04	0.0000000000000000e+00	1.0132560464182100e+05
2.4434609527920601e-04	0.0000000000000000e+00	1.0132599983244399e+05
2.6179938779914903e-04	0.0000000000000000e+00	1.0132657164716499e+05
2.7925268031909301e-04	0.0000000000000000e+00	1.0132736386757100e+05
2.9670597283903603e-04	0.0000000000000000e+00	1.0132841956229501e+05
3.1415926535897898e-04	0.0000000000000000e+00	1.0132977724164400e+05
3.3161255787892303e-04	0.0000000000000000e+00	1.0133146641187101e+05
3.4906585039886598e-04	0.0000000000000000e+00	1.0133350274816201e+05
3.6651914291880900e-04	0.0000000000000000e+00	1.0133588316375100e+05
3.8397243543875201e-04	0.0000000000000000e+00	1.0133858106772701e+05
4.0142572795869599e-04	0.0000000000000000e+00	1.0134154215555200e+05
4.1887902047863901e-04	0.0000000000000000e+00	1.0134468103711100e+05
4.3633231299858202e-04	0.0000000000000000e+00	1.0134787904679000e+05
4.5378560551852601e-04	0.0000000000000000e+00	1.0135098351386900e+05
4.7123889803846902e-04	0.0000000000000000e+00	1.0135380874032401e+05
4.8869219055841203e-04	0.0000000000000000e+00	1.0135613886526000e+05
5.0614548307835602e-04	0.0000000000000000e+00	1.0135773271315399e+05
5.2359877559829903e-04	0.0000000000000000e+00	1.0135833065206300e+05
5.4105206811824204e-04	0.0000000000000000e+00	1.0135766336819700e+05
5.5850536063818505e-04	0.0000000000000000e+00	1.0135546238342300e+05
5.7595865315812904e-04	0.0000000000000000e+00	1.0135147202709100e+05
5.9341194567807205e-04	0.0000000000000000e+00	1.0134546250945301e+05
6.1086523819801496e-04	0.0000000000000000e+00	1.0133724361488799e+05
6.2831853071795905e-04	0.0000000000000000e+00	1.0132667849625500e+05
6.4577182323790196e-04	0.0000000000000000e+00	1.0131369701372700e+05
6.6322511575784497e-04	0.0000000000000000e+00	1.0129830798027699e+05
6.8067840827778798e-04	0.0000000000000000e+00	1.0128060968440100e+05
6.9813170079773197e-04	0.0000000000000000e+00	1.0126079816438300e+05
7.1558499331767498e-04	0.0000000000000000e+00	1.0123917258422400e+05
7.3303828583761799e-04	0.0000000000000000e+00	1.0121613739112600e+05
7.5049157835756198e-04	0.0000000000000000e+00	1.0119220044138801e+05
7.6794487087750499e-04	0.0000000000000000e+00	1.0116796759713900e+05
7.8539816339744800e-04	0.0000000000000000e+00	1.0114413294910399e+05
8.0285145591739199e-04	0.0000000000000000e+00	1.0112146486302500e+05
8.2030474843733500e-04	0.0000000000000000e+00	1.0110078822866600e+05
8.3775804095727801e-04	0.0000000000000000e+00	1.0108296296800100e+05
8.5521133347722102e-04	0.0000000000000000e+00	1.0106885937782800e+05
8.7266462599716501e-04	0.0000000000000000e+00	1.0105933078737200e+05
8.9011791851710802e-04	0.0000000000000000e+00	1.0105518451748999e+05
9.0757121103705104e-04	0.0000000000000000e+00	1.0105715182004300e+05
9.2502450355699502e-04	0.0000000000000000e+00	1.0106585707628100e+05
9.4247779607693804e-04	0.0000000000000000e+00	1.0108178891320500e+05
9.5993108859688105e-04	0.0000000000000000e+00	1.0110527207846601e+05
9.7738438111682406e-04	0.0000000000000000e+00	1.0113644268740900e+05
9.9483767363676805e-04	0.0000000000000000e+00	1.0117522735595000e+05
1.0122909661567101e-03	0.0000000000000000e+00	1.0122132664850100e+05
1.0297442586766500e-03	0.0000000000000000e+00	1.0127420512890301e+05
1.0471975511966000e-03	0.0000000000000000e+00	1.0133308716281800e+05
1.0646508437165401e-03	0.0000000000000000e+00	1.0139695976087700e+05
1.0821041362364800e-03	0.0000000000000000e+00	1.0146458318003100e+05
1.0995574287564300e-03	0.0000000000000000e+00	1.0153450948629000e+05
1.1170107212763701e-03	0.0000000000000000e+00	1.0160510838246300e+05
1.1344640137963100e-03	0.0000000000000000e+00	1.0167460107206400e+05
1.1519173063162600e-03	0.0000000000000000e+00	1.0174110112343500e+05
1.1693705988361999e-03	0.0000000000000000e+00	1.0180266167613900e+05
1.1868238913561400e-03	0.0000000000000000e+00	1.0185732801914299e+05
1.2042771838760900e-03	0.0000000000000000e+00	1.0190319415050199e+05
1.2217304763960299e-03	0.0000000000000000e+00	1.0193846182064500e+05
1.2391837689159700e-03	0.0000000000000000e+00	1.0196150027184200e+05
1.2566370614359201e-03	0.0000000000000000e+00	1.0197090476433899e+05
1.2740903539558599e-03	0.0000000000000000e+00	1.0196555188027601e+05
1.2915436464758000e-03	0.0000000000000000e+00	1.0194464958111900e+05
1.3089969389957501e-03	0.0000000000000000e+00	1.0190778006830699e+05
1.3264502315156899e-03	0.0000000000000000e+00	1.0185493364314899e+05
1.3439035240356300e-03	0.0000000000000000e+00	1.0178653182670200e+05
1.3613568165555801e-03	0.0000000000000000e+00	1.0170343928686700e+05
1.3788101090755199e-03	0.0000000000000000e+00	1.0160696264224801e+05
1.3962634015954600e-03	0.0000000000000000e+00	1.0149883592092599e+05
1.4137166941154101e-03	0.0000000000000000e+00	1.0138119343244701e+05
1.4311699866353500e-03	0.0000000000000000e+00	1.0125652923078000e+05
1.4486232791552900e-03	0.0000000000000000e+00	1.0112764590426200e+05
1.4660765716752401e-03	0.0000000000000000e+00	1.0099759188337000e+05
1.4835298641951800e-03	0.0000000000000000e+00	1.0086959031596100e+05
1.5009831567151201e-03	0.0000000000000000e+00	1.0074696046286600e+05
1.5184364492350699e-03	0.0000000000000000e+00	1.0063303414856500e+05
1.5358897417550100e-03	0.0000000000000000e+00	1.0053106914820700e+05
1.5533430342749501e-03	0.0000000000000000e+00	1.0044416174988200e+05
1.5707963267948999e-03	0.0000000000000000e+00	1.0037516062315200e+05
1.5882496193148400e-03	0.0000000000000000e+00	1.0032658406962801e+05
1.6057029118347801e-03	0.0000000000000000e+00	1.0030054264984300e+05
1.6231562043547299e-03	0.0000000000000000e+00	1.0029866906092400e+05
1.6406094968746700e-03	0.0000000000000000e+00	1.0032205704376200e+05
1.6580627893946101e-03	0.0000000000000000e+00	1.0037121085955200e+05
1.6755160819145599e-03	0.0000000000000000e+00	1.0044600681765800e+05
1.6929693744345000e-03	0.0000000000000000e+00	1.0054566851713200e+05
1.7104226669544401e-03	0.0000000000000000e+00	1.0066875684221600e+05
1.7278759594743899e-03	0.0000000000000000e+00	1.0081317542939199e+05
1.7453292519943300e-03	0.0000000000000000e+00	1.0097619239197001e+05
1.7627825445142699e-03	0.0000000000000000e+00	1.0115448024761300e+05
1.7802358370342200e-03	0.0000000000000000e+00	1.0134417400825900e+05
1.7976891295541600e-03	0.0000000000000000e+00	1.0154094468837300e+05
1.8151424220740999e-03	0.0000000000000000e+00	1.0174009028707301e+05
1.8325957145940500e-03	0.0000000000000000e+00	1.0193664317611700e+05
1.8500490071139900e-03	0.0000000000000000e+00	1.0212549039296100e+05
1.8675022996339299e-03	0.0000000000000000e+00	1.0230150533895800e+05
1.8849555921538800e-03	0.0000000000000000e+00	1.0245968747005200e+05
1.9024088846738201e-03	0.0000000000000000e+00	1.0259530594912500e+05
1.9198621771937599e-03	0.0000000000000000e+00	1.0270404299487099e+05
1.9373154697137100e-03	0.0000000000000000e+00	1.0278213201863400e+05
1.9547687622336499e-03	0.0000000000000000e+00	1.0282648556017400e+05
1.9722220547535902e-03	0.0000000000000000e+00	1.0283480805972101e+05
1.9896753472735400e-03	0.0000000000000000e+00	1.0280568885137400e+05
2.0071286397934799e-03	0.0000000000000000e+00	1.0273867117318700e+05
2.0245819323134202e-03	0.0000000000000000e+00	1.0263429434114000e+05
2.0420352248333700e-03	0.0000000000000000e+00	1.0249410654958100e+05
2.0594885173533099e-03	0.0000000000000000e+00	1.0232064693295500e+05
2.0769418098732502e-03	0.0000000000000000e+00	1.0211739825763099e+05
2.0943951023932000e-03	0.0000000000000000e+00	1.0188871088049001e+05
2.1118483949131399e-03	0.0000000000000000e+00	1.0163970102781100e+05
2.1293016874330802e-03	0.0000000000000000e+00	1.0137612477407600e+05
2.1467549799530201e-03	0.0000000000000000e+00	1.0110423635948201e+05
2.1642082724729699e-03	0.0000000000000000e+00	1.0083063193212100e+05
2.1816615649929102e-03	0.0000000000000000e+00	1.0056208411908700e+05
2.1991148575128501e-03	0.0000000000000000e+00	1.0030537348217401e+05
2.2165681500327999e-03	0.0000000000000000e+00	1.0006712033043899e+05
2.2340214425527402e-03	0.0000000000000000e+00	9.9853621345667401e+04
2.2514747350726801e-03	0.0000000000000000e+00	9.9670694629773701e+04
2.2689280275926299e-03	0.0000000000000000e+00	9.9523535962334296e+04
2.2863813201125698e-03	0.0000000000000000e+00	9.9416588780053004e+04
2.3038346126325101e-03	0.0000000000000000e+00	9.9353429757178601e+04
2.3212879051524599e-03	0.0000000000000000e+00	9.9336671490782697e+04
2.3387411976723998e-03	0.0000000000000000e+00	9.9367883611633195e+04
2.3561944901923401e-03	0.0000000000000000e+00	9.9447533419068801e+04
2.3736477827122899e-03	0.0000000000000000e+00	9.9574946863524296e+04
2.3911010752322298e-03	0.0000000000000000e+00	9.9748291629576503e+04
2.4085543677521701e-03	0.0000000000000000e+00	9.9964583196335196e+04
2.4260076602721200e-03	0.0000000000000000e+00	1.0021971557547200e+05
2.4434609527920598e-03	0.0000000000000000e+00	1.0050851539755700e+05
2.4609142453120001e-03	0.0000000000000000e+00	1.0082482476444999e+05
2.4783675378319500e-03	0.0000000000000000e+00	1.0116161427524099e+05
2.4958208303518898e-03	0.0000000000000000e+00	1.0151111829131799e+05
2.5132741228718301e-03	0.0000000000000000e+00	1.0186499948723199e+05
2.5307274153917800e-03	0.0000000000000000e+00	1.0221454047995500e+05
2.5481807079117198e-03	0.0000000000000000e+00	1.0255085598062500e+05
2.5656340004316601e-03	0.0000000000000000e+00	1.0286512357514500e+05
2.5830872929516100e-03	0.0000000000000000e+00	1.0314882659537900e+05
2.6005405854715499e-03	0.0000000000000000e+00	1.0339400145824000e+05
2.6179938779914902e-03	0.0000000000000000e+00	1.0359348128151501e+05
2.6354471705114400e-03	0.0000000000000000e+00	1.0374112644542800e+05
2.6529004630313799e-03	0.0000000000000000e+00	1.0383203247136100e+05
2.6703537555513202e-03	0.0000000000000000e+00	1.0386270622003000e+05
2.6878070480712700e-03	0.0000000000000000e+00	1.0383120165206101e+05
2.7052603405912099e-03	0.0000000000000000e+00	1.0373720867843600e+05
2.7227136331111502e-03	0.0000000000000000e+00	1.0358209165032100e+05
2.7401669256311000e-03	0.0000000000000000e+00	1.0336887222904300e+05
2.7576202181510399e-03	0.0000000000000000e+00	1.0310216018182899e+05
2.7750735106709802e-03	0.0000000000000000e+00	1.0278803293303800e+05
2.7925268031909300e-03	0.0000000000000000e+00	1.0243387118959200e+05
2.8099800957108699e-03	0.0000000000000000e+00	1.0204815542451400e+05
2.8274333882308102e-03	0.0000000000000000e+00	1.0164023276473700e+05
2.8448866807507600e-03	0.0000000000000000e+00	1.0122006561490100e+05
2.8623399732706999e-03	0.0000000000000000e+00	1.0079796816059800e+05
2.8797932657906402e-03	0.0000000000000000e+00	1.0038434115485899e+05
2.8972465583105901e-03	0.0000000000000000e+00	9.9989413427264604e+04
2.9146998508305299e-03	0.0000000000000000e+00	9.9622995887108802e+04
2.9321531433504698e-03	0.0000000000000000e+00	9.9294253713693106e+04
2.9496064358704201e-03	0.0000000000000000e+00	9.9011500506458498e+04
2.9670597283903599e-03	0.0000000000000000e+00	9.8782016577287097e+04
2.9845130209102998e-03	0.0000000000000000e+00	9.8611892658501296e+04
3.0019663134302501e-03	0.0000000000000000e+00	9.8505899532012496e+04
3.0194196059501899e-03	0.0000000000000000e+00	9.8467383323648901e+04
3.0368728984701298e-03	0.0000000000000000e+00	9.8498186059762695e+04
3.0543261909900801e-03	0.0000000000000000e+00	9.8598591407131404e+04
3.0717794835100200e-03	0.0000000000000000e+00	9.8767295183625494e+04
3.0892327760299598e-03	0.0000000000000000e+00	9.9001401260606595e+04
3.1066860685499101e-03	0.0000000000000000e+00	9.9296446997981606e+04
3.1241393610698500e-03	0.0000000000000000e+00	9.9646454505673202e+04
3.1415926535897898e-03	0.0000000000000000e+00	1.0004401589457200e+05
3.1590459461097401e-03	0.0000000000000000e+00	1.0048040735939000e+05
3.1764992386296800e-03	0.0000000000000000e+00	1.0094574493573100e+05
3.1939525311496198e-03	0.0000000000000000e+00	1.0142917529876700e+05
3.2114058236695701e-03	0.0000000000000000e+00	1.0191909941621800e+05
3.2288591161895100e-03	0.0000000000000000e+00	1.0240343660640600e+05
3.2463124087094499e-03	0.0000000000000000e+00	1.0286991979308899e+05
3.2637657012294001e-03	0.0000000000000000e+00	1.0330641532740100e+05
3.2812189937493400e-03	0.0000000000000000e+00	1.0370126139224700e+05
3.2986722862692799e-03	0.0000000000000000e+00	1.0404361246534000e+05
3.3161255787892301e-03	0.0000000000000000e+00	1.0432377746399200e+05
3.3335788713091700e-03	0.0000000000000000e+00	1.0453353706534499e+05
3.3510321638291099e-03	0.0000000000000000e+00	1.0466642587037200e+05
3.3684854563490602e-03	0.0000000000000000e+00	1.0471796582953700e+05
3.3859387488690000e-03	0.0000000000000000e+00	1.0468583746691899e+05
3.4033920413889399e-03	0.0000000000000000e+00	1.0456998086067400e+05
3.4208453339088902e-03	0.0000000000000000e+00	1.0437262103189800e+05
3.4382986264288300e-03	0.0000000000000000e+00	1.0409821458154800e+05
3.4557519189487699e-03	0.0000000000000000e+00	1.0375331855821400e+05
3.4732052114687202e-03	0.0000000000000000e+00	1.0334639410115700e+05
3.4906585039886600e-03	0.0000000000000000e+00	1.0288754843593600e+05
3.5081117965085999e-03	0.0000000000000000e+00	1.0238823211875001e+05
3.5255650890285502e-03	0.0000000000000000e+00	1.0186090095858500e+05
3.5430183815484901e-03	0.0000000000000000e+00	1.0131866557682000e+05
3.5604716740684299e-03	0.0000000000000000e+00	1.0077493346556299e+05
3.5779249665883698e-03	0.0000000000000000e+00	1.0024306028367300e+05
3.5953782591083201e-03	0.0000000000000000e+00	9.9736021484237004e+04
3.6128315516282599e-03	0.0000000000000000e+00	9.9266109782993502e+04
3.6302848441482102e-03	0.0000000000000000e+00	9.8844665336535007e+04
3.6477381366681501e-03	0.0000000000000000e+00	9.8481841565661001e+04
3.6651914291880900e-03	0.0000000000000000e+00	9.8186406719157996e+04
3.6826447217080398e-03	0.0000000000000000e+00	9.7965580685877605e+04
3.7000980142279801e-03	0.0000000000000000e+00	9.7824905411288593e+04
3.7175513067479200e-03	0.0000000000000000e+00	9.7768146724465201e+04
3.7350045992678598e-03	0.0000000000000000e+00	9.7797224149663904e+04
3.7524578917878101e-03	0.0000000000000000e+00	9.7912169470236797e+04
3.7699111843077500e-03	0.0000000000000000e+00	9.8111109321907803e+04
3.7873644768276998e-03	0.0000000000000000e+00	9.8390276919330601e+04
3.8048177693476401e-03	0.0000000000000000e+00	9.8744048897175395e+04
3.8222710618675800e-03	0.0000000000000000e+00	9.9165015555111793e+04
3.8397243543875199e-03	0.0000000000000000e+00	9.9644081545684603e+04
3.8571776469074701e-03	0.0000000000000000e+00	1.0017060480080500e+05
3.8746309394274100e-03	0.0000000000000000e+00	1.0073257890239899e+05
3.8920842319473499e-03	0.0000000000000000e+00	1.0131685739995100e+05
3.9095375244672997e-03	0.0000000000000000e+00	1.0190942494023300e+05
3.9269908169872400e-03	0.0000000000000000e+00	1.0249570816638600e+05
3.9444441095071803e-03	0.0000000000000000e+00	1.0306093110461700e+05
3.9618974020271302e-03	0.0000000000000000e+00	1.0359050342468600e+05
3.9793506945470696e-03	0.0000000000000000e+00	1.0407042975559000e+05
3.9968039870670099e-03	0.0000000000000000e+00	1.0448772888860000e+05
4.0142572795869597e-03	0.0000000000000000e+00	1.0483084365640899e+05
4.0317105721069000e-03	0.0000000000000000e+00	1.0509002594839400e+05
4.0491638646268403e-03	0.0000000000000000e+00	1.0525767532951100e+05
4.0666171571467902e-03	0.0000000000000000e+00	1.0532861466575200e+05
4.0840704496667296e-03	0.0000000000000000e+00	1.0530028751182700e+05
4.1015237421866699e-03	0.0000000000000000e+00	1.0517286434347500e+05
4.1189770347066198e-03	0.0000000000000000e+00	1.0494925264859101e+05
4.1364303272265601e-03	0.0000000000000000e+00	1.0463501008767200e+05
4.1538836197465004e-03	0.0000000000000000e+00	1.0423816464742699e+05
4.1713369122664502e-03	0.0000000000000000e+00	1.0376895175522901e+05
4.1887902047863896e-03	0.0000000000000000e+00	1.0323948202595999e+05
4.2062434973063299e-03	0.0000000000000000e+00	1.0266335992050399e+05
4.2236967898262798e-03	0.0000000000000000e+00	1.0205526663215700e+05
4.2411500823462201e-03	0.0000000000000000e+00	1.0143053446703500e+05
4.2586033748661604e-03	0.0000000000000000e+00	1.0080472147695201e+05
4.2760566673861102e-03	0.0000000000000000e+00	1.0019320501044999e+05
4.2935099599060497e-03	0.0000000000000000e+00	9.9610807334192999e+04
4.3109632524259900e-03	0.0000000000000000e+00	9.9071458564200904e+04
4.3284165449459398e-03	0.0000000000000000e+00	9.8587903773698694e+04
4.3458698374658801e-03	0.0000000000000000e+00	9.8171456185135903e+04
4.3633231299858204e-03	0.0000000000000000e+00	9.7831794640919994e+04
4.3807764225057702e-03	0.0000000000000000e+00	9.7576802895650704e+04
4.3982297150257097e-03	0.0000000000000000e+00	9.7412446963904702e+04
4.4156830075456500e-03	0.0000000000000000e+00	9.7342687230017196e+04
4.4331363000655998e-03	0.0000000000000000e+00	9.7369422324446903e+04
4.4505895925855401e-03	0.0000000000000000e+00	9.7492457058749394e+04
4.4680428851054804e-03	0.0000000000000000e+00	9.7709498035146302e+04
4.4854961776254303e-03	0.0000000000000000e+00	9.8016177074996507e+04
4.5029494701453697e-03	0.0000000000000000e+00	9.8406095837315996e+04
4.5204027626653100e-03	0.0000000000000000e+00	9.8870905491454105e+04
4.5378560551852598e-03	0.0000000000000000e+00	9.9400423401461696e+04
4.5553093477052001e-03	0.0000000000000000e+00	9.9982785526380205e+04
4.5727626402251396e-03	0.0000000000000000e+00	1.0060464113040701e+05
4.5902159327450903e-03	0.0000000000000000e+00	1.0125139996278600e+05
4.6076692252650297e-03	0.0000000000000000e+00	1.0190752861803900e+05
4.6251225177849700e-03	0.0000000000000000e+00	1.0255689323301200e+05
4.6425758103049199e-03	0.0000000000000000e+00	1.0318315205172500e+05
4.6600291028248602e-03	0.0000000000000000e+00	1.0377018553447400e+05
4.6774823953447996e-03	0.0000000000000000e+00	1.0430255118713400e+05
4.6949356878647503e-03	0.0000000000000000e+00	1.0476594946802199e+05
4.7123889803846897e-03	0.0000000000000000e+00	1.0514768034988800e+05
4.7298422729046300e-03	0.0000000000000000e+00	1.0543706960680200e+05
4.7472955654245799e-03	0.0000000000000000e+00	1.0562584255709000e+05
4.7647488579445202e-03	0.0000000000000000e+00	1.0570842541394600e+05
4.7822021504644596e-03	0.0000000000000000e+00	1.0568215616739700e+05
4.7996554429844103e-03	0.0000000000000000e+00	1.0554739169452900e+05
4.8171087355043498e-03	0.0000000000000000e+00	1.0530750730216200e+05
4.8345620280242901e-03	0.0000000000000000e+00	1.0496878504730899e+05
4.8520153205442399e-03	0.0000000000000000e+00	1.0454019597676799e+05
4.8694686130641802e-03	0.0000000000000000e+00	1.0403309534628100e+05
4.8869219055841196e-03	0.0000000000000000e+00	1.0346084361643399e+05
4.9043751981040704e-03	0.0000000000000000e+00	1.0283836985905400e+05
4.9218284906240098e-03	0.0000000000000000e+00	1.0218170851779800e+05
4.9392817831439501e-03	0.0000000000000000e+00	1.0150752652533200e+05
4.9567350756638999e-03	0.0000000000000000e+00	1.0083265613095400e+05
4.9741883681838402e-03	0.0000000000000000e+00	1.0017365625165800e+05
4.9916416607037797e-03	0.0000000000000000e+00	9.9546411893400393e+04
5.0090949532237304e-03	0.0000000000000000e+00	9.8965779397324397e+04
5.0265482457436698e-03	0.0000000000000000e+00	9.8445283349753503e+04
5.0440015382636101e-03	0.0000000000000000e+00	9.7996866111178402e+04
5.0614548307835600e-03	0.0000000000000000e+00	9.7630685312599904e+04
5.0789081233035003e-03	0.0000000000000000e+00	9.7354958245732996e+04
5.0963614158234397e-03	0.0000000000000000e+00	9.7175847947161295e+04
5.1138147083433904e-03	0.0000000000000000e+00	9.7097382190706194e+04
5.1312680008633298e-03	0.0000000000000000e+00	9.7121409086407104e+04
5.1487212933832701e-03	0.0000000000000000e+00	9.7247571866128594e+04
5.1661745859032200e-03	0.0000000000000000e+00	9.7473313668718401e+04
5.1836278784231603e-03	0.0000000000000000e+00	9.7793908432851094e+04
5.2010811709430997e-03	0.0000000000000000e+00	9.8202511390817803e+04
5.2185344634630504e-03	0.0000000000000000e+00	9.8690246128038794e+04
5.2359877559829899e-03	0.0000000000000000e+00	9.9246327775908198e+04
5.2534410485029302e-03	0.0000000000000000e+00	9.9858220400717400e+04
5.2708943410228696e-03	0.0000000000000000e+00	1.0051184299514101e+05
5.2883476335428203e-03	0.0000000000000000e+00	1.0119182531902000e+05
5.3058009260627597e-03	0.0000000000000000e+00	1.0188181874588800e+05
5.3232542185827000e-03	0.0000000000000000e+00	1.0256485652862499e+05
5.3407075111026499e-03	0.0000000000000000e+00	1.0322376413838701e+05
5.3581608036225902e-03	0.0000000000000000e+00	1.0384161178005600e+05
5.3756140961425296e-03	0.0000000000000000e+00	1.0440219352370400e+05
5.3930673886624803e-03	0.0000000000000000e+00	1.0489051777064700e+05
5.4105206811824198e-03	0.0000000000000000e+00	1.0529328787558500e+05
5.4279739737023601e-03	0.0000000000000000e+00	1.0559935003451401e+05
5.4454272662223099e-03	0.0000000000000000e+00	1.0580008520314000e+05
5.4628805587422502e-03	0.0000000000000000e+00	1.0588972279446400e+05
5.4803338512621896e-03	0.0000000000000000e+00	1.0586555820016999e+05
5.4977871437821403e-03	0.0000000000000000e+00	1.0572806025222399e+05
5.5152404363020798e-03	0.0000000000000000e+00	1.0548086115117501e+05
5.5326937288220201e-03	0.0000000000000000e+00	1.0513063048486300e+05
5.5501470213419699e-03	0.0000000000000000e+00	1.0468683932071000e+05
5.5676003138619102e-03	0.0000000000000000e+00	1.0416143205541999e+05
5.5850536063818497e-03	0.0000000000000000e+00	1.0356841799052000e+05
5.6025068989018004e-03	0.0000000000000000e+00	1.0292341194938400e+05
5.6199601914217398e-03	0.0000000000000000e+00	1.0224314105596300e+05
5.6374134839416801e-03	0.0000000000000000e+00	1.0154494903609900e+05
5.6548667764616299e-03	0.0000000000000000e+00	1.0084630935111800e+05
5.6723200689815702e-03	0.0000000000000000e+00	1.0016436917361700e+05
5.6897733615015097e-03	0.0000000000000000e+00	9.9515537134007900e+04
5.7072266540214604e-03	0.0000000000000000e+00	9.8915120303360600e+04
5.7246799465413998e-03	0.0000000000000000e+00	9.8377016508647997e+04
5.7421332390613401e-03	0.0000000000000000e+00	9.7913463091380007e+04
5.7595865315812900e-03	0.0000000000000000e+00	9.7534836467507994e+04
5.7770398241012303e-03	0.0000000000000000e+00	9.7249500604961606e+04
5.7944931166211697e-03	0.0000000000000000e+00	9.7063696374436695e+04
5.8119464091411204e-03	0.0000000000000000e+00	9.6981467659918795e+04
5.8293997016610598e-03	0.0000000000000000e+00	9.7004620824673999e+04
5.8468529941810002e-03	0.0000000000000000e+00	9.7132705421858394e+04
5.8643062867009500e-03	0.0000000000000000e+00	9.7363023507626800e+04
5.8817595792208903e-03	0.0000000000000000e+00	9.7690664132764898e+04
5.8992128717408297e-03	0.0000000000000000e+00	9.8108557542350696e+04
5.9166661642607796e-03	0.0000000000000000e+00	9.8607566930204004e+04
5.9341194567807199e-03	0.0000000000000000e+00	9.9176612482347002e+04
5.9515727493006602e-03	0.0000000000000000e+00	9.9802833853232296e+04
5.9690260418206100e-03	0.0000000000000000e+00	1.0047179984039599e+05
5.9864793343405503e-03	0.0000000000000000e+00	1.0116777007006800e+05
6.0039326268604898e-03	0.0000000000000000e+00	1.0187400993926000e+05
6.0213859193804396e-03	0.0000000000000000e+00	1.0257316156095700e+05
6.0388392119003799e-03	0.0000000000000000e+00	1.0324766154254500e+05
6.0562925044203202e-03	0.0000000000000000e+00	1.0388020352921099e+05
6.0737457969402700e-03	0.0000000000000000e+00	1.0445422948848200e+05
6.0911990894602103e-03	0.0000000000000000e+00	1.0495443049891799e+05
6.1086523819801498e-03	0.0000000000000000e+00	1.0536723861861200e+05
6.1261056745000996e-03	0.0000000000000000e+00	1.0568128474692900e+05
6.1435589670200399e-03	0.0000000000000000e+00	1.0588779792460900e+05
6.1610122595399802e-03	0.0000000000000000e+00	1.0598092532379201e+05
6.1784655520599301e-03	0.0000000000000000e+00	1.0595795101871400e+05
6.1959188445798704e-03	0.0000000000000000e+00	1.0581940320049100e+05
6.2133721370998098e-03	0.0000000000000000e+00	1.0556903992721799e+05
6.2308254296197596e-03	0.0000000000000000e+00	1.0521371574330299e+05
6.2482787221396999e-03	0.0000000000000000e+00	1.0476313738246101e+05
6.2657320146596402e-03	0.0000000000000000e+00	1.0422952133246600e+05
6.2831853071795901e-03	0.0000000000000000e+00	1.0362717678855899e+05
6.3006385996995304e-03	0.0000000000000000e+00	1.0297203109601900e+05
6.3180918922194698e-03	0.0000000000000000e+00	1.0228112571696400e+05
6.3355451847394197e-03	0.0000000000000000e+00	1.0157210862370400e+05
6.3529984772593600e-03	0.0000000000000000e+00	1.0086273946094100e+05
6.3704517697793003e-03	0.0000000000000000e+00	1.0017042560765600e+05
6.3879050622992501e-03	0.0000000000000000e+00	9.9511804841782199e+04
6.4053583548191904e-03	0.0000000000000000e+00	9.8902379524791206e+04
6.4228116473391298e-03	0.0000000000000000e+00	9.8356207333127793e+04
6.4402649398590797e-03	0.0000000000000000e+00	9.7885649105638600e+04
6.4577182323790200e-03	0.0000000000000000e+00	9.7501170725970995e+04
6.4751715248989603e-03	0.0000000000000000e+00	9.7211193798936802e+04
6.4926248174188997e-03	0.0000000000000000e+00	9.7021985689826397e+04
6.5100781099388504e-03	0.0000000000000000e+00	9.6937591070801194e+04
6.5275314024587899e-03	0.0000000000000000e+00	9.6959792033102494e+04
6.5449846949787302e-03	0.0000000000000000e+00	9.7088092215977100e+04
6.5624379874986800e-03	0.0000000000000000e+00	9.7319728388639094e+04
6.5798912800186203e-03	0.0000000000000000e+00	9.7649706858748294e+04
6.5973445725385597e-03	0.0000000000000000e+00	9.8070859580518707e+04
6.6147978650585096e-03	0.0000000000000000e+00	9.8573937677177499e+04
6.6322511575784499e-03	0.0000000000000000e+00	9.9147736775392696e+04
6.6497044500983902e-03	0.0000000000000000e+00	9.9779261247752394e+04
6.6671577426183400e-03	0.0000000000000000e+00	1.0045393570949099e+05
6.6846110351382803e-03	0.0000000000000000e+00	1.0115586891768200e+05
6.7020643276582198e-03	0.0000000000000000e+00	1.0186817131188601e+05
6.7195176201781696e-03	0.0000000000000000e+00	1.0257332901762200e+05
6.7369709126981099e-03	0.0000000000000000e+00	1.0325362526930400e+05
6.7544242052180502e-03	0.0000000000000000e+00	1.0389160695079100e+05
6.7718774977380001e-03	0.0000000000000000e+00	1.0447058008377100e+05
6.7893307902579404e-03	0.0000000000000000e+00	1.0497511494228500e+05
6.8067840827778798e-03	0.0000000000000000e+00	1.0539154192088400e+05
6.8242373752978296e-03	0.0000000000000000e+00	1.0570841305374799e+05
6.8416906678177699e-03	0.0000000000000000e+00	1.0591690400340900e+05
6.8591439603377102e-03	0.0000000000000000e+00	1.0601113582853100e+05
6.8765972528576601e-03	0.0000000000000000e+00	1.0598839438641600e+05
6.8940505453776004e-03	0.0000000000000000e+00	1.0584923669986000e+05
6.9115038378975398e-03	0.0000000000000000e+00	1.0559747497648701e+05
6.9289571304174897e-03	0.0000000000000000e+00	1.0524003992645800e+05
6.9464104229374300e-03	0.0000000000000000e+00	1.0478673270596300e+05
6.9638637154573703e-03	0.0000000000000000e+00	1.0424987783512400e+05
6.9813170079773201e-03	0.0000000000000000e+00	1.0364390127376000e+05
6.9987703004972604e-03	0.0000000000000000e+00	1.0298485089844800e+05
7.0162235930171998e-03	0.0000000000000000e+00	1.0228988798380000e+05
7.0336768855371497e-03	0.0000000000000000e+00	1.0157677558914600e+05
7.0511301780570900e-03	0.0000000000000000e+00	1.0086338026306601e+05
7.0685834705770303e-03	0.0000000000000000e+00	1.0016720553726700e+05
7.0860367630969801e-03	0.0000000000000000e+00	9.9504972956433907e+04
7.1034900556169204e-03	0.0000000000000000e+00	9.8892255055262896e+04
7.1209433481368599e-03	0.0000000000000000e+00	9.8343165814746404e+04
7.1383966406568097e-03	0.0000000000000000e+00	9.7870108773979402e+04
7.1558499331767500e-03	0.0000000000000000e+00	9.7483579734249899e+04
7.1733032256966903e-03	0.0000000000000000e+00	9.7192017816885695e+04
7.1907565182166401e-03	0.0000000000000000e+00	9.7001697884789100e+04
7.2082098107365796e-03	0.0000000000000000e+00	9.6916660572098597e+04
7.2256631032565199e-03	0.0000000000000000e+00	9.6938675926134398e+04
7.2431163957764697e-03	0.0000000000000000e+00	9.7067228968804993e+04
7.2605696882964100e-03	0.0000000000000000e+00	9.7299529924895294e+04
7.2780229808163503e-03	0.0000000000000000e+00	9.7630552339077796e+04
7.2954762733363002e-03	0.0000000000000000e+00	9.8053093147229403e+04
7.3129295658562396e-03	0.0000000000000000e+00	9.8557860992277303e+04
7.3303828583761799e-03	0.0000000000000000e+00	9.9133604576469996e+04
7.3478361508961297e-03	0.0000000000000000e+00	9.9767279276432295e+04
7.3652894434160700e-03	0.0000000000000000e+00	1.0044425787352800e+05
7.3827427359360103e-03	0.0000000000000000e+00	1.0114859395795400e+05
7.4001960284559602e-03	0.0000000000000000e+00	1.0186334282688200e+05
7.4176493209758996e-03	0.0000000000000000e+00	1.0257093448392200e+05
7.4351026134958399e-03	0.0000000000000000e+00	1.0325359702014001e+05
7.4525559060157898e-03	0.0000000000000000e+00	1.0389382508370100e+05
7.4700091985357301e-03	0.0000000000000000e+00	1.0447487583316400e+05
7.4874624910556704e-03	0.0000000000000000e+00	1.0498127622469100e+05
7.5049157835756202e-03	0.0000000000000000e+00	1.0539932006757399e+05
7.5223690760955596e-03	0.0000000000000000e+00	1.0571753029798200e+05
7.5398223686154999e-03	0.0000000000000000e+00	1.0592706309970500e+05
7.5572756611354498e-03	0.0000000000000000e+00	1.0602202863592100e+05
7.5747289536553901e-03	0.0000000000000000e+00	1.0599971227782100e+05
7.5921822461753304e-03	0.0000000000000000e+00	1.0586067951256099e+05
7.6096355386952802e-03	0.0000000000000000e+00	1.0560875984184700e+05
7.6270888312152197e-03	0.0000000000000000e+00	1.0525090945999599e+05
7.6445421237351600e-03	0.0000000000000000e+00	1.0479696050875400e+05
7.6619954162551098e-03	0.0000000000000000e+00	1.0425927435927100e+05
7.6794487087750501e-03	0.0000000000000000e+00	1.0365231549330600e+05
7.6969020012949904e-03	0.0000000000000000e+00	1.0299217270241700e+05
7.7143552938149403e-03	0.0000000000000000e+00	1.0229604750435600e+05
7.7318085863348797e-03	0.0000000000000000e+00	1.0158174233752300e+05
7.7492618788548200e-03	0.0000000000000000e+00	1.0086715972580601e+05
7.7667151713747698e-03	0.0000000000000000e+00	1.0016983606127500e+05
7.7841684638947101e-03	0.0000000000000000e+00	9.9506521428391701e+04
7.8016217564146496e-03	0.0000000000000000e+00	9.8892812071693406e+04
7.8190750489345994e-03	0.0000000000000000e+00	9.8342840794085205e+04
7.8365283414545406e-03	0.0000000000000000e+00	9.7869025965060995e+04
7.8539816339744800e-03	0.0000000000000000e+00	9.7481873234223996e+04
7.8714349264944194e-03	0.0000000000000000e+00	9.7189827505550202e+04
7.8888882190143693e-03	0.0000000000000000e+00	9.6999165532077503e+04
7.9063415115343105e-03	0.0000000000000000e+00	9.6913927209998903e+04
7.9237948040542603e-03	0.0000000000000000e+00	9.6935878810543407e+04
7.9412480965741997e-03	0.0000000000000000e+00	9.7064497862539094e+04
7.9587013890941392e-03	0.0000000000000000e+00	9.7296985674046897e+04
7.9761546816140907e-03	0.0000000000000000e+00	9.7628305692267997e+04
7.9936079741340302e-03	0.0000000000000000e+00	9.8051240086061807e+04
8.0110612666539696e-03	0.0000000000000000e+00	9.8556483407777894e+04
8.0285145591739195e-03	0.0000000000000000e+00	9.9132770262035803e+04
8.0459678516938606e-03	0.0000000000000000e+00	9.9767039011287605e+04
8.0634211442138001e-03	0.0000000000000000e+00	1.0044464477998800e+05
8.0808744367337395e-03	0.0000000000000000e+00	1.0114962375486600e+05
8.0983277292536893e-03	0.0000000000000000e+00	1.0186501384379600e+05
8.1157810217736305e-03	0.0000000000000000e+00	1.0257322717831700e+05
8.1332343142935803e-03	0.0000000000000000e+00	1.0325647497086700e+05
8.1506876068135198e-03	0.0000000000000000e+00	1.0389723597491100e+05
8.1681408993334592e-03	0.0000000000000000e+00	1.0447875337681999e+05
8.1855941918534108e-03	0.0000000000000000e+00	1.0498554163364500e+05
8.2030474843733502e-03	0.0000000000000000e+00	1.0540388496530800e+05
8.2205007768932897e-03	0.0000000000000000e+00	1.0572229915437000e+05
8.2379540694132308e-03	0.0000000000000000e+00	1.0593193635644201e+05
8.2554073619331807e-03	0.0000000000000000e+00	1.0602690566693000e+05
8.2728606544531201e-03	0.0000000000000000e+00	1.0600449467957301e+05
8.2903139469730595e-03	0.0000000000000000e+00	1.0586527311708700e+05
8.3077672394930094e-03	0.0000000000000000e+00	1.0561307887066000e+05
8.3252205320129506e-03	0.0000000000000000e+00	1.0525487752780900e+05
8.3426738245328900e-03	0.0000000000000000e+00	1.0480051347994100e+05
8.3601271170528398e-03	0.0000000000000000e+00	1.0426236060281200e+05
8.3775804095727793e-03	0.0000000000000000e+00	1.0365489680397300e+05
8.3950337020927204e-03	0.0000000000000000e+00	1.0299422417887401e+05
8.4124869946126703e-03	0.0000000000000000e+00	1.0229755701677900e+05
8.4299402871326097e-03	0.0000000000000000e+00	1.0158271008028201e+05
8.4473935796525491e-03	0.0000000000000000e+00	1.0086759696436999e+05
8.4648468721725007e-03	0.0000000000000000e+00	1.0016976377589699e+05
8.4823001646924402e-03	0.0000000000000000e+00	9.9505968874010097e+04
8.4997534572123796e-03	0.0000000000000000e+00	9.8891815279678907e+04
8.5172067497323294e-03	0.0000000000000000e+00	9.8341440835149100e+04
8.5346600422522706e-03	0.0000000000000000e+00	9.7867267640874299e+04
8.5521133347722100e-03	0.0000000000000000e+00	9.7479803696978299e+04
8.5695666272921599e-03	0.0000000000000000e+00	9.7187494547505907e+04
8.5870199198120993e-03	0.0000000000000000e+00	9.6996617690701605e+04
8.6044732123320405e-03	0.0000000000000000e+00	9.6911211264777798e+04
8.6219265048519903e-03	0.0000000000000000e+00	9.6933040345290196e+04
8.6393797973719298e-03	0.0000000000000000e+00	9.7061580035559004e+04
8.6568330898918692e-03	0.0000000000000000e+00	9.7294028903720100e+04
8.6742863824118208e-03	0.0000000000000000e+00	9.7625347195119306e+04
8.6917396749317602e-03	0.0000000000000000e+00	9.8048314028118795e+04
8.7091929674516996e-03	0.0000000000000000e+00	9.8553619899254394e+04
8.7266462599716495e-03	0.0000000000000000e+00	9.9129995482908096e+04
8.7440995524915906e-03	0.0000000000000000e+00	9.9764375234553998e+04
8.7615528450115301e-03	0.0000000000000000e+00	1.0044211015202200e+05
8.7790061375314799e-03	0.0000000000000000e+00	1.0114723244632300e+05
8.7964594300514194e-03	0.0000000000000000e+00	1.0186277504527000e+05
8.8139127225713605e-03	0.0000000000000000e+00	1.0257114648644799e+05
8.8313660150913104e-03	0.0000000000000000e+00	1.0325455441523800e+05
8.8488193076112498e-03	0.0000000000000000e+00	1.0389547377396699e+05
8.8662726001311892e-03	0.0000000000000000e+00	1.0447714430317000e+05
8.8837258926511408e-03	0.0000000000000000e+00	1.0498407767346600e+05
8.9011791851710802e-03	0.0000000000000000e+00	1.0540255549043600e+05
8.9186324776910197e-03	0.0000000000000000e+00	1.0572109171164600e+05
8.9360857702109695e-03	0.0000000000000000e+00	1.0593083689485300e+05
8.9535390627309107e-03	0.0000000000000000e+00	1.0602589970207600e+05
8.9709923552508501e-03	0.0000000000000000e+00	1.0600356698105601e+05
8.9884456477708000e-03	0.0000000000000000e+00	1.0586441001463900e+05
9.0058989402907394e-03	0.0000000000000000e+00	1.0561226653269000e+05
9.0233522328106806e-03	0.0000000000000000e+00	1.0525410399510500e+05
9.0408055253306304e-03	0.0000000000000000e+00	1.0479976777946400e+05
9.0582588178505698e-03	0.0000000000000000e+00	1.0426163382284500e+05
9.0757121103705093e-03	0.0000000000000000e+00	1.0365418249502900e+05
9.0931654028904609e-03	0.0000000000000000e+00	1.0299351796349100e+05
9.1106186954104003e-03	0.0000000000000000e+00	1.0229685705523600e+05
9.1280719879303397e-03	0.0000000000000000e+00	1.0158201662569800e+05
9.1455252804502896e-03	0.0000000000000000e+00	1.0086691224780100e+05
9.1629785729702307e-03	0.0000000000000000e+00	1.0016909181804799e+05
9.1804318654901702e-03	0.0000000000000000e+00	9.9505315152615804e+04
9.1978851580101200e-03	0.0000000000000000e+00	9.8891186434200499e+04
9.2153384505300594e-03	0.0000000000000000e+00	9.8340844539864105e+04
9.2327917430500006e-03	0.0000000000000000e+00	9.7866712247999196e+04
9.2502450355699505e-03	0.0000000000000000e+00	9.7479297966495898e+04
9.2676983280898899e-03	0.0000000000000000e+00	9.7187047751262799e+04
9.2851516206098293e-03	0.0000000000000000e+00	9.6996238628361898e+04
9.3026049131297792e-03	0.0000000000000000e+00	9.6910909182301199e+04
9.3200582056497203e-03	0.0000000000000000e+00	9.6932823769112598e+04
9.3375114981696598e-03	0.0000000000000000e+00	9.7061457086044204e+04
9.3549647906896096e-03	0.0000000000000000e+00	9.7294006985876404e+04
9.3724180832095508e-03	0.0000000000000000e+00	9.7625432846269206e+04
9.3898713757294902e-03	0.0000000000000000e+00	9.8048512311849496e+04
9.4073246682494296e-03	0.0000000000000000e+00	9.8553935164738199e+04
9.4247779607693795e-03	0.0000000000000000e+00	9.9130430715699506e+04
9.4422312532893207e-03	0.0000000000000000e+00	9.9764931910561398e+04
9.4596845458092705e-03	0.0000000000000000e+00	1.0044278824877800e+05
9.4771378383292099e-03	0.0000000000000000e+00	1.0114803054422200e+05
9.4945911308491494e-03	0.0000000000000000e+00	1.0186368999683700e+05
9.5120444233690905e-03	0.0000000000000000e+00	1.0257217354823800e+05
9.5294977158890404e-03	0.0000000000000000e+00	1.0325568716233700e+05
9.5469510084089798e-03	0.0000000000000000e+00	1.0389670417105700e+05
9.5644043009289192e-03	0.0000000000000000e+00	1.0447846291971800e+05
9.5818575934488708e-03	0.0000000000000000e+00	1.0498547377413700e+05
9.5993108859688103e-03	0.0000000000000000e+00	1.0540401715816400e+05
9.6167641784887497e-03	0.0000000000000000e+00	1.0572260633445600e+05
9.6342174710086995e-03	0.0000000000000000e+00	1.0593239104431700e+05
9.6516707635286407e-03	0.0000000000000000e+00	1.0602747986621800e+05
9.6691240560485905e-03	0.0000000000000000e+00	1.0600515964764800e+05
9.6865773485685300e-03	0.0000000000000000e+00	1.0586600193810600e+05
9.7040306410884694e-03	0.0000000000000000e+00	1.0561384516895701e+05
9.7214839336084106e-03	0.0000000000000000e+00	1.0525565750532300e+05
9.7389372261283604e-03	0.0000000000000000e+00	1.0480128556606801e+05
9.7563905186482999e-03	0.0000000000000000e+00	1.0426310630489200e+05
9.7738438111682393e-03	0.0000000000000000e+00	1.0365560126610800e+05
9.7912971036881909e-03	0.0000000000000000e+00	1.0299487631563100e+05
9.8087503962081303e-03	0.0000000000000000e+00	1.0229814990449201e+05
9.8262036887280697e-03	0.0000000000000000e+00	1.0158323964260700e+05
9.8436569812480196e-03	0.0000000000000000e+00	1.0086806262799700e+05
9.8611102737679607e-03	0.0000000000000000e+00	1.0017016766486299e+05
9.8785635662879106e-03	0.0000000000000000e+00	9.9506315346121002e+04
9.8960168588078500e-03	0.0000000000000000e+00	9.8892110762711396e+04
9.9134701513277895e-03	0.0000000000000000e+00	9.8341693791755300e+04
9.9309234438477306e-03	0.0000000000000000e+00	9.7867487309060205e+04
9.9483767363676805e-03	0.0000000000000000e+00	9.7480000196617504e+04
9.9658300288876199e-03	0.0000000000000000e+00	9.7187679030708503e+04
9.9832833214075593e-03	0.0000000000000000e+00	9.6996800925737902e+04
1.0000736613927501e-02	0.0000000000000000e+00	9.6911404240899807e+04
1.0018189906447501e-02	0.0000000000000000e+00	9.6933252659163903e+04
1.0035643198967400e-02	0.0000000000000000e+00	9.7061821408284901e+04
1.0053096491487300e-02	0.0000000000000000e+00	9.7294307944024200e+04
1.0070549784007300e-02	0.0000000000000000e+00	9.7625670516466504e+04
1.0088003076527199e-02	0.0000000000000000e+00	9.8048688513113302e+04
1.0105456369047200e-02	0.0000000000000000e+00	9.8554051354262701e+04
1.0122909661567101e-02	0.0000000000000000e+00	9.9130486856817195e+04
1.0140362954087099e-02	0.0000000000000000e+00	9.9764928307219496e+04
1.0157816246607001e-02	0.0000000000000000e+00	1.0044272559652101e+05
1.0175269539126900e-02	0.0000000000000000e+00	1.0114790886508500e+05
1.0192722831646900e-02	0.0000000000000000e+00	1.0186350985302600e+05
1.0210176124166800e-02	0.0000000000000000e+00	1.0257193541575500e+05
1.0227629416686800e-02	0.0000000000000000e+00	1.0325539139237600e+05
1.0245082709206699e-02	0.0000000000000000e+00	1.0389635164504799e+05
1.0262536001726700e-02	0.0000000000000000e+00	1.0447805459045700e+05
1.0279989294246601e-02	0.0000000000000000e+00	1.0498501107105600e+05
1.0297442586766500e-02	0.0000000000000000e+00	1.0540350188710200e+05
1.0314895879286501e-02	0.0000000000000000e+00	1.0572204052326801e+05
1.0332349171806400e-02	0.0000000000000000e+00	1.0593177754741401e+05
1.0349802464326400e-02	0.0000000000000000e+00	1.0602682148349800e+05
1.0367255756846300e-02	0.0000000000000000e+00	1.0600446000228600e+05
1.0384709049366300e-02	0.0000000000000000e+00	1.0586526462892600e+05
1.0402162341886199e-02	0.0000000000000000e+00	1.0561307428602900e+05
1.0419615634406101e-02	0.0000000000000000e+00	1.0525485739801000e+05
1.0437068926926101e-02	0.0000000000000000e+00	1.0480046057020500e+05
1.0454522219446000e-02	0.0000000000000000e+00	1.0426226117020700e+05
1.0471975511966001e-02	0.0000000000000000e+00	1.0365474047271900e+05
1.0489428804485900e-02	0.0000000000000000e+00	1.0299400423798899e+05
1.0506882097005900e-02	0.0000000000000000e+00	1.0229727048099400e+05
1.0524335389525800e-02	0.0000000000000000e+00	1.0158235710647699e+05
1.0541788682045699e-02	0.0000000000000000e+00	1.0086718072024500e+05
1.0559241974565699e-02	0.0000000000000000e+00	1.0016929005854100e+05
1.0576695267085601e-02	0.0000000000000000e+00	9.9505445641445796e+04
1.0594148559605601e-02	0.0000000000000000e+00	9.8891252221693605e+04
1.0611601852125500e-02	0.0000000000000000e+00	9.8340849086536298e+04
1.0629055144645501e-02	0.0000000000000000e+00	9.7866659283719404e+04
1.0646508437165400e-02	0.0000000000000000e+00	9.7479191385258295e+04
1.0663961729685400e-02	0.0000000000000000e+00	9.7186891500471305e+04
1.0681415022205300e-02	0.0000000000000000e+00	9.6996036594865902e+04
1.0698868314725199e-02	0.0000000000000000e+00	9.6910665155283394e+04
1.0716321607245199e-02	0.0000000000000000e+00	9.6932541372220207e+04
1.0733774899765101e-02	0.0000000000000000e+00	9.7061139753166804e+04
1.0751228192285101e-02	0.0000000000000000e+00	9.7293657922675498e+04
1.0768681484805000e-02	0.0000000000000000e+00	9.7625055048264097e+04
1.0786134777325001e-02	0.0000000000000000e+00	9.8048108572007593e+04
1.0803588069844900e-02	0.0000000000000000e+00	9.8553508037344902e+04
1.0821041362364800e-02	0.0000000000000000e+00	9.9129982594912304e+04
1.0838494654884800e-02	0.0000000000000000e+00	9.9764465018505594e+04
1.0855947947404699e-02	0.0000000000000000e+00	1.0044230467000599e+05
1.0873401239924699e-02	0.0000000000000000e+00	1.0114753223937500e+05
1.0890854532444601e-02	0.0000000000000000e+00	1.0186317885681700e+05
1.0908307824964599e-02	0.0000000000000000e+00	1.0257165139472600e+05
1.0925761117484500e-02	0.0000000000000000e+00	1.0325515579140400e+05
1.0943214410004400e-02	0.0000000000000000e+00	1.0389616535920900e+05
1.0960667702524400e-02	0.0000000000000000e+00	1.0447791845266100e+05
1.0978120995044300e-02	0.0000000000000000e+00	1.0498492543873200e+05
1.0995574287564300e-02	0.0000000000000000e+00	1.0540346679523900e+05
1.1013027580084199e-02	0.0000000000000000e+00	1.0572205574825100e+05
1.1030480872604199e-02	0.0000000000000000e+00	1.0593184215277300e+05
1.1047934165124101e-02	0.0000000000000000e+00	1.0602693452810300e+05
1.1065387457644000e-02	0.0000000000000000e+00	1.0600461975734000e+05
1.1082840750164000e-02	0.0000000000000000e+00	1.0586546938430901e+05
1.1100294042683900e-02	0.0000000000000000e+00	1.0561332175421600e+05
1.1117747335203900e-02	0.0000000000000000e+00	1.0525514503929800e+05
1.1135200627723800e-02	0.0000000000000000e+00	1.0480078573160800e+05
1.1152653920243800e-02	0.0000000000000000e+00	1.0426262074622200e+05
1.1170107212763699e-02	0.0000000000000000e+00	1.0365513149750201e+05
1.1187560505283699e-02	0.0000000000000000e+00	1.0299442376535801e+05
1.1205013797803601e-02	0.0000000000000000e+00	1.0229771593325000e+05
1.1222467090323500e-02	0.0000000000000000e+00	1.0158282547464099e+05
1.1239920382843500e-02	0.0000000000000000e+00	1.0086766938000100e+05
1.1257373675363400e-02	0.0000000000000000e+00	1.0016979638780300e+05
1.1274826967883400e-02	0.0000000000000000e+00	9.9505966938790007e+04
1.1292280260403300e-02	0.0000000000000000e+00	9.8891786190390805e+04
1.1309733552923300e-02	0.0000000000000000e+00	9.8341393843073296e+04
1.1327186845443199e-02	0.0000000000000000e+00	9.7867212947280597e+04
1.1344640137963101e-02	0.0000000000000000e+00	9.7479752160966396e+04
1.1362093430483101e-02	0.0000000000000000e+00	9.7187457498413001e+04
1.1379546723003000e-02	0.0000000000000000e+00	9.6996605384055903e+04
1.1397000015523000e-02	0.0000000000000000e+00	9.6911235981924197e+04
1.1414453308042900e-02	0.0000000000000000e+00	9.6933112811097293e+04
1.1431906600562900e-02	0.0000000000000000e+00	9.7061710101301796e+04
1.1449359893082800e-02	0.0000000000000000e+00	9.7294226529933498e+04
1.1466813185602699e-02	0.0000000000000000e+00	9.7625620228150307e+04
1.1484266478122699e-02	0.0000000000000000e+00	9.8048668373387001e+04
1.1501719770642601e-02	0.0000000000000000e+00	9.8554060441081194e+04
1.1519173063162601e-02	0.0000000000000000e+00	9.9130525371288502e+04
1.1536626355682500e-02	0.0000000000000000e+00	9.9764996365084793e+04
1.1554079648202500e-02	0.0000000000000000e+00	1.0044282265195600e+05
1.1571532940722400e-02	0.0000000000000000e+00	1.0114803434506200e+05
1.1588986233242300e-02	0.0000000000000000e+00	1.0186366317335999e+05
1.1606439525762300e-02	0.0000000000000000e+00	1.0257211591271601e+05
1.1623892818282199e-02	0.0000000000000000e+00	1.0325559841965399e+05
1.1641346110802199e-02	0.0000000000000000e+00	1.0389658437505001e+05
1.1658799403322101e-02	0.0000000000000000e+00	1.0447831190658000e+05
1.1676252695842101e-02	0.0000000000000000e+00	1.0498529156104301e+05
1.1693705988362000e-02	0.0000000000000000e+00	1.0540380383297001e+05
1.1711159280882000e-02	0.0000000000000000e+00	1.0572236212761300e+05
1.1728612573401900e-02	0.0000000000000000e+00	1.0593211666073999e+05
1.1746065865921800e-02	0.0000000000000000e+00	1.0602717597148500e+05
1.1763519158441800e-02	0.0000000000000000e+00	1.0600482718005500e+05
1.1780972450961699e-02	0.0000000000000000e+00	1.0586564200454700e+05
1.1798425743481699e-02	0.0000000000000000e+00	1.0561345960771400e+05
1.1815879036001601e-02	0.0000000000000000e+00	1.0525524796414901e+05
1.1833332328521601e-02	0.0000000000000000e+00	1.0480085416969399e+05
1.1850785621041500e-02	0.0000000000000000e+00	1.0426265519830800e+05
1.1868238913561400e-02	0.0000000000000000e+00	1.0365513311919900e+05
1.1885692206081400e-02	0.0000000000000000e+00	1.0299439335660700e+05
1.1903145498601300e-02	0.0000000000000000e+00	1.0229765453017500e+05
1.1920598791121300e-02	0.0000000000000000e+00	1.0158273447442900e+05
1.1938052083641199e-02	0.0000000000000000e+00	1.0086755016390800e+05
1.1955505376161199e-02	0.0000000000000000e+00	1.0016965032356299e+05
1.1972958668681101e-02	0.0000000000000000e+00	9.9505795572001196e+04
1.1990411961201000e-02	0.0000000000000000e+00	9.8891590828931294e+04
1.2007865253721000e-02	0.0000000000000000e+00	9.8341175728118600e+04
1.2025318546240900e-02	0.0000000000000000e+00	9.7866972978747595e+04
1.2042771838760900e-02	0.0000000000000000e+00	9.7479491872678307e+04
1.2060225131280800e-02	0.0000000000000000e+00	9.7187178230414604e+04
1.2077678423800800e-02	0.0000000000000000e+00	9.6996309236685600e+04
1.2095131716320699e-02	0.0000000000000000e+00	9.6910923465194195e+04
1.2112585008840600e-02	0.0000000000000000e+00	9.6932784635871096e+04
1.2130038301360601e-02	0.0000000000000000e+00	9.7061367478859596e+04
1.2147491593880500e-02	0.0000000000000000e+00	9.7293869714249406e+04
1.2164944886400500e-02	0.0000000000000000e+00	9.7625249740071304e+04
1.2182398178920400e-02	0.0000000000000000e+00	9.8048286619938895e+04
1.2199851471440400e-02	0.0000000000000000e+00	9.8553669311075995e+04
1.2217304763960300e-02	0.0000000000000000e+00	9.9130125995201699e+04
1.2234758056480201e-02	0.0000000000000000e+00	9.9764590393942504e+04
1.2252211349000199e-02	0.0000000000000000e+00	1.0044241171519700e+05
1.2269664641520101e-02	0.0000000000000000e+00	1.0114762041833199e+05
1.2287117934040101e-02	0.0000000000000000e+00	1.0186324782314000e+05
1.2304571226560000e-02	0.0000000000000000e+00	1.0257170069218200e+05
1.2322024519080000e-02	0.0000000000000000e+00	1.0325518512294500e+05
1.2339477811599900e-02	0.0000000000000000e+00	1.0389617468217900e+05
1.2356931104119900e-02	0.0000000000000000e+00	1.0447790756337800e+05
1.2374384396639800e-02	0.0000000000000000e+00	1.0498489451464301e+05
1.2391837689159701e-02	0.0000000000000000e+00	1.0540341606835800e+05
1.2409290981679699e-02	0.0000000000000000e+00	1.0572198546202399e+05
1.2426744274199601e-02	0.0000000000000000e+00	1.0593175304276100e+05
1.2444197566719601e-02	0.0000000000000000e+00	1.0602682707999600e+05
1.2461650859239500e-02	0.0000000000000000e+00	1.0600449507370700e+05
1.2479104151759500e-02	0.0000000000000000e+00	1.0586532833615399e+05
1.2496557444279400e-02	0.0000000000000000e+00	1.0561316542954800e+05
1.2514010736799299e-02	0.0000000000000000e+00	1.0525497465778800e+05
1.2531464029319300e-02	0.0000000000000000e+00	1.0480060209635900e+05
1.2548917321839201e-02	0.0000000000000000e+00	1.0426242551715800e+05
1.2566370614359199e-02	0.0000000000000000e+00	1.0365492615425101e+05
1.2583823906879101e-02	0.0000000000000000e+00	1.0299420970159001e+05
1.2601277199399101e-02	0.0000000000000000e+00	1.0229749412677799e+05
1.2618730491919000e-02	0.0000000000000000e+00	1.0158259727921500e+05
1.2636183784438900e-02	0.0000000000000000e+00	1.0086743596319100e+05
1.2653637076958900e-02	0.0000000000000000e+00	1.0016955881634699e+05
1.2671090369478799e-02	0.0000000000000000e+00	9.9505726491325200e+04
1.2688543661998800e-02	0.0000000000000000e+00	9.8891543812156000e+04
1.2705996954518701e-02	0.0000000000000000e+00	9.8341150187696694e+04
1.2723450247038699e-02	0.0000000000000000e+00	9.7866968627272494e+04
1.2740903539558601e-02	0.0000000000000000e+00	9.7479508068474097e+04
1.2758356832078500e-02	0.0000000000000000e+00	9.7187214198934802e+04
1.2775810124598500e-02	0.0000000000000000e+00	9.6996364789828993e+04
1.2793263417118400e-02	0.0000000000000000e+00	9.6910997680130895e+04
1.2810716709638400e-02	0.0000000000000000e+00	9.6932877320792206e+04
1.2828170002158299e-02	0.0000000000000000e+00	9.7061478082237998e+04
1.2845623294678300e-02	0.0000000000000000e+00	9.7293997651621699e+04
1.2863076587198201e-02	0.0000000000000000e+00	9.7625395127319207e+04
1.2880529879718199e-02	0.0000000000000000e+00	9.8048448440072694e+04
1.2897983172238101e-02	0.0000000000000000e+00	9.8553846649813597e+04
1.2915436464758000e-02	0.0000000000000000e+00	9.9130318786577205e+04
1.2932889757278000e-02	0.0000000000000000e+00	9.9764797793191203e+04
1.2950343049797900e-02	0.0000000000000000e+00	1.0044263294033600e+05
1.2967796342317900e-02	0.0000000000000000e+00	1.0114785466277800e+05
1.2985249634837799e-02	0.0000000000000000e+00	1.0186349411399700e+05
1.3002702927357800e-02	0.0000000000000000e+00	1.0257195808015300e+05
1.3020156219877701e-02	0.0000000000000000e+00	1.0325545250868100e+05
1.3037609512397600e-02	0.0000000000000000e+00	1.0389645073712499e+05
1.3055062804917601e-02	0.0000000000000000e+00	1.0447819106127800e+05
1.3072516097437500e-02	0.0000000000000000e+00	1.0498518390591900e+05
1.3089969389957500e-02	0.0000000000000000e+00	1.0540370984414600e+05
1.3107422682477400e-02	0.0000000000000000e+00	1.0572228214151099e+05
1.3124875974997400e-02	0.0000000000000000e+00	1.0593205084255899e+05
1.3142329267517299e-02	0.0000000000000000e+00	1.0602712452176600e+05
1.3159782560037201e-02	0.0000000000000000e+00	1.0600479027322300e+05
1.3177235852557199e-02	0.0000000000000000e+00	1.0586561983391800e+05
1.3194689145077100e-02	0.0000000000000000e+00	1.0561345172529100e+05
1.3212142437597101e-02	0.0000000000000000e+00	1.0525525417160599e+05
1.3229595730117000e-02	0.0000000000000000e+00	1.0480087365139399e+05
1.3247049022637000e-02	0.0000000000000000e+00	1.0426268789130299e+05
1.3264502315156900e-02	0.0000000000000000e+00	1.0365517854395600e+05
1.3281955607676799e-02	0.0000000000000000e+00	1.0299445103105799e+05
1.3299408900196799e-02	0.0000000000000000e+00	1.0229772358023500e+05
1.3316862192716701e-02	0.0000000000000000e+00	1.0158281430081700e+05
1.3334315485236699e-02	0.0000000000000000e+00	1.0086763997870400e+05
1.3351768777756600e-02	0.0000000000000000e+00	1.0016974953415600e+05
1.3369222070276601e-02	0.0000000000000000e+00	9.9505903536551006e+04
1.3386675362796500e-02	0.0000000000000000e+00	9.8891706704703203e+04
1.3404128655316400e-02	0.0000000000000000e+00	9.8341298677002502e+04
1.3421581947836400e-02	0.0000000000000000e+00	9.7867102538489693e+04
1.3439035240356299e-02	0.0000000000000000e+00	9.7479627274718805e+04
1.3456488532876299e-02	0.0000000000000000e+00	9.7187319239570395e+04
1.3473941825396201e-02	0.0000000000000000e+00	9.6996455425963999e+04
1.3491395117916199e-02	0.0000000000000000e+00	9.6911074264086594e+04
1.3508848410436100e-02	0.0000000000000000e+00	9.6932939367166604e+04
1.3526301702956101e-02	0.0000000000000000e+00	9.7061525840756702e+04
1.3543754995476000e-02	0.0000000000000000e+00	9.7294031184610096e+04
1.3561208287995900e-02	0.0000000000000000e+00	9.7625413547431002e+04
1.3578661580515900e-02	0.0000000000000000e+00	9.8048452442630296e+04
1.3596114873035799e-02	0.0000000000000000e+00	9.8553836956067098e+04
1.3613568165555799e-02	0.0000000000000000e+00	9.9130294972408505e+04
1.3631021458075701e-02	0.0000000000000000e+00	9.9764759804071800e+04
1.3648474750595699e-02	0.0000000000000000e+00	1.0044258116440200e+05
1.3665928043115600e-02	0.0000000000000000e+00	1.0114778911698800e+05
1.3683381335635500e-02	0.0000000000000000e+00	1.0186341532789700e+05
1.3700834628155500e-02	0.0000000000000000e+00	1.0257186650121500e+05
1.3718287920675400e-02	0.0000000000000000e+00	1.0325534832088499e+05
1.3735741213195400e-02	0.0000000000000000e+00	1.0389633448467900e+05
1.3753194505715299e-02	0.0000000000000000e+00	1.0447806322239900e+05
1.3770647798235299e-02	0.0000000000000000e+00	1.0498504519050500e+05
1.3788101090755201e-02	0.0000000000000000e+00	1.0540356097476200e+05
1.3805554383275100e-02	0.0000000000000000e+00	1.0572212386822600e+05
1.3823007675795100e-02	0.0000000000000000e+00	1.0593188424349899e+05
1.3840460968315000e-02	0.0000000000000000e+00	1.0602695039220300e+05
1.3857914260835000e-02	0.0000000000000000e+00	1.0600460992864100e+05
1.3875367553354900e-02	0.0000000000000000e+00	1.0586543416344500e+05
1.3892820845874900e-02	0.0000000000000000e+00	1.0561326196257400e+05
1.3910274138394799e-02	0.0000000000000000e+00	1.0525506155851700e+05
1.3927727430914701e-02	0.0000000000000000e+00	1.0480067928042699e+05
1.3945180723434701e-02	0.0000000000000000e+00	1.0426249270878101e+05
1.3962634015954600e-02	0.0000000000000000e+00	1.0365498348149900e+05
1.3980087308474600e-02	0.0000000000000000e+00	1.0299425712328400e+05
1.3997540600994500e-02	0.0000000000000000e+00	1.0229753178627000e+05
1.4014993893514500e-02	0.0000000000000000e+00	1.0158262533724699e+05
1.4032447186034400e-02	0.0000000000000000e+00	1.0086745464192099e+05
1.4049900478554400e-02	0.0000000000000000e+00	1.0016956832705101e+05
1.4067353771074299e-02	0.0000000000000000e+00	9.9505727078828597e+04
1.4084807063594201e-02	0.0000000000000000e+00	9.8891535784181600e+04
1.4102260356114201e-02	0.0000000000000000e+00	9.8341133947598195e+04
1.4119713648634100e-02	0.0000000000000000e+00	9.7866944341490904e+04
1.4137166941154100e-02	0.0000000000000000e+00	9.7479476155762502e+04
1.4154620233674000e-02	0.0000000000000000e+00	9.7187175150330600e+04
1.4172073526194000e-02	0.0000000000000000e+00	9.6996318583213302e+04
1.4189526818713900e-02	0.0000000000000000e+00	9.6910944709004005e+04
1.4206980111233799e-02	0.0000000000000000e+00	9.6932817588527600e+04
1.4224433403753799e-02	0.0000000000000000e+00	9.7061411868342897e+04
1.4241886696273701e-02	0.0000000000000000e+00	9.7293925200931597e+04
1.4259339988793701e-02	0.0000000000000000e+00	9.7625316354011695e+04
1.4276793281313600e-02	0.0000000000000000e+00	9.8048363889910004e+04
1.4294246573833600e-02	0.0000000000000000e+00	9.8553756816122797e+04
1.4311699866353500e-02	0.0000000000000000e+00	9.9130223648847299e+04
1.4329153158873400e-02	0.0000000000000000e+00	9.9764697832325401e+04
1.4346606451393400e-02	0.0000000000000000e+00	1.0044252854433699e+05
1.4364059743913299e-02	0.0000000000000000e+00	1.0114774622145000e+05
1.4381513036433299e-02	0.0000000000000000e+00	1.0186338217516799e+05
1.4398966328953201e-02	0.0000000000000000e+00	1.0257184311799300e+05
1.4416419621473201e-02	0.0000000000000000e+00	1.0325533503340901e+05
1.4433872913993100e-02	0.0000000000000000e+00	1.0389633133506100e+05
1.4451326206513000e-02	0.0000000000000000e+00	1.0447807032461400e+05
1.4468779499033000e-02	0.0000000000000000e+00	1.0498506246928900e+05
1.4486232791552900e-02	0.0000000000000000e+00	1.0540358831937901e+05
1.4503686084072900e-02	0.0000000000000000e+00	1.0572216124702900e+05
1.4521139376592799e-02	0.0000000000000000e+00	1.0593193113552200e+05
1.4538592669112799e-02	0.0000000000000000e+00	1.0602700667279800e+05
1.4556045961632701e-02	0.0000000000000000e+00	1.0600467504065100e+05
1.4573499254152701e-02	0.0000000000000000e+00	1.0586550764236100e+05
1.4590952546672600e-02	0.0000000000000000e+00	1.0561334324151500e+05
1.4608405839192500e-02	0.0000000000000000e+00	1.0525514908177800e+05
1.4625859131712500e-02	0.0000000000000000e+00	1.0480077279782100e+05
1.4643312424232400e-02	0.0000000000000000e+00	1.0426259177062599e+05
1.4660765716752400e-02	0.0000000000000000e+00	1.0365508770977501e+05
1.4678219009272299e-02	0.0000000000000000e+00	1.0299436574759900e+05
1.4695672301792299e-02	0.0000000000000000e+00	1.0229764406923800e+05
1.4713125594312201e-02	0.0000000000000000e+00	1.0158274076022800e+05
1.4730578886832100e-02	0.0000000000000000e+00	1.0086757252877401e+05
1.4748032179352100e-02	0.0000000000000000e+00	1.0016968825596001e+05
1.4765485471872000e-02	0.0000000000000000e+00	9.9505848473468999e+04
1.4782938764392000e-02	0.0000000000000000e+00	9.8891657813904501e+04
1.4800392056911900e-02	0.0000000000000000e+00	9.8341255904387901e+04
1.4817845349431900e-02	0.0000000000000000e+00	9.7867065768250206e+04
1.4835298641951799e-02	0.0000000000000000e+00	9.7479596725698793e+04
1.4852751934471701e-02	0.0000000000000000e+00	9.7187294681498606e+04
1.4870205226991701e-02	0.0000000000000000e+00	9.6996436682475905e+04
1.4887658519511600e-02	0.0000000000000000e+00	9.6911061456200405e+04
1.4905111812031600e-02	0.0000000000000000e+00	9.6932932516884903e+04
1.4922565104551500e-02	0.0000000000000000e+00	9.7061524783956804e+04
1.4940018397071500e-02	0.0000000000000000e+00	9.7294035967049902e+04
1.4957471689591400e-02	0.0000000000000000e+00	9.7625424142335702e+04
1.4974924982111301e-02	0.0000000000000000e+00	9.8048468783757897e+04
1.4992378274631299e-02	0.0000000000000000e+00	9.8553858822466602e+04
1.5009831567151201e-02	0.0000000000000000e+00	9.9130322251024205e+04
1.5027284859671201e-02	0.0000000000000000e+00	9.9764792479028503e+04
1.5044738152191100e-02	0.0000000000000000e+00	1.0044261905783700e+05
1.5062191444711100e-02	0.0000000000000000e+00	1.0114783205664001e+05
1.5079644737231000e-02	0.0000000000000000e+00	1.0186346315192600e+05
1.5097098029750899e-02	0.0000000000000000e+00	1.0257191900632399e+05
1.5114551322270900e-02	0.0000000000000000e+00	1.0325540526636000e+05
1.5132004614790801e-02	0.0000000000000000e+00	1.0389639560016801e+05
1.5149457907310799e-02	0.0000000000000000e+00	1.0447812818132000e+05
1.5166911199830701e-02	0.0000000000000000e+00	1.0498511368033000e+05
1.5184364492350701e-02	0.0000000000000000e+00	1.0540363255781701e+05
1.5201817784870600e-02	0.0000000000000000e+00	1.0572219822640999e+05
1.5219271077390600e-02	0.0000000000000000e+00	1.0593196091588199e+05
1.5236724369910500e-02	0.0000000000000000e+00	1.0602702891376900e+05
1.5254177662430399e-02	0.0000000000000000e+00	1.0600468992331100e+05
1.5271630954950400e-02	0.0000000000000000e+00	1.0586551509645600e+05
1.5289084247470301e-02	0.0000000000000000e+00	1.0561334346583601e+05
1.5306537539990299e-02	0.0000000000000000e+00	1.0525514305880800e+05
1.5323990832510201e-02	0.0000000000000000e+00	1.0480076054777500e+05
1.5341444125030201e-02	0.0000000000000000e+00	1.0426257309410500e+05
1.5358897417550100e-02	0.0000000000000000e+00	1.0365506267919599e+05
1.5376350710070000e-02	0.0000000000000000e+00	1.0299433481499000e+05
1.5393804002590000e-02	0.0000000000000000e+00	1.0229760770519800e+05
1.5411257295109899e-02	0.0000000000000000e+00	1.0158269919564899e+05
1.5428710587629900e-02	0.0000000000000000e+00	1.0086752619732200e+05
1.5446163880149801e-02	0.0000000000000000e+00	1.0016963735864300e+05
1.5463617172669799e-02	0.0000000000000000e+00	9.9505793350351902e+04
1.5481070465189701e-02	0.0000000000000000e+00	9.8891599098218503e+04
1.5498523757709600e-02	0.0000000000000000e+00	9.8341194154698896e+04
1.5515977050229600e-02	0.0000000000000000e+00	9.7867001286742903e+04
1.5533430342749500e-02	0.0000000000000000e+00	9.7479529719083002e+04
1.5550883635269500e-02	0.0000000000000000e+00	9.7187225230815398e+04
1.5568336927789399e-02	0.0000000000000000e+00	9.6996365107870806e+04
1.5585790220309400e-02	0.0000000000000000e+00	9.6910987698777404e+04
1.5603243512829299e-02	0.0000000000000000e+00	9.6932857016830705e+04
1.5620696805349200e-02	0.0000000000000000e+00	9.7061447669729401e+04
1.5638150097869199e-02	0.0000000000000000e+00	9.7293957332391103e+04
1.5655603390389100e-02	0.0000000000000000e+00	9.7625344779276304e+04
1.5673056682909099e-02	0.0000000000000000e+00	9.8048388552147095e+04
1.5690509975429000e-02	0.0000000000000000e+00	9.8553777651817101e+04
1.5707963267949002e-02	0.0000000000000000e+00	9.9130240575267104e+04
1.5725416560468899e-02	0.0000000000000000e+00	9.9764710788280005e+04
1.5742869852988801e-02	0.0000000000000000e+00	1.0044253746599700e+05
1.5760323145508799e-02	0.0000000000000000e+00	1.0114775105058499e+05
1.5777776438028700e-02	0.0000000000000000e+00	1.0186338288267600e+05
1.5795229730548699e-02	0.0000000000000000e+00	1.0257183967929400e+05
1.5812683023068600e-02	0.0000000000000000e+00	1.0325532744728400e+05
1.5830136315588599e-02	0.0000000000000000e+00	1.0389631963972900e+05
1.5847589608108500e-02	0.0000000000000000e+00	1.0447805457085501e+05
1.5865042900628502e-02	0.0000000000000000e+00	1.0498504273470800e+05
1.5882496193148399e-02	0.0000000000000000e+00	1.0540356474133700e+05
1.5899949485668301e-02	0.0000000000000000e+00	1.0572213395449700e+05
1.5917402778188299e-02	0.0000000000000000e+00	1.0593190033630600e+05
1.5934856070708200e-02	0.0000000000000000e+00	1.0602697255551101e+05
1.5952309363228199e-02	0.0000000000000000e+00	1.0600463774598901e+05
1.5969762655748100e-02	0.0000000000000000e+00	1.0586546752491601e+05
1.5987215948268099e-02	0.0000000000000000e+00	1.0561330057758700e+05
1.6004669240788000e-02	0.0000000000000000e+00	1.0525510473593501e+05
1.6022122533307901e-02	0.0000000000000000e+00	1.0480072683913499e+05
1.6039575825827899e-02	0.0000000000000000e+00	1.0426254417570800e+05
1.6057029118347801e-02	0.0000000000000000e+00	1.0365503880121300e+05
1.6074482410867799e-02	0.0000000000000000e+00	1.0299431562769299e+05
1.6091935703387700e-02	0.0000000000000000e+00	1.0229759304461200e+05
1.6109388995907699e-02	0.0000000000000000e+00	1.0158268909397699e+05
1.6126842288427600e-02	0.0000000000000000e+00	1.0086752049313200e+05
1.6144295580947501e-02	0.0000000000000000e+00	1.0016963612060300e+05
1.6161748873467500e-02	0.0000000000000000e+00	9.9505796386457703e+04
1.6179202165987401e-02	0.0000000000000000e+00	9.8891605873337598e+04
1.6196655458507399e-02	0.0000000000000000e+00	9.8341204202847803e+04
1.6214108751027301e-02	0.0000000000000000e+00	9.7867014462922802e+04
1.6231562043547299e-02	0.0000000000000000e+00	9.7479546106560796e+04
1.6249015336067200e-02	0.0000000000000000e+00	9.7187244812054094e+04
1.6266468628587199e-02	0.0000000000000000e+00	9.6996387728912698e+04
1.6283921921107100e-02	0.0000000000000000e+00	9.6911013471477097e+04
1.6301375213627001e-02	0.0000000000000000e+00	9.6932885735200703e+04
1.6318828506147000e-02	0.0000000000000000e+00	9.7061479297914397e+04
1.6336281798666901e-02	0.0000000000000000e+00	9.7293991880731497e+04
1.6353735091186899e-02	0.0000000000000000e+00	9.7625381730762194e+04
1.6371188383706801e-02	0.0000000000000000e+00	9.8048428086487300e+04
1.6388641676226799e-02	0.0000000000000000e+00	9.8553819867381200e+04
1.6406094968746700e-02	0.0000000000000000e+00	9.9130285138669598e+04
1.6423548261266602e-02	0.0000000000000000e+00	9.9764757492867604e+04
1.6441001553786600e-02	0.0000000000000000e+00	1.0044258623715000e+05
1.6458454846306501e-02	0.0000000000000000e+00	1.0114780171348400e+05
1.6475908138826500e-02	0.0000000000000000e+00	1.0186343514609500e+05
1.6493361431346401e-02	0.0000000000000000e+00	1.0257189326254000e+05
1.6510814723866400e-02	0.0000000000000000e+00	1.0325538211020800e+05
1.6528268016386301e-02	0.0000000000000000e+00	1.0389637516937801e+05
1.6545721308906199e-02	0.0000000000000000e+00	1.0447811060319599e+05
1.6563174601426200e-02	0.0000000000000000e+00	1.0498509905021600e+05
1.6580627893946102e-02	0.0000000000000000e+00	1.0540362104198700e+05
1.6598081186466100e-02	0.0000000000000000e+00	1.0572218981618200e+05
1.6615534478986001e-02	0.0000000000000000e+00	1.0593195562425200e+05
1.6632987771506000e-02	0.0000000000000000e+00	1.0602702686419700e+05
1.6650441064025901e-02	0.0000000000000000e+00	1.0600469084733800e+05
1.6667894356545799e-02	0.0000000000000000e+00	1.0586551919350600e+05
1.6685347649065801e-02	0.0000000000000000e+00	1.0561335039835500e+05
1.6702800941585699e-02	0.0000000000000000e+00	1.0525515242881799e+05
1.6720254234105700e-02	0.0000000000000000e+00	1.0480077193191800e+05
1.6737707526625598e-02	0.0000000000000000e+00	1.0426258711168800e+05
1.6755160819145600e-02	0.0000000000000000e+00	1.0365507922768399e+05
1.6772614111665501e-02	0.0000000000000000e+00	1.0299435387601600e+05
1.6790067404185399e-02	0.0000000000000000e+00	1.0229762903903599e+05
1.6807520696705401e-02	0.0000000000000000e+00	1.0158272250164600e+05
1.6824973989225299e-02	0.0000000000000000e+00	1.0086755108551300e+05
1.6842427281745301e-02	0.0000000000000000e+00	1.0016966360591700e+05
1.6859880574265199e-02	0.0000000000000000e+00	9.9505820456472298e+04
1.6877333866785200e-02	0.0000000000000000e+00	9.8891626312371198e+04
1.6894787159305098e-02	0.0000000000000000e+00	9.8341220854106403e+04
1.6912240451825100e-02	0.0000000000000000e+00	9.7867027299662004e+04
1.6929693744345001e-02	0.0000000000000000e+00	9.7479555210465900e+04
1.6947147036864899e-02	0.0000000000000000e+00	9.7187250253713602e+04
1.6964600329384901e-02	0.0000000000000000e+00	9.6996389732942407e+04
1.6982053621904799e-02	0.0000000000000000e+00	9.6911013058660901e+04
1.6999506914424801e-02	0.0000000000000000e+00	9.6932881975330994e+04
1.7016960206944699e-02	0.0000000000000000e+00	9.7061472283338197e+04
1.7034413499464700e-02	0.0000000000000000e+00	9.7293981867949406e+04
1.7051866791984598e-02	0.0000000000000000e+00	9.7625368169881403e+04
1.7069320084504500e-02	0.0000000000000000e+00	9.8048411061234394e+04
1.7086773377024501e-02	0.0000000000000000e+00	9.8553800054579100e+04
1.7104226669544399e-02	0.0000000000000000e+00	9.9130263391332803e+04
1.7121679962064401e-02	0.0000000000000000e+00	9.9764733440566895e+04
1.7139133254584299e-02	0.0000000000000000e+00	1.0044255991071700e+05
1.7156586547104301e-02	0.0000000000000000e+00	1.0114777348952300e+05
1.7174039839624199e-02	0.0000000000000000e+00	1.0186340519270601e+05
1.7191493132144100e-02	0.0000000000000000e+00	1.0257186181403500e+05
1.7208946424664098e-02	0.0000000000000000e+00	1.0325534928071599e+05
1.7226399717184000e-02	0.0000000000000000e+00	1.0389634102707100e+05
1.7243853009704001e-02	0.0000000000000000e+00	1.0447807534721500e+05
1.7261306302223899e-02	0.0000000000000000e+00	1.0498506286388000e+05
1.7278759594743901e-02	0.0000000000000000e+00	1.0540358394963499e+05
1.7296212887263799e-02	0.0000000000000000e+00	1.0572215214637300e+05
1.7313666179783700e-02	0.0000000000000000e+00	1.0593191750036999e+05
1.7331119472303699e-02	0.0000000000000000e+00	1.0602698835963900e+05
1.7348572764823600e-02	0.0000000000000000e+00	1.0600465235391101e+05
1.7366026057343598e-02	0.0000000000000000e+00	1.0586548073533300e+05
1.7383479349863500e-02	0.0000000000000000e+00	1.0561331206964000e+05
1.7400932642383501e-02	0.0000000000000000e+00	1.0525511405528800e+05
1.7418385934903399e-02	0.0000000000000000e+00	1.0480073422000901e+05
1.7435839227423401e-02	0.0000000000000000e+00	1.0426254988551600e+05
1.7453292519943299e-02	0.0000000000000000e+00	1.0365504315279900e+05
1.7470745812463200e-02	0.0000000000000000e+00	1.0299431849814100e+05
1.7488199104983199e-02	0.0000000000000000e+00	1.0229759444033400e+05
1.7505652397503100e-02	0.0000000000000000e+00	1.0158268915873300e+05
1.7523105690023098e-02	0.0000000000000000e+00	1.0086751931886699e+05
1.7540558982543000e-02	0.0000000000000000e+00	1.0016963378917200e+05
1.7558012275063001e-02	0.0000000000000000e+00	9.9505792908813994e+04
1.7575465567582899e-02	0.0000000000000000e+00	9.8891601207344094e+04
1.7592918860102801e-02	0.0000000000000000e+00	9.8341198212360207e+04
1.7610372152622799e-02	0.0000000000000000e+00	9.7867007555858596e+04
1.7627825445142700e-02	0.0000000000000000e+00	9.7479538039357896e+04
1.7645278737662699e-02	0.0000000000000000e+00	9.7187235545685602e+04
1.7662732030182600e-02	0.0000000000000000e+00	9.6996377874998201e+04
1.7680185322702598e-02	0.0000000000000000e+00	9.6911003038921102e+04
1.7697638615222500e-02	0.0000000000000000e+00	9.6932874263322199e+04
1.7715091907742401e-02	0.0000000000000000e+00	9.7061466953562107e+04
1.7732545200262399e-02	0.0000000000000000e+00	9.7293978600489703e+04
1.7749998492782301e-02	0.0000000000000000e+00	9.7625367360856602e+04
1.7767451785302299e-02	0.0000000000000000e+00	9.8048412258749595e+04
1.7784905077822200e-02	0.0000000000000000e+00	9.8553803610450093e+04
1.7802358370342199e-02	0.0000000000000000e+00	9.9130268704636299e+04
1.7819811662862100e-02	0.0000000000000000e+00	9.9764740474683596e+04
1.7837264955382001e-02	0.0000000000000000e+00	1.0044256886807100e+05
1.7854718247902000e-02	0.0000000000000000e+00	1.0114778413984401e+05
1.7872171540421901e-02	0.0000000000000000e+00	1.0186341757835400e+05
1.7889624832941899e-02	0.0000000000000000e+00	1.0257187593458100e+05
1.7907078125461801e-02	0.0000000000000000e+00	1.0325536497857100e+05
1.7924531417981799e-02	0.0000000000000000e+00	1.0389635828019200e+05
1.7941984710501700e-02	0.0000000000000000e+00	1.0447809398458101e+05
1.7959438003021699e-02	0.0000000000000000e+00	1.0498508281106000e+05
1.7976891295541600e-02	0.0000000000000000e+00	1.0540360510879700e+05
1.7994344588061501e-02	0.0000000000000000e+00	1.0572217437390900e+05
1.8011797880581500e-02	0.0000000000000000e+00	1.0593194070773100e+05
1.8029251173101401e-02	0.0000000000000000e+00	1.0602701240112100e+05
1.8046704465621399e-02	0.0000000000000000e+00	1.0600467705715699e+05
1.8064157758141301e-02	0.0000000000000000e+00	1.0586550586916800e+05
1.8081611050661299e-02	0.0000000000000000e+00	1.0561333783805600e+05
1.8099064343181200e-02	0.0000000000000000e+00	1.0525514097366000e+05
1.8116517635701102e-02	0.0000000000000000e+00	1.0480076186776700e+05
1.8133970928221100e-02	0.0000000000000000e+00	1.0426257773547100e+05
1.8151424220741001e-02	0.0000000000000000e+00	1.0365507051108600e+05
1.8168877513261000e-02	0.0000000000000000e+00	1.0299434570498900e+05
1.8186330805780901e-02	0.0000000000000000e+00	1.0229762148132799e+05
1.8203784098300899e-02	0.0000000000000000e+00	1.0158271569981400e+05
1.8221237390820801e-02	0.0000000000000000e+00	1.0086754526053900e+05
1.8238690683340698e-02	0.0000000000000000e+00	1.0016965881814100e+05
1.8256143975860700e-02	0.0000000000000000e+00	9.9505817058906396e+04
1.8273597268380602e-02	0.0000000000000000e+00	9.8891624900825205e+04
1.8291050560900600e-02	0.0000000000000000e+00	9.8341221878762604e+04
1.8308503853420501e-02	0.0000000000000000e+00	9.7867030820052503e+04
1.8325957145940500e-02	0.0000000000000000e+00	9.7479560904833605e+04
1.8343410438460401e-02	0.0000000000000000e+00	9.7187257892834896e+04
1.8360863730980299e-02	0.0000000000000000e+00	9.6996399189306598e+04
1.8378317023500301e-02	0.0000000000000000e+00	9.6911023088454705e+04
1.8395770316020198e-02	0.0000000000000000e+00	9.6932893676153704e+04
1.8413223608540200e-02	0.0000000000000000e+00	9.7061485456086404e+04
1.8430676901060102e-02	0.0000000000000000e+00	9.7293996148299004e+04
1.8448130193580100e-02	0.0000000000000000e+00	9.7625384464165996e+04
1.8465583486100001e-02	0.0000000000000000e+00	9.8048429008156003e+04
1.8483036778619899e-02	0.0000000000000000e+00	9.8553818765241696e+04
1.8500490071139901e-02	0.0000000000000000e+00	9.9130282142041906e+04
1.8517943363659799e-02	0.0000000000000000e+00	9.9764752673267300e+04
1.8535396656179801e-02	0.0000000000000000e+00	1.0044257951273200e+05
1.8552849948699698e-02	0.0000000000000000e+00	1.0114779284760800e+05
1.8570303241219700e-02	0.0000000000000000e+00	1.0186342459354800e+05
1.8587756533739602e-02	0.0000000000000000e+00	1.0257188126964201e+05
1.8605209826259600e-02	0.0000000000000000e+00	1.0325536851532799e+05
1.8622663118779501e-02	0.0000000000000000e+00	1.0389635997708399e+05
1.8640116411299399e-02	0.0000000000000000e+00	1.0447809396866499e+05
1.8657569703819401e-02	0.0000000000000000e+00	1.0498508090622000e+05
1.8675022996339299e-02	0.0000000000000000e+00	1.0540360151392499e+05
1.8692476288859301e-02	0.0000000000000000e+00	1.0572216897623800e+05
1.8709929581379198e-02	0.0000000000000000e+00	1.0593193362667500e+05
1.8727382873899200e-02	0.0000000000000000e+00	1.0602700377366300e+05
1.8744836166419102e-02	0.0000000000000000e+00	1.0600466694655200e+05
1.8762289458938999e-02	0.0000000000000000e+00	1.0586549448563400e+05
1.8779742751459001e-02	0.0000000000000000e+00	1.0561332513331799e+05
1.8797196043978899e-02	0.0000000000000000e+00	1.0525512722961100e+05
1.8814649336498901e-02	0.0000000000000000e+00	1.0480074733064001e+05
1.8832102629018799e-02	0.0000000000000000e+00	1.0426256278273600e+05
1.8849555921538801e-02	0.0000000000000000e+00	1.0365505486711201e+05
1.8867009214058698e-02	0.0000000000000000e+00	1.0299432941214800e+05
1.8884462506578600e-02	0.0000000000000000e+00	1.0229760451775300e+05
1.8901915799098602e-02	0.0000000000000000e+00	1.0158269818113200e+05
1.8919369091618499e-02	0.0000000000000000e+00	1.0086752714125000e+05
1.8936822384138501e-02	0.0000000000000000e+00	1.0016964025701000e+05
1.8954275676658399e-02	0.0000000000000000e+00	9.9505798170162205e+04
1.8971728969178401e-02	0.0000000000000000e+00	9.8891605785752094e+04
1.8989182261698299e-02	0.0000000000000000e+00	9.8341202493883102e+04
1.9006635554218200e-02	0.0000000000000000e+00	9.7867011473524894e+04
1.9024088846738198e-02	0.0000000000000000e+00	9.7479541400177099e+04
1.9041542139258100e-02	0.0000000000000000e+00	9.7187238370363499e+04
1.9058995431778102e-02	0.0000000000000000e+00	9.6996379572266102e+04
1.9076448724297999e-02	0.0000000000000000e+00	9.6911003400632399e+04
1.9093902016818001e-02	0.0000000000000000e+00	9.6932874105755400e+04
1.9111355309337899e-02	0.0000000000000000e+00	9.7061466226798104e+04
1.9128808601857800e-02	0.0000000000000000e+00	9.7293977325048705e+04
1.9146261894377799e-02	0.0000000000000000e+00	9.7625366578731206e+04
1.9163715186897700e-02	0.0000000000000000e+00	9.8048411467788304e+04
1.9181168479417698e-02	0.0000000000000000e+00	9.8553801388403605e+04
1.9198621771937600e-02	0.0000000000000000e+00	9.9130265515572406e+04
1.9216075064457602e-02	0.0000000000000000e+00	9.9764736561888101e+04
1.9233528356977499e-02	0.0000000000000000e+00	1.0044256385993100e+05
1.9250981649497501e-02	0.0000000000000000e+00	1.0114777803462101e+05
1.9268434942017399e-02	0.0000000000000000e+00	1.0186341022227000e+05
1.9285888234537300e-02	0.0000000000000000e+00	1.0257186727228601e+05
1.9303341527057299e-02	0.0000000000000000e+00	1.0325535515709200e+05
1.9320794819577200e-02	0.0000000000000000e+00	1.0389634724832101e+05
1.9338248112097198e-02	0.0000000000000000e+00	1.0447808195305899e+05
1.9355701404617100e-02	0.0000000000000000e+00	1.0498506972172200e+05
1.9373154697137102e-02	0.0000000000000000e+00	1.0540359120943300e+05
1.9390607989656999e-02	0.0000000000000000e+00	1.0572215967359301e+05
1.9408061282176901e-02	0.0000000000000000e+00	1.0593192530026899e+05
1.9425514574696899e-02	0.0000000000000000e+00	1.0602699662319300e+05
1.9442967867216800e-02	0.0000000000000000e+00	1.0600466075578200e+05
1.9460421159736799e-02	0.0000000000000000e+00	1.0586548943944499e+05
1.9477874452256700e-02	0.0000000000000000e+00	1.0561332111882399e+05
1.9495327744776698e-02	0.0000000000000000e+00	1.0525512429813700e+05
1.9512781037296600e-02	0.0000000000000000e+00	1.0480074547049899e+05
1.9530234329816501e-02	0.0000000000000000e+00	1.0426256194779099e+05
1.9547687622336499e-02	0.0000000000000000e+00	1.0365505516803400e+05
1.9565140914856401e-02	0.0000000000000000e+00	1.0299433069899899e+05
1.9582594207376399e-02	0.0000000000000000e+00	1.0229760674778900e+05
1.9600047499896300e-02	0.0000000000000000e+00	1.0158270134580100e+05
1.9617500792416299e-02	0.0000000000000000e+00	1.0086753120896200e+05
1.9634954084936200e-02	0.0000000000000000e+00	1.0016964521834700e+05
1.9652407377456101e-02	0.0000000000000000e+00	9.9505803963964005e+04
1.9669860669976100e-02	0.0000000000000000e+00	9.8891612192088898e+04
1.9687313962496001e-02	0.0000000000000000e+00	9.8341209436423494e+04
1.9704767255015999e-02	0.0000000000000000e+00	9.7867018794146905e+04
1.9722220547535901e-02	0.0000000000000000e+00	9.7479549035072298e+04
1.9739673840055899e-02	0.0000000000000000e+00	9.7187246686568906e+04
1.9757127132575800e-02	0.0000000000000000e+00	9.6996388785638104e+04
1.9774580425095799e-02	0.0000000000000000e+00	9.6911013467407203e+04
1.9792033717615700e-02	0.0000000000000000e+00	9.6932884350277804e+04
1.9809487010135601e-02	0.0000000000000000e+00	9.7061476764219595e+04
1.9826940302655600e-02	0.0000000000000000e+00	9.7293988015938696e+04
1.9844393595175501e-02	0.0000000000000000e+00	9.7625376395372805e+04
1.9861846887695499e-02	0.0000000000000000e+00	9.8048421077217004e+04
1.9879300180215401e-02	0.0000000000000000e+00	9.8553811803928606e+04
1.9896753472735399e-02	0.0000000000000000e+00	9.9130276165973395e+04
1.9914206765255300e-02	0.0000000000000000e+00	9.9764747267515195e+04
1.9931660057775202e-02	0.0000000000000000e+00	1.0044257504324900e+05
1.9949113350295200e-02	0.0000000000000000e+00	1.0114778952618800e+05
1.9966566642815101e-02	0.0000000000000000e+00	1.0186342222905300e+05
1.9984019935335100e-02	0.0000000000000000e+00	1.0257187984433799e+05
2.0001473227855001e-02	0.0000000000000000e+00	1.0325536807611200e+05
2.0018926520374999e-02	0.0000000000000000e+00	1.0389636055975901e+05
2.0036379812894901e-02	0.0000000000000000e+00	1.0447809542928400e+05
2.0053833105414798e-02	0.0000000000000000e+00	1.0498508341398201e+05
2.0071286397934800e-02	0.0000000000000000e+00	1.0540360486152100e+05
2.0088739690454702e-02	0.0000000000000000e+00	1.0572217330121000e+05
2.0106192982974700e-02	0.0000000000000000e+00	1.0593193878986400e+05
2.0123646275494601e-02	0.0000000000000000e+00	1.0602700973430900e+05
2.0141099568014600e-02	0.0000000000000000e+00	1.0600467370801501e+05
2.0158552860534501e-02	0.0000000000000000e+00	1.0586550185001400e+05
2.0176006153054399e-02	0.0000000000000000e+00	1.0561333323083400e+05
2.0193459445574401e-02	0.0000000000000000e+00	1.0525513576258000e+05
2.0210912738094299e-02	0.0000000000000000e+00	1.0480075631559100e+05
2.0228366030614300e-02	0.0000000000000000e+00	1.0426257184407501e+05
2.0245819323134202e-02	0.0000000000000000e+00	1.0365506428214800e+05
2.0263272615654200e-02	0.0000000000000000e+00	1.0299433905075300e+05
2.0280725908174101e-02	0.0000000000000000e+00	1.0229761447844699e+05
2.0298179200694100e-02	0.0000000000000000e+00	1.0158270838627100e+05
2.0315632493214001e-02	0.0000000000000000e+00	1.0086753766941100e+05
2.0333085785733899e-02	0.0000000000000000e+00	1.0016965098624300e+05
2.0350539078253901e-02	0.0000000000000000e+00	9.9505809010996498e+04
2.0367992370773799e-02	0.0000000000000000e+00	9.8891616680695704e+04
2.0385445663293800e-02	0.0000000000000000e+00	9.8341213571399800e+04
2.0402898955813702e-02	0.0000000000000000e+00	9.7867022416598207e+04
2.0420352248333700e-02	0.0000000000000000e+00	9.7479552481538005e+04
2.0437805540853601e-02	0.0000000000000000e+00	9.7187249573648995e+04
2.0455258833373499e-02	0.0000000000000000e+00	9.6996390901848499e+04
2.0472712125893501e-02	0.0000000000000000e+00	9.6911014913159597e+04
2.0490165418413399e-02	0.0000000000000000e+00	9.6932885445621796e+04
2.0507618710933401e-02	0.0000000000000000e+00	9.7061477252674100e+04
2.0525072003453299e-02	0.0000000000000000e+00	9.7293988027034400e+04
2.0542525295973300e-02	0.0000000000000000e+00	9.7625376208572197e+04
2.0559978588493202e-02	0.0000000000000000e+00	9.8048420793981393e+04
2.0577431881013099e-02	0.0000000000000000e+00	9.8553810732717102e+04
2.0594885173533101e-02	0.0000000000000000e+00	9.9130274236060097e+04
2.0612338466052999e-02	0.0000000000000000e+00	9.9764744952612906e+04
2.0629791758573001e-02	0.0000000000000000e+00	1.0044257204328700e+05
2.0647245051092899e-02	0.0000000000000000e+00	1.0114778592115300e+05
2.0664698343612901e-02	0.0000000000000000e+00	1.0186341786679000e+05
2.0682151636132799e-02	0.0000000000000000e+00	1.0257187456229400e+05
2.0699604928652700e-02	0.0000000000000000e+00	1.0325536203599500e+05
2.0717058221172702e-02	0.0000000000000000e+00	1.0389635380628600e+05
2.0734511513692599e-02	0.0000000000000000e+00	1.0447808801997600e+05
2.0751964806212601e-02	0.0000000000000000e+00	1.0498507538545800e+05
2.0769418098732499e-02	0.0000000000000000e+00	1.0540359640817900e+05
2.0786871391252501e-02	0.0000000000000000e+00	1.0572216431845901e+05
2.0804324683772399e-02	0.0000000000000000e+00	1.0593192946588600e+05
2.0821777976292300e-02	0.0000000000000000e+00	1.0602700011186600e+05
2.0839231268812299e-02	0.0000000000000000e+00	1.0600466381932600e+05
2.0856684561332200e-02	0.0000000000000000e+00	1.0586549189295300e+05
2.0874137853852202e-02	0.0000000000000000e+00	1.0561332309774100e+05
2.0891591146372099e-02	0.0000000000000000e+00	1.0525512571918800e+05
2.0909044438892101e-02	0.0000000000000000e+00	1.0480074597001600e+05
2.0926497731411999e-02	0.0000000000000000e+00	1.0426256157129401e+05
2.0943951023932001e-02	0.0000000000000000e+00	1.0365505428322300e+05
