0.0000000000000000e+00	0.0000000000000000e+00	0.0000000000000000e+00
1.7453292519943300e-05	0.0000000000000000e+00	3.2300671096190707e+00
3.4906585039886600e-05	0.0000000000000000e+00	1.2602922270112275e+01
5.2359877559829903e-05	0.0000000000000000e+00	2.7195984123579709e+01
6.9813170079773199e-05	0.0000000000000000e+00	4.5570834554373391e+01
8.7266462599716496e-05	0.0000000000000000e+00	6.5973104549814408e+01
1.0471975511966000e-04	0.0000000000000000e+00	8.6546864230448463e+01
1.2217304763960301e-04	0.0000000000000000e+00	1.0557590266730843e+02
1.3962634015954599e-04	0.0000000000000000e+00	1.2165720896306786e+02
1.5707963267949001e-04	0.0000000000000000e+00	1.3380922326806007e+02
1.7453292519943299e-04	0.0000000000000000e+00	1.4151492453016243e+02
1.9198621771937600e-04	0.0000000000000000e+00	1.4470535021521937e+02
2.0943951023931999e-04	0.0000000000000000e+00	1.4373003753151613e+02
2.2689280275926300e-04	0.0000000000000000e+00	1.3918913247577510e+02
2.4434609527920601e-04	0.0000000000000000e+00	1.3193163784269620e+02
2.6179938779914903e-04	0.0000000000000000e+00	1.2295675058717458e+02
2.7925268031909301e-04	0.0000000000000000e+00	1.1334432923854493e+02
2.9670597283903603e-04	0.0000000000000000e+00	1.0422297307335829e+02
3.1415926535897898e-04	0.0000000000000000e+00	9.6893237657852168e+01
3.3161255787892303e-04	0.0000000000000000e+00	9.3016117462499736e+01
3.4906585039886598e-04	0.0000000000000000e+00	9.5428221368371226e+01
3.6651914291880900e-04	0.0000000000000000e+00	1.2931869235263343e+02
3.8397243543875201e-04	0.0000000000000000e+00	2.0131991321114972e+02
4.0142572795869599e-04	0.0000000000000000e+00	2.8267040721202022e+02
4.1887902047863901e-04	0.0000000000000000e+00	3.7140755227975637e+02
4.3633231299858202e-04	0.0000000000000000e+00	4.6505774060323228e+02
4.5378560551852601e-04	0.0000000000000000e+00	5.6062863129411073e+02
4.7123889803846902e-04	0.0000000000000000e+00	6.5468114601676973e+02
4.8869219055841203e-04	0.0000000000000000e+00	7.4342515480725478e+02
5.0614548307835602e-04	0.0000000000000000e+00	8.2298688623926444e+02
5.2359877559829903e-04	0.0000000000000000e+00	8.9011886738304702e+02
5.4105206811824204e-04	0.0000000000000000e+00	9.4170839473135538e+02
5.5850536063818505e-04	0.0000000000000000e+00	9.7692734161347698e+02
5.7595865315812904e-04	0.0000000000000000e+00	9.9887179344666049e+02
5.9341194567807205e-04	0.0000000000000000e+00	1.0109717596806792e+03
6.1086523819801496e-04	0.0000000000000000e+00	1.0120791363896561e+03
6.2831853071795905e-04	0.0000000000000000e+00	1.0002229046598696e+03
6.4577182323790196e-04	0.0000000000000000e+00	9.7379395892620437e+02
6.6322511575784497e-04	0.0000000000000000e+00	9.3168212339419358e+02
6.8067840827778798e-04	0.0000000000000000e+00	8.7344770303785810e+02
6.9813170079773197e-04	0.0000000000000000e+00	7.9952040883469112e+02
7.1558499331767498e-04	0.0000000000000000e+00	7.1125751025089380e+02
7.3303828583761799e-04	0.0000000000000000e+00	6.1134123437138794e+02
7.5049157835756198e-04	0.0000000000000000e+00	6.1435759192615797e+02
7.6794487087750499e-04	0.0000000000000000e+00	8.7656772539862038e+02
7.8539816339744800e-04	0.0000000000000000e+00	1.1351934093173563e+03
8.0285145591739199e-04	0.0000000000000000e+00	1.3820475674566565e+03
8.2030474843733500e-04	0.0000000000000000e+00	1.6086774685124874e+03
8.3775804095727801e-04	0.0000000000000000e+00	1.8066183817952553e+03
8.5521133347722102e-04	0.0000000000000000e+00	1.9676632962938961e+03
8.7266462599716501e-04	0.0000000000000000e+00	2.0841409852083775e+03
8.9011791851710802e-04	0.0000000000000000e+00	2.1497407586442605e+03
9.0757121103705104e-04	0.0000000000000000e+00	2.1607762593883817e+03
9.2502450355699502e-04	0.0000000000000000e+00	2.1230502634960685e+03
9.4247779607693804e-04	0.0000000000000000e+00	2.0500386916663792e+03
9.5993108859688105e-04	0.0000000000000000e+00	1.9577009609586198e+03
9.7738438111682406e-04	0.0000000000000000e+00	1.8472371652248737e+03
9.9483767363676805e-04	0.0000000000000000e+00	1.7140297631956419e+03
1.0122909661567101e-03	0.0000000000000000e+00	1.5553425625653883e+03
1.0297442586766500e-03	0.0000000000000000e+00	1.3710934526057181e+03
1.0471975511966000e-03	0.0000000000000000e+00	1.1645873075730419e+03
1.0646508437165401e-03	0.0000000000000000e+00	9.4282672817797470e+02
1.0821041362364800e-03	0.0000000000000000e+00	1.0188636878510762e+03
1.0995574287564300e-03	0.0000000000000000e+00	1.5402842343322809e+03
1.1170107212763701e-03	0.0000000000000000e+00	2.0547056671581372e+03
1.1344640137963100e-03	0.0000000000000000e+00	2.5489124685385509e+03
1.1519173063162600e-03	0.0000000000000000e+00	3.0071656265048005e+03
1.1693705988361999e-03	0.0000000000000000e+00	3.4144589464131091e+03
1.1868238913561400e-03	0.0000000000000000e+00	3.7569956524776153e+03
1.2042771838760900e-03	0.0000000000000000e+00	4.0253170376494154e+03
1.2217304763960299e-03	0.0000000000000000e+00	4.2086097144032374e+03
1.2391837689159700e-03	0.0000000000000000e+00	4.3078415470740529e+03
1.2566370614359201e-03	0.0000000000000000e+00	4.3306810090823219e+03
1.2740903539558599e-03	0.0000000000000000e+00	4.2971951513326321e+03
1.2915436464758000e-03	0.0000000000000000e+00	4.2152426409080936e+03
1.3089969389957501e-03	0.0000000000000000e+00	4.0790854827734138e+03
1.3264502315156899e-03	0.0000000000000000e+00	3.8828599174924434e+03
1.3439035240356300e-03	0.0000000000000000e+00	3.6243438836954933e+03
1.3613568165555801e-03	0.0000000000000000e+00	3.3045802353894105e+03
1.3788101090755199e-03	0.0000000000000000e+00	2.9289699790703671e+03
1.3962634015954600e-03	0.0000000000000000e+00	2.5061081451364116e+03
1.4137166941154101e-03	0.0000000000000000e+00	2.0502079808319681e+03
1.4311699866353500e-03	0.0000000000000000e+00	1.5808692866023048e+03
1.4486232791552900e-03	0.0000000000000000e+00	2.2594559179068724e+03
1.4660765716752401e-03	0.0000000000000000e+00	3.0790064781635642e+03
1.4835298641951800e-03	0.0000000000000000e+00	3.8508271271959625e+03
1.5009831567151201e-03	0.0000000000000000e+00	4.5524908432661587e+03
1.5184364492350699e-03	0.0000000000000000e+00	5.1635506838537258e+03
1.5358897417550100e-03	0.0000000000000000e+00	5.6656865995780026e+03
1.5533430342749501e-03	0.0000000000000000e+00	6.0394326314769060e+03
1.5707963267948999e-03	0.0000000000000000e+00	6.2773413746919668e+03
1.5882496193148400e-03	0.0000000000000000e+00	6.3798572204336224e+03
1.6057029118347801e-03	0.0000000000000000e+00	6.3656253897296392e+03
1.6231562043547299e-03	0.0000000000000000e+00	6.2650618822136239e+03
1.6406094968746700e-03	0.0000000000000000e+00	6.0910186708308620e+03
1.6580627893946101e-03	0.0000000000000000e+00	5.8333790679899612e+03
1.6755160819145599e-03	0.0000000000000000e+00	5.4839937560183462e+03
1.6929693744345000e-03	0.0000000000000000e+00	5.0410464801852404e+03
1.7104226669544401e-03	0.0000000000000000e+00	4.5087147909171354e+03
1.7278759594743899e-03	0.0000000000000000e+00	3.8988812659990358e+03
1.7453292519943300e-03	0.0000000000000000e+00	3.2287240985918179e+03
1.7627825445142699e-03	0.0000000000000000e+00	2.5241609302188085e+03
1.7802358370342200e-03	0.0000000000000000e+00	2.3260695474839849e+03
1.7976891295541600e-03	0.0000000000000000e+00	3.5325750215072089e+03
1.8151424220740999e-03	0.0000000000000000e+00	4.6907282052088649e+03
1.8325957145940500e-03	0.0000000000000000e+00	5.7711567316780875e+03
1.8500490071139900e-03	0.0000000000000000e+00	6.7441299626091040e+03
1.8675022996339299e-03	0.0000000000000000e+00	7.5786739512772465e+03
1.8849555921538800e-03	0.0000000000000000e+00	8.2532218185744659e+03
1.9024088846738201e-03	0.0000000000000000e+00	8.7494875185805595e+03
1.9198621771937599e-03	0.0000000000000000e+00	9.0636152891544243e+03
1.9373154697137100e-03	0.0000000000000000e+00	9.2086908230191075e+03
1.9547687622336499e-03	0.0000000000000000e+00	9.2180652260823517e+03
1.9722220547535902e-03	0.0000000000000000e+00	9.1157544095257017e+03
1.9896753472735400e-03	0.0000000000000000e+00	8.8944114486442195e+03
2.0071286397934799e-03	0.0000000000000000e+00	8.5402002650009636e+03
2.0245819323134202e-03	0.0000000000000000e+00	8.0472007024194509e+03
2.0420352248333700e-03	0.0000000000000000e+00	7.4171148148593584e+03
2.0594885173533099e-03	0.0000000000000000e+00	6.6591804562221914e+03
2.0769418098732502e-03	0.0000000000000000e+00	5.7897780096804345e+03
2.0943951023932000e-03	0.0000000000000000e+00	4.8336072894538183e+03
2.1118483949131399e-03	0.0000000000000000e+00	3.8241342563367280e+03
2.1293016874330802e-03	0.0000000000000000e+00	2.8083297096434458e+03
2.1467549799530201e-03	0.0000000000000000e+00	4.3468925372813110e+03
2.1642082724729699e-03	0.0000000000000000e+00	5.8495398421527379e+03
2.1816615649929102e-03	0.0000000000000000e+00	7.2374620333538060e+03
2.1991148575128501e-03	0.0000000000000000e+00	8.4756302374698771e+03
2.2165681500327999e-03	0.0000000000000000e+00	9.5290498896024365e+03
2.2340214425527402e-03	0.0000000000000000e+00	1.0364832666732873e+04
2.2514747350726801e-03	0.0000000000000000e+00	1.0967610152297564e+04
2.2689280275926299e-03	0.0000000000000000e+00	1.1333631687285197e+04
2.2863813201125698e-03	0.0000000000000000e+00	1.1485486850551986e+04
2.3038346126325101e-03	0.0000000000000000e+00	1.1467225415337642e+04
2.3212879051524599e-03	0.0000000000000000e+00	1.1305546619797184e+04
2.3387411976723998e-03	0.0000000000000000e+00	1.0984841553378497e+04
2.3561944901923401e-03	0.0000000000000000e+00	1.0488020449243599e+04
2.3736477827122899e-03	0.0000000000000000e+00	9.8090121063709194e+03
2.3911010752322298e-03	0.0000000000000000e+00	8.9538631140595353e+03
2.4085543677521701e-03	0.0000000000000000e+00	7.9388524302129272e+03
2.4260076602721200e-03	0.0000000000000000e+00	6.7901603919130703e+03
2.4434609527920598e-03	0.0000000000000000e+00	5.5449497063013887e+03
2.4609142453120001e-03	0.0000000000000000e+00	4.2533830725359003e+03
2.4783675378319500e-03	0.0000000000000000e+00	3.7369222109206548e+03
2.4958208303518898e-03	0.0000000000000000e+00	5.6745811906452473e+03
2.5132741228718301e-03	0.0000000000000000e+00	7.5093707808606014e+03
2.5307274153917800e-03	0.0000000000000000e+00	9.1975873465276836e+03
2.5481807079117198e-03	0.0000000000000000e+00	1.0692832659388243e+04
2.5656340004316601e-03	0.0000000000000000e+00	1.1950708949878055e+04
2.5830872929516100e-03	0.0000000000000000e+00	1.2946632890958628e+04
2.6005405854715499e-03	0.0000000000000000e+00	1.3657702020400728e+04
2.6179938779914902e-03	0.0000000000000000e+00	1.4091915538813251e+04
2.6354471705114400e-03	0.0000000000000000e+00	1.4282860399453253e+04
2.6529004630313799e-03	0.0000000000000000e+00	1.4280347786001459e+04
2.6703537555513202e-03	0.0000000000000000e+00	1.4097467847168778e+04
2.6878070480712700e-03	0.0000000000000000e+00	1.3711846549068754e+04
2.7052603405912099e-03	0.0000000000000000e+00	1.3108904336900820e+04
2.7227136331111502e-03	0.0000000000000000e+00	1.2283682683098184e+04
2.7401669256311000e-03	0.0000000000000000e+00	1.1245411140675966e+04
2.7576202181510399e-03	0.0000000000000000e+00	1.0011568140328873e+04
2.7750735106709802e-03	0.0000000000000000e+00	8.6118871985048991e+03
2.7925268031909300e-03	0.0000000000000000e+00	7.0883315193177368e+03
2.8099800957108699e-03	0.0000000000000000e+00	5.4946416715034729e+03
2.8274333882308102e-03	0.0000000000000000e+00	4.0645127512818826e+03
2.8448866807507600e-03	0.0000000000000000e+00	6.3317970661586915e+03
2.8623399732706999e-03	0.0000000000000000e+00	8.4698263518265339e+03
2.8797932657906402e-03	0.0000000000000000e+00	1.0423399834477837e+04
2.8972465583105901e-03	0.0000000000000000e+00	1.2149365252151680e+04
2.9146998508305299e-03	0.0000000000000000e+00	1.3592173905199599e+04
2.9321531433504698e-03	0.0000000000000000e+00	1.4722582955653006e+04
2.9496064358704201e-03	0.0000000000000000e+00	1.5522849741286063e+04
2.9670597283903599e-03	0.0000000000000000e+00	1.6005818767687046e+04
2.9845130209102998e-03	0.0000000000000000e+00	1.6217351722363379e+04
3.0019663134302501e-03	0.0000000000000000e+00	1.6211085667963785e+04
3.0194196059501899e-03	0.0000000000000000e+00	1.5985581234355355e+04
3.0368728984701298e-03	0.0000000000000000e+00	1.5509822171119607e+04
3.0543261909900801e-03	0.0000000000000000e+00	1.4766865694916722e+04
3.0717794835100200e-03	0.0000000000000000e+00	1.3756414977169419e+04
3.0892327760299598e-03	0.0000000000000000e+00	1.2494329419544740e+04
3.1066860685499101e-03	0.0000000000000000e+00	1.1008367016490332e+04
3.1241393610698500e-03	0.0000000000000000e+00	9.3426083326643402e+03
3.1415926535897898e-03	0.0000000000000000e+00	7.5515604188209909e+03
3.1590459461097401e-03	0.0000000000000000e+00	5.7091453552713592e+03
3.1764992386296800e-03	0.0000000000000000e+00	4.9440970595786312e+03
3.1939525311496198e-03	0.0000000000000000e+00	7.5003065452774990e+03
3.2114058236695701e-03	0.0000000000000000e+00	9.9010569363158156e+03
3.2288591161895100e-03	0.0000000000000000e+00	1.2092257407640389e+04
3.2463124087094499e-03	0.0000000000000000e+00	1.4012650962134965e+04
3.2637657012294001e-03	0.0000000000000000e+00	1.5610688352009278e+04
3.2812189937493400e-03	0.0000000000000000e+00	1.6856463371695696e+04
3.2986722862692799e-03	0.0000000000000000e+00	1.7736954293054572e+04
3.3161255787892301e-03	0.0000000000000000e+00	1.8265423181836570e+04
3.3335788713091700e-03	0.0000000000000000e+00	1.8499177484169399e+04
3.3510321638291099e-03	0.0000000000000000e+00	1.8491454622000674e+04
3.3684854563490602e-03	0.0000000000000000e+00	1.8237374702015142e+04
3.3859387488690000e-03	0.0000000000000000e+00	1.7708397501909989e+04
3.4033920413889399e-03	0.0000000000000000e+00	1.6888246121916913e+04
3.4208453339088902e-03	0.0000000000000000e+00	1.5777932267179802e+04
3.4382986264288300e-03	0.0000000000000000e+00	1.4390083371123235e+04
3.4557519189487699e-03	0.0000000000000000e+00	1.2754103012875552e+04
3.4732052114687202e-03	0.0000000000000000e+00	1.0908766053037039e+04
3.4906585039886600e-03	0.0000000000000000e+00	8.9107255784055797e+03
3.5081117965085999e-03	0.0000000000000000e+00	6.8314796405223187e+03
3.5255650890285502e-03	0.0000000000000000e+00	5.0650413291778304e+03
3.5430183815484901e-03	0.0000000000000000e+00	7.8626491179785999e+03
3.5604716740684299e-03	0.0000000000000000e+00	1.0484108760611287e+04
3.5779249665883698e-03	0.0000000000000000e+00	1.2866776967659462e+04
3.5953782591083201e-03	0.0000000000000000e+00	1.4952616636614495e+04
3.6128315516282599e-03	0.0000000000000000e+00	1.6680652408523569e+04
3.6302848441482102e-03	0.0000000000000000e+00	1.8023954021717942e+04
3.6477381366681501e-03	0.0000000000000000e+00	1.8969628077142203e+04
3.6651914291880900e-03	0.0000000000000000e+00	1.9544571785178898e+04
3.6826447217080398e-03	0.0000000000000000e+00	1.9811085447240799e+04
3.7000980142279801e-03	0.0000000000000000e+00	1.9815612024084057e+04
3.7175513067479200e-03	0.0000000000000000e+00	1.9532565681286200e+04
3.7350045992678598e-03	0.0000000000000000e+00	1.8925899986065080e+04
3.7524578917878101e-03	0.0000000000000000e+00	1.7979747020146420e+04
3.7699111843077500e-03	0.0000000000000000e+00	1.6701599957383365e+04
3.7873644768276998e-03	0.0000000000000000e+00	1.5113758389434168e+04
3.8048177693476401e-03	0.0000000000000000e+00	1.3257129525193552e+04
3.8222710618675800e-03	0.0000000000000000e+00	1.1187895927354541e+04
3.8397243543875199e-03	0.0000000000000000e+00	8.9761106926994253e+03
3.8571776469074701e-03	0.0000000000000000e+00	6.7126013914131427e+03
3.8746309394274100e-03	0.0000000000000000e+00	5.8042026349627313e+03
3.8920842319473499e-03	0.0000000000000000e+00	8.7952987364446599e+03
3.9095375244672997e-03	0.0000000000000000e+00	1.1590072659759226e+04
3.9269908169872400e-03	0.0000000000000000e+00	1.4128180839053959e+04
3.9444441095071803e-03	0.0000000000000000e+00	1.6337547283360163e+04
3.9618974020271302e-03	0.0000000000000000e+00	1.8165325065116260e+04
3.9793506945470696e-03	0.0000000000000000e+00	1.9578016891682026e+04
3.9968039870670099e-03	0.0000000000000000e+00	2.0566619118264764e+04
4.0142572795869597e-03	0.0000000000000000e+00	2.1159843057329610e+04
4.0317105721069000e-03	0.0000000000000000e+00	2.1425031806513107e+04
4.0491638646268403e-03	0.0000000000000000e+00	2.1412173559770163e+04
4.0666171571467902e-03	0.0000000000000000e+00	2.1104127424764309e+04
4.0840704496667296e-03	0.0000000000000000e+00	2.0467565257454244e+04
4.1015237421866699e-03	0.0000000000000000e+00	1.9489171573486492e+04
4.1189770347066198e-03	0.0000000000000000e+00	1.8170591493605039e+04
4.1364303272265601e-03	0.0000000000000000e+00	1.6533303410130397e+04
4.1538836197465004e-03	0.0000000000000000e+00	1.4609756926365797e+04
4.1713369122664502e-03	0.0000000000000000e+00	1.2449042356845885e+04
4.1887902047863896e-03	0.0000000000000000e+00	1.0116669967754297e+04
4.2062434973063299e-03	0.0000000000000000e+00	7.6969622751702746e+03
4.2236967898262798e-03	0.0000000000000000e+00	5.7154504504043307e+03
4.2411500823462201e-03	0.0000000000000000e+00	8.8563743557292819e+03
4.2586033748661604e-03	0.0000000000000000e+00	1.1788008707028470e+04
4.2760566673861102e-03	0.0000000000000000e+00	1.4443822116840667e+04
4.2935099599060497e-03	0.0000000000000000e+00	1.6755551428361319e+04
4.3109632524259900e-03	0.0000000000000000e+00	1.8663835100930377e+04
4.3284165449459398e-03	0.0000000000000000e+00	2.0138479395666713e+04
4.3458698374658801e-03	0.0000000000000000e+00	2.1174346624817630e+04
4.3633231299858204e-03	0.0000000000000000e+00	2.1811719767023762e+04
4.3807764225057702e-03	0.0000000000000000e+00	2.2121780905086329e+04
4.3982297150257097e-03	0.0000000000000000e+00	2.2137284427715775e+04
4.4156830075456500e-03	0.0000000000000000e+00	2.1815333846864854e+04
4.4331363000655998e-03	0.0000000000000000e+00	2.1119340783060481e+04
4.4505895925855401e-03	0.0000000000000000e+00	2.0037039912626809e+04
4.4680428851054804e-03	0.0000000000000000e+00	1.8578358030059637e+04
4.4854961776254303e-03	0.0000000000000000e+00	1.6774790077153109e+04
4.5029494701453697e-03	0.0000000000000000e+00	1.4675292146948406e+04
4.5204027626653100e-03	0.0000000000000000e+00	1.2342604498377192e+04
4.5378560551852598e-03	0.0000000000000000e+00	9.8587559979776252e+03
4.5553093477052001e-03	0.0000000000000000e+00	7.3255355452715830e+03
4.5727626402251396e-03	0.0000000000000000e+00	6.3241578374897927e+03
4.5902159327450903e-03	0.0000000000000000e+00	9.5751860039465391e+03
4.6076692252650297e-03	0.0000000000000000e+00	1.2603365708805972e+04
4.6251225177849700e-03	0.0000000000000000e+00	1.5345238328913267e+04
4.6425758103049199e-03	0.0000000000000000e+00	1.7722005234974506e+04
4.6600291028248602e-03	0.0000000000000000e+00	1.9681410707790506e+04
4.6774823953447996e-03	0.0000000000000000e+00	2.1188029330502282e+04
4.6949356878647503e-03	0.0000000000000000e+00	2.2238030297699897e+04
4.7123889803846897e-03	0.0000000000000000e+00	2.2868613695574582e+04
4.7298422729046300e-03	0.0000000000000000e+00	2.3153202849259615e+04
4.7472955654245799e-03	0.0000000000000000e+00	2.3137404079061169e+04
4.7647488579445202e-03	0.0000000000000000e+00	2.2793841745569927e+04
4.7822021504644596e-03	0.0000000000000000e+00	2.2090000432075183e+04
4.7996554429844103e-03	0.0000000000000000e+00	2.1011963207508452e+04
4.8171087355043498e-03	0.0000000000000000e+00	1.9567583369702246e+04
4.8345620280242901e-03	0.0000000000000000e+00	1.7777745815103521e+04
4.8520153205442399e-03	0.0000000000000000e+00	1.5680957176090355e+04
4.8694686130641802e-03	0.0000000000000000e+00	1.3331403215996344e+04
4.8869219055841196e-03	0.0000000000000000e+00	1.0799914594477123e+04
4.9043751981040704e-03	0.0000000000000000e+00	8.1785848428023637e+03
4.9218284906240098e-03	0.0000000000000000e+00	6.0756440091295226e+03
4.9392817831439501e-03	0.0000000000000000e+00	9.4066868791729139e+03
4.9567350756638999e-03	0.0000000000000000e+00	1.2508648607905505e+04
4.9741883681838402e-03	0.0000000000000000e+00	1.5313418635082073e+04
4.9916416607037797e-03	0.0000000000000000e+00	1.7746614037498723e+04
5.0090949532237304e-03	0.0000000000000000e+00	1.9751041045285543e+04
5.0265482457436698e-03	0.0000000000000000e+00	2.1294637933500086e+04
5.0440015382636101e-03	0.0000000000000000e+00	2.2381039635572466e+04
5.0614548307835600e-03	0.0000000000000000e+00	2.3055161478690370e+04
5.0789081233035003e-03	0.0000000000000000e+00	2.3392067599903330e+04
5.0963614158234397e-03	0.0000000000000000e+00	2.3412934574396560e+04
5.1138147083433904e-03	0.0000000000000000e+00	2.3067441024468375e+04
5.1312680008633298e-03	0.0000000000000000e+00	2.2318995382980895e+04
5.1487212933832701e-03	0.0000000000000000e+00	2.1155791274645951e+04
5.1661745859032200e-03	0.0000000000000000e+00	1.9594359951742623e+04
5.1836278784231603e-03	0.0000000000000000e+00	1.7668206176159252e+04
5.2010811709430997e-03	0.0000000000000000e+00	1.5430374658459685e+04
5.2185344634630504e-03	0.0000000000000000e+00	1.2949723169146846e+04
5.2359877559829899e-03	0.0000000000000000e+00	1.0314032563609653e+04
5.2534410485029302e-03	0.0000000000000000e+00	7.6311372316853503e+03
5.2708943410228696e-03	0.0000000000000000e+00	6.5960392268939650e+03
5.2883476335428203e-03	0.0000000000000000e+00	9.9806631621355991e+03
5.3058009260627597e-03	0.0000000000000000e+00	1.3127780416304515e+04
5.3232542185827000e-03	0.0000000000000000e+00	1.5972559221611698e+04
5.3407075111026499e-03	0.0000000000000000e+00	1.8432793050269174e+04
5.3581608036225902e-03	0.0000000000000000e+00	2.0457106203887888e+04
5.3756140961425296e-03	0.0000000000000000e+00	2.2009215619461178e+04
5.3930673886624803e-03	0.0000000000000000e+00	2.3088683849089710e+04
5.4105206811824198e-03	0.0000000000000000e+00	2.3738958071683115e+04
5.4279739737023601e-03	0.0000000000000000e+00	2.4035322017924464e+04
5.4454272662223099e-03	0.0000000000000000e+00	2.4016983164645197e+04
5.4628805587422502e-03	0.0000000000000000e+00	2.3655441236870211e+04
5.4803338512621896e-03	0.0000000000000000e+00	2.2915377252239996e+04
5.4977871437821403e-03	0.0000000000000000e+00	2.1785292751055134e+04
5.5152404363020798e-03	0.0000000000000000e+00	2.0273642303820827e+04
5.5326937288220201e-03	0.0000000000000000e+00	1.8403870670934743e+04
5.5501470213419699e-03	0.0000000000000000e+00	1.6216834461695458e+04
5.5676003138619102e-03	0.0000000000000000e+00	1.3769519228106135e+04
5.5850536063818497e-03	0.0000000000000000e+00	1.1135416312306190e+04
5.6025068989018004e-03	0.0000000000000000e+00	8.4107033806582804e+03
5.6199601914217398e-03	0.0000000000000000e+00	6.2472260862230105e+03
5.6374134839416801e-03	0.0000000000000000e+00	9.6692704468914781e+03
5.6548667764616299e-03	0.0000000000000000e+00	1.2852109979385103e+04
5.6723200689815702e-03	0.0000000000000000e+00	1.5727200624286572e+04
5.6897733615015097e-03	0.0000000000000000e+00	1.8216921418092497e+04
5.7072266540214604e-03	0.0000000000000000e+00	2.0265816609162310e+04
5.7246799465413998e-03	0.0000000000000000e+00	2.1840863237514164e+04
5.7421332390613401e-03	0.0000000000000000e+00	2.2952172849423350e+04
5.7595865315812900e-03	0.0000000000000000e+00	2.3644010680536860e+04
5.7770398241012303e-03	0.0000000000000000e+00	2.3997311488279636e+04
5.7944931166211697e-03	0.0000000000000000e+00	2.4021822457199611e+04
5.8119464091411204e-03	0.0000000000000000e+00	2.3665186150846603e+04
5.8293997016610598e-03	0.0000000000000000e+00	2.2890778117138707e+04
5.8468529941810002e-03	0.0000000000000000e+00	2.1689690737050052e+04
5.8643062867009500e-03	0.0000000000000000e+00	2.0077987806710644e+04
5.8817595792208903e-03	0.0000000000000000e+00	1.8092308720583744e+04
5.8992128717408297e-03	0.0000000000000000e+00	1.5788096318199328e+04
5.9166661642607796e-03	0.0000000000000000e+00	1.3236806634746807e+04
5.9341194567807199e-03	0.0000000000000000e+00	1.0529124559490703e+04
5.9515727493006602e-03	0.0000000000000000e+00	7.7757265684032946e+03
5.9690260418206100e-03	0.0000000000000000e+00	6.7182867706668676e+03
5.9864793343405503e-03	0.0000000000000000e+00	1.0162341247566277e+04
6.0039326268604898e-03	0.0000000000000000e+00	1.3361927155867146e+04
6.0213859193804396e-03	0.0000000000000000e+00	1.6251695925985094e+04
6.0388392119003799e-03	0.0000000000000000e+00	1.8747960207628614e+04
6.0562925044203202e-03	0.0000000000000000e+00	2.0799930010512144e+04
6.0737457969402700e-03	0.0000000000000000e+00	2.2371001372344035e+04
6.0911990894602103e-03	0.0000000000000000e+00	2.3462567800589797e+04
6.1086523819801498e-03	0.0000000000000000e+00	2.4120649611883877e+04
6.1261056745000996e-03	0.0000000000000000e+00	2.4421505960458777e+04
6.1435589670200399e-03	0.0000000000000000e+00	2.4402107060620649e+04
6.1610122595399802e-03	0.0000000000000000e+00	2.4030033766128006e+04
6.1784655520599301e-03	0.0000000000000000e+00	2.3272299026883738e+04
6.1959188445798704e-03	0.0000000000000000e+00	2.2117549644190945e+04
6.2133721370998098e-03	0.0000000000000000e+00	2.0574371063642124e+04
6.2308254296197596e-03	0.0000000000000000e+00	1.8667699399009860e+04
6.2482787221396999e-03	0.0000000000000000e+00	1.6439409000550229e+04
6.2657320146596402e-03	0.0000000000000000e+00	1.3947657678688303e+04
6.2831853071795901e-03	0.0000000000000000e+00	1.1267302618030326e+04
6.3006385996995304e-03	0.0000000000000000e+00	8.4963708498003361e+03
6.3180918922194698e-03	0.0000000000000000e+00	6.3194626846757355e+03
6.3355451847394197e-03	0.0000000000000000e+00	9.7793491565391960e+03
6.3529984772593600e-03	0.0000000000000000e+00	1.2995559770638800e+04
6.3704517697793003e-03	0.0000000000000000e+00	1.5899530415768055e+04
6.3879050622992501e-03	0.0000000000000000e+00	1.8412113197033650e+04
6.4053583548191904e-03	0.0000000000000000e+00	2.0478944495020889e+04
6.4228116473391298e-03	0.0000000000000000e+00	2.2066528616829073e+04
6.4402649398590797e-03	0.0000000000000000e+00	2.3188355556300532e+04
6.4577182323790200e-03	0.0000000000000000e+00	2.3889058436806001e+04
6.4751715248989603e-03	0.0000000000000000e+00	2.4250326250780825e+04
6.4926248174188997e-03	0.0000000000000000e+00	2.4277119038623186e+04
6.5100781099388504e-03	0.0000000000000000e+00	2.3917129848114342e+04
6.5275314024587899e-03	0.0000000000000000e+00	2.3131317646377232e+04
6.5449846949787302e-03	0.0000000000000000e+00	2.1914513024612264e+04
6.5624379874986800e-03	0.0000000000000000e+00	2.0281479697009083e+04
6.5798912800186203e-03	0.0000000000000000e+00	1.8270631499278195e+04
6.5973445725385597e-03	0.0000000000000000e+00	1.5938397409068311e+04
6.6147978650585096e-03	0.0000000000000000e+00	1.3357359010563470e+04
6.6322511575784499e-03	0.0000000000000000e+00	1.0619439216359080e+04
6.6497044500983902e-03	0.0000000000000000e+00	7.8364426031604462e+03
6.6671577426183400e-03	0.0000000000000000e+00	6.7647794546733985e+03
6.6846110351382803e-03	0.0000000000000000e+00	1.0231836908433732e+04
6.7020643276582198e-03	0.0000000000000000e+00	1.3451562473648606e+04
6.7195176201781696e-03	0.0000000000000000e+00	1.6358390330029517e+04
6.7369709126981099e-03	0.0000000000000000e+00	1.8868181439922035e+04
6.7544242052180502e-03	0.0000000000000000e+00	2.0930359864631930e+04
6.7718774977380001e-03	0.0000000000000000e+00	2.2508276748104774e+04
6.7893307902579404e-03	0.0000000000000000e+00	2.3604723386015823e+04
6.8067840827778798e-03	0.0000000000000000e+00	2.4265427923624698e+04
6.8242373752978296e-03	0.0000000000000000e+00	2.4567488923117078e+04
6.8416906678177699e-03	0.0000000000000000e+00	2.4547533460735584e+04
6.8591439603377102e-03	0.0000000000000000e+00	2.4171041242002408e+04
6.8765972528576601e-03	0.0000000000000000e+00	2.3406126726223993e+04
6.8940505453776004e-03	0.0000000000000000e+00	2.2241521534509942e+04
6.9115038378975398e-03	0.0000000000000000e+00	2.0685856609027720e+04
6.9289571304174897e-03	0.0000000000000000e+00	1.8764715330130384e+04
6.9464104229374300e-03	0.0000000000000000e+00	1.6520388131808384e+04
6.9638637154573703e-03	0.0000000000000000e+00	1.4011571761064723e+04
6.9813170079773201e-03	0.0000000000000000e+00	1.1313616805629696e+04
6.9987703004972604e-03	0.0000000000000000e+00	8.5252657663295959e+03
7.0162235930171998e-03	0.0000000000000000e+00	6.3477455228645713e+03
7.0336768855371497e-03	0.0000000000000000e+00	9.8213916915177215e+03
7.0511301780570900e-03	0.0000000000000000e+00	1.3049649519986935e+04
7.0685834705770303e-03	0.0000000000000000e+00	1.5964067007437177e+04
7.0860367630969801e-03	0.0000000000000000e+00	1.8484756851035316e+04
7.1034900556169204e-03	0.0000000000000000e+00	2.0557979259785378e+04
7.1209433481368599e-03	0.0000000000000000e+00	2.2149989892754627e+04
7.1383966406568097e-03	0.0000000000000000e+00	2.3275753384102034e+04
7.1558499331767500e-03	0.0000000000000000e+00	2.3980357941805789e+04
7.1733032256966903e-03	0.0000000000000000e+00	2.4344694944137624e+04
7.1907565182166401e-03	0.0000000000000000e+00	2.4372727505608273e+04
7.2082098107365796e-03	0.0000000000000000e+00	2.4011825760060688e+04
7.2256631032565199e-03	0.0000000000000000e+00	2.3222318828944972e+04
7.2431163957764697e-03	0.0000000000000000e+00	2.1999457486549123e+04
7.2605696882964100e-03	0.0000000000000000e+00	2.0358630626366856e+04
7.2780229808163503e-03	0.0000000000000000e+00	1.8338582055678384e+04
7.2954762733363002e-03	0.0000000000000000e+00	1.5996108591068980e+04
7.3129295658562396e-03	0.0000000000000000e+00	1.3404219612443583e+04
7.3303828583761799e-03	0.0000000000000000e+00	1.0655243279478422e+04
7.3478361508961297e-03	0.0000000000000000e+00	7.8613688980168072e+03
7.3652894434160700e-03	0.0000000000000000e+00	6.7773504106935397e+03
7.3827427359360103e-03	0.0000000000000000e+00	1.0252122900985949e+04
7.4001960284559602e-03	0.0000000000000000e+00	1.3478539045458565e+04
7.4176493209758996e-03	0.0000000000000000e+00	1.6390912466189671e+04
7.4351026134958399e-03	0.0000000000000000e+00	1.8905079209448351e+04
7.4525559060157898e-03	0.0000000000000000e+00	2.0970442670095246e+04
7.4700091985357301e-03	0.0000000000000000e+00	2.2550403194235394e+04
7.4874624910556704e-03	0.0000000000000000e+00	2.3648153469794910e+04
7.5049157835756202e-03	0.0000000000000000e+00	2.4309422350739420e+04
7.5223690760955596e-03	0.0000000000000000e+00	2.4611408855371381e+04
7.5398223686154999e-03	0.0000000000000000e+00	2.4590464427439936e+04
7.5572756611354498e-03	0.0000000000000000e+00	2.4211876782653697e+04
7.5747289536553901e-03	0.0000000000000000e+00	2.3443943682570269e+04
7.5921822461753304e-03	0.0000000000000000e+00	2.2275454076886937e+04
7.6096355386952802e-03	0.0000000000000000e+00	2.0715111279207194e+04
7.6270888312152197e-03	0.0000000000000000e+00	1.8788684629583146e+04
7.6445421237351600e-03	0.0000000000000000e+00	1.6538613220729003e+04
7.6619954162551098e-03	0.0000000000000000e+00	1.4023785734919180e+04
7.6794487087750501e-03	0.0000000000000000e+00	1.1319741511681041e+04
7.6969020012949904e-03	0.0000000000000000e+00	8.5254585494913772e+03
7.7143552938149403e-03	0.0000000000000000e+00	6.3614094815370236e+03
7.7318085863348797e-03	0.0000000000000000e+00	9.8394785411623579e+03
7.7492618788548200e-03	0.0000000000000000e+00	1.3071585939906308e+04
7.7667151713747698e-03	0.0000000000000000e+00	1.5989388428260656e+04
7.7841684638947101e-03	0.0000000000000000e+00	1.8512637438626993e+04
7.8016217564146496e-03	0.0000000000000000e+00	2.0587945599340568e+04
7.8190750489345994e-03	0.0000000000000000e+00	2.2181437334061979e+04
7.8365283414545406e-03	0.0000000000000000e+00	2.3308791956115827e+04
7.8539816339744800e-03	0.0000000000000000e+00	2.4015321204656757e+04
7.8714349264944194e-03	0.0000000000000000e+00	2.4381486002808124e+04
7.8888882190143693e-03	0.0000000000000000e+00	2.4410892783614239e+04
7.9063415115343105e-03	0.0000000000000000e+00	2.4050222788994659e+04
7.9237948040542603e-03	0.0000000000000000e+00	2.3260001611399275e+04
7.9412480965741997e-03	0.0000000000000000e+00	2.2035466583322759e+04
7.9587013890941392e-03	0.0000000000000000e+00	2.0392341562134170e+04
7.9761546816140907e-03	0.0000000000000000e+00	1.8369464527669428e+04
7.9936079741340302e-03	0.0000000000000000e+00	1.6023763222165831e+04
8.0110612666539696e-03	0.0000000000000000e+00	1.3428388774420762e+04
8.0285145591739195e-03	0.0000000000000000e+00	1.0675786400171599e+04
8.0459678516938606e-03	0.0000000000000000e+00	7.8782395446842274e+03
8.0634211442138001e-03	0.0000000000000000e+00	6.7751833625578711e+03
8.0808744367337395e-03	0.0000000000000000e+00	1.0252188815062460e+04
8.0983277292536893e-03	0.0000000000000000e+00	1.3480519744229607e+04
8.1157810217736305e-03	0.0000000000000000e+00	1.6394406835669524e+04
8.1332343142935803e-03	0.0000000000000000e+00	1.8909781170708640e+04
8.1506876068135198e-03	0.0000000000000000e+00	2.0975940343587430e+04
8.1681408993334592e-03	0.0000000000000000e+00	2.2556353516587777e+04
8.1855941918534108e-03	0.0000000000000000e+00	2.3654206589210229e+04
8.2030474843733502e-03	0.0000000000000000e+00	2.4315274005477295e+04
8.2205007768932897e-03	0.0000000000000000e+00	2.4616727785904375e+04
8.2379540694132308e-03	0.0000000000000000e+00	2.4595000718393519e+04
8.2554073619331807e-03	0.0000000000000000e+00	2.4215452959135833e+04
8.2728606544531201e-03	0.0000000000000000e+00	2.3446378714885777e+04
8.2903139469730595e-03	0.0000000000000000e+00	2.2276599528990497e+04
8.3077672394930094e-03	0.0000000000000000e+00	2.0714852132962922e+04
8.3252205320129506e-03	0.0000000000000000e+00	1.8786929586448601e+04
8.3426738245328900e-03	0.0000000000000000e+00	1.6535321203845055e+04
8.3601271170528398e-03	0.0000000000000000e+00	1.4019021262140213e+04
8.3775804095727793e-03	0.0000000000000000e+00	1.1313591852997535e+04
8.3950337020927204e-03	0.0000000000000000e+00	8.5180590949646430e+03
8.4124869946126703e-03	0.0000000000000000e+00	6.3721899392805981e+03
8.4299402871326097e-03	0.0000000000000000e+00	9.8515341359433969e+03
8.4473935796525491e-03	0.0000000000000000e+00	1.3084749833172909e+04
8.4648468721725007e-03	0.0000000000000000e+00	1.6003583797582416e+04
8.4823001646924402e-03	0.0000000000000000e+00	1.8527571908980539e+04
8.4997534572123796e-03	0.0000000000000000e+00	2.0603541085244909e+04
8.5172067497323294e-03	0.0000000000000000e+00	2.2197522148454878e+04
8.5346600422522706e-03	0.0000000000000000e+00	2.3325498455681292e+04
8.5521133347722100e-03	0.0000000000000000e+00	2.4032834869140075e+04
8.5695666272921599e-03	0.0000000000000000e+00	2.4399796827519742e+04
8.5870199198120993e-03	0.0000000000000000e+00	2.4429859827257285e+04
8.6044732123320405e-03	0.0000000000000000e+00	2.4069271899424180e+04
8.6219265048519903e-03	0.0000000000000000e+00	2.3278805799125443e+04
8.6393797973719298e-03	0.0000000000000000e+00	2.2053679484047676e+04
8.6568330898918692e-03	0.0000000000000000e+00	2.0409716680771493e+04
8.6742863824118208e-03	0.0000000000000000e+00	1.8385787298073512e+04
8.6917396749317602e-03	0.0000000000000000e+00	1.6038859736424691e+04
8.7091929674516996e-03	0.0000000000000000e+00	1.3442136438075111e+04
8.7266462599716495e-03	0.0000000000000000e+00	1.0687998404968144e+04
8.7440995524915906e-03	0.0000000000000000e+00	7.8887491126923405e+03
8.7615528450115301e-03	0.0000000000000000e+00	6.7665204312126225e+03
8.7790061375314799e-03	0.0000000000000000e+00	1.0244050879612743e+04
8.7964594300514194e-03	0.0000000000000000e+00	1.3472820311589512e+04
8.8139127225713605e-03	0.0000000000000000e+00	1.6386982511743252e+04
8.8313660150913104e-03	0.0000000000000000e+00	1.8902605224208186e+04
8.8488193076112498e-03	0.0000000000000000e+00	2.0968857816926986e+04
8.8662726001311892e-03	0.0000000000000000e+00	2.2549280491467922e+04
8.8837258926511408e-03	0.0000000000000000e+00	2.3646984980701513e+04
8.9011791851710802e-03	0.0000000000000000e+00	2.4307803275581344e+04
8.9186324776910197e-03	0.0000000000000000e+00	2.4608883593013987e+04
8.9360857702109695e-03	0.0000000000000000e+00	2.4586769437119066e+04
8.9535390627309107e-03	0.0000000000000000e+00	2.4206875141616991e+04
8.9709923552508501e-03	0.0000000000000000e+00	2.3437486078475154e+04
8.9884456477708000e-03	0.0000000000000000e+00	2.2267452386093617e+04
9.0058989402907394e-03	0.0000000000000000e+00	2.0705456840222709e+04
9.0233522328106806e-03	0.0000000000000000e+00	1.8777325061106334e+04
9.0408055253306304e-03	0.0000000000000000e+00	1.6525548354893799e+04
9.0582588178505698e-03	0.0000000000000000e+00	1.4009239760132821e+04
9.0757121103705093e-03	0.0000000000000000e+00	1.1303878230139055e+04
9.0931654028904609e-03	0.0000000000000000e+00	8.5084725792285099e+03
9.1106186954104003e-03	0.0000000000000000e+00	6.3841895778098478e+03
9.1280719879303397e-03	0.0000000000000000e+00	9.8639025018250468e+03
9.1455252804502896e-03	0.0000000000000000e+00	1.3097444367467682e+04
9.1629785729702307e-03	0.0000000000000000e+00	1.6016630792826641e+04
9.1804318654901702e-03	0.0000000000000000e+00	1.8540851697662307e+04
9.1978851580101200e-03	0.0000000000000000e+00	2.0617081325700550e+04
9.2153384505300594e-03	0.0000000000000000e+00	2.2211281796269803e+04
9.2327917430500006e-03	0.0000000000000000e+00	2.3339615801555276e+04
9.2502450355699505e-03	0.0000000000000000e+00	2.4047463635838401e+04
9.2676983280898899e-03	0.0000000000000000e+00	2.4414956221417367e+04
9.2851516206098293e-03	0.0000000000000000e+00	2.4445469225225876e+04
9.3026049131297792e-03	0.0000000000000000e+00	2.4085030570254694e+04
9.3200582056497203e-03	0.0000000000000000e+00	2.3294539809164380e+04
9.3375114981696598e-03	0.0000000000000000e+00	2.2069236350409916e+04
9.3549647906896096e-03	0.0000000000000000e+00	2.0424970405179829e+04
9.3724180832095508e-03	0.0000000000000000e+00	1.8400622667472169e+04
9.3898713757294902e-03	0.0000000000000000e+00	1.6053180132451118e+04
9.4073246682494296e-03	0.0000000000000000e+00	1.3455865652881432e+04
9.4247779607693795e-03	0.0000000000000000e+00	1.0700963322975273e+04
9.4422312532893207e-03	0.0000000000000000e+00	7.9007866599288727e+03
9.4596845458092705e-03	0.0000000000000000e+00	6.7538987951461513e+03
9.4771378383292099e-03	0.0000000000000000e+00	1.0231496069249379e+04
9.4945911308491494e-03	0.0000000000000000e+00	1.3460311932134971e+04
9.5120444233690905e-03	0.0000000000000000e+00	1.6374445978764921e+04
9.5294977158890404e-03	0.0000000000000000e+00	1.8890072161529693e+04
9.5469510084089798e-03	0.0000000000000000e+00	2.0956251188113056e+04
9.5644043009289192e-03	0.0000000000000000e+00	2.2536576921517943e+04
9.5818575934488708e-03	0.0000000000000000e+00	2.3634042576523032e+04
9.5993108859688103e-03	0.0000000000000000e+00	2.4294540820825565e+04
9.6167641784887497e-03	0.0000000000000000e+00	2.4595200747834977e+04
9.6342174710086995e-03	0.0000000000000000e+00	2.4572750958894027e+04
9.6516707635286407e-03	0.0000000000000000e+00	2.4192661486930527e+04
9.6691240560485905e-03	0.0000000000000000e+00	2.3423190367698757e+04
9.6865773485685300e-03	0.0000000000000000e+00	2.2253200619195144e+04
9.7040306410884694e-03	0.0000000000000000e+00	2.0691310364971388e+04
9.7214839336084106e-03	0.0000000000000000e+00	1.8763363677100326e+04
9.7389372261283604e-03	0.0000000000000000e+00	1.6511847977860965e+04
9.7563905186482999e-03	0.0000000000000000e+00	1.3995985136495497e+04
9.7738438111682393e-03	0.0000000000000000e+00	1.1291141694331905e+04
9.7912971036881909e-03	0.0000000000000000e+00	8.4962982678295139e+03
9.8087503962081303e-03	0.0000000000000000e+00	6.3985297213007007e+03
9.8262036887280697e-03	0.0000000000000000e+00	9.8783659126052007e+03
9.8436569812480196e-03	0.0000000000000000e+00	1.3112022215863972e+04
9.8611102737679607e-03	0.0000000000000000e+00	1.6031359990279259e+04
9.8785635662879106e-03	0.0000000000000000e+00	1.8555673020724829e+04
9.8960168588078500e-03	0.0000000000000000e+00	2.0632038417490396e+04
9.9134701513277895e-03	0.0000000000000000e+00	2.2226399778497111e+04
9.9309234438477306e-03	0.0000000000000000e+00	2.3354933809524849e+04
9.9483767363676805e-03	0.0000000000000000e+00	2.4063114112958312e+04
9.9658300288876199e-03	0.0000000000000000e+00	2.4430908603251148e+04
9.9832833214075593e-03	0.0000000000000000e+00	2.4461580858667687e+04
1.0000736613927501e-02	0.0000000000000000e+00	2.4101094659217561e+04
1.0018189906447501e-02	0.0000000000000000e+00	2.3310402485787254e+04
1.0035643198967400e-02	0.0000000000000000e+00	2.2084812341275399e+04
1.0053096491487300e-02	0.0000000000000000e+00	2.0440156120474247e+04
1.0070549784007300e-02	0.0000000000000000e+00	1.8415327317218886e+04
1.0088003076527199e-02	0.0000000000000000e+00	1.6067320402985482e+04
1.0105456369047200e-02	0.0000000000000000e+00	1.3469377064465833e+04
1.0122909661567101e-02	0.0000000000000000e+00	1.0713652968588571e+04
1.0140362954087099e-02	0.0000000000000000e+00	7.9124817915931199e+03
1.0157816246607001e-02	0.0000000000000000e+00	6.7385994572466734e+03
1.0175269539126900e-02	0.0000000000000000e+00	1.0216170937071718e+04
1.0192722831646900e-02	0.0000000000000000e+00	1.3444956025043606e+04
1.0210176124166800e-02	0.0000000000000000e+00	1.6359011396984661e+04
1.0227629416686800e-02	0.0000000000000000e+00	1.8874598731327009e+04
1.0245082709206699e-02	0.0000000000000000e+00	2.0940692999545197e+04
1.0262536001726700e-02	0.0000000000000000e+00	2.2520932543221319e+04
1.0279989294246601e-02	0.0000000000000000e+00	2.3618242304766452e+04
1.0297442586766500e-02	0.0000000000000000e+00	2.4278575795337030e+04
1.0314895879286501e-02	0.0000000000000000e+00	2.4579099587538964e+04
1.0332349171806400e-02	0.0000000000000000e+00	2.4556640231386107e+04
1.0349802464326400e-02	0.0000000000000000e+00	2.4176672355728293e+04
1.0367255756846300e-02	0.0000000000000000e+00	2.3407459539868891e+04
1.0384709049366300e-02	0.0000000000000000e+00	2.2237865958468021e+04
1.0402162341886199e-02	0.0000000000000000e+00	2.0676381467435956e+04
1.0419615634406101e-02	0.0000000000000000e+00	1.8748918241426298e+04
1.0437068926926101e-02	0.0000000000000000e+00	1.6497950303397163e+04
1.0454522219446000e-02	0.0000000000000000e+00	1.3982849559815893e+04
1.0471975511966001e-02	0.0000000000000000e+00	1.1278809665943438e+04
1.0489428804485900e-02	0.0000000000000000e+00	8.4847709660950113e+03
1.0506882097005900e-02	0.0000000000000000e+00	6.4149453901728339e+03
1.0524335389525800e-02	0.0000000000000000e+00	9.8948433273107294e+03
1.0541788682045699e-02	0.0000000000000000e+00	1.3128558261049940e+04
1.0559241974565699e-02	0.0000000000000000e+00	1.6047995519171367e+04
1.0576695267085601e-02	0.0000000000000000e+00	1.8572363497078513e+04
1.0594148559605601e-02	0.0000000000000000e+00	2.0648817100858996e+04
1.0611601852125500e-02	0.0000000000000000e+00	2.2243295726622659e+04
1.0629055144645501e-02	0.0000000000000000e+00	2.3371932528990448e+04
1.0646508437165400e-02	0.0000000000000000e+00	2.4080251315327623e+04
1.0663961729685400e-02	0.0000000000000000e+00	2.4448095193743156e+04
1.0681415022205300e-02	0.0000000000000000e+00	2.4478621590426050e+04
1.0698868314725199e-02	0.0000000000000000e+00	2.4117887755104486e+04
1.0716321607245199e-02	0.0000000000000000e+00	2.3326807937498525e+04
1.0733774899765101e-02	0.0000000000000000e+00	2.2100819637298955e+04
1.0751228192285101e-02	0.0000000000000000e+00	2.0455687541644384e+04
1.0768681484805000e-02	0.0000000000000000e+00	1.8430313440887199e+04
1.0786134777325001e-02	0.0000000000000000e+00	1.6081713435665164e+04
1.0803588069844900e-02	0.0000000000000000e+00	1.3483146211362438e+04
1.0821041362364800e-02	0.0000000000000000e+00	1.0726616615444020e+04
1.0838494654884800e-02	0.0000000000000000e+00	7.9244979134060659e+03
1.0855947947404699e-02	0.0000000000000000e+00	6.7212523936685120e+03
1.0873401239924699e-02	0.0000000000000000e+00	1.0198782478375857e+04
1.0890854532444601e-02	0.0000000000000000e+00	1.3427526561772756e+04
1.0908307824964599e-02	0.0000000000000000e+00	1.6341506360134534e+04
1.0925761117484500e-02	0.0000000000000000e+00	1.8857051505519292e+04
1.0943214410004400e-02	0.0000000000000000e+00	2.0923071222647384e+04
1.0960667702524400e-02	0.0000000000000000e+00	2.2503237950549246e+04
1.0978120995044300e-02	0.0000000000000000e+00	2.3600425325618911e+04
1.0995574287564300e-02	0.0000000000000000e+00	2.4260644065647597e+04
1.1013027580084199e-02	0.0000000000000000e+00	2.4561112603140606e+04
1.1030480872604199e-02	0.0000000000000000e+00	2.4538763886346518e+04
1.1047934165124101e-02	0.0000000000000000e+00	2.4159014528163396e+04
1.1065387457644000e-02	0.0000000000000000e+00	2.3390150939316882e+04
1.1082840750164000e-02	0.0000000000000000e+00	2.2221035999492287e+04
1.1100294042683900e-02	0.0000000000000000e+00	2.0660010360020297e+04
1.1117747335203900e-02	0.0000000000000000e+00	1.8733068305952129e+04
1.1135200627723800e-02	0.0000000000000000e+00	1.6482670159908099e+04
1.1152653920243800e-02	0.0000000000000000e+00	1.3968329266467268e+04
1.1170107212763699e-02	0.0000000000000000e+00	1.1265059207606655e+04
1.1187560505283699e-02	0.0000000000000000e+00	8.4717634616816049e+03
1.1205013797803601e-02	0.0000000000000000e+00	6.4331564438710584e+03
1.1222467090323500e-02	0.0000000000000000e+00	9.9130946718958967e+03
1.1239920382843500e-02	0.0000000000000000e+00	1.3146850071404459e+04
1.1257373675363400e-02	0.0000000000000000e+00	1.6066351969547693e+04
1.1274826967883400e-02	0.0000000000000000e+00	1.8590757498509211e+04
1.1292280260403300e-02	0.0000000000000000e+00	2.0667276041151606e+04
1.1309733552923300e-02	0.0000000000000000e+00	2.2261843381908126e+04
1.1327186845443199e-02	0.0000000000000000e+00	2.3390560934720783e+04
1.1344640137963101e-02	0.0000000000000000e+00	2.4098979715290145e+04
1.1362093430483101e-02	0.0000000000000000e+00	2.4466811280371279e+04
1.1379546723003000e-02	0.0000000000000000e+00	2.4497104701844914e+04
1.1397000015523000e-02	0.0000000000000000e+00	2.4136047034372295e+04
1.1414453308042900e-02	0.0000000000000000e+00	2.3344510263468430e+04
1.1431906600562900e-02	0.0000000000000000e+00	2.2118071253925107e+04
1.1449359893082800e-02	0.0000000000000000e+00	2.0472414990804900e+04
1.1466813185602699e-02	0.0000000000000000e+00	1.8446460044710162e+04
1.1484266478122699e-02	0.0000000000000000e+00	1.6097242473441464e+04
1.1501719770642601e-02	0.0000000000000000e+00	1.3498037419919687e+04
1.1519173063162601e-02	0.0000000000000000e+00	1.0740712061332331e+04
1.1536626355682500e-02	0.0000000000000000e+00	7.9376891011564603e+03
1.1554079648202500e-02	0.0000000000000000e+00	6.7023653322697510e+03
1.1571532940722400e-02	0.0000000000000000e+00	1.0179866589686451e+04
1.1588986233242300e-02	0.0000000000000000e+00	1.3408581789943715e+04
1.1606439525762300e-02	0.0000000000000000e+00	1.6322510226532611e+04
1.1623892818282199e-02	0.0000000000000000e+00	1.8838027972950804e+04
1.1641346110802199e-02	0.0000000000000000e+00	2.0903997471679912e+04
1.1658799403322101e-02	0.0000000000000000e+00	2.2484116127771951e+04
1.1676252695842101e-02	0.0000000000000000e+00	2.3581229822769808e+04
1.1693705988362000e-02	0.0000000000000000e+00	2.4241405272587777e+04
1.1711159280882000e-02	0.0000000000000000e+00	2.4541946939840611e+04
1.1728612573401900e-02	0.0000000000000000e+00	2.4519849083489538e+04
1.1746065865921800e-02	0.0000000000000000e+00	2.4140453644014611e+04
1.1763519158441800e-02	0.0000000000000000e+00	2.3372077398200301e+04
1.1780972450961699e-02	0.0000000000000000e+00	2.2203571841763325e+04
1.1798425743481699e-02	0.0000000000000000e+00	2.0643110763072029e+04
1.1815879036001601e-02	0.0000000000000000e+00	1.8716784473714593e+04
1.1833332328521601e-02	0.0000000000000000e+00	1.6467038138484855e+04
1.1850785621041500e-02	0.0000000000000000e+00	1.3953531190757922e+04
1.1868238913561400e-02	0.0000000000000000e+00	1.1251083507218742e+04
1.1885692206081400e-02	0.0000000000000000e+00	8.4585568876446850e+03
1.1903145498601300e-02	0.0000000000000000e+00	6.4525577851704829e+03
1.1920598791121300e-02	0.0000000000000000e+00	9.9325180660022397e+03
1.1938052083641199e-02	0.0000000000000000e+00	1.3166295289862672e+04
1.1955505376161199e-02	0.0000000000000000e+00	1.6085839931324292e+04
1.1972958668681101e-02	0.0000000000000000e+00	1.8610267677366166e+04
1.1990411961201000e-02	0.0000000000000000e+00	2.0686826113036183e+04
1.2007865253721000e-02	0.0000000000000000e+00	2.2281439769163302e+04
1.2025318546240900e-02	0.0000000000000000e+00	2.3410191341901307e+04
1.2042771838760900e-02	0.0000000000000000e+00	2.4118589233031940e+04
1.2060225131280800e-02	0.0000000000000000e+00	2.4486239820785187e+04
1.2077678423800800e-02	0.0000000000000000e+00	2.4516082719163609e+04
1.2095131716320699e-02	0.0000000000000000e+00	2.4154552579121624e+04
1.2112585008840600e-02	0.0000000000000000e+00	2.3362421738302590e+04
1.2130038301360601e-02	0.0000000000000000e+00	2.2135429459788993e+04
1.2147491593880500e-02	0.0000000000000000e+00	2.0489168691073017e+04
1.2164944886400500e-02	0.0000000000000000e+00	1.8462574052295771e+04
1.2182398178920400e-02	0.0000000000000000e+00	1.6112691530630467e+04
1.2199851471440400e-02	0.0000000000000000e+00	1.3512820427854807e+04
1.2217304763960300e-02	0.0000000000000000e+00	1.0754691673597945e+04
1.2234758056480201e-02	0.0000000000000000e+00	7.9507963891181789e+03
1.2252211349000199e-02	0.0000000000000000e+00	6.6825877256911117e+03
1.2269664641520101e-02	0.0000000000000000e+00	1.0160074143491605e+04
1.2287117934040101e-02	0.0000000000000000e+00	1.3388774038460004e+04
1.2304571226560000e-02	0.0000000000000000e+00	1.6302666858389521e+04
1.2322024519080000e-02	0.0000000000000000e+00	1.8818169595625382e+04
1.2339477811599900e-02	0.0000000000000000e+00	2.0884107825348805e+04
1.2356931104119900e-02	0.0000000000000000e+00	2.2464199628966107e+04
1.2374384396639800e-02	0.0000000000000000e+00	2.3561285836187180e+04
1.2391837689159701e-02	0.0000000000000000e+00	2.4221489407058787e+04
1.2409290981679699e-02	0.0000000000000000e+00	2.4522217611875651e+04
1.2426744274199601e-02	0.0000000000000000e+00	2.4500487706102715e+04
1.2444197566719601e-02	0.0000000000000000e+00	2.4121536045388864e+04
1.2461650859239500e-02	0.0000000000000000e+00	2.3353724269078441e+04
1.2479104151759500e-02	0.0000000000000000e+00	2.2185884913846599e+04
1.2496557444279400e-02	0.0000000000000000e+00	2.0626008423951236e+04
1.2514010736799299e-02	0.0000000000000000e+00	1.8700300160503753e+04
1.2531464029319300e-02	0.0000000000000000e+00	1.6451180924296787e+04
1.2548917321839201e-02	0.0000000000000000e+00	1.3938455687541065e+04
1.2566370614359199e-02	0.0000000000000000e+00	1.1236741401651647e+04
1.2583823906879101e-02	0.0000000000000000e+00	8.4448707571461000e+03
1.2601277199399101e-02	0.0000000000000000e+00	6.4725913283411810e+03
1.2618730491919000e-02	0.0000000000000000e+00	9.9525606581743068e+03
1.2636183784438900e-02	0.0000000000000000e+00	1.3186346009174731e+04
1.2653637076958900e-02	0.0000000000000000e+00	1.6105918121535127e+04
1.2671090369478799e-02	0.0000000000000000e+00	1.8630354338583489e+04
1.2688543661998800e-02	0.0000000000000000e+00	2.0706935429177305e+04
1.2705996954518701e-02	0.0000000000000000e+00	2.2301578977835747e+04
1.2723450247038699e-02	0.0000000000000000e+00	2.3430342289523902e+04
1.2740903539558601e-02	0.0000000000000000e+00	2.4138686105549492e+04
1.2758356832078500e-02	0.0000000000000000e+00	2.4506114732037160e+04
1.2775810124598500e-02	0.0000000000000000e+00	2.4535466959907786e+04
1.2793263417118400e-02	0.0000000000000000e+00	2.4173445296312737e+04
1.2810716709638400e-02	0.0000000000000000e+00	2.3380716235752294e+04
1.2828170002158299e-02	0.0000000000000000e+00	2.2153187380520285e+04
1.2845623294678300e-02	0.0000000000000000e+00	2.0506353571356318e+04
1.2863076587198201e-02	0.0000000000000000e+00	1.8479164788797218e+04
1.2880529879718199e-02	0.0000000000000000e+00	1.6128689341726456e+04
1.2897983172238101e-02	0.0000000000000000e+00	1.3528245151452167e+04
1.2915436464758000e-02	0.0000000000000000e+00	1.0769450416422816e+04
1.2932889757278000e-02	0.0000000000000000e+00	7.9648723359115520e+03
1.2950343049797900e-02	0.0000000000000000e+00	6.6624419132057365e+03
1.2967796342317900e-02	0.0000000000000000e+00	1.0139926272287288e+04
1.2985249634837799e-02	0.0000000000000000e+00	1.3368625718668884e+04
1.3002702927357800e-02	0.0000000000000000e+00	1.6282500773699538e+04
1.3020156219877701e-02	0.0000000000000000e+00	1.8798003432382662e+04
1.3037609512397600e-02	0.0000000000000000e+00	2.0863925964902814e+04
1.3055062804917601e-02	0.0000000000000000e+00	2.2444006064625082e+04
1.3072516097437500e-02	0.0000000000000000e+00	2.3541077524804776e+04
1.3089969389957500e-02	0.0000000000000000e+00	2.4201322086393106e+04
1.3107422682477400e-02	0.0000000000000000e+00	2.4502256145455329e+04
1.3124875974997400e-02	0.0000000000000000e+00	2.4480912101467016e+04
1.3142329267517299e-02	0.0000000000000000e+00	2.4102416664853241e+04
1.3159782560037201e-02	0.0000000000000000e+00	2.3335165551440918e+04
1.3177235852557199e-02	0.0000000000000000e+00	2.2167971133003921e+04
1.3194689145077100e-02	0.0000000000000000e+00	2.0608651880778300e+04
1.3212142437597101e-02	0.0000000000000000e+00	1.8683516237273685e+04
1.3229595730117000e-02	0.0000000000000000e+00	1.6434968083346357e+04
1.3247049022637000e-02	0.0000000000000000e+00	1.3922923468644411e+04
1.3264502315156900e-02	0.0000000000000000e+00	1.1221823319694277e+04
1.3281955607676799e-02	0.0000000000000000e+00	8.4304681004661652e+03
1.3299408900196799e-02	0.0000000000000000e+00	6.4926857299152080e+03
1.3316862192716701e-02	0.0000000000000000e+00	9.9726484117230593e+03
1.3334315485236699e-02	0.0000000000000000e+00	1.3206426425479389e+04
1.3351768777756600e-02	0.0000000000000000e+00	1.6126009881617443e+04
1.3369222070276601e-02	0.0000000000000000e+00	1.8650436608920325e+04
1.3386675362796500e-02	0.0000000000000000e+00	2.0727027156496417e+04
1.3404128655316400e-02	0.0000000000000000e+00	2.2321682238857684e+04
1.3421581947836400e-02	0.0000000000000000e+00	2.3450440181205904e+04
1.3439035240356299e-02	0.0000000000000000e+00	2.4158704669245177e+04
1.3456488532876299e-02	0.0000000000000000e+00	2.4525872181970801e+04
1.3473941825396201e-02	0.0000000000000000e+00	2.4554699441621258e+04
1.3491395117916199e-02	0.0000000000000000e+00	2.4192163855314819e+04
1.3508848410436100e-02	0.0000000000000000e+00	2.3398834682534194e+04
1.3526301702956101e-02	0.0000000000000000e+00	2.2170776071424720e+04
1.3543754995476000e-02	0.0000000000000000e+00	2.0523390283945893e+04
1.3561208287995900e-02	0.0000000000000000e+00	1.8495649069039817e+04
1.3578661580515900e-02	0.0000000000000000e+00	1.6144635301841276e+04
1.3596114873035799e-02	0.0000000000000000e+00	1.3543686106803842e+04
1.3613568165555799e-02	0.0000000000000000e+00	1.0784337033328335e+04
1.3631021458075701e-02	0.0000000000000000e+00	7.9792370432811485e+03
1.3648474750595699e-02	0.0000000000000000e+00	6.6425575550398162e+03
1.3665928043115600e-02	0.0000000000000000e+00	1.0120056677866540e+04
1.3683381335635500e-02	0.0000000000000000e+00	1.3348770326649479e+04
1.3700834628155500e-02	0.0000000000000000e+00	1.6262640541369092e+04
1.3718287920675400e-02	0.0000000000000000e+00	1.8778158465639306e+04
1.3735741213195400e-02	0.0000000000000000e+00	2.0844078946141060e+04
1.3753194505715299e-02	0.0000000000000000e+00	2.2424161580707314e+04
1.3770647798235299e-02	0.0000000000000000e+00	2.3521238639657968e+04
1.3788101090755201e-02	0.0000000000000000e+00	2.4181553051818712e+04
1.3805554383275100e-02	0.0000000000000000e+00	2.4482731330989220e+04
1.3823007675795100e-02	0.0000000000000000e+00	2.4461806290073135e+04
1.3840460968315000e-02	0.0000000000000000e+00	2.4083780462311752e+04
1.3857914260835000e-02	0.0000000000000000e+00	2.3317087526428157e+04
1.3875367553354900e-02	0.0000000000000000e+00	2.2150509236590642e+04
1.3892820845874900e-02	0.0000000000000000e+00	2.0591706209875541e+04
1.3910274138394799e-02	0.0000000000000000e+00	1.8667085028700119e+04
1.3927727430914701e-02	0.0000000000000000e+00	1.6419029427579644e+04
1.3945180723434701e-02	0.0000000000000000e+00	1.3907540603765590e+04
1.3962634015954600e-02	0.0000000000000000e+00	1.1206903980098850e+04
1.3980087308474600e-02	0.0000000000000000e+00	8.4158957132723790e+03
1.3997540600994500e-02	0.0000000000000000e+00	6.5122198919944758e+03
1.4014993893514500e-02	0.0000000000000000e+00	9.9921614572084691e+03
1.4032447186034400e-02	0.0000000000000000e+00	1.3225918502764504e+04
1.4049900478554400e-02	0.0000000000000000e+00	1.6145502122986183e+04
1.4067353771074299e-02	0.0000000000000000e+00	1.8669909165581037e+04
1.4084807063594201e-02	0.0000000000000000e+00	2.0746496581727733e+04
1.4102260356114201e-02	0.0000000000000000e+00	2.2341155723215888e+04
1.4119713648634100e-02	0.0000000000000000e+00	2.3469899661780742e+04
1.4137166941154100e-02	0.0000000000000000e+00	2.4178072525797666e+04
1.4154620233674000e-02	0.0000000000000000e+00	2.4544978129462768e+04
1.4172073526194000e-02	0.0000000000000000e+00	2.4573375178507638e+04
1.4189526818713900e-02	0.0000000000000000e+00	2.4210285503215295e+04
1.4206980111233799e-02	0.0000000000000000e+00	2.3416475133150001e+04
1.4224433403753799e-02	0.0000000000000000e+00	2.2187893682701724e+04
1.4241886696273701e-02	0.0000000000000000e+00	2.0540045779208664e+04
1.4259339988793701e-02	0.0000000000000000e+00	1.8511858030284671e+04
1.4276793281313600e-02	0.0000000000000000e+00	1.6160434665388950e+04
1.4294246573833600e-02	0.0000000000000000e+00	1.3559130134656176e+04
1.4311699866353500e-02	0.0000000000000000e+00	1.0799430279477136e+04
1.4329153158873400e-02	0.0000000000000000e+00	7.9940698850748504e+03
1.4346606451393400e-02	0.0000000000000000e+00	6.6235046658855326e+03
1.4364059743913299e-02	0.0000000000000000e+00	1.0101031062861215e+04
1.4381513036433299e-02	0.0000000000000000e+00	1.3329773032643578e+04
1.4398966328953201e-02	0.0000000000000000e+00	1.6243644354750655e+04
1.4416419621473201e-02	0.0000000000000000e+00	1.8759190654724585e+04
1.4433872913993100e-02	0.0000000000000000e+00	2.0825115044040194e+04
1.4451326206513000e-02	0.0000000000000000e+00	2.2405206331062738e+04
1.4468779499033000e-02	0.0000000000000000e+00	2.3502278327319207e+04
1.4486232791552900e-02	0.0000000000000000e+00	2.4162642102560523e+04
1.4503686084072900e-02	0.0000000000000000e+00	2.4464022797491427e+04
1.4521139376592799e-02	0.0000000000000000e+00	2.4443455972163287e+04
1.4538592669112799e-02	0.0000000000000000e+00	2.4065833572660831e+04
1.4556045961632701e-02	0.0000000000000000e+00	2.3299607346773111e+04
1.4573499254152701e-02	0.0000000000000000e+00	2.2133529332253493e+04
1.4590952546672600e-02	0.0000000000000000e+00	2.0575129496536847e+04
1.4608405839192500e-02	0.0000000000000000e+00	1.8650884311709782e+04
1.4625859131712500e-02	0.0000000000000000e+00	1.6403169124825232e+04
1.4643312424232400e-02	0.0000000000000000e+00	1.3892027466306830e+04
1.4660765716752400e-02	0.0000000000000000e+00	1.1191629456474115e+04
1.4678219009272299e-02	0.0000000000000000e+00	8.4007303172074353e+03
1.4695672301792299e-02	0.0000000000000000e+00	6.5306553200087346e+03
1.4713125594312201e-02	0.0000000000000000e+00	1.0010562396662299e+04
1.4730578886832100e-02	0.0000000000000000e+00	1.3244284337819045e+04
1.4748032179352100e-02	0.0000000000000000e+00	1.6163865194546788e+04
1.4765485471872000e-02	0.0000000000000000e+00	1.8688234886380331e+04
1.4782938764392000e-02	0.0000000000000000e+00	2.0764818171629813e+04
1.4800392056911900e-02	0.0000000000000000e+00	2.2359488850062513e+04
1.4817845349431900e-02	0.0000000000000000e+00	2.3488226345755160e+04
1.4835298641951799e-02	0.0000000000000000e+00	2.4196357271554112e+04
1.4852751934471701e-02	0.0000000000000000e+00	2.4563069045893350e+04
1.4870205226991701e-02	0.0000000000000000e+00	2.4591128555642223e+04
1.4887658519511600e-02	0.0000000000000000e+00	2.4227590455875565e+04
1.4905111812031600e-02	0.0000000000000000e+00	2.3433436772298010e+04
1.4922565104551500e-02	0.0000000000000000e+00	2.2204421988134131e+04
1.4940018397071500e-02	0.0000000000000000e+00	2.0556236607593128e+04
1.4957471689591400e-02	0.0000000000000000e+00	1.8527746279383493e+04
1.4974924982111301e-02	0.0000000000000000e+00	1.6176069920297250e+04
1.4992378274631299e-02	0.0000000000000000e+00	1.3574577319035132e+04
1.5009831567151201e-02	0.0000000000000000e+00	1.0814753312466895e+04
1.5027284859671201e-02	0.0000000000000000e+00	8.0094179747794151e+03
1.5044738152191100e-02	0.0000000000000000e+00	6.6058275831757855e+03
1.5062191444711100e-02	0.0000000000000000e+00	1.0083395697437860e+04
1.5079644737231000e-02	0.0000000000000000e+00	1.3312179076468061e+04
1.5097098029750899e-02	0.0000000000000000e+00	1.6226055269280570e+04
1.5114551322270900e-02	0.0000000000000000e+00	1.8741643703962160e+04
1.5132004614790801e-02	0.0000000000000000e+00	2.0807574744809855e+04
1.5149457907310799e-02	0.0000000000000000e+00	2.2387676486224886e+04
1.5166911199830701e-02	0.0000000000000000e+00	2.3484723180373127e+04
1.5184364492350701e-02	0.0000000000000000e+00	2.4145102290147563e+04
1.5201817784870600e-02	0.0000000000000000e+00	2.4446616610579626e+04
1.5219271077390600e-02	0.0000000000000000e+00	2.4426322646912951e+04
1.5236724369910500e-02	0.0000000000000000e+00	2.4049010734128966e+04
1.5254177662430399e-02	0.0000000000000000e+00	2.3283136992774231e+04
1.5271630954950400e-02	0.0000000000000000e+00	2.2117417928434988e+04
1.5289084247470301e-02	0.0000000000000000e+00	2.0559292044736245e+04
1.5306537539990299e-02	0.0000000000000000e+00	1.8635288570321609e+04
1.5323990832510201e-02	0.0000000000000000e+00	1.6387758573680192e+04
1.5341444125030201e-02	0.0000000000000000e+00	1.3876743708773794e+04
1.5358897417550100e-02	0.0000000000000000e+00	1.1176345999909368e+04
1.5376350710070000e-02	0.0000000000000000e+00	8.3853116322679271e+03
1.5393804002590000e-02	0.0000000000000000e+00	6.5474420227717992e+03
1.5411257295109899e-02	0.0000000000000000e+00	1.0027301375937648e+04
1.5428710587629900e-02	0.0000000000000000e+00	1.3260975663028161e+04
1.5446163880149801e-02	0.0000000000000000e+00	1.6180552309549326e+04
1.5463617172669799e-02	0.0000000000000000e+00	1.8704875902022046e+04
1.5481070465189701e-02	0.0000000000000000e+00	2.0781452425702642e+04
1.5498523757709600e-02	0.0000000000000000e+00	2.2376147416996013e+04
1.5515977050229600e-02	0.0000000000000000e+00	2.3504892093505419e+04
1.5533430342749500e-02	0.0000000000000000e+00	2.4213032838683415e+04
1.5550883635269500e-02	0.0000000000000000e+00	2.4579631698638586e+04
1.5568336927789399e-02	0.0000000000000000e+00	2.4607458254874993e+04
1.5585790220309400e-02	0.0000000000000000e+00	2.4243612208408369e+04
1.5603243512829299e-02	0.0000000000000000e+00	2.3449225787200179e+04
1.5620696805349200e-02	0.0000000000000000e+00	2.2219943578584676e+04
1.5638150097869199e-02	0.0000000000000000e+00	2.0571574136476465e+04
1.5655603390389100e-02	0.0000000000000000e+00	1.8542948579164586e+04
1.5673056682909099e-02	0.0000000000000000e+00	1.6191203965395545e+04
1.5690509975429000e-02	0.0000000000000000e+00	1.3589722316344758e+04
1.5707963267949002e-02	0.0000000000000000e+00	1.0830034069380014e+04
1.5725416560468899e-02	0.0000000000000000e+00	8.0250419218898114e+03
1.5742869852988801e-02	0.0000000000000000e+00	6.5900476725147810e+03
1.5760323145508799e-02	0.0000000000000000e+00	1.0067668793851382e+04
1.5777776438028700e-02	0.0000000000000000e+00	1.3296506053709285e+04
1.5795229730548699e-02	0.0000000000000000e+00	1.6210381699551819e+04
1.5812683023068600e-02	0.0000000000000000e+00	1.8726023658344529e+04
1.5830136315588599e-02	0.0000000000000000e+00	2.0791956283043408e+04
1.5847589608108500e-02	0.0000000000000000e+00	2.2372064139353599e+04
1.5865042900628502e-02	0.0000000000000000e+00	2.3469046948618688e+04
1.5882496193148399e-02	0.0000000000000000e+00	2.4129382899396220e+04
1.5899949485668301e-02	0.0000000000000000e+00	2.4430923170687893e+04
1.5917402778188299e-02	0.0000000000000000e+00	2.4410765326744309e+04
1.5934856070708200e-02	0.0000000000000000e+00	2.4033628253962845e+04
1.5952309363228199e-02	0.0000000000000000e+00	2.3267941623321956e+04
1.5969762655748100e-02	0.0000000000000000e+00	2.2102390847285329e+04
1.5987215948268099e-02	0.0000000000000000e+00	2.0544365311301390e+04
1.6004669240788000e-02	0.0000000000000000e+00	1.8620406199476969e+04
1.6022122533307901e-02	0.0000000000000000e+00	1.6372850997768122e+04
1.6039575825827899e-02	0.0000000000000000e+00	1.3861690113754052e+04
1.6057029118347801e-02	0.0000000000000000e+00	1.1161009621193063e+04
1.6074482410867799e-02	0.0000000000000000e+00	8.3695519275273800e+03
1.6091935703387700e-02	0.0000000000000000e+00	6.5621080766230289e+03
1.6109388995907699e-02	0.0000000000000000e+00	1.0041909121258681e+04
1.6126842288427600e-02	0.0000000000000000e+00	1.3275524441133328e+04
1.6144295580947501e-02	0.0000000000000000e+00	1.6195106844460577e+04
1.6161748873467500e-02	0.0000000000000000e+00	1.8719369542209413e+04
1.6179202165987401e-02	0.0000000000000000e+00	2.0795950898314350e+04
1.6196655458507399e-02	0.0000000000000000e+00	2.2390700277865533e+04
1.6214108751027301e-02	0.0000000000000000e+00	2.3519482538291544e+04
1.6231562043547299e-02	0.0000000000000000e+00	2.4227736114215379e+04
1.6249015336067200e-02	0.0000000000000000e+00	2.4594367513785761e+04
1.6266468628587199e-02	0.0000000000000000e+00	2.4622136490803219e+04
1.6283921921107100e-02	0.0000000000000000e+00	2.4258189948918560e+04
1.6301375213627001e-02	0.0000000000000000e+00	2.3463730144753492e+04
1.6318828506147000e-02	0.0000000000000000e+00	2.2234404215920043e+04
1.6336281798666901e-02	0.0000000000000000e+00	2.0586046282406594e+04
1.6353735091186899e-02	0.0000000000000000e+00	1.8557498704521975e+04
1.6371188383706801e-02	0.0000000000000000e+00	1.6205909594673620e+04
1.6388641676226799e-02	0.0000000000000000e+00	1.3604670642238343e+04
1.6406094968746700e-02	0.0000000000000000e+00	1.0845416410227141e+04
1.6423548261266602e-02	0.0000000000000000e+00	8.0411258977841371e+03
1.6441001553786600e-02	0.0000000000000000e+00	6.5765993964971167e+03
1.6458454846306501e-02	0.0000000000000000e+00	1.0054284765524249e+04
1.6475908138826500e-02	0.0000000000000000e+00	1.3283185217265222e+04
1.6493361431346401e-02	0.0000000000000000e+00	1.6197050704497389e+04
1.6510814723866400e-02	0.0000000000000000e+00	1.8712756323211739e+04
1.6528268016386301e-02	0.0000000000000000e+00	2.0778679830507317e+04
1.6545721308906199e-02	0.0000000000000000e+00	2.2358781491592967e+04
1.6563174601426200e-02	0.0000000000000000e+00	2.3455642028699553e+04
1.6580627893946102e-02	0.0000000000000000e+00	2.4115845091272982e+04
1.6598081186466100e-02	0.0000000000000000e+00	2.4417251567524669e+04
1.6615534478986001e-02	0.0000000000000000e+00	2.4397043429550326e+04
1.6632987771506000e-02	0.0000000000000000e+00	2.4019899051135893e+04
1.6650441064025901e-02	0.0000000000000000e+00	2.3254193843174835e+04
1.6667894356545799e-02	0.0000000000000000e+00	2.2088578614192444e+04
1.6685347649065801e-02	0.0000000000000000e+00	2.0530450167111503e+04
1.6702800941585699e-02	0.0000000000000000e+00	1.8606319548761508e+04
1.6720254234105700e-02	0.0000000000000000e+00	1.6358510171787300e+04
1.6737707526625598e-02	0.0000000000000000e+00	1.3846907646138230e+04
1.6755160819145600e-02	0.0000000000000000e+00	1.1145641479399137e+04
1.6772614111665501e-02	0.0000000000000000e+00	8.3534632518010276e+03
1.6790067404185399e-02	0.0000000000000000e+00	6.5742401843820180e+03
1.6807520696705401e-02	0.0000000000000000e+00	1.0053972930678688e+04
1.6824973989225299e-02	0.0000000000000000e+00	1.3287520649221946e+04
1.6842427281745301e-02	0.0000000000000000e+00	1.6207120068875680e+04
1.6859880574265199e-02	0.0000000000000000e+00	1.8731315671555858e+04
1.6877333866785200e-02	0.0000000000000000e+00	2.0807914126048483e+04
1.6894787159305098e-02	0.0000000000000000e+00	2.2402756299460048e+04
1.6912240451825100e-02	0.0000000000000000e+00	2.3531617774680872e+04
1.6929693744345001e-02	0.0000000000000000e+00	2.4240110094540170e+04
1.6947147036864899e-02	0.0000000000000000e+00	2.4606949435312792e+04
1.6964600329384901e-02	0.0000000000000000e+00	2.4634866131230956e+04
1.6982053621904799e-02	0.0000000000000000e+00	2.4271055608518109e+04
1.6999506914424801e-02	0.0000000000000000e+00	2.3476702693876523e+04
1.7016960206944699e-02	0.0000000000000000e+00	2.2247581373114088e+04
1.7034413499464700e-02	0.0000000000000000e+00	2.0599447774797853e+04
1.7051866791984598e-02	0.0000000000000000e+00	1.8571204577664445e+04
1.7069320084504500e-02	0.0000000000000000e+00	1.6220007833306146e+04
1.7086773377024501e-02	0.0000000000000000e+00	1.3619252610185475e+04
1.7104226669544399e-02	0.0000000000000000e+00	1.0860737221059970e+04
1.7121679962064401e-02	0.0000000000000000e+00	8.0575096411312961e+03
1.7139133254584299e-02	0.0000000000000000e+00	6.5658686402385683e+03
1.7156586547104301e-02	0.0000000000000000e+00	1.0043626211857232e+04
1.7174039839624199e-02	0.0000000000000000e+00	1.3272599108036840e+04
1.7191493132144100e-02	0.0000000000000000e+00	1.6186437867454408e+04
1.7208946424664098e-02	0.0000000000000000e+00	1.8702215559595737e+04
1.7226399717184000e-02	0.0000000000000000e+00	2.0768112353751756e+04
1.7243853009704001e-02	0.0000000000000000e+00	2.2348190184389608e+04
1.7261306302223899e-02	0.0000000000000000e+00	2.3444856536209954e+04
1.7278759594743901e-02	0.0000000000000000e+00	2.4104819798225322e+04
1.7296212887263799e-02	0.0000000000000000e+00	2.4405908511133926e+04
1.7313666179783700e-02	0.0000000000000000e+00	2.4385433240726030e+04
1.7331119472303699e-02	0.0000000000000000e+00	2.4008074136783016e+04
1.7348572764823600e-02	0.0000000000000000e+00	2.3242118070868466e+04
1.7366026057343598e-02	0.0000000000000000e+00	2.2076179279159649e+04
1.7383479349863500e-02	0.0000000000000000e+00	2.0517724769559420e+04
1.7400932642383501e-02	0.0000000000000000e+00	1.8593184623106659e+04
1.7418385934903399e-02	0.0000000000000000e+00	1.6344879118222108e+04
1.7435839227423401e-02	0.0000000000000000e+00	1.3832514834514277e+04
1.7453292519943299e-02	0.0000000000000000e+00	1.1130345206208591e+04
1.7470745812463200e-02	0.0000000000000000e+00	8.3371268197668833e+03
1.7488199104983199e-02	0.0000000000000000e+00	6.5834961483453399e+03
1.7505652397503100e-02	0.0000000000000000e+00	1.0063153502989317e+04
1.7523105690023098e-02	0.0000000000000000e+00	1.3296625419539605e+04
1.7540558982543000e-02	0.0000000000000000e+00	1.6216263166870534e+04
1.7558012275063001e-02	0.0000000000000000e+00	1.8740383895089693e+04
1.7575465567582899e-02	0.0000000000000000e+00	2.0817019568602034e+04
1.7592918860102801e-02	0.0000000000000000e+00	2.2412004545632510e+04
1.7610372152622799e-02	0.0000000000000000e+00	2.3540995255132719e+04
1.7627825445142700e-02	0.0000000000000000e+00	2.4249878578932508e+04
1.7645278737662699e-02	0.0000000000000000e+00	2.4617136241667857e+04
1.7662732030182600e-02	0.0000000000000000e+00	2.4645442150526440e+04
1.7680185322702598e-02	0.0000000000000000e+00	2.4282055942972198e+04
1.7697638615222500e-02	0.0000000000000000e+00	2.3488015632916500e+04
1.7715091907742401e-02	0.0000000000000000e+00	2.2259378505356228e+04
1.7732545200262399e-02	0.0000000000000000e+00	2.0611712001567801e+04
1.7749998492782301e-02	0.0000000000000000e+00	1.8584023729521963e+04
1.7767451785302299e-02	0.0000000000000000e+00	1.6233479004988058e+04
1.7784905077822200e-02	0.0000000000000000e+00	1.3633474690282928e+04
1.7802358370342199e-02	0.0000000000000000e+00	1.0876032773922061e+04
1.7819811662862100e-02	0.0000000000000000e+00	8.0742575967312478e+03
1.7837264955382001e-02	0.0000000000000000e+00	6.5581497421081476e+03
1.7854718247902000e-02	0.0000000000000000e+00	1.0035985520183371e+04
1.7872171540421901e-02	0.0000000000000000e+00	1.3265036777730014e+04
1.7889624832941899e-02	0.0000000000000000e+00	1.6178824570745546e+04
1.7907078125461801e-02	0.0000000000000000e+00	1.8694680097799301e+04
1.7924531417981799e-02	0.0000000000000000e+00	2.0760525822949621e+04
1.7941984710501700e-02	0.0000000000000000e+00	2.2340554064743614e+04
1.7959438003021699e-02	0.0000000000000000e+00	2.3436933364428682e+04
1.7976891295541600e-02	0.0000000000000000e+00	2.4096521585563049e+04
1.7994344588061501e-02	0.0000000000000000e+00	2.4397062262361695e+04
1.8011797880581500e-02	0.0000000000000000e+00	2.4376057739777425e+04
1.8029251173101401e-02	0.0000000000000000e+00	2.3998240198563435e+04
1.8046704465621399e-02	0.0000000000000000e+00	2.3231763775669300e+04
1.8064157758141301e-02	0.0000000000000000e+00	2.2065210082982074e+04
1.8081611050661299e-02	0.0000000000000000e+00	2.0506185963358545e+04
1.8099064343181200e-02	0.0000000000000000e+00	1.8580989133871393e+04
1.8116517635701102e-02	0.0000000000000000e+00	1.6331926146630583e+04
1.8133970928221100e-02	0.0000000000000000e+00	1.3818469176249371e+04
1.8151424220741001e-02	0.0000000000000000e+00	1.1115059293266560e+04
1.8168877513261000e-02	0.0000000000000000e+00	8.3204806833999137e+03
1.8186330805780901e-02	0.0000000000000000e+00	6.5896246838155703e+03
1.8203784098300899e-02	0.0000000000000000e+00	1.0069201223797474e+04
1.8221237390820801e-02	0.0000000000000000e+00	1.3302591897798928e+04
1.8238690683340698e-02	0.0000000000000000e+00	1.6222294261313233e+04
1.8256143975860700e-02	0.0000000000000000e+00	1.8746335519828579e+04
1.8273597268380602e-02	0.0000000000000000e+00	2.0823035985484137e+04
1.8291050560900600e-02	0.0000000000000000e+00	2.2418224002996863e+04
1.8308503853420501e-02	0.0000000000000000e+00	2.3547413617517781e+04
1.8325957145940500e-02	0.0000000000000000e+00	2.4256869857828689e+04
1.8343410438460401e-02	0.0000000000000000e+00	2.4624790859933004e+04
1.8360863730980299e-02	0.0000000000000000e+00	2.4653813142377530e+04
1.8378317023500301e-02	0.0000000000000000e+00	2.4291120792258207e+04
1.8395770316020198e-02	0.0000000000000000e+00	2.3497712536950610e+04
1.8413223608540200e-02	0.0000000000000000e+00	2.2269765991958098e+04
1.8430676901060102e-02	0.0000000000000000e+00	2.0622818574283574e+04
1.8448130193580100e-02	0.0000000000000000e+00	1.8595944408634859e+04
1.8465583486100001e-02	0.0000000000000000e+00	1.6246315080306978e+04
1.8483036778619899e-02	0.0000000000000000e+00	1.3647329631423010e+04
1.8500490071139901e-02	0.0000000000000000e+00	1.0891291201444168e+04
1.8517943363659799e-02	0.0000000000000000e+00	8.0913487823378473e+03
1.8535396656179801e-02	0.0000000000000000e+00	6.5536553056912535e+03
1.8552849948699698e-02	0.0000000000000000e+00	1.0031572942383797e+04
1.8570303241219700e-02	0.0000000000000000e+00	1.3260707086434899e+04
1.8587756533739602e-02	0.0000000000000000e+00	1.6174414023829206e+04
1.8605209826259600e-02	0.0000000000000000e+00	1.8690351778817334e+04
1.8622663118779501e-02	0.0000000000000000e+00	2.0756115524151588e+04
1.8640116411299399e-02	0.0000000000000000e+00	2.2336063626313626e+04
1.8657569703819401e-02	0.0000000000000000e+00	2.3432050830079028e+04
1.8675022996339299e-02	0.0000000000000000e+00	2.4091113337232644e+04
1.8692476288859301e-02	0.0000000000000000e+00	2.4390936841534876e+04
1.8709929581379198e-02	0.0000000000000000e+00	2.4369036179672708e+04
1.8727382873899200e-02	0.0000000000000000e+00	2.3990499371588900e+04
1.8744836166419102e-02	0.0000000000000000e+00	2.3223219724384220e+04
1.8762289458938999e-02	0.0000000000000000e+00	2.2055749749167102e+04
1.8779742751459001e-02	0.0000000000000000e+00	2.0495899934279973e+04
1.8797196043978899e-02	0.0000000000000000e+00	1.8569779813719993e+04
1.8814649336498901e-02	0.0000000000000000e+00	1.6319691853127424e+04
1.8832102629018799e-02	0.0000000000000000e+00	1.3804810844203716e+04
1.8849555921538801e-02	0.0000000000000000e+00	1.1099835641673235e+04
1.8867009214058698e-02	0.0000000000000000e+00	8.3035807787744834e+03
1.8884462506578600e-02	0.0000000000000000e+00	6.5924545057373061e+03
1.8901915799098602e-02	0.0000000000000000e+00	1.0071947349568267e+04
1.8919369091618499e-02	0.0000000000000000e+00	1.3305253507634729e+04
1.8936822384138501e-02	0.0000000000000000e+00	1.6225055495283006e+04
1.8954275676658399e-02	0.0000000000000000e+00	1.8749011667184932e+04
1.8971728969178401e-02	0.0000000000000000e+00	2.0825811659296116e+04
1.8989182261698299e-02	0.0000000000000000e+00	2.2421277157917073e+04
1.9006635554218200e-02	0.0000000000000000e+00	2.3550736152535090e+04
1.9024088846738198e-02	0.0000000000000000e+00	2.4260969025756389e+04
1.9041542139258100e-02	0.0000000000000000e+00	2.4629824835563948e+04
1.9058995431778102e-02	0.0000000000000000e+00	2.4659999840811121e+04
1.9076448724297999e-02	0.0000000000000000e+00	2.4298196620656458e+04
1.9093902016818001e-02	0.0000000000000000e+00	2.3505782423508881e+04
1.9111355309337899e-02	0.0000000000000000e+00	2.2278718001871130e+04
1.9128808601857800e-02	0.0000000000000000e+00	2.0632750026231493e+04
1.9146261894377799e-02	0.0000000000000000e+00	1.8606956547710059e+04
1.9163715186897700e-02	0.0000000000000000e+00	1.6258513879177539e+04
1.9181168479417698e-02	0.0000000000000000e+00	1.3660815067255247e+04
1.9198621771937600e-02	0.0000000000000000e+00	1.0906508150319893e+04
1.9216075064457602e-02	0.0000000000000000e+00	8.1087739651937272e+03
1.9233528356977499e-02	0.0000000000000000e+00	6.5525089785850614e+03
1.9250981649497501e-02	0.0000000000000000e+00	1.0030511066903189e+04
1.9268434942017399e-02	0.0000000000000000e+00	1.3259730127730965e+04
1.9285888234537300e-02	0.0000000000000000e+00	1.6173320455700425e+04
1.9303341527057299e-02	0.0000000000000000e+00	1.8689341494303433e+04
1.9320794819577200e-02	0.0000000000000000e+00	2.0754987478149284e+04
1.9338248112097198e-02	0.0000000000000000e+00	2.2334818102591376e+04
1.9355701404617100e-02	0.0000000000000000e+00	2.3430295021194761e+04
1.9373154697137102e-02	0.0000000000000000e+00	2.4088708446676494e+04
1.9390607989656999e-02	0.0000000000000000e+00	2.4387602422568536e+04
1.9408061282176901e-02	0.0000000000000000e+00	2.4364388072426860e+04
1.9425514574696899e-02	0.0000000000000000e+00	2.3984852045309264e+04
1.9442967867216800e-02	0.0000000000000000e+00	2.3216468005933832e+04
1.9460421159736799e-02	0.0000000000000000e+00	2.2047764164692126e+04
1.9477874452256700e-02	0.0000000000000000e+00	2.0486825107369361e+04
1.9495327744776698e-02	0.0000000000000000e+00	1.8559511664814334e+04
1.9512781037296600e-02	0.0000000000000000e+00	1.6308125503178309e+04
1.9530234329816501e-02	0.0000000000000000e+00	1.3791479909015692e+04
1.9547687622336499e-02	0.0000000000000000e+00	1.1084610704918668e+04
1.9565140914856401e-02	0.0000000000000000e+00	8.2863658788375833e+03
1.9582594207376399e-02	0.0000000000000000e+00	6.5919087461602130e+03
1.9600047499896300e-02	0.0000000000000000e+00	1.0071316954086349e+04
1.9617500792416299e-02	0.0000000000000000e+00	1.3304538653938507e+04
1.9634954084936200e-02	0.0000000000000000e+00	1.6224476345620671e+04
1.9652407377456101e-02	0.0000000000000000e+00	1.8748348969289669e+04
1.9669860669976100e-02	0.0000000000000000e+00	2.0825287685248913e+04
1.9687313962496001e-02	0.0000000000000000e+00	2.2421109239181642e+04
1.9704767255015999e-02	0.0000000000000000e+00	2.3550923271440777e+04
1.9722220547535901e-02	0.0000000000000000e+00	2.4262155663798672e+04
1.9739673840055899e-02	0.0000000000000000e+00	2.4632238044592312e+04
1.9757127132575800e-02	0.0000000000000000e+00	2.4663941904738946e+04
1.9774580425095799e-02	0.0000000000000000e+00	2.4303320139090323e+04
1.9792033717615700e-02	0.0000000000000000e+00	2.3512214661897884e+04
1.9809487010135601e-02	0.0000000000000000e+00	2.2286292950579296e+04
1.9826940302655600e-02	0.0000000000000000e+00	2.0641571010554839e+04
1.9844393595175501e-02	0.0000000000000000e+00	1.8617133127252706e+04
1.9861846887695499e-02	0.0000000000000000e+00	1.6270147446407162e+04
1.9879300180215401e-02	0.0000000000000000e+00	1.3673999016219266e+04
1.9896753472735399e-02	0.0000000000000000e+00	1.0921745312378554e+04
1.9914206765255300e-02	0.0000000000000000e+00	8.1265838976946488e+03
1.9931660057775202e-02	0.0000000000000000e+00	6.5547451418793571e+03
1.9949113350295200e-02	0.0000000000000000e+00	1.0032832095136482e+04
1.9966566642815101e-02	0.0000000000000000e+00	1.3262134843677546e+04
1.9984019935335100e-02	0.0000000000000000e+00	1.6175568848185199e+04
2.0001473227855001e-02	0.0000000000000000e+00	1.8691673057466065e+04
2.0018926520374999e-02	0.0000000000000000e+00	2.0757160470279810e+04
2.0036379812894901e-02	0.0000000000000000e+00	2.2336831321916539e+04
2.0053833105414798e-02	0.0000000000000000e+00	2.3431776600633497e+04
2.0071286397934800e-02	0.0000000000000000e+00	2.4089445214957963e+04
2.0088739690454702e-02	0.0000000000000000e+00	2.4386973224110556e+04
2.0106192982974700e-02	0.0000000000000000e+00	2.4362072220795577e+04
2.0123646275494601e-02	0.0000000000000000e+00	2.3981245549058287e+04
2.0141099568014600e-02	0.0000000000000000e+00	2.3211452367191054e+04
2.0158552860534501e-02	0.0000000000000000e+00	2.2041193512402064e+04
2.0176006153054399e-02	0.0000000000000000e+00	2.0478903885173866e+04
2.0193459445574401e-02	0.0000000000000000e+00	1.8550130559591435e+04
2.0210912738094299e-02	0.0000000000000000e+00	1.6297180479433695e+04
2.0228366030614300e-02	0.0000000000000000e+00	1.3778441942752441e+04
2.0245819323134202e-02	0.0000000000000000e+00	1.1069569526287549e+04
2.0263272615654200e-02	0.0000000000000000e+00	8.2688290647862741e+03
2.0280725908174101e-02	0.0000000000000000e+00	6.5879931296554187e+03
2.0298179200694100e-02	0.0000000000000000e+00	1.0067317742175768e+04
2.0315632493214001e-02	0.0000000000000000e+00	1.3300456601117981e+04
2.0333085785733899e-02	0.0000000000000000e+00	1.6220571198291724e+04
2.0350539078253901e-02	0.0000000000000000e+00	1.8744363540826031e+04
2.0367992370773799e-02	0.0000000000000000e+00	2.0821481971351597e+04
2.0385445663293800e-02	0.0000000000000000e+00	2.2417746099179250e+04
2.0402898955813702e-02	0.0000000000000000e+00	2.3548005848044897e+04
2.0420352248333700e-02	0.0000000000000000e+00	2.4260467762267908e+04
2.0437805540853601e-02	0.0000000000000000e+00	2.4632081880531990e+04
2.0455258833373499e-02	0.0000000000000000e+00	2.4665705135653337e+04
2.0472712125893501e-02	0.0000000000000000e+00	2.4306564551804157e+04
2.0490165418413399e-02	0.0000000000000000e+00	2.3517075018899839e+04
2.0507618710933401e-02	0.0000000000000000e+00	2.2292552408972333e+04
2.0525072003453299e-02	0.0000000000000000e+00	2.0649336561875305e+04
2.0542525295973300e-02	0.0000000000000000e+00	1.8626511175138010e+04
2.0559978588493202e-02	0.0000000000000000e+00	1.6281240136249544e+04
2.0577431881013099e-02	0.0000000000000000e+00	1.3686899559751273e+04
2.0594885173533101e-02	0.0000000000000000e+00	1.0937007712328716e+04
2.0612338466052999e-02	0.0000000000000000e+00	8.1447646390501750e+03
2.0629791758573001e-02	0.0000000000000000e+00	6.5603187128706249e+03
2.0647245051092899e-02	0.0000000000000000e+00	1.0038487728505072e+04
2.0664698343612901e-02	0.0000000000000000e+00	1.3267872680180641e+04
2.0682151636132799e-02	0.0000000000000000e+00	1.6181104899491274e+04
2.0699604928652700e-02	0.0000000000000000e+00	1.8697289866854022e+04
2.0717058221172702e-02	0.0000000000000000e+00	2.0762573296651190e+04
2.0734511513692599e-02	0.0000000000000000e+00	2.2342039149027070e+04
2.0751964806212601e-02	0.0000000000000000e+00	2.3436493524158945e+04
2.0769418098732499e-02	0.0000000000000000e+00	2.4093099223473262e+04
2.0786871391252501e-02	0.0000000000000000e+00	2.4388961021678599e+04
2.0804324683772399e-02	0.0000000000000000e+00	2.4361993373656202e+04
2.0821777976292300e-02	0.0000000000000000e+00	2.3979585422008604e+04
2.0839231268812299e-02	0.0000000000000000e+00	2.3208076967963294e+04
2.0856684561332200e-02	0.0000000000000000e+00	2.2035950108888374e+04
2.0874137853852202e-02	0.0000000000000000e+00	2.0472051982936067e+04
2.0891591146372099e-02	0.0000000000000000e+00	1.8541564004626136e+04
2.0909044438892101e-02	0.0000000000000000e+00	1.6286793152881664e+04
2.0926497731411999e-02	0.0000000000000000e+00	1.3765653228153789e+04
2.0943951023932001e-02	0.0000000000000000e+00	1.1054782005252766e+04
